4.750000e-02 -1.972972e-03
1.425000e-01 -4.632586e-03
2.375000e-01 -4.613684e-03
3.009167e-01 -5.801292e-03
3.327500e-01 3.098974e-03
3.645833e-01 -9.774932e-03
4.055000e-01 -2.365362e-02
4.555000e-01 1.161275e-02
5.055000e-01 -1.339036e-02
5.774583e-01 7.802188e-03
6.713750e-01 -3.140657e-04
7.652917e-01 -3.090331e-03
8.592083e-01 -7.953834e-03
9.531250e-01 -9.038195e-03
1.047042e+00 -5.312395e-04
1.175725e+00 1.735727e-02
1.339175e+00 3.113550e-02
1.502625e+00 2.310439e-02
1.667433e+00 3.455401e-02
1.833600e+00 3.269393e-02
1.999767e+00 5.526653e-02
2.138406e+00 9.570522e-02
2.249517e+00 9.914083e-02
2.360628e+00 5.062993e-02
2.471739e+00 2.166093e-02
2.582850e+00 1.852226e-02
2.693961e+00 3.198860e-02
2.805072e+00 4.964418e-02
2.916183e+00 9.983841e-02
3.027294e+00 9.754347e-02
3.165933e+00 5.871377e-02
3.332100e+00 3.251880e-02
3.498267e+00 3.544454e-02
3.663075e+00 2.279080e-02
3.826525e+00 3.064299e-02
3.989975e+00 -5.058506e-03
4.118658e+00 6.826740e-03
4.212575e+00 1.787382e-02
4.306492e+00 1.155298e-02
4.400408e+00 1.987458e-02
4.494325e+00 1.685591e-02
4.588242e+00 1.332660e-02
4.660200e+00 1.071968e-02
4.710200e+00 4.827323e-03
4.760200e+00 2.284692e-03
4.801117e+00 -1.151258e-02
4.832950e+00 -3.540190e-03
4.864783e+00 -6.930126e-03
4.928200e+00 3.176147e-04
5.023200e+00 -2.398925e-03
5.118200e+00 -8.213805e-03
