1.110223e-16 -1.343442e-01
2.850000e-03 -1.301363e-01
5.700000e-03 -1.259862e-01
8.550000e-03 -1.218938e-01
1.140000e-02 -1.178592e-01
1.425000e-02 -1.138824e-01
1.710000e-02 -1.099633e-01
1.995000e-02 -1.061021e-01
2.280000e-02 -1.022986e-01
2.565000e-02 -9.855282e-02
2.850000e-02 -9.486487e-02
3.135000e-02 -9.123468e-02
3.420000e-02 -8.766228e-02
3.705000e-02 -8.414764e-02
3.990000e-02 -8.069078e-02
4.275000e-02 -7.729168e-02
4.560000e-02 -7.395037e-02
4.845000e-02 -7.066682e-02
5.130000e-02 -6.744105e-02
5.415000e-02 -6.427305e-02
5.700000e-02 -6.116283e-02
5.985000e-02 -5.811037e-02
6.270000e-02 -5.511569e-02
6.555000e-02 -5.217879e-02
6.840000e-02 -4.929965e-02
7.125000e-02 -4.647829e-02
7.410000e-02 -4.371470e-02
7.695000e-02 -4.100889e-02
7.980000e-02 -3.836085e-02
8.265000e-02 -3.577058e-02
8.550000e-02 -3.323808e-02
8.835000e-02 -3.076336e-02
9.120000e-02 -2.834641e-02
9.405000e-02 -2.598723e-02
9.690000e-02 -2.368583e-02
9.975000e-02 -2.144219e-02
1.026000e-01 -1.925634e-02
1.054500e-01 -1.712825e-02
1.083000e-01 -1.505794e-02
1.111500e-01 -1.304540e-02
1.140000e-01 -1.109063e-02
1.168500e-01 -9.193638e-03
1.197000e-01 -7.354417e-03
1.225500e-01 -5.572969e-03
1.254000e-01 -3.849294e-03
1.282500e-01 -2.183392e-03
1.311000e-01 -5.752631e-04
1.339500e-01 9.750929e-04
1.368000e-01 2.467676e-03
1.396500e-01 3.902486e-03
1.425000e-01 5.279523e-03
1.453500e-01 6.598787e-03
1.482000e-01 7.860279e-03
1.510500e-01 9.063997e-03
1.539000e-01 1.020994e-02
1.567500e-01 1.129811e-02
1.596000e-01 1.232851e-02
1.624500e-01 1.330114e-02
1.653000e-01 1.421599e-02
1.681500e-01 1.507307e-02
1.710000e-01 1.587238e-02
1.738500e-01 1.661392e-02
1.767000e-01 1.729768e-02
1.795500e-01 1.792367e-02
1.824000e-01 1.849188e-02
1.852500e-01 1.900233e-02
1.881000e-01 1.945500e-02
1.909500e-01 1.984989e-02
1.938000e-01 2.018702e-02
1.966500e-01 2.046637e-02
1.995000e-01 2.068795e-02
2.023500e-01 2.085175e-02
2.052000e-01 2.095778e-02
2.080500e-01 2.100604e-02
2.109000e-01 2.099653e-02
2.137500e-01 2.092924e-02
2.166000e-01 2.080418e-02
2.194500e-01 2.062135e-02
2.223000e-01 2.038074e-02
2.251500e-01 2.008237e-02
2.280000e-01 1.972622e-02
2.308500e-01 1.931229e-02
2.337000e-01 1.884059e-02
2.365500e-01 1.831112e-02
2.394000e-01 1.772388e-02
2.422500e-01 1.707886e-02
2.451000e-01 1.637607e-02
2.479500e-01 1.561551e-02
2.508000e-01 1.479718e-02
2.536500e-01 1.392107e-02
2.565000e-01 1.298719e-02
2.593500e-01 1.199553e-02
2.622000e-01 1.094611e-02
2.650500e-01 9.838908e-03
2.679000e-01 8.673935e-03
2.707500e-01 7.451189e-03
2.736000e-01 6.170671e-03
2.764500e-01 4.832379e-03
2.793000e-01 3.436314e-03
2.821500e-01 1.982477e-03
2.850000e-01 4.708663e-04
==
2.850000e-01 -6.482818e-02
2.859550e-01 -6.086759e-02
2.869100e-01 -5.699648e-02
2.878650e-01 -5.321485e-02
2.888200e-01 -4.952270e-02
2.897750e-01 -4.592002e-02
2.907300e-01 -4.240683e-02
2.916850e-01 -3.898310e-02
2.926400e-01 -3.564886e-02
2.935950e-01 -3.240410e-02
2.945500e-01 -2.924881e-02
2.955050e-01 -2.618300e-02
2.964600e-01 -2.320666e-02
2.974150e-01 -2.031981e-02
2.983700e-01 -1.752243e-02
2.993250e-01 -1.481453e-02
3.002800e-01 -1.219611e-02
3.012350e-01 -9.667160e-03
3.021900e-01 -7.227692e-03
3.031450e-01 -4.877702e-03
3.041000e-01 -2.617188e-03
3.050550e-01 -4.461528e-04
3.060100e-01 1.635405e-03
3.069650e-01 3.627486e-03
3.079200e-01 5.530089e-03
3.088750e-01 7.343215e-03
3.098300e-01 9.066863e-03
3.107850e-01 1.070103e-02
3.117400e-01 1.224573e-02
3.126950e-01 1.370094e-02
3.136500e-01 1.506668e-02
3.146050e-01 1.634294e-02
3.155600e-01 1.752972e-02
3.165150e-01 1.862703e-02
3.174700e-01 1.963486e-02
3.184250e-01 2.055321e-02
3.193800e-01 2.138208e-02
3.203350e-01 2.212148e-02
3.212900e-01 2.277140e-02
3.222450e-01 2.333184e-02
3.232000e-01 2.380280e-02
3.241550e-01 2.418429e-02
3.251100e-01 2.447629e-02
3.260650e-01 2.467882e-02
3.270200e-01 2.479188e-02
3.279750e-01 2.481545e-02
3.289300e-01 2.474955e-02
3.298850e-01 2.459417e-02
3.308400e-01 2.434932e-02
3.317950e-01 2.401498e-02
3.327500e-01 2.359117e-02
3.337050e-01 2.307788e-02
3.346600e-01 2.247511e-02
3.356150e-01 2.178287e-02
3.365700e-01 2.100115e-02
3.375250e-01 2.012995e-02
3.384800e-01 1.916927e-02
3.394350e-01 1.811912e-02
3.403900e-01 1.697948e-02
3.413450e-01 1.575038e-02
3.423000e-01 1.443179e-02
3.432550e-01 1.302372e-02
3.442100e-01 1.152618e-02
3.451650e-01 9.939163e-03
3.461200e-01 8.262666e-03
3.470750e-01 6.496692e-03
3.480300e-01 4.641240e-03
3.489850e-01 2.696310e-03
3.499400e-01 6.619035e-04
3.508950e-01 -1.461981e-03
3.518500e-01 -3.675343e-03
3.528050e-01 -5.978182e-03
3.537600e-01 -8.370499e-03
3.547150e-01 -1.085229e-02
3.556700e-01 -1.342357e-02
3.566250e-01 -1.608431e-02
3.575800e-01 -1.883454e-02
3.585350e-01 -2.167425e-02
3.594900e-01 -2.460343e-02
3.604450e-01 -2.762209e-02
3.614000e-01 -3.073022e-02
3.623550e-01 -3.392784e-02
3.633100e-01 -3.721493e-02
3.642650e-01 -4.059150e-02
3.652200e-01 -4.405755e-02
3.661750e-01 -4.761307e-02
3.671300e-01 -5.125807e-02
3.680850e-01 -5.499255e-02
3.690400e-01 -5.881651e-02
3.699950e-01 -6.272994e-02
3.709500e-01 -6.673285e-02
3.719050e-01 -7.082524e-02
3.728600e-01 -7.500711e-02
3.738150e-01 -7.927846e-02
3.747700e-01 -8.363928e-02
3.757250e-01 -8.808958e-02
3.766800e-01 -9.262935e-02
3.776350e-01 -9.725861e-02
3.785900e-01 -1.019773e-01
3.795450e-01 -1.067855e-01
3.805000e-01 -1.116832e-01
==
3.805000e-01 3.855132e-02
3.820000e-01 3.747358e-02
3.835000e-01 3.640773e-02
3.850000e-01 3.535379e-02
3.865000e-01 3.431174e-02
3.880000e-01 3.328159e-02
3.895000e-01 3.226333e-02
3.910000e-01 3.125698e-02
3.925000e-01 3.026252e-02
3.940000e-01 2.927996e-02
3.955000e-01 2.830930e-02
3.970000e-01 2.735054e-02
3.985000e-01 2.640367e-02
4.000000e-01 2.546871e-02
4.015000e-01 2.454564e-02
4.030000e-01 2.363446e-02
4.045000e-01 2.273519e-02
4.060000e-01 2.184781e-02
4.075000e-01 2.097234e-02
4.090000e-01 2.010876e-02
4.105000e-01 1.925707e-02
4.120000e-01 1.841729e-02
4.135000e-01 1.758940e-02
4.150000e-01 1.677341e-02
4.165000e-01 1.596932e-02
4.180000e-01 1.517713e-02
4.195000e-01 1.439683e-02
4.210000e-01 1.362844e-02
4.225000e-01 1.287194e-02
4.240000e-01 1.212733e-02
4.255000e-01 1.139463e-02
4.270000e-01 1.067382e-02
4.285000e-01 9.964917e-03
4.300000e-01 9.267906e-03
4.315000e-01 8.582794e-03
4.330000e-01 7.909580e-03
4.345000e-01 7.248263e-03
4.360000e-01 6.598844e-03
4.375000e-01 5.961323e-03
4.390000e-01 5.335700e-03
4.405000e-01 4.721975e-03
4.420000e-01 4.120148e-03
4.435000e-01 3.530219e-03
4.450000e-01 2.952187e-03
4.465000e-01 2.386053e-03
4.480000e-01 1.831818e-03
4.495000e-01 1.289480e-03
4.510000e-01 7.590395e-04
4.525000e-01 2.404973e-04
4.540000e-01 -2.661470e-04
4.555000e-01 -7.608935e-04
4.570000e-01 -1.243742e-03
4.585000e-01 -1.714693e-03
4.600000e-01 -2.173746e-03
4.615000e-01 -2.620901e-03
4.630000e-01 -3.056158e-03
4.645000e-01 -3.479517e-03
4.660000e-01 -3.890978e-03
4.675000e-01 -4.290542e-03
4.690000e-01 -4.678207e-03
4.705000e-01 -5.053975e-03
4.720000e-01 -5.417845e-03
4.735000e-01 -5.769817e-03
4.750000e-01 -6.109891e-03
4.765000e-01 -6.438068e-03
4.780000e-01 -6.754346e-03
4.795000e-01 -7.058726e-03
4.810000e-01 -7.351209e-03
4.825000e-01 -7.631794e-03
4.840000e-01 -7.900481e-03
4.855000e-01 -8.157270e-03
4.870000e-01 -8.402161e-03
4.885000e-01 -8.635154e-03
4.900000e-01 -8.856250e-03
4.915000e-01 -9.065448e-03
4.930000e-01 -9.262747e-03
4.945000e-01 -9.448149e-03
4.960000e-01 -9.621653e-03
4.975000e-01 -9.783259e-03
4.990000e-01 -9.932967e-03
5.005000e-01 -1.007078e-02
5.020000e-01 -1.019669e-02
5.035000e-01 -1.031070e-02
5.050000e-01 -1.041282e-02
5.065000e-01 -1.050304e-02
5.080000e-01 -1.058136e-02
5.095000e-01 -1.064778e-02
5.110000e-01 -1.070231e-02
5.125000e-01 -1.074494e-02
5.140000e-01 -1.077567e-02
5.155000e-01 -1.079450e-02
5.170000e-01 -1.080143e-02
5.185000e-01 -1.079647e-02
5.200000e-01 -1.077961e-02
5.215000e-01 -1.075085e-02
5.230000e-01 -1.071019e-02
5.245000e-01 -1.065763e-02
5.260000e-01 -1.059318e-02
5.275000e-01 -1.051683e-02
5.290000e-01 -1.042858e-02
5.305000e-01 -1.032843e-02
==
5.305000e-01 2.815239e-03
5.333175e-01 2.878257e-03
5.361350e-01 2.938566e-03
5.389525e-01 2.996164e-03
5.417700e-01 3.051051e-03
5.445875e-01 3.103229e-03
5.474050e-01 3.152696e-03
5.502225e-01 3.199453e-03
5.530400e-01 3.243499e-03
5.558575e-01 3.284835e-03
5.586750e-01 3.323461e-03
5.614925e-01 3.359377e-03
5.643100e-01 3.392582e-03
5.671275e-01 3.423077e-03
5.699450e-01 3.450862e-03
5.727625e-01 3.475936e-03
5.755800e-01 3.498300e-03
5.783975e-01 3.517954e-03
5.812150e-01 3.534898e-03
5.840325e-01 3.549131e-03
5.868500e-01 3.560654e-03
5.896675e-01 3.569466e-03
5.924850e-01 3.575569e-03
5.953025e-01 3.578961e-03
5.981200e-01 3.579642e-03
6.009375e-01 3.577614e-03
6.037550e-01 3.572875e-03
6.065725e-01 3.565426e-03
6.093900e-01 3.555266e-03
6.122075e-01 3.542396e-03
6.150250e-01 3.526816e-03
6.178425e-01 3.508526e-03
6.206600e-01 3.487525e-03
6.234775e-01 3.463814e-03
6.262950e-01 3.437393e-03
6.291125e-01 3.408261e-03
6.319300e-01 3.376419e-03
6.347475e-01 3.341867e-03
6.375650e-01 3.304604e-03
6.403825e-01 3.264632e-03
6.432000e-01 3.221948e-03
6.460175e-01 3.176555e-03
6.488350e-01 3.128451e-03
6.516525e-01 3.077637e-03
6.544700e-01 3.024113e-03
6.572875e-01 2.967878e-03
6.601050e-01 2.908933e-03
6.629225e-01 2.847278e-03
6.657400e-01 2.782912e-03
6.685575e-01 2.715837e-03
6.713750e-01 2.646051e-03
6.741925e-01 2.573554e-03
6.770100e-01 2.498347e-03
6.798275e-01 2.420430e-03
6.826450e-01 2.339803e-03
6.854625e-01 2.256465e-03
6.882800e-01 2.170417e-03
6.910975e-01 2.081659e-03
6.939150e-01 1.990191e-03
6.967325e-01 1.896012e-03
6.995500e-01 1.799123e-03
7.023675e-01 1.699523e-03
7.051850e-01 1.597213e-03
7.080025e-01 1.492193e-03
7.108200e-01 1.384463e-03
7.136375e-01 1.274022e-03
7.164550e-01 1.160871e-03
7.192725e-01 1.045010e-03
7.220900e-01 9.264385e-04
7.249075e-01 8.051567e-04
7.277250e-01 6.811645e-04
7.305425e-01 5.544621e-04
7.333600e-01 4.250493e-04
7.361775e-01 2.929262e-04
7.389950e-01 1.580929e-04
7.418125e-01 2.054922e-05
7.446300e-01 -1.197047e-04
7.474475e-01 -2.626690e-04
7.502650e-01 -4.083436e-04
7.530825e-01 -5.567284e-04
7.559000e-01 -7.078236e-04
7.587175e-01 -8.616291e-04
7.615350e-01 -1.018145e-03
7.643525e-01 -1.177371e-03
7.671700e-01 -1.339307e-03
7.699875e-01 -1.503954e-03
7.728050e-01 -1.671311e-03
7.756225e-01 -1.841378e-03
7.784400e-01 -2.014156e-03
7.812575e-01 -2.189644e-03
7.840750e-01 -2.367842e-03
7.868925e-01 -2.548750e-03
7.897100e-01 -2.732369e-03
7.925275e-01 -2.918698e-03
7.953450e-01 -3.107738e-03
7.981625e-01 -3.299487e-03
8.009800e-01 -3.493947e-03
8.037975e-01 -3.691117e-03
8.066150e-01 -3.890998e-03
8.094325e-01 -4.093589e-03
8.122500e-01 -4.298890e-03
==
8.122500e-01 3.108606e-02
8.150675e-01 2.862097e-02
8.178850e-01 2.622135e-02
8.207025e-01 2.388718e-02
8.235200e-01 2.161848e-02
8.263375e-01 1.941524e-02
8.291550e-01 1.727746e-02
8.319725e-01 1.520514e-02
8.347900e-01 1.319828e-02
8.376075e-01 1.125688e-02
8.404250e-01 9.380944e-03
8.432425e-01 7.570467e-03
8.460600e-01 5.825452e-03
8.488775e-01 4.145897e-03
8.516950e-01 2.531803e-03
8.545125e-01 9.831703e-04
8.573300e-01 -5.000018e-04
8.601475e-01 -1.917713e-03
8.629650e-01 -3.269963e-03
8.657825e-01 -4.556753e-03
8.686000e-01 -5.778081e-03
8.714175e-01 -6.933949e-03
8.742350e-01 -8.024355e-03
8.770525e-01 -9.049301e-03
8.798700e-01 -1.000879e-02
8.826875e-01 -1.090281e-02
8.855050e-01 -1.173137e-02
8.883225e-01 -1.249448e-02
8.911400e-01 -1.319212e-02
8.939575e-01 -1.382430e-02
8.967750e-01 -1.439102e-02
8.995925e-01 -1.489227e-02
9.024100e-01 -1.532807e-02
9.052275e-01 -1.569841e-02
9.080450e-01 -1.600329e-02
9.108625e-01 -1.624270e-02
9.136800e-01 -1.641665e-02
9.164975e-01 -1.652515e-02
9.193150e-01 -1.656818e-02
9.221325e-01 -1.654575e-02
9.249500e-01 -1.645786e-02
9.277675e-01 -1.630451e-02
9.305850e-01 -1.608570e-02
9.334025e-01 -1.580143e-02
9.362200e-01 -1.545169e-02
9.390375e-01 -1.503650e-02
9.418550e-01 -1.455585e-02
9.446725e-01 -1.400973e-02
9.474900e-01 -1.339815e-02
9.503075e-01 -1.272112e-02
9.531250e-01 -1.197862e-02
9.559425e-01 -1.117066e-02
9.587600e-01 -1.029724e-02
9.615775e-01 -9.358357e-03
9.643950e-01 -8.354015e-03
9.672125e-01 -7.284212e-03
9.700300e-01 -6.148948e-03
9.728475e-01 -4.948223e-03
9.756650e-01 -3.682038e-03
9.784825e-01 -2.350391e-03
9.813000e-01 -9.532837e-04
9.841175e-01 5.092846e-04
9.869350e-01 2.037314e-03
9.897525e-01 3.630804e-03
9.925700e-01 5.289755e-03
9.953875e-01 7.014167e-03
9.982050e-01 8.804040e-03
1.001023e+00 1.065937e-02
1.003840e+00 1.258017e-02
1.006658e+00 1.456642e-02
1.009475e+00 1.661814e-02
1.012293e+00 1.873532e-02
1.015110e+00 2.091796e-02
1.017928e+00 2.316605e-02
1.020745e+00 2.547961e-02
1.023563e+00 2.785864e-02
1.026380e+00 3.030312e-02
1.029197e+00 3.281306e-02
1.032015e+00 3.538846e-02
1.034832e+00 3.802933e-02
1.037650e+00 4.073565e-02
1.040467e+00 4.350744e-02
1.043285e+00 4.634469e-02
1.046102e+00 4.924739e-02
1.048920e+00 5.221556e-02
1.051737e+00 5.524919e-02
1.054555e+00 5.834828e-02
1.057372e+00 6.151284e-02
1.060190e+00 6.474285e-02
1.063007e+00 6.803832e-02
1.065825e+00 7.139926e-02
1.068642e+00 7.482565e-02
1.071460e+00 7.831751e-02
1.074277e+00 8.187482e-02
1.077095e+00 8.549760e-02
1.079912e+00 8.918584e-02
1.082730e+00 9.293954e-02
1.085547e+00 9.675870e-02
1.088365e+00 1.006433e-01
1.091182e+00 1.045934e-01
1.094000e+00 1.086089e-01
==
1.094000e+00 -5.503184e-02
1.098904e+00 -5.253220e-02
1.103807e+00 -5.007808e-02
1.108710e+00 -4.766947e-02
1.113614e+00 -4.530638e-02
1.118517e+00 -4.298881e-02
1.123421e+00 -4.071675e-02
1.128324e+00 -3.849021e-02
1.133228e+00 -3.630919e-02
1.138131e+00 -3.417368e-02
1.143035e+00 -3.208369e-02
1.147938e+00 -3.003921e-02
1.152842e+00 -2.804025e-02
1.157745e+00 -2.608681e-02
1.162649e+00 -2.417889e-02
1.167552e+00 -2.231648e-02
1.172456e+00 -2.049959e-02
1.177359e+00 -1.872821e-02
1.182263e+00 -1.700235e-02
1.187166e+00 -1.532201e-02
1.192070e+00 -1.368719e-02
1.196973e+00 -1.209788e-02
1.201877e+00 -1.055408e-02
1.206780e+00 -9.055807e-03
1.211684e+00 -7.603047e-03
1.216587e+00 -6.195804e-03
1.221491e+00 -4.834077e-03
1.226394e+00 -3.517866e-03
1.231298e+00 -2.247172e-03
1.236201e+00 -1.021995e-03
1.241105e+00 1.576664e-04
1.246008e+00 1.291811e-03
1.250912e+00 2.380439e-03
1.255815e+00 3.423551e-03
1.260719e+00 4.421146e-03
1.265622e+00 5.373224e-03
1.270526e+00 6.279786e-03
1.275429e+00 7.140832e-03
1.280333e+00 7.956361e-03
1.285236e+00 8.726374e-03
1.290140e+00 9.450870e-03
1.295043e+00 1.012985e-02
1.299947e+00 1.076331e-02
1.304850e+00 1.135126e-02
1.309754e+00 1.189369e-02
1.314657e+00 1.239060e-02
1.319561e+00 1.284200e-02
1.324464e+00 1.324788e-02
1.329368e+00 1.360825e-02
1.334271e+00 1.392309e-02
1.339175e+00 1.419242e-02
1.344078e+00 1.441624e-02
1.348982e+00 1.459454e-02
1.353885e+00 1.472732e-02
1.358789e+00 1.481458e-02
1.363692e+00 1.485633e-02
1.368596e+00 1.485257e-02
1.373499e+00 1.480328e-02
1.378403e+00 1.470848e-02
1.383306e+00 1.456816e-02
1.388210e+00 1.438233e-02
1.393113e+00 1.415098e-02
1.398017e+00 1.387411e-02
1.402920e+00 1.355173e-02
1.407824e+00 1.318383e-02
1.412727e+00 1.277042e-02
1.417631e+00 1.231148e-02
1.422534e+00 1.180703e-02
1.427438e+00 1.125707e-02
1.432341e+00 1.066159e-02
1.437245e+00 1.002059e-02
1.442148e+00 9.334073e-03
1.447052e+00 8.602041e-03
1.451955e+00 7.824493e-03
1.456859e+00 7.001429e-03
1.461762e+00 6.132848e-03
1.466666e+00 5.218750e-03
1.471569e+00 4.259137e-03
1.476473e+00 3.254006e-03
1.481376e+00 2.203359e-03
1.486280e+00 1.107196e-03
1.491183e+00 -3.448399e-05
1.496087e+00 -1.221680e-03
1.500990e+00 -2.454393e-03
1.505894e+00 -3.732622e-03
1.510797e+00 -5.056368e-03
1.515701e+00 -6.425631e-03
1.520604e+00 -7.840409e-03
1.525508e+00 -9.300705e-03
1.530411e+00 -1.080652e-02
1.535315e+00 -1.235784e-02
1.540218e+00 -1.395469e-02
1.545122e+00 -1.559705e-02
1.550025e+00 -1.728493e-02
1.554929e+00 -1.901832e-02
1.559832e+00 -2.079723e-02
1.564736e+00 -2.262166e-02
1.569639e+00 -2.449160e-02
1.574543e+00 -2.640706e-02
1.579446e+00 -2.836804e-02
1.584350e+00 -3.037453e-02
==
1.584350e+00 -5.620405e-03
1.589335e+00 -5.647403e-03
1.594320e+00 -5.646409e-03
1.599305e+00 -5.617424e-03
1.604290e+00 -5.560446e-03
1.609275e+00 -5.475476e-03
1.614260e+00 -5.362515e-03
1.619245e+00 -5.221561e-03
1.624230e+00 -5.052615e-03
1.629215e+00 -4.855677e-03
1.634200e+00 -4.630747e-03
1.639185e+00 -4.377826e-03
1.644170e+00 -4.096912e-03
1.649155e+00 -3.788006e-03
1.654140e+00 -3.451108e-03
1.659125e+00 -3.086218e-03
1.664110e+00 -2.693336e-03
1.669095e+00 -2.272462e-03
1.674080e+00 -1.823596e-03
1.679065e+00 -1.346738e-03
1.684050e+00 -8.418879e-04
1.689035e+00 -3.090458e-04
1.694020e+00 2.517883e-04
1.699005e+00 8.406145e-04
1.703990e+00 1.457433e-03
1.708975e+00 2.102243e-03
1.713960e+00 2.775045e-03
1.718945e+00 3.475839e-03
1.723930e+00 4.204625e-03
1.728915e+00 4.961404e-03
1.733900e+00 5.746174e-03
1.738885e+00 6.558936e-03
1.743870e+00 7.399691e-03
1.748855e+00 8.268437e-03
1.753840e+00 9.165176e-03
1.758825e+00 1.008991e-02
1.763810e+00 1.104263e-02
1.768795e+00 1.202334e-02
1.773780e+00 1.303205e-02
1.778765e+00 1.406875e-02
1.783750e+00 1.513344e-02
1.788735e+00 1.622612e-02
1.793720e+00 1.734680e-02
1.798705e+00 1.849546e-02
1.803690e+00 1.967212e-02
1.808675e+00 2.087677e-02
1.813660e+00 2.210941e-02
1.818645e+00 2.337005e-02
1.823630e+00 2.465868e-02
1.828615e+00 2.597529e-02
1.833600e+00 2.731991e-02
1.838585e+00 2.869251e-02
1.843570e+00 3.009310e-02
1.848555e+00 3.152169e-02
1.853540e+00 3.297827e-02
1.858525e+00 3.446284e-02
1.863510e+00 3.597540e-02
1.868495e+00 3.751596e-02
1.873480e+00 3.908450e-02
1.878465e+00 4.068104e-02
1.883450e+00 4.230557e-02
1.888435e+00 4.395810e-02
1.893420e+00 4.563861e-02
1.898405e+00 4.734712e-02
1.903390e+00 4.908362e-02
1.908375e+00 5.084811e-02
1.913360e+00 5.264059e-02
1.918345e+00 5.446107e-02
1.923330e+00 5.630954e-02
1.928315e+00 5.818599e-02
1.933300e+00 6.009045e-02
1.938285e+00 6.202289e-02
1.943270e+00 6.398332e-02
1.948255e+00 6.597175e-02
1.953240e+00 6.798817e-02
1.958225e+00 7.003258e-02
1.963210e+00 7.210499e-02
1.968195e+00 7.420538e-02
1.973180e+00 7.633377e-02
1.978165e+00 7.849015e-02
1.983150e+00 8.067452e-02
1.988135e+00 8.288688e-02
1.993120e+00 8.512724e-02
1.998105e+00 8.739559e-02
2.003090e+00 8.969193e-02
2.008075e+00 9.201626e-02
2.013060e+00 9.436858e-02
2.018045e+00 9.674890e-02
2.023030e+00 9.915720e-02
2.028015e+00 1.015935e-01
2.033000e+00 1.040578e-01
2.037985e+00 1.065501e-01
2.042970e+00 1.090704e-01
2.047955e+00 1.116186e-01
2.052940e+00 1.141949e-01
2.057925e+00 1.167991e-01
2.062910e+00 1.194314e-01
2.067895e+00 1.220916e-01
2.072880e+00 1.247798e-01
2.077865e+00 1.274961e-01
2.082850e+00 1.302403e-01
==
2.082850e+00 5.641174e-02
2.086183e+00 5.415069e-02
2.089517e+00 5.193113e-02
2.092850e+00 4.975305e-02
2.096183e+00 4.761645e-02
2.099517e+00 4.552134e-02
2.102850e+00 4.346771e-02
2.106183e+00 4.145557e-02
2.109517e+00 3.948491e-02
2.112850e+00 3.755574e-02
2.116183e+00 3.566805e-02
2.119517e+00 3.382184e-02
2.122850e+00 3.201712e-02
2.126183e+00 3.025388e-02
2.129517e+00 2.853213e-02
2.132850e+00 2.685186e-02
2.136183e+00 2.521307e-02
2.139517e+00 2.361577e-02
2.142850e+00 2.205995e-02
2.146183e+00 2.054562e-02
2.149517e+00 1.907277e-02
2.152850e+00 1.764141e-02
2.156183e+00 1.625153e-02
2.159517e+00 1.490313e-02
2.162850e+00 1.359622e-02
2.166183e+00 1.233080e-02
2.169517e+00 1.110685e-02
2.172850e+00 9.924394e-03
2.176183e+00 8.783419e-03
2.179517e+00 7.683929e-03
2.182850e+00 6.625923e-03
2.186183e+00 5.609401e-03
2.189517e+00 4.634363e-03
2.192850e+00 3.700809e-03
2.196183e+00 2.808740e-03
2.199517e+00 1.958155e-03
2.202850e+00 1.149054e-03
2.206183e+00 3.814370e-04
2.209517e+00 -3.446955e-04
2.212850e+00 -1.029344e-03
2.216183e+00 -1.672508e-03
2.219517e+00 -2.274188e-03
2.222850e+00 -2.834384e-03
2.226183e+00 -3.353095e-03
2.229517e+00 -3.830322e-03
2.232850e+00 -4.266065e-03
2.236183e+00 -4.660324e-03
2.239517e+00 -5.013099e-03
2.242850e+00 -5.324390e-03
2.246183e+00 -5.594196e-03
2.249517e+00 -5.822518e-03
2.252850e+00 -6.009356e-03
2.256183e+00 -6.154709e-03
2.259517e+00 -6.258579e-03
2.262850e+00 -6.320964e-03
2.266183e+00 -6.341865e-03
2.269517e+00 -6.321282e-03
2.272850e+00 -6.259214e-03
2.276183e+00 -6.155663e-03
2.279517e+00 -6.010627e-03
2.282850e+00 -5.824107e-03
2.286183e+00 -5.596103e-03
2.289517e+00 -5.326614e-03
2.292850e+00 -5.015642e-03
2.296183e+00 -4.663185e-03
2.299517e+00 -4.269244e-03
2.302850e+00 -3.833818e-03
2.306183e+00 -3.356909e-03
2.309517e+00 -2.838515e-03
2.312850e+00 -2.278637e-03
2.316183e+00 -1.677275e-03
2.319517e+00 -1.034429e-03
2.322850e+00 -3.500983e-04
2.326183e+00 3.757164e-04
2.329517e+00 1.143015e-03
2.332850e+00 1.951798e-03
2.336183e+00 2.802066e-03
2.339517e+00 3.693817e-03
2.342850e+00 4.627053e-03
2.346183e+00 5.601773e-03
2.349517e+00 6.617977e-03
2.352850e+00 7.675666e-03
2.356183e+00 8.774838e-03
2.359517e+00 9.915495e-03
2.362850e+00 1.109764e-02
2.366183e+00 1.232126e-02
2.369517e+00 1.358637e-02
2.372850e+00 1.489296e-02
2.376183e+00 1.624104e-02
2.379517e+00 1.763060e-02
2.382850e+00 1.906165e-02
2.386183e+00 2.053418e-02
2.389517e+00 2.204820e-02
2.392850e+00 2.360369e-02
2.396183e+00 2.520068e-02
2.399517e+00 2.683914e-02
2.402850e+00 2.851910e-02
2.406183e+00 3.024053e-02
2.409517e+00 3.200345e-02
2.412850e+00 3.380786e-02
2.416183e+00 3.565374e-02
==
2.416183e+00 -5.595205e-03
2.419517e+00 -5.169082e-03
2.422850e+00 -4.752362e-03
2.426183e+00 -4.345045e-03
2.429517e+00 -3.947130e-03
2.432850e+00 -3.558618e-03
2.436183e+00 -3.179509e-03
2.439517e+00 -2.809802e-03
2.442850e+00 -2.449499e-03
2.446183e+00 -2.098597e-03
2.449517e+00 -1.757099e-03
2.452850e+00 -1.425003e-03
2.456183e+00 -1.102310e-03
2.459517e+00 -7.890193e-04
2.462850e+00 -4.851315e-04
2.466183e+00 -1.906463e-04
2.469517e+00 9.443613e-05
2.472850e+00 3.701159e-04
2.476183e+00 6.363930e-04
2.479517e+00 8.932674e-04
2.482850e+00 1.140739e-03
2.486183e+00 1.378808e-03
2.489517e+00 1.607475e-03
2.492850e+00 1.826738e-03
2.496183e+00 2.036599e-03
2.499517e+00 2.237058e-03
2.502850e+00 2.428113e-03
2.506183e+00 2.609766e-03
2.509517e+00 2.782017e-03
2.512850e+00 2.944864e-03
2.516183e+00 3.098309e-03
2.519517e+00 3.242351e-03
2.522850e+00 3.376991e-03
2.526183e+00 3.502228e-03
2.529517e+00 3.618062e-03
2.532850e+00 3.724494e-03
2.536183e+00 3.821522e-03
2.539517e+00 3.909149e-03
2.542850e+00 3.987372e-03
2.546183e+00 4.056193e-03
2.549517e+00 4.115611e-03
2.552850e+00 4.165626e-03
2.556183e+00 4.206239e-03
2.559517e+00 4.237449e-03
2.562850e+00 4.259257e-03
2.566183e+00 4.271661e-03
2.569517e+00 4.274663e-03
2.572850e+00 4.268263e-03
2.576183e+00 4.252460e-03
2.579517e+00 4.227254e-03
2.582850e+00 4.192645e-03
2.586183e+00 4.148633e-03
2.589517e+00 4.095219e-03
2.592850e+00 4.032403e-03
2.596183e+00 3.960183e-03
2.599517e+00 3.878561e-03
2.602850e+00 3.787537e-03
2.606183e+00 3.687109e-03
2.609517e+00 3.577279e-03
2.612850e+00 3.458046e-03
2.616183e+00 3.329411e-03
2.619517e+00 3.191373e-03
2.622850e+00 3.043932e-03
2.626183e+00 2.887088e-03
2.629517e+00 2.720842e-03
2.632850e+00 2.545193e-03
2.636183e+00 2.360142e-03
2.639517e+00 2.165687e-03
2.642850e+00 1.961830e-03
2.646183e+00 1.748571e-03
2.649517e+00 1.525909e-03
2.652850e+00 1.293844e-03
2.656183e+00 1.052376e-03
2.659517e+00 8.015056e-04
2.662850e+00 5.412326e-04
2.666183e+00 2.715569e-04
2.669517e+00 -7.521409e-06
2.672850e+00 -2.960024e-04
2.676183e+00 -5.938862e-04
2.679517e+00 -9.011726e-04
2.682850e+00 -1.217862e-03
2.686183e+00 -1.543953e-03
2.689517e+00 -1.879448e-03
2.692850e+00 -2.224345e-03
2.696183e+00 -2.578645e-03
2.699517e+00 -2.942347e-03
2.702850e+00 -3.315452e-03
2.706183e+00 -3.697960e-03
2.709517e+00 -4.089871e-03
2.712850e+00 -4.491184e-03
2.716183e+00 -4.901900e-03
2.719517e+00 -5.322018e-03
2.722850e+00 -5.751540e-03
2.726183e+00 -6.190464e-03
2.729517e+00 -6.638790e-03
2.732850e+00 -7.096519e-03
2.736183e+00 -7.563651e-03
2.739517e+00 -8.040186e-03
2.742850e+00 -8.526123e-03
2.746183e+00 -9.021463e-03
2.749517e+00 -9.526206e-03
==
2.749517e+00 2.877364e-02
2.752850e+00 2.707670e-02
2.756183e+00 2.541704e-02
2.759517e+00 2.379464e-02
2.762850e+00 2.220950e-02
2.766183e+00 2.066163e-02
2.769517e+00 1.915103e-02
2.772850e+00 1.767769e-02
2.776183e+00 1.624162e-02
2.779517e+00 1.484281e-02
2.782850e+00 1.348127e-02
2.786183e+00 1.215699e-02
2.789517e+00 1.086998e-02
2.792850e+00 9.620236e-03
2.796183e+00 8.407758e-03
2.799517e+00 7.232545e-03
2.802850e+00 6.094597e-03
2.806183e+00 4.993915e-03
2.809517e+00 3.930499e-03
2.812850e+00 2.904348e-03
2.816183e+00 1.915464e-03
2.819517e+00 9.638444e-04
2.822850e+00 4.949083e-05
2.826183e+00 -8.275971e-04
2.829517e+00 -1.667419e-03
2.832850e+00 -2.469976e-03
2.836183e+00 -3.235267e-03
2.839517e+00 -3.963292e-03
2.842850e+00 -4.654052e-03
2.846183e+00 -5.307546e-03
2.849517e+00 -5.923774e-03
2.852850e+00 -6.502737e-03
2.856183e+00 -7.044434e-03
2.859517e+00 -7.548865e-03
2.862850e+00 -8.016031e-03
2.866183e+00 -8.445931e-03
2.869517e+00 -8.838565e-03
2.872850e+00 -9.193934e-03
2.876183e+00 -9.512037e-03
2.879517e+00 -9.792875e-03
2.882850e+00 -1.003645e-02
2.886183e+00 -1.024275e-02
2.889517e+00 -1.041179e-02
2.892850e+00 -1.054357e-02
2.896183e+00 -1.063808e-02
2.899517e+00 -1.069532e-02
2.902850e+00 -1.071530e-02
2.906183e+00 -1.069801e-02
2.909517e+00 -1.064346e-02
2.912850e+00 -1.055164e-02
2.916183e+00 -1.042255e-02
2.919517e+00 -1.025620e-02
2.922850e+00 -1.005259e-02
2.926183e+00 -9.811705e-03
2.929517e+00 -9.533558e-03
2.932850e+00 -9.218145e-03
2.936183e+00 -8.865466e-03
2.939517e+00 -8.475522e-03
2.942850e+00 -8.048312e-03
2.946183e+00 -7.583836e-03
2.949517e+00 -7.082095e-03
2.952850e+00 -6.543088e-03
2.956183e+00 -5.966815e-03
2.959517e+00 -5.353277e-03
2.962850e+00 -4.702473e-03
2.966183e+00 -4.014404e-03
2.969517e+00 -3.289068e-03
2.972850e+00 -2.526467e-03
2.976183e+00 -1.726601e-03
2.979517e+00 -8.894687e-04
2.982850e+00 -1.507086e-05
2.986183e+00 8.965926e-04
2.989517e+00 1.845522e-03
2.992850e+00 2.831717e-03
2.996183e+00 3.855177e-03
2.999517e+00 4.915903e-03
3.002850e+00 6.013895e-03
3.006183e+00 7.149152e-03
3.009517e+00 8.321675e-03
3.012850e+00 9.531464e-03
3.016183e+00 1.077852e-02
3.019517e+00 1.206284e-02
3.022850e+00 1.338442e-02
3.026183e+00 1.474328e-02
3.029517e+00 1.613939e-02
3.032850e+00 1.757278e-02
3.036183e+00 1.904342e-02
3.039517e+00 2.055134e-02
3.042850e+00 2.209652e-02
3.046183e+00 2.367896e-02
3.049517e+00 2.529867e-02
3.052850e+00 2.695565e-02
3.056183e+00 2.864989e-02
3.059517e+00 3.038140e-02
3.062850e+00 3.215017e-02
3.066183e+00 3.395621e-02
3.069517e+00 3.579952e-02
3.072850e+00 3.768009e-02
3.076183e+00 3.959792e-02
3.079517e+00 4.155303e-02
3.082850e+00 4.354539e-02
==
3.082850e+00 1.330663e-01
3.087835e+00 1.299095e-01
3.092820e+00 1.267914e-01
3.097805e+00 1.237120e-01
3.102790e+00 1.206713e-01
3.107775e+00 1.176693e-01
3.112760e+00 1.147061e-01
3.117745e+00 1.117816e-01
3.122730e+00 1.088958e-01
3.127715e+00 1.060487e-01
3.132700e+00 1.032404e-01
3.137685e+00 1.004708e-01
3.142670e+00 9.773991e-02
3.147655e+00 9.504774e-02
3.152640e+00 9.239429e-02
3.157625e+00 8.977957e-02
3.162610e+00 8.720357e-02
3.167595e+00 8.466630e-02
3.172580e+00 8.216775e-02
3.177565e+00 7.970792e-02
3.182550e+00 7.728681e-02
3.187535e+00 7.490443e-02
3.192520e+00 7.256077e-02
3.197505e+00 7.025583e-02
3.202490e+00 6.798962e-02
3.207475e+00 6.576213e-02
3.212460e+00 6.357337e-02
3.217445e+00 6.142332e-02
3.222430e+00 5.931200e-02
3.227415e+00 5.723940e-02
3.232400e+00 5.520553e-02
3.237385e+00 5.321038e-02
3.242370e+00 5.125395e-02
3.247355e+00 4.933625e-02
3.252340e+00 4.745726e-02
3.257325e+00 4.561701e-02
3.262310e+00 4.381547e-02
3.267295e+00 4.205266e-02
3.272280e+00 4.032857e-02
3.277265e+00 3.864320e-02
3.282250e+00 3.699656e-02
3.287235e+00 3.538864e-02
3.292220e+00 3.381945e-02
3.297205e+00 3.228897e-02
3.302190e+00 3.079722e-02
3.307175e+00 2.934420e-02
3.312160e+00 2.792989e-02
3.317145e+00 2.655431e-02
3.322130e+00 2.521745e-02
3.327115e+00 2.391932e-02
3.332100e+00 2.265991e-02
3.337085e+00 2.143922e-02
3.342070e+00 2.025726e-02
3.347055e+00 1.911401e-02
3.352040e+00 1.800950e-02
3.357025e+00 1.694370e-02
3.362010e+00 1.591663e-02
3.366995e+00 1.492828e-02
3.371980e+00 1.397865e-02
3.376965e+00 1.306775e-02
3.381950e+00 1.219557e-02
3.386935e+00 1.136211e-02
3.391920e+00 1.056738e-02
3.396905e+00 9.811370e-03
3.401890e+00 9.094083e-03
3.406875e+00 8.415519e-03
3.411860e+00 7.775678e-03
3.416845e+00 7.174560e-03
3.421830e+00 6.612166e-03
3.426815e+00 6.088494e-03
3.431800e+00 5.603546e-03
3.436785e+00 5.157321e-03
3.441770e+00 4.749819e-03
3.446755e+00 4.381040e-03
3.451740e+00 4.050985e-03
3.456725e+00 3.759652e-03
3.461710e+00 3.507043e-03
3.466695e+00 3.293157e-03
3.471680e+00 3.117994e-03
3.476665e+00 2.981554e-03
3.481650e+00 2.883837e-03
3.486635e+00 2.824843e-03
3.491620e+00 2.804573e-03
3.496605e+00 2.823026e-03
3.501590e+00 2.880201e-03
3.506575e+00 2.976100e-03
3.511560e+00 3.110723e-03
3.516545e+00 3.284068e-03
3.521530e+00 3.496136e-03
3.526515e+00 3.746928e-03
3.531500e+00 4.036443e-03
3.536485e+00 4.364680e-03
3.541470e+00 4.731641e-03
3.546455e+00 5.137326e-03
3.551440e+00 5.581733e-03
3.556425e+00 6.064863e-03
3.561410e+00 6.586717e-03
3.566395e+00 7.147294e-03
3.571380e+00 7.746594e-03
3.576365e+00 8.384617e-03
3.581350e+00 9.061363e-03
==
3.581350e+00 6.616619e-03
3.586254e+00 6.585163e-03
3.591157e+00 6.552467e-03
3.596061e+00 6.518530e-03
3.600964e+00 6.483352e-03
3.605868e+00 6.446933e-03
3.610771e+00 6.409274e-03
3.615675e+00 6.370374e-03
3.620578e+00 6.330233e-03
3.625482e+00 6.288851e-03
3.630385e+00 6.246228e-03
3.635289e+00 6.202365e-03
3.640192e+00 6.157261e-03
3.645096e+00 6.110916e-03
3.649999e+00 6.063330e-03
3.654903e+00 6.014503e-03
3.659806e+00 5.964436e-03
3.664710e+00 5.913128e-03
3.669613e+00 5.860579e-03
3.674517e+00 5.806789e-03
3.679420e+00 5.751758e-03
3.684324e+00 5.695487e-03
3.689227e+00 5.637975e-03
3.694131e+00 5.579222e-03
3.699034e+00 5.519228e-03
3.703938e+00 5.457993e-03
3.708841e+00 5.395518e-03
3.713745e+00 5.331802e-03
3.718648e+00 5.266845e-03
3.723552e+00 5.200647e-03
3.728455e+00 5.133209e-03
3.733359e+00 5.064530e-03
3.738262e+00 4.994610e-03
3.743166e+00 4.923449e-03
3.748069e+00 4.851047e-03
3.752973e+00 4.777405e-03
3.757876e+00 4.702521e-03
3.762780e+00 4.626397e-03
3.767683e+00 4.549032e-03
3.772587e+00 4.470427e-03
3.777490e+00 4.390580e-03
3.782394e+00 4.309493e-03
3.787297e+00 4.227165e-03
3.792201e+00 4.143596e-03
3.797104e+00 4.058787e-03
3.802008e+00 3.972736e-03
3.806911e+00 3.885445e-03
3.811815e+00 3.796913e-03
3.816718e+00 3.707140e-03
3.821622e+00 3.616127e-03
3.826525e+00 3.523873e-03
3.831429e+00 3.430377e-03
3.836332e+00 3.335641e-03
3.841236e+00 3.239665e-03
3.846139e+00 3.142447e-03
3.851043e+00 3.043989e-03
3.855946e+00 2.944290e-03
3.860850e+00 2.843350e-03
3.865753e+00 2.741169e-03
3.870657e+00 2.637748e-03
3.875560e+00 2.533085e-03
3.880464e+00 2.427182e-03
3.885367e+00 2.320039e-03
3.890271e+00 2.211654e-03
3.895174e+00 2.102028e-03
3.900078e+00 1.991162e-03
3.904981e+00 1.879055e-03
3.909885e+00 1.765707e-03
3.914788e+00 1.651119e-03
3.919692e+00 1.535289e-03
3.924595e+00 1.418219e-03
3.929499e+00 1.299908e-03
3.934402e+00 1.180356e-03
3.939306e+00 1.059564e-03
3.944209e+00 9.375304e-04
3.949113e+00 8.142562e-04
3.954016e+00 6.897413e-04
3.958920e+00 5.639855e-04
3.963823e+00 4.369890e-04
3.968727e+00 3.087516e-04
3.973630e+00 1.792735e-04
3.978534e+00 4.855459e-05
3.983437e+00 -8.340513e-05
3.988341e+00 -2.166056e-04
3.993244e+00 -3.510469e-04
3.998148e+00 -4.867290e-04
4.003051e+00 -6.236519e-04
4.007955e+00 -7.618156e-04
4.012858e+00 -9.012201e-04
4.017762e+00 -1.041865e-03
4.022665e+00 -1.183751e-03
4.027569e+00 -1.326878e-03
4.032472e+00 -1.471246e-03
4.037376e+00 -1.616854e-03
4.042279e+00 -1.763704e-03
4.047183e+00 -1.911794e-03
4.052086e+00 -2.061124e-03
4.056990e+00 -2.211696e-03
4.061893e+00 -2.363508e-03
4.066797e+00 -2.516562e-03
4.071700e+00 -2.670856e-03
==
4.071700e+00 9.242221e-03
4.074518e+00 8.836277e-03
4.077335e+00 8.438575e-03
4.080153e+00 8.049115e-03
4.082970e+00 7.667896e-03
4.085788e+00 7.294920e-03
4.088605e+00 6.930186e-03
4.091423e+00 6.573694e-03
4.094240e+00 6.225443e-03
4.097058e+00 5.885435e-03
4.099875e+00 5.553669e-03
4.102693e+00 5.230145e-03
4.105510e+00 4.914863e-03
4.108328e+00 4.607823e-03
4.111145e+00 4.309024e-03
4.113963e+00 4.018468e-03
4.116780e+00 3.736154e-03
4.119598e+00 3.462082e-03
4.122415e+00 3.196252e-03
4.125233e+00 2.938664e-03
4.128050e+00 2.689318e-03
4.130868e+00 2.448214e-03
4.133685e+00 2.215352e-03
4.136503e+00 1.990732e-03
4.139320e+00 1.774354e-03
4.142138e+00 1.566218e-03
4.144955e+00 1.366324e-03
4.147773e+00 1.174672e-03
4.150590e+00 9.912621e-04
4.153408e+00 8.160942e-04
4.156225e+00 6.491683e-04
4.159043e+00 4.904844e-04
4.161860e+00 3.400425e-04
4.164678e+00 1.978426e-04
4.167495e+00 6.388479e-05
4.170313e+00 -6.183105e-05
4.173130e+00 -1.793049e-04
4.175948e+00 -2.885367e-04
4.178765e+00 -3.895265e-04
4.181583e+00 -4.822743e-04
4.184400e+00 -5.667801e-04
4.187218e+00 -6.430438e-04
4.190035e+00 -7.110656e-04
4.192853e+00 -7.708453e-04
4.195670e+00 -8.223830e-04
4.198488e+00 -8.656787e-04
4.201305e+00 -9.007324e-04
4.204123e+00 -9.275441e-04
4.206940e+00 -9.461138e-04
4.209758e+00 -9.564414e-04
4.212575e+00 -9.585271e-04
4.215393e+00 -9.523707e-04
4.218210e+00 -9.379723e-04
4.221028e+00 -9.153319e-04
4.223845e+00 -8.844495e-04
4.226663e+00 -8.453251e-04
4.229480e+00 -7.979586e-04
4.232298e+00 -7.423502e-04
4.235115e+00 -6.784997e-04
4.237933e+00 -6.064072e-04
4.240750e+00 -5.260727e-04
4.243568e+00 -4.374962e-04
4.246385e+00 -3.406777e-04
4.249203e+00 -2.356172e-04
4.252020e+00 -1.223146e-04
4.254838e+00 -7.700670e-07
4.257655e+00 1.290165e-04
4.260473e+00 2.670451e-04
4.263290e+00 4.133157e-04
4.266108e+00 5.678283e-04
4.268925e+00 7.305829e-04
4.271743e+00 9.015796e-04
4.274560e+00 1.080818e-03
4.277378e+00 1.268299e-03
4.280195e+00 1.464022e-03
4.283013e+00 1.667986e-03
4.285830e+00 1.880193e-03
4.288648e+00 2.100642e-03
4.291465e+00 2.329332e-03
4.294283e+00 2.566265e-03
4.297100e+00 2.811440e-03
4.299918e+00 3.064857e-03
4.302735e+00 3.326516e-03
4.305553e+00 3.596416e-03
4.308370e+00 3.874559e-03
4.311188e+00 4.160944e-03
4.314005e+00 4.455571e-03
4.316823e+00 4.758440e-03
4.319640e+00 5.069551e-03
4.322458e+00 5.388903e-03
4.325275e+00 5.716498e-03
4.328093e+00 6.052335e-03
4.330910e+00 6.396414e-03
4.333728e+00 6.748735e-03
4.336545e+00 7.109298e-03
4.339363e+00 7.478103e-03
4.342180e+00 7.855150e-03
4.344998e+00 8.240439e-03
4.347815e+00 8.633970e-03
4.350633e+00 9.035743e-03
4.353450e+00 9.445758e-03
==
4.353450e+00 5.013395e-03
4.356268e+00 4.930942e-03
4.359085e+00 4.849675e-03
4.361903e+00 4.769595e-03
4.364720e+00 4.690701e-03
4.367538e+00 4.612995e-03
4.370355e+00 4.536474e-03
4.373173e+00 4.461141e-03
4.375990e+00 4.386994e-03
4.378808e+00 4.314033e-03
4.381625e+00 4.242260e-03
4.384443e+00 4.171672e-03
4.387260e+00 4.102272e-03
4.390078e+00 4.034058e-03
4.392895e+00 3.967031e-03
4.395713e+00 3.901190e-03
4.398530e+00 3.836536e-03
4.401348e+00 3.773069e-03
4.404165e+00 3.710788e-03
4.406983e+00 3.649694e-03
4.409800e+00 3.589786e-03
4.412618e+00 3.531065e-03
4.415435e+00 3.473531e-03
4.418253e+00 3.417183e-03
4.421070e+00 3.362022e-03
4.423888e+00 3.308048e-03
4.426705e+00 3.255260e-03
4.429523e+00 3.203659e-03
4.432340e+00 3.153245e-03
4.435158e+00 3.104017e-03
4.437975e+00 3.055975e-03
4.440793e+00 3.009121e-03
4.443610e+00 2.963453e-03
4.446428e+00 2.918971e-03
4.449245e+00 2.875676e-03
4.452063e+00 2.833568e-03
4.454880e+00 2.792647e-03
4.457698e+00 2.752912e-03
4.460515e+00 2.714364e-03
4.463333e+00 2.677002e-03
4.466150e+00 2.640827e-03
4.468968e+00 2.605838e-03
4.471785e+00 2.572037e-03
4.474603e+00 2.539421e-03
4.477420e+00 2.507993e-03
4.480238e+00 2.477751e-03
4.483055e+00 2.448696e-03
4.485873e+00 2.420827e-03
4.488690e+00 2.394145e-03
4.491508e+00 2.368649e-03
4.494325e+00 2.344341e-03
4.497143e+00 2.321218e-03
4.499960e+00 2.299283e-03
4.502778e+00 2.278534e-03
4.505595e+00 2.258971e-03
4.508413e+00 2.240596e-03
4.511230e+00 2.223407e-03
4.514048e+00 2.207404e-03
4.516865e+00 2.192588e-03
4.519683e+00 2.178959e-03
4.522500e+00 2.166517e-03
4.525318e+00 2.155261e-03
4.528135e+00 2.145191e-03
4.530953e+00 2.136309e-03
4.533770e+00 2.128612e-03
4.536588e+00 2.122103e-03
4.539405e+00 2.116780e-03
4.542223e+00 2.112644e-03
4.545040e+00 2.109694e-03
4.547858e+00 2.107931e-03
4.550675e+00 2.107355e-03
4.553493e+00 2.107965e-03
4.556310e+00 2.109762e-03
4.559128e+00 2.112746e-03
4.561945e+00 2.116916e-03
4.564763e+00 2.122273e-03
4.567580e+00 2.128816e-03
4.570398e+00 2.136546e-03
4.573215e+00 2.145463e-03
4.576033e+00 2.155566e-03
4.578850e+00 2.166856e-03
4.581668e+00 2.179332e-03
4.584485e+00 2.192995e-03
4.587303e+00 2.207845e-03
4.590120e+00 2.223881e-03
4.592938e+00 2.241104e-03
4.595755e+00 2.259514e-03
4.598573e+00 2.279110e-03
4.601390e+00 2.299893e-03
4.604208e+00 2.321863e-03
4.607025e+00 2.345019e-03
4.609843e+00 2.369361e-03
4.612660e+00 2.394891e-03
4.615478e+00 2.421607e-03
4.618295e+00 2.449509e-03
4.621113e+00 2.478599e-03
4.623930e+00 2.508875e-03
4.626748e+00 2.540337e-03
4.629565e+00 2.572986e-03
4.632383e+00 2.606822e-03
4.635200e+00 2.641844e-03
==
4.635200e+00 5.860600e-02
4.636700e+00 5.857998e-02
4.638200e+00 5.850621e-02
4.639700e+00 5.838468e-02
4.641200e+00 5.821540e-02
4.642700e+00 5.799837e-02
4.644200e+00 5.773358e-02
4.645700e+00 5.742104e-02
4.647200e+00 5.706074e-02
4.648700e+00 5.665269e-02
4.650200e+00 5.619689e-02
4.651700e+00 5.569333e-02
4.653200e+00 5.514202e-02
4.654700e+00 5.454296e-02
4.656200e+00 5.389614e-02
4.657700e+00 5.320157e-02
4.659200e+00 5.245924e-02
4.660700e+00 5.166916e-02
4.662200e+00 5.083133e-02
4.663700e+00 4.994574e-02
4.665200e+00 4.901240e-02
4.666700e+00 4.803131e-02
4.668200e+00 4.700246e-02
4.669700e+00 4.592585e-02
4.671200e+00 4.480150e-02
4.672700e+00 4.362939e-02
4.674200e+00 4.240952e-02
4.675700e+00 4.114191e-02
4.677200e+00 3.982653e-02
4.678700e+00 3.846341e-02
4.680200e+00 3.705253e-02
4.681700e+00 3.559390e-02
4.683200e+00 3.408751e-02
4.684700e+00 3.253337e-02
4.686200e+00 3.093147e-02
4.687700e+00 2.928182e-02
4.689200e+00 2.758442e-02
4.690700e+00 2.583927e-02
4.692200e+00 2.404636e-02
4.693700e+00 2.220569e-02
4.695200e+00 2.031727e-02
4.696700e+00 1.838110e-02
4.698200e+00 1.639718e-02
4.699700e+00 1.436550e-02
4.701200e+00 1.228607e-02
4.702700e+00 1.015888e-02
4.704200e+00 7.983938e-03
4.705700e+00 5.761244e-03
4.707200e+00 3.490795e-03
4.708700e+00 1.172593e-03
4.710200e+00 -1.193363e-03
4.711700e+00 -3.607072e-03
4.713200e+00 -6.068536e-03
4.714700e+00 -8.577753e-03
4.716200e+00 -1.113472e-02
4.717700e+00 -1.373945e-02
4.719200e+00 -1.639193e-02
4.720700e+00 -1.909216e-02
4.722200e+00 -2.184015e-02
4.723700e+00 -2.463589e-02
4.725200e+00 -2.747938e-02
4.726700e+00 -3.037063e-02
4.728200e+00 -3.330963e-02
4.729700e+00 -3.629639e-02
4.731200e+00 -3.933090e-02
4.732700e+00 -4.241316e-02
4.734200e+00 -4.554318e-02
4.735700e+00 -4.872095e-02
4.737200e+00 -5.194647e-02
4.738700e+00 -5.521975e-02
4.740200e+00 -5.854078e-02
4.741700e+00 -6.190957e-02
4.743200e+00 -6.532611e-02
4.744700e+00 -6.879040e-02
4.746200e+00 -7.230245e-02
4.747700e+00 -7.586225e-02
4.749200e+00 -7.946981e-02
4.750700e+00 -8.312512e-02
4.752200e+00 -8.682818e-02
4.753700e+00 -9.057900e-02
4.755200e+00 -9.437757e-02
4.756700e+00 -9.822389e-02
4.758200e+00 -1.021180e-01
4.759700e+00 -1.060598e-01
4.761200e+00 -1.100494e-01
4.762700e+00 -1.140867e-01
4.764200e+00 -1.181718e-01
4.765700e+00 -1.223047e-01
4.767200e+00 -1.264853e-01
4.768700e+00 -1.307136e-01
4.770200e+00 -1.349897e-01
4.771700e+00 -1.393136e-01
4.773200e+00 -1.436852e-01
4.774700e+00 -1.481046e-01
4.776200e+00 -1.525717e-01
4.777700e+00 -1.570866e-01
4.779200e+00 -1.616492e-01
4.780700e+00 -1.662596e-01
4.782200e+00 -1.709177e-01
4.783700e+00 -1.756236e-01
4.785200e+00 -1.803773e-01
==
4.785200e+00 3.589043e-01
4.786155e+00 3.434387e-01
4.787110e+00 3.282494e-01
4.788065e+00 3.133366e-01
4.789020e+00 2.987001e-01
4.789975e+00 2.843400e-01
4.790930e+00 2.702564e-01
4.791885e+00 2.564490e-01
4.792840e+00 2.429181e-01
4.793795e+00 2.296636e-01
4.794750e+00 2.166855e-01
4.795705e+00 2.039837e-01
4.796660e+00 1.915583e-01
4.797615e+00 1.794094e-01
4.798570e+00 1.675368e-01
4.799525e+00 1.559406e-01
4.800480e+00 1.446208e-01
4.801435e+00 1.335773e-01
4.802390e+00 1.228103e-01
4.803345e+00 1.123197e-01
4.804300e+00 1.021054e-01
4.805255e+00 9.216753e-02
4.806210e+00 8.250605e-02
4.807165e+00 7.312095e-02
4.808120e+00 6.401225e-02
4.809075e+00 5.517993e-02
4.810030e+00 4.662400e-02
4.810985e+00 3.834445e-02
4.811940e+00 3.034130e-02
4.812895e+00 2.261453e-02
4.813850e+00 1.516415e-02
4.814805e+00 7.990159e-03
4.815760e+00 1.092556e-03
4.816715e+00 -5.528660e-03
4.817670e+00 -1.187349e-02
4.818625e+00 -1.794193e-02
4.819580e+00 -2.373398e-02
4.820535e+00 -2.924964e-02
4.821490e+00 -3.448892e-02
4.822445e+00 -3.945180e-02
4.823400e+00 -4.413830e-02
4.824355e+00 -4.854841e-02
4.825310e+00 -5.268214e-02
4.826265e+00 -5.653947e-02
4.827220e+00 -6.012042e-02
4.828175e+00 -6.342498e-02
4.829130e+00 -6.645315e-02
4.830085e+00 -6.920493e-02
4.831040e+00 -7.168032e-02
4.831995e+00 -7.387933e-02
4.832950e+00 -7.580195e-02
4.833905e+00 -7.744818e-02
4.834860e+00 -7.881802e-02
4.835815e+00 -7.991148e-02
4.836770e+00 -8.072854e-02
4.837725e+00 -8.126922e-02
4.838680e+00 -8.153351e-02
4.839635e+00 -8.152142e-02
4.840590e+00 -8.123293e-02
4.841545e+00 -8.066806e-02
4.842500e+00 -7.982679e-02
4.843455e+00 -7.870915e-02
4.844410e+00 -7.731511e-02
4.845365e+00 -7.564468e-02
4.846320e+00 -7.369787e-02
4.847275e+00 -7.147467e-02
4.848230e+00 -6.897508e-02
4.849185e+00 -6.619910e-02
4.850140e+00 -6.314673e-02
4.851095e+00 -5.981798e-02
4.852050e+00 -5.621284e-02
4.853005e+00 -5.233131e-02
4.853960e+00 -4.817339e-02
4.854915e+00 -4.373908e-02
4.855870e+00 -3.902839e-02
4.856825e+00 -3.404131e-02
4.857780e+00 -2.877784e-02
4.858735e+00 -2.323798e-02
4.859690e+00 -1.742173e-02
4.860645e+00 -1.132910e-02
4.861600e+00 -4.960075e-03
4.862555e+00 1.685336e-03
4.863510e+00 8.607134e-03
4.864465e+00 1.580532e-02
4.865420e+00 2.327989e-02
4.866375e+00 3.103086e-02
4.867330e+00 3.905821e-02
4.868285e+00 4.736195e-02
4.869240e+00 5.594207e-02
4.870195e+00 6.479859e-02
4.871150e+00 7.393149e-02
4.872105e+00 8.334078e-02
4.873060e+00 9.302646e-02
4.874015e+00 1.029885e-01
4.874970e+00 1.132270e-01
4.875925e+00 1.237418e-01
4.876880e+00 1.345331e-01
4.877835e+00 1.456007e-01
4.878790e+00 1.569447e-01
4.879745e+00 1.685651e-01
4.880700e+00 1.804619e-01
==
4.880700e+00 1.608890e-02
4.883550e+00 1.268439e-02
4.886400e+00 9.388553e-03
4.889250e+00 6.201396e-03
4.892100e+00 3.122915e-03
4.894950e+00 1.531110e-04
4.897800e+00 -2.708017e-03
4.900650e+00 -5.460469e-03
4.903500e+00 -8.104245e-03
4.906350e+00 -1.063934e-02
4.909200e+00 -1.306577e-02
4.912050e+00 -1.538351e-02
4.914900e+00 -1.759258e-02
4.917750e+00 -1.969298e-02
4.920600e+00 -2.168470e-02
4.923450e+00 -2.356774e-02
4.926300e+00 -2.534210e-02
4.929150e+00 -2.700779e-02
4.932000e+00 -2.856481e-02
4.934850e+00 -3.001314e-02
4.937700e+00 -3.135280e-02
4.940550e+00 -3.258379e-02
4.943400e+00 -3.370610e-02
4.946250e+00 -3.471973e-02
4.949100e+00 -3.562468e-02
4.951950e+00 -3.642096e-02
4.954800e+00 -3.710857e-02
4.957650e+00 -3.768749e-02
4.960500e+00 -3.815774e-02
4.963350e+00 -3.851932e-02
4.966200e+00 -3.877222e-02
4.969050e+00 -3.891644e-02
4.971900e+00 -3.895198e-02
4.974750e+00 -3.887885e-02
4.977600e+00 -3.869705e-02
4.980450e+00 -3.840656e-02
4.983300e+00 -3.800740e-02
4.986150e+00 -3.749957e-02
4.989000e+00 -3.688306e-02
4.991850e+00 -3.615787e-02
4.994700e+00 -3.532400e-02
4.997550e+00 -3.438146e-02
5.000400e+00 -3.333025e-02
5.003250e+00 -3.217035e-02
5.006100e+00 -3.090178e-02
5.008950e+00 -2.952454e-02
5.011800e+00 -2.803862e-02
5.014650e+00 -2.644402e-02
5.017500e+00 -2.474074e-02
5.020350e+00 -2.292879e-02
5.023200e+00 -2.100817e-02
5.026050e+00 -1.897886e-02
5.028900e+00 -1.684088e-02
5.031750e+00 -1.459423e-02
5.034600e+00 -1.223890e-02
5.037450e+00 -9.774887e-03
5.040300e+00 -7.202202e-03
5.043150e+00 -4.520842e-03
5.046000e+00 -1.730805e-03
5.048850e+00 1.167909e-03
5.051700e+00 4.175298e-03
5.054550e+00 7.291364e-03
5.057400e+00 1.051611e-02
5.060250e+00 1.384952e-02
5.063100e+00 1.729162e-02
5.065950e+00 2.084239e-02
5.068800e+00 2.450184e-02
5.071650e+00 2.826996e-02
5.074500e+00 3.214676e-02
5.077350e+00 3.613223e-02
5.080200e+00 4.022639e-02
5.083050e+00 4.442922e-02
5.085900e+00 4.874072e-02
5.088750e+00 5.316090e-02
5.091600e+00 5.768976e-02
5.094450e+00 6.232729e-02
5.097300e+00 6.707350e-02
5.100150e+00 7.192839e-02
5.103000e+00 7.689195e-02
5.105850e+00 8.196419e-02
5.108700e+00 8.714510e-02
5.111550e+00 9.243469e-02
5.114400e+00 9.783296e-02
5.117250e+00 1.033399e-01
5.120100e+00 1.089555e-01
5.122950e+00 1.146798e-01
5.125800e+00 1.205128e-01
5.128650e+00 1.264544e-01
5.131500e+00 1.325048e-01
5.134350e+00 1.386638e-01
5.137200e+00 1.449314e-01
5.140050e+00 1.513078e-01
5.142900e+00 1.577928e-01
5.145750e+00 1.643865e-01
5.148600e+00 1.710889e-01
5.151450e+00 1.779000e-01
5.154300e+00 1.848197e-01
5.157150e+00 1.918481e-01
5.160000e+00 1.989852e-01
5.162850e+00 2.062310e-01
5.165700e+00 2.135854e-01
==
