9.985000e-03 1.997000e-02
2.995500e-02 3.994000e-02
4.992500e-02 5.991000e-02
6.989500e-02 7.988000e-02
8.986500e-02 9.985000e-02
1.098350e-01 1.198200e-01
1.298050e-01 1.397900e-01
1.497750e-01 1.597600e-01
1.697450e-01 1.797300e-01
1.897150e-01 1.997000e-01
2.096850e-01 2.196700e-01
2.296550e-01 2.396400e-01
2.496250e-01 2.596100e-01
2.695950e-01 2.795800e-01
2.895650e-01 2.954240e-01
3.012820e-01 3.071410e-01
3.129990e-01 3.188580e-01
3.247160e-01 3.305750e-01
3.364330e-01 3.422920e-01
3.481500e-01 3.540090e-01
3.598670e-01 3.657260e-01
3.715840e-01 3.774430e-01
3.833010e-01 3.932860e-01
4.032710e-01 4.132560e-01
4.232410e-01 4.332260e-01
4.432110e-01 4.531960e-01
4.631810e-01 4.731660e-01
4.831510e-01 4.931360e-01
5.031210e-01 5.131060e-01
5.230910e-01 5.330760e-01
5.430610e-01 5.530460e-01
5.630310e-01 5.730160e-01
5.830010e-01 5.929860e-01
6.029710e-01 6.129560e-01
6.229410e-01 6.329260e-01
6.429110e-01 6.528960e-01
6.628810e-01 6.728660e-01
6.828510e-01 6.928360e-01
7.028210e-01 7.128060e-01
7.227910e-01 7.327760e-01
7.427610e-01 7.527460e-01
7.627310e-01 7.727160e-01
7.827010e-01 7.926860e-01
8.026710e-01 8.126560e-01
8.226410e-01 8.326260e-01
8.426110e-01 8.525960e-01
8.625810e-01 8.725660e-01
8.825510e-01 8.925360e-01
9.025210e-01 9.125060e-01
9.224910e-01 9.324760e-01
9.424610e-01 9.524460e-01
9.624310e-01 9.724160e-01
9.824010e-01 9.923860e-01
1.002371e+00 1.012356e+00
1.022341e+00 1.032326e+00
1.042311e+00 1.052296e+00
1.062281e+00 1.072266e+00
1.082251e+00 1.092236e+00
1.098095e+00 1.103953e+00
1.109812e+00 1.115670e+00
1.121529e+00 1.127387e+00
1.133246e+00 1.139104e+00
1.144963e+00 1.150821e+00
1.156680e+00 1.162538e+00
1.168397e+00 1.174255e+00
1.180114e+00 1.185972e+00
1.191831e+00 1.197689e+00
1.203548e+00 1.209406e+00
1.215265e+00 1.221123e+00
1.226982e+00 1.232840e+00
1.238699e+00 1.244557e+00
1.250416e+00 1.256274e+00
1.262133e+00 1.267991e+00
1.273850e+00 1.279708e+00
1.285567e+00 1.291425e+00
1.297284e+00 1.303142e+00
1.309001e+00 1.314859e+00
1.320718e+00 1.326576e+00
1.332435e+00 1.338293e+00
1.344152e+00 1.350010e+00
1.355869e+00 1.361727e+00
1.367586e+00 1.373444e+00
1.379303e+00 1.385161e+00
1.391020e+00 1.396878e+00
1.402737e+00 1.408595e+00
1.414454e+00 1.420312e+00
1.426171e+00 1.432029e+00
1.437888e+00 1.443746e+00
1.449605e+00 1.455463e+00
1.461322e+00 1.467180e+00
1.473039e+00 1.478897e+00
1.484756e+00 1.490614e+00
1.496473e+00 1.502331e+00
1.508190e+00 1.514048e+00
1.519907e+00 1.525765e+00
1.531624e+00 1.537482e+00
1.543341e+00 1.549199e+00
1.555058e+00 1.560916e+00
1.566775e+00 1.572633e+00
1.582618e+00 1.592603e+00
1.602588e+00 1.612573e+00
1.622558e+00 1.632543e+00
1.642528e+00 1.652513e+00
1.662498e+00 1.672483e+00
1.682468e+00 1.692453e+00
1.702438e+00 1.712423e+00
1.722408e+00 1.732393e+00
1.742378e+00 1.752363e+00
1.762348e+00 1.772333e+00
1.782318e+00 1.792303e+00
1.802288e+00 1.812273e+00
1.822258e+00 1.832243e+00
1.842228e+00 1.852213e+00
1.862198e+00 1.872183e+00
1.882168e+00 1.892153e+00
1.902138e+00 1.912123e+00
1.922108e+00 1.932093e+00
1.942078e+00 1.952063e+00
1.962048e+00 1.972033e+00
1.982018e+00 1.992003e+00
2.001988e+00 2.011973e+00
2.021958e+00 2.031943e+00
2.041928e+00 2.051913e+00
2.061898e+00 2.071883e+00
2.081868e+00 2.091853e+00
2.101838e+00 2.111823e+00
2.121808e+00 2.131793e+00
2.141778e+00 2.151763e+00
2.161748e+00 2.171733e+00
2.181718e+00 2.191703e+00
2.201688e+00 2.211673e+00
2.221658e+00 2.231643e+00
2.241628e+00 2.251613e+00
2.261598e+00 2.271583e+00
2.281568e+00 2.291553e+00
2.301538e+00 2.311523e+00
2.321508e+00 2.331493e+00
2.341478e+00 2.351463e+00
2.361448e+00 2.371433e+00
2.381418e+00 2.391403e+00
2.401388e+00 2.411373e+00
2.421358e+00 2.431343e+00
2.441328e+00 2.451313e+00
2.461298e+00 2.471283e+00
2.481268e+00 2.491253e+00
2.501238e+00 2.511223e+00
2.521208e+00 2.531193e+00
2.541178e+00 2.551163e+00
2.561148e+00 2.571133e+00
2.581118e+00 2.591103e+00
2.601088e+00 2.611073e+00
2.621058e+00 2.631043e+00
2.641028e+00 2.651013e+00
2.660998e+00 2.670983e+00
2.680968e+00 2.690953e+00
2.700938e+00 2.710923e+00
2.720908e+00 2.730893e+00
2.740878e+00 2.750863e+00
2.760848e+00 2.770833e+00
2.780818e+00 2.790803e+00
2.800788e+00 2.810773e+00
2.820758e+00 2.830743e+00
2.840728e+00 2.850713e+00
2.860698e+00 2.870683e+00
2.880668e+00 2.890653e+00
2.900638e+00 2.910623e+00
2.920608e+00 2.930593e+00
2.940578e+00 2.950563e+00
2.960548e+00 2.970533e+00
2.980518e+00 2.990503e+00
3.000488e+00 3.010473e+00
3.020458e+00 3.030443e+00
3.040428e+00 3.050413e+00
3.060398e+00 3.070383e+00
3.080368e+00 3.090353e+00
3.100338e+00 3.110323e+00
3.120308e+00 3.130293e+00
3.140278e+00 3.150263e+00
3.160248e+00 3.170233e+00
3.180218e+00 3.190203e+00
3.200188e+00 3.210173e+00
3.220158e+00 3.230143e+00
3.240128e+00 3.250113e+00
3.260098e+00 3.270083e+00
3.280068e+00 3.290053e+00
3.300038e+00 3.310023e+00
3.320008e+00 3.329993e+00
3.339978e+00 3.349963e+00
3.359948e+00 3.369933e+00
3.379918e+00 3.389903e+00
3.399888e+00 3.409873e+00
3.419858e+00 3.429843e+00
3.439828e+00 3.449813e+00
3.459798e+00 3.469783e+00
3.479768e+00 3.489753e+00
3.499738e+00 3.509723e+00
3.519708e+00 3.529693e+00
3.539678e+00 3.549663e+00
3.559648e+00 3.569633e+00
3.575492e+00 3.581350e+00
3.587209e+00 3.593067e+00
3.598926e+00 3.604784e+00
3.610643e+00 3.616501e+00
3.622360e+00 3.628218e+00
3.634077e+00 3.639935e+00
3.645794e+00 3.651652e+00
3.657511e+00 3.663369e+00
3.669228e+00 3.675086e+00
3.680945e+00 3.686803e+00
3.692662e+00 3.698520e+00
3.704379e+00 3.710237e+00
3.716096e+00 3.721954e+00
3.727813e+00 3.733671e+00
3.739530e+00 3.745388e+00
3.751247e+00 3.757105e+00
3.762964e+00 3.768822e+00
3.774681e+00 3.780539e+00
3.786398e+00 3.792256e+00
3.798115e+00 3.803973e+00
3.809832e+00 3.815690e+00
3.821549e+00 3.827407e+00
3.833266e+00 3.839124e+00
3.844983e+00 3.850841e+00
3.856700e+00 3.862558e+00
3.868417e+00 3.874275e+00
3.880134e+00 3.885992e+00
3.891851e+00 3.897709e+00
3.903568e+00 3.909426e+00
3.915285e+00 3.921143e+00
3.927002e+00 3.932860e+00
3.938719e+00 3.944577e+00
3.950436e+00 3.956294e+00
3.962153e+00 3.968011e+00
3.973870e+00 3.979728e+00
3.985587e+00 3.991445e+00
3.997304e+00 4.003162e+00
4.009021e+00 4.014879e+00
4.020738e+00 4.026596e+00
4.032455e+00 4.038313e+00
4.044172e+00 4.050030e+00
4.060015e+00 4.070000e+00
4.079985e+00 4.089970e+00
4.099955e+00 4.109940e+00
4.119925e+00 4.129910e+00
4.139895e+00 4.149880e+00
4.159865e+00 4.169850e+00
4.179835e+00 4.189820e+00
4.199805e+00 4.209790e+00
4.219775e+00 4.229760e+00
4.239745e+00 4.249730e+00
4.259715e+00 4.269700e+00
4.279685e+00 4.289670e+00
4.299655e+00 4.309640e+00
4.319625e+00 4.329610e+00
4.339595e+00 4.349580e+00
4.359565e+00 4.369550e+00
4.379535e+00 4.389520e+00
4.399505e+00 4.409490e+00
4.419475e+00 4.429460e+00
4.439445e+00 4.449430e+00
4.459415e+00 4.469400e+00
4.479385e+00 4.489370e+00
4.499355e+00 4.509340e+00
4.519325e+00 4.529310e+00
4.539295e+00 4.549280e+00
4.559265e+00 4.569250e+00
4.579235e+00 4.589220e+00
4.599205e+00 4.609190e+00
4.619175e+00 4.629160e+00
4.639145e+00 4.649130e+00
4.659115e+00 4.669100e+00
4.679085e+00 4.689070e+00
4.699055e+00 4.709040e+00
4.719025e+00 4.729010e+00
4.738995e+00 4.748980e+00
4.758965e+00 4.764824e+00
4.770682e+00 4.776541e+00
4.782399e+00 4.788258e+00
4.794116e+00 4.799975e+00
4.805833e+00 4.811692e+00
4.817550e+00 4.823409e+00
4.829267e+00 4.835126e+00
4.840984e+00 4.846843e+00
4.852701e+00 4.862686e+00
4.872671e+00 4.882656e+00
4.892641e+00 4.902626e+00
4.912611e+00 4.922596e+00
4.932581e+00 4.942566e+00
4.952551e+00 4.962536e+00
4.972521e+00 4.982506e+00
4.992491e+00 5.002476e+00
5.012461e+00 5.022446e+00
5.032431e+00 5.042416e+00
5.052401e+00 5.062386e+00
5.072371e+00 5.082356e+00
5.092341e+00 5.102326e+00
5.112311e+00 5.122296e+00
1.920244e-02 1.917842e-02
1.911065e-02 1.899826e-02
1.884384e-02 1.864566e-02
1.840459e-02 1.812320e-02
1.779977e-02 1.743688e-02
1.703452e-02 1.659270e-02
1.611142e-02 1.559239e-02
1.503304e-02 1.443250e-02
1.379079e-02 1.310361e-02
1.236925e-02 1.158341e-02
1.074009e-02 9.835001e-03
8.861281e-03 7.812065e-03
6.685638e-03 5.477711e-03
4.192572e-03 2.837943e-03
1.432698e-03 1.687495e-03
2.556551e-03 3.451344e-03
4.379595e-03 5.352457e-03
6.381941e-03 7.483488e-03
8.681979e-03 1.000830e-02
1.151220e-02 1.327090e-02
1.541394e-02 1.816781e-02
2.195631e-02 2.761762e-02
3.689584e-02 3.213276e-02
2.305443e-02 1.895108e-02
1.645801e-02 1.467100e-02
1.326747e-02 1.210330e-02
1.110556e-02 1.022964e-02
9.449802e-03 8.747180e-03
8.110615e-03 7.528099e-03
6.994484e-03 6.502905e-03
6.049932e-03 5.631276e-03
5.242646e-03 4.883184e-03
4.548602e-03 4.238041e-03
3.949786e-03 3.681262e-03
3.431612e-03 3.199120e-03
2.982071e-03 2.780464e-03
2.592583e-03 2.416713e-03
2.253711e-03 2.101005e-03
1.958593e-03 1.826476e-03
1.702938e-03 1.587121e-03
1.479025e-03 1.378650e-03
1.285139e-03 1.197633e-03
1.115274e-03 1.038921e-03
9.677146e-04 9.007982e-04
8.381713e-04 7.798339e-04
7.249281e-04 6.743118e-04
6.262692e-04 5.816583e-04
5.396210e-04 5.001575e-04
4.624097e-04 4.272357e-04
3.946354e-04 3.637509e-04
3.345822e-04 3.071293e-04
2.805343e-04 2.556551e-04
2.316338e-04 2.093283e-04
1.878808e-04 1.664332e-04
1.467014e-04 1.269697e-04
1.080958e-04 8.922192e-05
7.120595e-05 5.318999e-05
3.517403e-05 1.715806e-05
2.058967e-05 3.088451e-05
4.117935e-05 5.147418e-05
6.176902e-05 7.206386e-05
8.235869e-05 9.265353e-05
1.029484e-04 1.132432e-04
1.235380e-04 1.338329e-04
1.432698e-04 1.535646e-04
1.630016e-04 1.724385e-04
1.818754e-04 1.913124e-04
2.007493e-04 2.093283e-04
2.187653e-04 2.264864e-04
2.350654e-04 2.427866e-04
2.513656e-04 2.582288e-04
2.659499e-04 2.728132e-04
2.788185e-04 2.856817e-04
2.916870e-04 2.968345e-04
3.019819e-04 3.071293e-04
3.122767e-04 3.157083e-04
3.199978e-04 3.234295e-04
3.260032e-04 3.285769e-04
3.311506e-04 3.328664e-04
3.337243e-04 3.345822e-04
3.354401e-04 3.354401e-04
3.345822e-04 3.337243e-04
3.328664e-04 3.311506e-04
3.285769e-04 3.260032e-04
3.225715e-04 3.191399e-04
3.148504e-04 3.097030e-04
3.045556e-04 2.994082e-04
2.934028e-04 2.873975e-04
2.796764e-04 2.728132e-04
2.650920e-04 2.565130e-04
2.479340e-04 2.384970e-04
2.290601e-04 2.187653e-04
2.076125e-04 1.964598e-04
1.853071e-04 1.732964e-04
1.604279e-04 1.467014e-04
1.329750e-04 1.192485e-04
1.038063e-04 8.836401e-05
7.292176e-05 5.576370e-05
3.774773e-05 1.973177e-05
3.431612e-05 6.863224e-05
1.029484e-04 1.381224e-04
1.732964e-04 2.101862e-04
2.470761e-04 2.865396e-04
3.268611e-04 3.680404e-04
4.117935e-04 4.564044e-04
5.044470e-04 5.542054e-04
6.065375e-04 6.623012e-04
7.214965e-04 7.832655e-04
8.493240e-04 9.188142e-04
9.934517e-04 1.072379e-03
1.156453e-03 1.246533e-03
1.341760e-03 1.443851e-03
1.552805e-03 1.669479e-03
1.793875e-03 1.926850e-03
2.068404e-03 2.221111e-03
2.383255e-03 2.557409e-03
2.743574e-03 2.942607e-03
3.155367e-03 3.383570e-03
3.628072e-03 3.889732e-03
4.169409e-03 4.469675e-03
4.790531e-03 5.133692e-03
5.501732e-03 5.896368e-03
6.317598e-03 6.769713e-03
7.252712e-03 7.770028e-03
8.323375e-03 8.916186e-03
9.549319e-03 1.022792e-02
1.095285e-02 1.172753e-02
1.255541e-02 1.343905e-02
1.438360e-02 1.539078e-02
1.646402e-02 1.760846e-02
1.882497e-02 2.011868e-02
2.149219e-02 2.294719e-02
2.448798e-02 2.611371e-02
2.782694e-02 2.962768e-02
3.151335e-02 3.348310e-02
3.553177e-02 3.765422e-02
3.984359e-02 4.209130e-02
4.438533e-02 4.671368e-02
4.906348e-02 5.142014e-02
5.376736e-02 5.609056e-02
5.837344e-02 6.059970e-02
6.275561e-02 6.482659e-02
6.679976e-02 6.866399e-02
7.040982e-02 7.202782e-02
7.351200e-02 7.485462e-02
7.605053e-02 7.709717e-02
7.799197e-02 7.873319e-02
7.931657e-02 7.973866e-02
7.999431e-02 8.008182e-02
8.008182e-02 7.999431e-02
7.973866e-02 7.931657e-02
7.873319e-02 7.799197e-02
7.709717e-02 7.605053e-02
7.485462e-02 7.351200e-02
7.202782e-02 7.040982e-02
6.866399e-02 6.679976e-02
6.482659e-02 6.275561e-02
6.059970e-02 5.837344e-02
5.609056e-02 5.376736e-02
5.142014e-02 4.906348e-02
4.671368e-02 4.438533e-02
4.209130e-02 3.984359e-02
3.765422e-02 3.553177e-02
3.348310e-02 3.151335e-02
2.962768e-02 2.782694e-02
2.611371e-02 2.448798e-02
2.294719e-02 2.149219e-02
2.011868e-02 1.882497e-02
1.760846e-02 1.646402e-02
1.539078e-02 1.438360e-02
1.343905e-02 1.255541e-02
1.172753e-02 1.095285e-02
1.022792e-02 9.549319e-03
8.916186e-03 8.323375e-03
7.770028e-03 7.252712e-03
6.769713e-03 6.317598e-03
5.896368e-03 5.501732e-03
5.133692e-03 4.790531e-03
4.469675e-03 4.169409e-03
3.889732e-03 3.628072e-03
3.383570e-03 3.155367e-03
2.942607e-03 2.743574e-03
2.557409e-03 2.383255e-03
2.221111e-03 2.068404e-03
1.926850e-03 1.793875e-03
1.669479e-03 1.552805e-03
1.443851e-03 1.341760e-03
1.246533e-03 1.156453e-03
1.072379e-03 9.934517e-04
9.188142e-04 8.493240e-04
7.832655e-04 7.214965e-04
6.623012e-04 6.065375e-04
5.542054e-04 5.044470e-04
4.564044e-04 4.117935e-04
3.680404e-04 3.268611e-04
2.865396e-04 2.470761e-04
2.101862e-04 1.732964e-04
1.381224e-04 1.029484e-04
6.863224e-05 3.431612e-05
1.973177e-05 3.774773e-05
5.576370e-05 7.292176e-05
8.836401e-05 1.038063e-04
1.192485e-04 1.329750e-04
1.467014e-04 1.604279e-04
1.732964e-04 1.853071e-04
1.964598e-04 2.076125e-04
2.187653e-04 2.290601e-04
2.384970e-04 2.479340e-04
2.565130e-04 2.650920e-04
2.728132e-04 2.796764e-04
2.873975e-04 2.934028e-04
2.994082e-04 3.045556e-04
3.097030e-04 3.148504e-04
3.191399e-04 3.225715e-04
3.260032e-04 3.285769e-04
3.311506e-04 3.328664e-04
3.337243e-04 3.345822e-04
3.354401e-04 3.354401e-04
3.345822e-04 3.337243e-04
3.328664e-04 3.311506e-04
3.285769e-04 3.260032e-04
3.234295e-04 3.199978e-04
3.157083e-04 3.122767e-04
3.071293e-04 3.019819e-04
2.968345e-04 2.916870e-04
2.856817e-04 2.788185e-04
2.728132e-04 2.659499e-04
2.582288e-04 2.513656e-04
2.427866e-04 2.350654e-04
2.264864e-04 2.187653e-04
2.093283e-04 2.007493e-04
1.913124e-04 1.818754e-04
1.724385e-04 1.630016e-04
1.535646e-04 1.432698e-04
1.338329e-04 1.235380e-04
1.132432e-04 1.029484e-04
9.265353e-05 8.235869e-05
7.206386e-05 6.176902e-05
5.147418e-05 4.117935e-05
3.088451e-05 2.058967e-05
1.715806e-05 3.517403e-05
5.318999e-05 7.120595e-05
8.922192e-05 1.080958e-04
1.269697e-04 1.467014e-04
1.664332e-04 1.878808e-04
2.093283e-04 2.316338e-04
2.556551e-04 2.805343e-04
3.071293e-04 3.345822e-04
3.637509e-04 3.946354e-04
4.272357e-04 4.624097e-04
5.001575e-04 5.396210e-04
5.816583e-04 6.262692e-04
6.743118e-04 7.249281e-04
7.798339e-04 8.381713e-04
9.007982e-04 9.677146e-04
1.038921e-03 1.115274e-03
1.197633e-03 1.285139e-03
1.378650e-03 1.479025e-03
1.587121e-03 1.702938e-03
1.826476e-03 1.958593e-03
2.101005e-03 2.253711e-03
2.416713e-03 2.592583e-03
2.780464e-03 2.982071e-03
3.199120e-03 3.431612e-03
3.681262e-03 3.949786e-03
4.238041e-03 4.548602e-03
4.883184e-03 5.242646e-03
5.631276e-03 6.049932e-03
6.502905e-03 6.994484e-03
7.528099e-03 8.110615e-03
8.747180e-03 9.449802e-03
1.022964e-02 1.110556e-02
1.210330e-02 1.326747e-02
1.467100e-02 1.645801e-02
1.895108e-02 2.305443e-02
3.213276e-02 3.689584e-02
2.761762e-02 2.195631e-02
1.816781e-02 1.541394e-02
1.327090e-02 1.151220e-02
1.000830e-02 8.681979e-03
7.483488e-03 6.381941e-03
5.352457e-03 4.379595e-03
3.451344e-03 2.556551e-03
1.687495e-03 1.432698e-03
2.837943e-03 4.192572e-03
5.477711e-03 6.685638e-03
7.812065e-03 8.861281e-03
9.835001e-03 1.074009e-02
1.158341e-02 1.236925e-02
1.310361e-02 1.379079e-02
1.443250e-02 1.503304e-02
1.559239e-02 1.611142e-02
1.659270e-02 1.703452e-02
1.743688e-02 1.779977e-02
1.812320e-02 1.840459e-02
1.864566e-02 1.884384e-02
1.899826e-02 1.911065e-02
