0.000983	-0.000000
0.001966	-0.000000
0.002948	-0.000000
0.003931	0.000000
0.004914	0.000000
0.005897	-0.000000
0.006879	0.000000
0.007862	0.000000
0.008845	-0.000000
0.009828	-0.000000
0.010811	-0.000000
0.011793	0.000000
0.012776	-0.000000
0.013759	0.000000
0.014742	-0.000000
0.015724	0.000000
0.016707	-0.000000
0.017690	-0.000000
0.018673	-0.000000
0.019656	0.000000
0.020638	-0.000000
0.021621	0.000000
0.022604	0.000000
0.023587	0.000000
0.024569	-0.000000
0.025552	0.000000
0.026535	-0.000000
0.027518	-0.000000
0.028500	0.000000
0.029483	-0.000000
0.030466	0.000000
0.031449	0.000000
0.032432	0.000000
0.033414	-0.000000
0.034397	-0.000000
0.035380	0.000000
0.036363	-0.000000
0.037345	-0.000000
0.038328	-0.000000
0.039311	-0.000000
0.040294	0.000000
0.041277	-0.000000
0.042259	0.000000
0.043242	-0.000000
0.044225	0.000000
0.045208	0.000000
0.046190	0.000000
0.047173	-0.000000
0.048156	0.000000
0.049139	-0.000000
0.050122	-0.000000
0.051104	-0.000000
0.052087	-0.000000
0.053070	-0.000000
0.054053	-0.000000
0.055035	-0.000000
0.056018	0.000000
0.057001	0.000000
0.057984	0.000012
0.058967	0.000024
0.059949	0.000036
0.060932	0.000048
0.061915	0.000059
0.062898	0.000071
0.063880	0.000083
0.064863	0.000095
0.065846	0.000107
0.066829	0.000119
0.067812	0.000131
0.068794	0.000142
0.069777	0.000154
0.070760	0.000166
0.071743	0.000178
0.072725	0.000190
0.073708	0.000201
0.074691	0.000213
0.075674	0.000225
0.076656	0.000237
0.077639	0.000248
0.078622	0.000260
0.079605	0.000271
0.080588	0.000283
0.081570	0.000295
0.082553	0.000306
0.083536	0.000318
0.084519	0.000329
0.085501	0.000341
0.086484	0.000352
0.087467	0.000363
0.088450	0.000375
0.089433	0.000386
0.090415	0.000397
0.091398	0.000409
0.092381	0.000420
0.093364	0.000431
0.094346	0.000442
0.095329	0.000453
0.096312	0.000464
0.097295	0.000475
0.098278	0.000486
0.099260	0.000497
0.100243	0.000508
0.101226	0.000519
0.102209	0.000529
0.103191	0.000540
0.104174	0.000551
0.105157	0.000561
0.106140	0.000572
0.107123	0.000582
0.108105	0.000593
0.109088	0.000603
0.110071	0.000613
0.111054	0.000624
0.112036	0.000634
0.113019	0.000644
0.114002	0.000654
0.114985	0.000664
0.115968	0.000674
0.116950	0.000684
0.117933	0.000693
0.118916	0.000703
0.119899	0.000713
0.120881	0.000722
0.121864	0.000732
0.122847	0.000741
0.123830	0.000751
0.124812	0.000760
0.125795	0.000769
0.126778	0.000778
0.127761	0.000787
0.128744	0.000796
0.129726	0.000805
0.130709	0.000813
0.131692	0.000822
0.132675	0.000831
0.133657	0.000839
0.134640	0.000847
0.135623	0.000856
0.136606	0.000864
0.137589	0.000872
0.138571	0.000880
0.139554	0.000888
0.140537	0.000895
0.141520	0.000903
0.142502	0.000911
0.143485	0.000918
0.144468	0.000925
0.145451	0.000932
0.146434	0.000940
0.147416	0.000947
0.148399	0.000953
0.149382	0.000960
0.150365	0.000967
0.151347	0.000973
0.152330	0.000980
0.153313	0.000986
0.154296	0.000992
0.155279	0.000998
0.156261	0.001004
0.157244	0.001010
0.158227	0.001015
0.159210	0.001021
0.160192	0.001026
0.161175	0.001031
0.162158	0.001036
0.163141	0.001041
0.164124	0.001046
0.165106	0.001051
0.166089	0.001055
0.167072	0.001059
0.168055	0.001064
0.169037	0.001068
0.170020	0.001072
0.171003	0.001075
0.171986	0.001079
0.172969	0.001082
0.173951	0.001085
0.174934	0.001088
0.175917	0.001091
0.176900	0.001094
0.177882	0.001097
0.178865	0.001099
0.179848	0.001101
0.180831	0.001103
0.181813	0.001105
0.182796	0.001107
0.183779	0.001108
0.184762	0.001110
0.185745	0.001111
0.186727	0.001112
0.187710	0.001112
0.188693	0.001113
0.189676	0.001113
0.190658	0.001113
0.191641	0.001113
0.192624	0.001113
0.193607	0.001112
0.194590	0.001112
0.195572	0.001111
0.196555	0.001110
0.197538	0.001108
0.198521	0.001107
0.199503	0.001105
0.200486	0.001103
0.201469	0.001101
0.202452	0.001099
0.203435	0.001096
0.204417	0.001093
0.205400	0.001090
0.206383	0.001087
0.207366	0.001083
0.208348	0.001079
0.209331	0.001075
0.210314	0.001071
0.211297	0.001067
0.212280	0.001062
0.213262	0.001057
0.214245	0.001052
0.215228	0.001046
0.216211	0.001040
0.217193	0.001034
0.218176	0.001028
0.219159	0.001022
0.220142	0.001015
0.221125	0.001008
0.222107	0.001001
0.223090	0.000993
0.224073	0.000985
0.225056	0.000977
0.226038	0.000969
0.227021	0.000960
0.228004	0.000951
0.228987	0.000942
0.229969	0.000933
0.230952	0.000923
0.231935	0.000913
0.232918	0.000903
0.233901	0.000893
0.234883	0.000882
0.235866	0.000871
0.236849	0.000860
0.237832	0.000848
0.238814	0.000837
0.239797	0.000825
0.240780	0.000812
0.241763	0.000800
0.242746	0.000787
0.243728	0.000774
0.244711	0.000761
0.245694	0.000747
0.246677	0.000733
0.247659	0.000719
0.248642	0.000705
0.249625	0.000690
0.250608	0.000675
0.251591	0.000660
0.252573	0.000645
0.253556	0.000629
0.254539	0.000614
0.255522	0.000598
0.256504	0.000581
0.257487	0.000565
0.258470	0.000548
0.259453	0.000532
0.260436	0.000514
0.261418	0.000497
0.262401	0.000480
0.263384	0.000462
0.264367	0.000444
0.265349	0.000426
0.266332	0.000408
0.267315	0.000390
0.268298	0.000371
0.269281	0.000353
0.270263	0.000334
0.271246	0.000315
0.272229	0.000296
0.273212	0.000277
0.274194	0.000258
0.275177	0.000238
0.276160	0.000219
0.277143	0.000199
0.278125	0.000179
0.279108	0.000160
0.280091	0.000140
0.281074	0.000120
0.282057	0.000100
0.283039	0.000080
0.284022	0.000060
0.285005	0.000040
0.285988	0.000020
0.286962	0.000080
0.287937	0.000120
0.288912	0.000160
0.289887	0.000200
0.290862	0.000240
0.291836	0.000281
0.292811	0.000321
0.293786	0.000362
0.294761	0.000403
0.295736	0.000445
0.296710	0.000486
0.297685	0.000528
0.298660	0.000570
0.299635	0.000613
0.300610	0.000655
0.301584	0.000698
0.302559	0.000742
0.303534	0.000786
0.304509	0.000830
0.305484	0.000875
0.306458	0.000920
0.307433	0.000966
0.308408	0.001012
0.309383	0.001058
0.310357	0.001106
0.311332	0.001154
0.312307	0.001202
0.313282	0.001251
0.314257	0.001301
0.315231	0.001351
0.316206	0.001403
0.317181	0.001455
0.318156	0.001508
0.319131	0.001561
0.320105	0.001616
0.321080	0.001671
0.322055	0.001728
0.323030	0.001785
0.324005	0.001844
0.324979	0.001903
0.325954	0.001964
0.326929	0.002026
0.327904	0.002089
0.328879	0.002154
0.329853	0.002220
0.330828	0.002287
0.331803	0.002356
0.332778	0.002427
0.333753	0.002499
0.334727	0.002573
0.335702	0.002649
0.336677	0.002727
0.337652	0.002806
0.338626	0.002888
0.339601	0.002973
0.340576	0.003059
0.341551	0.003149
0.342526	0.003240
0.343500	0.003335
0.344475	0.003433
0.345450	0.003534
0.346425	0.003638
0.347400	0.003746
0.348374	0.003858
0.349349	0.003974
0.350324	0.004094
0.351299	0.004219
0.352274	0.004349
0.353248	0.004485
0.354223	0.004626
0.355198	0.004774
0.356173	0.004929
0.357148	0.005091
0.358122	0.005262
0.359097	0.005442
0.360072	0.005632
0.361047	0.005833
0.362021	0.006046
0.362996	0.006273
0.363971	0.006516
0.364946	0.006776
0.365921	0.007057
0.366895	0.007360
0.367870	0.007691
0.368845	0.008053
0.369820	0.008452
0.370795	0.008897
0.371769	0.009396
0.372744	0.009966
0.373719	0.010624
0.374694	0.011398
0.375669	0.012332
0.376643	0.013491
0.377618	0.014984
0.378593	0.016998
0.379568	0.019860
0.380543	0.024107
0.381517	0.030337
0.382492	0.037314
0.383475	0.037588
0.384458	0.031723
0.385440	0.026348
0.386423	0.022770
0.387406	0.020438
0.388389	0.018858
0.389372	0.017731
0.390354	0.016888
0.391337	0.016233
0.392320	0.015709
0.393303	0.015278
0.394285	0.014917
0.395268	0.014610
0.396251	0.014345
0.397234	0.014113
0.398217	0.013909
0.399199	0.013728
0.400182	0.013566
0.401165	0.013419
0.402148	0.013287
0.403130	0.013166
0.404113	0.013055
0.405096	0.012954
0.406079	0.012860
0.407061	0.012773
0.408044	0.012692
0.409027	0.012616
0.410010	0.012546
0.410993	0.012480
0.411975	0.012417
0.412958	0.012359
0.413941	0.012303
0.414924	0.012251
0.415906	0.012201
0.416889	0.012153
0.417872	0.012108
0.418855	0.012065
0.419838	0.012023
0.420820	0.011984
0.421803	0.011946
0.422786	0.011909
0.423769	0.011873
0.424751	0.011839
0.425734	0.011806
0.426717	0.011774
0.427700	0.011743
0.428683	0.011713
0.429665	0.011683
0.430648	0.011655
0.431631	0.011627
0.432614	0.011599
0.433596	0.011573
0.434579	0.011546
0.435562	0.011521
0.436545	0.011496
0.437528	0.011471
0.438510	0.011446
0.439493	0.011422
0.440476	0.011398
0.441459	0.011375
0.442441	0.011352
0.443424	0.011329
0.444407	0.011306
0.445390	0.011284
0.446373	0.011262
0.447355	0.011240
0.448338	0.011218
0.449321	0.011196
0.450304	0.011174
0.451286	0.011152
0.452269	0.011131
0.453252	0.011110
0.454235	0.011088
0.455217	0.011067
0.456200	0.011046
0.457183	0.011025
0.458166	0.011003
0.459149	0.010982
0.460131	0.010961
0.461114	0.010940
0.462097	0.010919
0.463080	0.010898
0.464062	0.010877
0.465045	0.010856
0.466028	0.010834
0.467011	0.010813
0.467994	0.010792
0.468976	0.010771
0.469959	0.010749
0.470942	0.010728
0.471925	0.010706
0.472907	0.010685
0.473890	0.010663
0.474873	0.010642
0.475856	0.010620
0.476839	0.010598
0.477821	0.010576
0.478804	0.010554
0.479787	0.010532
0.480770	0.010510
0.481752	0.010488
0.482735	0.010466
0.483718	0.010443
0.484701	0.010421
0.485684	0.010398
0.486666	0.010376
0.487649	0.010353
0.488632	0.010330
0.489615	0.010307
0.490597	0.010284
0.491580	0.010261
0.492563	0.010238
0.493546	0.010215
0.494529	0.010191
0.495511	0.010168
0.496494	0.010144
0.497477	0.010120
0.498460	0.010097
0.499442	0.010073
0.500425	0.010049
0.501408	0.010025
0.502391	0.010000
0.503374	0.009976
0.504356	0.009952
0.505339	0.009927
0.506322	0.009903
0.507305	0.009878
0.508287	0.009853
0.509270	0.009828
0.510253	0.009803
0.511236	0.009778
0.512218	0.009753
0.513201	0.009728
0.514184	0.009703
0.515167	0.009677
0.516150	0.009652
0.517132	0.009626
0.518115	0.009600
0.519098	0.009575
0.520081	0.009549
0.521063	0.009523
0.522046	0.009497
0.523029	0.009471
0.524012	0.009444
0.524995	0.009418
0.525977	0.009392
0.526960	0.009365
0.527943	0.009339
0.528926	0.009312
0.529908	0.009286
0.530891	0.009259
0.531874	0.009232
0.532857	0.009205
0.533840	0.009178
0.534822	0.009151
0.535805	0.009124
0.536788	0.009097
0.537771	0.009069
0.538753	0.009042
0.539736	0.009015
0.540719	0.008987
0.541702	0.008960
0.542685	0.008932
0.543667	0.008904
0.544650	0.008877
0.545633	0.008849
0.546616	0.008821
0.547598	0.008793
0.548581	0.008765
0.549564	0.008737
0.550547	0.008709
0.551530	0.008681
0.552512	0.008653
0.553495	0.008625
0.554478	0.008597
0.555461	0.008568
0.556443	0.008540
0.557426	0.008512
0.558409	0.008483
0.559392	0.008455
0.560374	0.008426
0.561357	0.008398
0.562340	0.008369
0.563323	0.008340
0.564306	0.008312
0.565288	0.008283
0.566271	0.008255
0.567254	0.008226
0.568237	0.008197
0.569219	0.008168
0.570202	0.008139
0.571185	0.008111
0.572168	0.008082
0.573151	0.008053
0.574133	0.008024
0.575116	0.007995
0.576099	0.007966
0.577082	0.007937
0.578064	0.007908
0.579047	0.007879
0.580030	0.007850
0.581013	0.007821
0.581996	0.007792
0.582978	0.007763
0.583961	0.007734
0.584944	0.007705
0.585927	0.007676
0.586909	0.007647
0.587892	0.007618
0.588875	0.007589
0.589858	0.007560
0.590841	0.007531
0.591823	0.007502
0.592806	0.007473
0.593789	0.007444
0.594772	0.007415
0.595754	0.007386
0.596737	0.007357
0.597720	0.007328
0.598703	0.007299
0.599686	0.007270
0.600668	0.007241
0.601651	0.007212
0.602634	0.007183
0.603617	0.007154
0.604599	0.007125
0.605582	0.007096
0.606565	0.007067
0.607548	0.007038
0.608530	0.007009
0.609513	0.006980
0.610496	0.006952
0.611479	0.006923
0.612462	0.006894
0.613444	0.006865
0.614427	0.006837
0.615410	0.006808
0.616393	0.006779
0.617375	0.006751
0.618358	0.006722
0.619341	0.006694
0.620324	0.006665
0.621307	0.006637
0.622289	0.006608
0.623272	0.006580
0.624255	0.006551
0.625238	0.006523
0.626220	0.006495
0.627203	0.006466
0.628186	0.006438
0.629169	0.006410
0.630152	0.006382
0.631134	0.006354
0.632117	0.006326
0.633100	0.006298
0.634083	0.006270
0.635065	0.006242
0.636048	0.006214
0.637031	0.006186
0.638014	0.006158
0.638997	0.006130
0.639979	0.006103
0.640962	0.006075
0.641945	0.006047
0.642928	0.006020
0.643910	0.005992
0.644893	0.005965
0.645876	0.005937
0.646859	0.005910
0.647842	0.005883
0.648824	0.005856
0.649807	0.005828
0.650790	0.005801
0.651773	0.005774
0.652755	0.005747
0.653738	0.005720
0.654721	0.005693
0.655704	0.005666
0.656686	0.005640
0.657669	0.005613
0.658652	0.005586
0.659635	0.005560
0.660618	0.005533
0.661600	0.005507
0.662583	0.005480
0.663566	0.005454
0.664549	0.005428
0.665531	0.005402
0.666514	0.005375
0.667497	0.005349
0.668480	0.005323
0.669463	0.005297
0.670445	0.005271
0.671428	0.005246
0.672411	0.005220
0.673394	0.005194
0.674376	0.005169
0.675359	0.005143
0.676342	0.005118
0.677325	0.005092
0.678308	0.005067
0.679290	0.005042
0.680273	0.005016
0.681256	0.004991
0.682239	0.004966
0.683221	0.004941
0.684204	0.004916
0.685187	0.004892
0.686170	0.004867
0.687153	0.004842
0.688135	0.004818
0.689118	0.004793
0.690101	0.004769
0.691084	0.004744
0.692066	0.004720
0.693049	0.004696
0.694032	0.004672
0.695015	0.004647
0.695998	0.004623
0.696980	0.004600
0.697963	0.004576
0.698946	0.004552
0.699929	0.004528
0.700911	0.004505
0.701894	0.004481
0.702877	0.004458
0.703860	0.004434
0.704842	0.004411
0.705825	0.004388
0.706808	0.004365
0.707791	0.004341
0.708774	0.004318
0.709756	0.004296
0.710739	0.004273
0.711722	0.004250
0.712705	0.004227
0.713687	0.004205
0.714670	0.004182
0.715653	0.004160
0.716636	0.004137
0.717619	0.004115
0.718601	0.004093
0.719584	0.004071
0.720567	0.004049
0.721550	0.004027
0.722532	0.004005
0.723515	0.003983
0.724498	0.003961
0.725481	0.003940
0.726464	0.003918
0.727446	0.003897
0.728429	0.003875
0.729412	0.003854
0.730395	0.003833
0.731377	0.003812
0.732360	0.003791
0.733343	0.003770
0.734326	0.003749
0.735309	0.003728
0.736291	0.003707
0.737274	0.003687
0.738257	0.003666
0.739240	0.003646
0.740222	0.003625
0.741205	0.003605
0.742188	0.003585
0.743171	0.003564
0.744154	0.003544
0.745136	0.003524
0.746119	0.003504
0.747102	0.003485
0.748085	0.003465
0.749067	0.003445
0.750050	0.003426
0.751033	0.003406
0.752016	0.003387
0.752999	0.003367
0.753981	0.003348
0.754964	0.003329
0.755947	0.003310
0.756930	0.003291
0.757912	0.003272
0.758895	0.003253
0.759878	0.003234
0.760861	0.003215
0.761843	0.003197
0.762826	0.003178
0.763809	0.003160
0.764792	0.003141
0.765775	0.003123
0.766757	0.003105
0.767740	0.003086
0.768723	0.003068
0.769706	0.003050
0.770688	0.003032
0.771671	0.003015
0.772654	0.002997
0.773637	0.002979
0.774620	0.002961
0.775602	0.002944
0.776585	0.002926
0.777568	0.002909
0.778551	0.002892
0.779533	0.002875
0.780516	0.002857
0.781499	0.002840
0.782482	0.002823
0.783465	0.002806
0.784447	0.002790
0.785430	0.002773
0.786413	0.002756
0.787396	0.002740
0.788378	0.002723
0.789361	0.002707
0.790344	0.002690
0.791327	0.002674
0.792310	0.002658
0.793292	0.002642
0.794275	0.002625
0.795258	0.002609
0.796241	0.002593
0.797223	0.002578
0.798206	0.002562
0.799189	0.002546
0.800172	0.002530
0.801155	0.002515
0.802137	0.002499
0.803120	0.002484
0.804103	0.002469
0.805086	0.002453
0.806068	0.002438
0.807051	0.002423
0.808034	0.002408
0.809017	0.002393
0.809999	0.002378
0.810982	0.002363
0.811965	0.002348
0.812948	0.002334
0.813931	0.002319
0.814913	0.002305
0.815896	0.002290
0.816879	0.002276
0.817862	0.002261
0.818844	0.002247
0.819827	0.002233
0.820810	0.002219
0.821793	0.002205
0.822776	0.002191
0.823758	0.002177
0.824741	0.002163
0.825724	0.002149
0.826707	0.002135
0.827689	0.002122
0.828672	0.002108
0.829655	0.002094
0.830638	0.002081
0.831621	0.002068
0.832603	0.002054
0.833586	0.002041
0.834569	0.002028
0.835552	0.002015
0.836534	0.002001
0.837517	0.001988
0.838500	0.001976
0.839483	0.001963
0.840466	0.001950
0.841448	0.001937
0.842431	0.001924
0.843414	0.001912
0.844397	0.001899
0.845379	0.001887
0.846362	0.001874
0.847345	0.001862
0.848328	0.001849
0.849311	0.001837
0.850293	0.001825
0.851276	0.001813
0.852259	0.001801
0.853242	0.001789
0.854224	0.001777
0.855207	0.001765
0.856190	0.001753
0.857173	0.001741
0.858155	0.001730
0.859138	0.001718
0.860121	0.001706
0.861104	0.001695
0.862087	0.001683
0.863069	0.001672
0.864052	0.001661
0.865035	0.001649
0.866018	0.001638
0.867000	0.001627
0.867983	0.001616
0.868966	0.001605
0.869949	0.001593
0.870932	0.001582
0.871914	0.001572
0.872897	0.001561
0.873880	0.001550
0.874863	0.001539
0.875845	0.001528
0.876828	0.001518
0.877811	0.001507
0.878794	0.001497
0.879777	0.001486
0.880759	0.001476
0.881742	0.001465
0.882725	0.001455
0.883708	0.001445
0.884690	0.001434
0.885673	0.001424
0.886656	0.001414
0.887639	0.001404
0.888622	0.001394
0.889604	0.001384
0.890587	0.001374
0.891570	0.001364
0.892553	0.001354
0.893535	0.001345
0.894518	0.001335
0.895501	0.001325
0.896484	0.001316
0.897467	0.001306
0.898449	0.001297
0.899432	0.001287
0.900415	0.001278
0.901398	0.001268
0.902380	0.001259
0.903363	0.001250
0.904346	0.001240
0.905329	0.001231
0.906311	0.001222
0.907294	0.001213
0.908277	0.001204
0.909260	0.001195
0.910243	0.001186
0.911225	0.001177
0.912208	0.001168
0.913191	0.001159
0.914174	0.001150
0.915156	0.001142
0.916139	0.001133
0.917122	0.001124
0.918105	0.001116
0.919088	0.001107
0.920070	0.001098
0.921053	0.001090
0.922036	0.001081
0.923019	0.001073
0.924001	0.001065
0.924984	0.001056
0.925967	0.001048
0.926950	0.001040
0.927933	0.001032
0.928915	0.001023
0.929898	0.001015
0.930881	0.001007
0.931864	0.000999
0.932846	0.000991
0.933829	0.000983
0.934812	0.000975
0.935795	0.000967
0.936778	0.000959
0.937760	0.000952
0.938743	0.000944
0.939726	0.000936
0.940709	0.000928
0.941691	0.000921
0.942674	0.000913
0.943657	0.000905
0.944640	0.000898
0.945623	0.000890
0.946605	0.000883
0.947588	0.000875
0.948571	0.000868
0.949554	0.000860
0.950536	0.000853
0.951519	0.000846
0.952502	0.000838
0.953485	0.000831
0.954467	0.000824
0.955450	0.000817
0.956433	0.000809
0.957416	0.000802
0.958399	0.000795
0.959381	0.000788
0.960364	0.000781
0.961347	0.000774
0.962330	0.000767
0.963312	0.000760
0.964295	0.000753
0.965278	0.000746
0.966261	0.000740
0.967244	0.000733
0.968226	0.000726
0.969209	0.000719
0.970192	0.000712
0.971175	0.000706
0.972157	0.000699
0.973140	0.000692
0.974123	0.000686
0.975106	0.000679
0.976089	0.000673
0.977071	0.000666
0.978054	0.000660
0.979037	0.000653
0.980020	0.000647
0.981002	0.000640
0.981985	0.000634
0.982968	0.000627
0.983951	0.000621
0.984934	0.000615
0.985916	0.000608
0.986899	0.000602
0.987882	0.000596
0.988865	0.000590
0.989847	0.000583
0.990830	0.000577
0.991813	0.000571
0.992796	0.000565
0.993779	0.000559
0.994761	0.000553
0.995744	0.000547
0.996727	0.000541
0.997710	0.000535
0.998692	0.000529
0.999675	0.000523
1.000658	0.000517
1.001641	0.000511
1.002624	0.000505
1.003606	0.000499
1.004589	0.000493
1.005572	0.000487
1.006555	0.000482
1.007537	0.000476
1.008520	0.000470
1.009503	0.000464
1.010486	0.000458
1.011468	0.000453
1.012451	0.000447
1.013434	0.000441
1.014417	0.000436
1.015400	0.000430
1.016382	0.000424
1.017365	0.000419
1.018348	0.000413
1.019331	0.000408
1.020313	0.000402
1.021296	0.000397
1.022279	0.000391
1.023262	0.000386
1.024245	0.000380
1.025227	0.000375
1.026210	0.000369
1.027193	0.000364
1.028176	0.000358
1.029158	0.000353
1.030141	0.000347
1.031124	0.000342
1.032107	0.000337
1.033090	0.000331
1.034072	0.000326
1.035055	0.000321
1.036038	0.000315
1.037021	0.000310
1.038003	0.000305
1.038986	0.000300
1.039969	0.000294
1.040952	0.000289
1.041935	0.000284
1.042917	0.000279
1.043900	0.000273
1.044883	0.000268
1.045866	0.000263
1.046848	0.000258
1.047831	0.000253
1.048814	0.000248
1.049797	0.000242
1.050780	0.000237
1.051762	0.000232
1.052745	0.000227
1.053728	0.000222
1.054711	0.000217
1.055693	0.000212
1.056676	0.000207
1.057659	0.000202
1.058642	0.000197
1.059624	0.000192
1.060607	0.000187
1.061590	0.000182
1.062573	0.000177
1.063556	0.000172
1.064538	0.000167
1.065521	0.000162
1.066504	0.000157
1.067487	0.000152
1.068469	0.000147
1.069452	0.000142
1.070435	0.000137
1.071418	0.000132
1.072401	0.000127
1.073383	0.000122
1.074366	0.000117
1.075349	0.000112
1.076332	0.000107
1.077314	0.000102
1.078297	0.000097
1.079280	0.000093
1.080263	0.000088
1.081246	0.000083
1.082228	0.000078
1.083211	0.000073
1.084194	0.000068
1.085177	0.000063
1.086159	0.000058
1.087142	0.000053
1.088125	0.000049
1.089108	0.000044
1.090091	0.000039
1.091073	0.000034
1.092056	0.000029
1.093039	0.000024
1.094022	0.000019
1.095004	0.000015
1.095987	0.000010
1.096970	0.000005
1.097945	0.000007
1.098920	0.000010
1.099894	0.000012
1.100869	0.000014
1.101844	0.000017
1.102819	0.000019
1.103794	0.000022
1.104768	0.000024
1.105743	0.000027
1.106718	0.000029
1.107693	0.000032
1.108667	0.000034
1.109642	0.000036
1.110617	0.000039
1.111592	0.000041
1.112567	0.000044
1.113541	0.000046
1.114516	0.000049
1.115491	0.000051
1.116466	0.000054
1.117441	0.000056
1.118415	0.000059
1.119390	0.000061
1.120365	0.000064
1.121340	0.000066
1.122315	0.000068
1.123289	0.000071
1.124264	0.000073
1.125239	0.000076
1.126214	0.000078
1.127189	0.000081
1.128163	0.000083
1.129138	0.000086
1.130113	0.000088
1.131088	0.000091
1.132062	0.000093
1.133037	0.000096
1.134012	0.000098
1.134987	0.000101
1.135962	0.000103
1.136936	0.000106
1.137911	0.000108
1.138886	0.000111
1.139861	0.000113
1.140836	0.000116
1.141810	0.000118
1.142785	0.000121
1.143760	0.000123
1.144735	0.000126
1.145710	0.000128
1.146684	0.000131
1.147659	0.000133
1.148634	0.000136
1.149609	0.000138
1.150584	0.000141
1.151558	0.000143
1.152533	0.000146
1.153508	0.000148
1.154483	0.000151
1.155457	0.000153
1.156432	0.000156
1.157407	0.000158
1.158382	0.000161
1.159357	0.000163
1.160331	0.000166
1.161306	0.000168
1.162281	0.000171
1.163256	0.000173
1.164231	0.000176
1.165205	0.000178
1.166180	0.000180
1.167155	0.000183
1.168130	0.000185
1.169105	0.000188
1.170079	0.000190
1.171054	0.000193
1.172029	0.000195
1.173004	0.000198
1.173979	0.000200
1.174953	0.000203
1.175928	0.000205
1.176903	0.000208
1.177878	0.000210
1.178852	0.000212
1.179827	0.000215
1.180802	0.000217
1.181777	0.000220
1.182752	0.000222
1.183726	0.000225
1.184701	0.000227
1.185676	0.000229
1.186651	0.000232
1.187626	0.000234
1.188600	0.000237
1.189575	0.000239
1.190550	0.000242
1.191525	0.000244
1.192500	0.000246
1.193474	0.000249
1.194449	0.000251
1.195424	0.000253
1.196399	0.000256
1.197374	0.000258
1.198348	0.000261
1.199323	0.000263
1.200298	0.000265
1.201273	0.000268
1.202247	0.000270
1.203222	0.000272
1.204197	0.000275
1.205172	0.000277
1.206147	0.000279
1.207121	0.000282
1.208096	0.000284
1.209071	0.000286
1.210046	0.000289
1.211021	0.000291
1.211995	0.000293
1.212970	0.000295
1.213945	0.000298
1.214920	0.000300
1.215895	0.000302
1.216869	0.000305
1.217844	0.000307
1.218819	0.000309
1.219794	0.000311
1.220769	0.000314
1.221743	0.000316
1.222718	0.000318
1.223693	0.000320
1.224668	0.000322
1.225643	0.000325
1.226617	0.000327
1.227592	0.000329
1.228567	0.000331
1.229542	0.000333
1.230516	0.000336
1.231491	0.000338
1.232466	0.000340
1.233441	0.000342
1.234416	0.000344
1.235390	0.000346
1.236365	0.000348
1.237340	0.000351
1.238315	0.000353
1.239290	0.000355
1.240264	0.000357
1.241239	0.000359
1.242214	0.000361
1.243189	0.000363
1.244164	0.000365
1.245138	0.000367
1.246113	0.000369
1.247088	0.000371
1.248063	0.000373
1.249038	0.000375
1.250012	0.000377
1.250987	0.000379
1.251962	0.000381
1.252937	0.000383
1.253911	0.000385
1.254886	0.000387
1.255861	0.000389
1.256836	0.000391
1.257811	0.000393
1.258785	0.000395
1.259760	0.000397
1.260735	0.000399
1.261710	0.000401
1.262685	0.000402
1.263659	0.000404
1.264634	0.000406
1.265609	0.000408
1.266584	0.000410
1.267559	0.000412
1.268533	0.000413
1.269508	0.000415
1.270483	0.000417
1.271458	0.000419
1.272433	0.000421
1.273407	0.000422
1.274382	0.000424
1.275357	0.000426
1.276332	0.000428
1.277306	0.000429
1.278281	0.000431
1.279256	0.000433
1.280231	0.000434
1.281206	0.000436
1.282180	0.000438
1.283155	0.000439
1.284130	0.000441
1.285105	0.000442
1.286080	0.000444
1.287054	0.000446
1.288029	0.000447
1.289004	0.000449
1.289979	0.000450
1.290954	0.000452
1.291928	0.000453
1.292903	0.000455
1.293878	0.000456
1.294853	0.000458
1.295828	0.000459
1.296802	0.000461
1.297777	0.000462
1.298752	0.000464
1.299727	0.000465
1.300701	0.000466
1.301676	0.000468
1.302651	0.000469
1.303626	0.000471
1.304601	0.000472
1.305575	0.000473
1.306550	0.000474
1.307525	0.000476
1.308500	0.000477
1.309475	0.000478
1.310449	0.000480
1.311424	0.000481
1.312399	0.000482
1.313374	0.000483
1.314349	0.000484
1.315323	0.000486
1.316298	0.000487
1.317273	0.000488
1.318248	0.000489
1.319223	0.000490
1.320197	0.000491
1.321172	0.000492
1.322147	0.000493
1.323122	0.000494
1.324096	0.000496
1.325071	0.000497
1.326046	0.000498
1.327021	0.000499
1.327996	0.000499
1.328970	0.000500
1.329945	0.000501
1.330920	0.000502
1.331895	0.000503
1.332870	0.000504
1.333844	0.000505
1.334819	0.000506
1.335794	0.000507
1.336769	0.000507
1.337744	0.000508
1.338718	0.000509
1.339693	0.000510
1.340668	0.000511
1.341643	0.000511
1.342618	0.000512
1.343592	0.000513
1.344567	0.000513
1.345542	0.000514
1.346517	0.000515
1.347492	0.000515
1.348466	0.000516
1.349441	0.000517
1.350416	0.000517
1.351391	0.000518
1.352365	0.000518
1.353340	0.000519
1.354315	0.000519
1.355290	0.000520
1.356265	0.000520
1.357239	0.000521
1.358214	0.000521
1.359189	0.000521
1.360164	0.000522
1.361139	0.000522
1.362113	0.000523
1.363088	0.000523
1.364063	0.000523
1.365038	0.000523
1.366013	0.000524
1.366987	0.000524
1.367962	0.000524
1.368937	0.000524
1.369912	0.000525
1.370887	0.000525
1.371861	0.000525
1.372836	0.000525
1.373811	0.000525
1.374786	0.000525
1.375760	0.000525
1.376735	0.000525
1.377710	0.000525
1.378685	0.000525
1.379660	0.000525
1.380634	0.000525
1.381609	0.000525
1.382584	0.000525
1.383559	0.000525
1.384534	0.000525
1.385508	0.000525
1.386483	0.000525
1.387458	0.000525
1.388433	0.000524
1.389408	0.000524
1.390382	0.000524
1.391357	0.000524
1.392332	0.000523
1.393307	0.000523
1.394282	0.000523
1.395256	0.000523
1.396231	0.000522
1.397206	0.000522
1.398181	0.000521
1.399155	0.000521
1.400130	0.000520
1.401105	0.000520
1.402080	0.000520
1.403055	0.000519
1.404029	0.000518
1.405004	0.000518
1.405979	0.000517
1.406954	0.000517
1.407929	0.000516
1.408903	0.000515
1.409878	0.000515
1.410853	0.000514
1.411828	0.000513
1.412803	0.000513
1.413777	0.000512
1.414752	0.000511
1.415727	0.000510
1.416702	0.000510
1.417677	0.000509
1.418651	0.000508
1.419626	0.000507
1.420601	0.000506
1.421576	0.000505
1.422550	0.000504
1.423525	0.000503
1.424500	0.000502
1.425475	0.000501
1.426450	0.000500
1.427424	0.000499
1.428399	0.000498
1.429374	0.000497
1.430349	0.000496
1.431324	0.000495
1.432298	0.000493
1.433273	0.000492
1.434248	0.000491
1.435223	0.000490
1.436198	0.000488
1.437172	0.000487
1.438147	0.000486
1.439122	0.000484
1.440097	0.000483
1.441072	0.000482
1.442046	0.000480
1.443021	0.000479
1.443996	0.000477
1.444971	0.000476
1.445946	0.000474
1.446920	0.000473
1.447895	0.000471
1.448870	0.000470
1.449845	0.000468
1.450819	0.000467
1.451794	0.000465
1.452769	0.000463
1.453744	0.000462
1.454719	0.000460
1.455693	0.000458
1.456668	0.000456
1.457643	0.000455
1.458618	0.000453
1.459593	0.000451
1.460567	0.000449
1.461542	0.000447
1.462517	0.000445
1.463492	0.000443
1.464467	0.000441
1.465441	0.000439
1.466416	0.000437
1.467391	0.000435
1.468366	0.000433
1.469341	0.000431
1.470315	0.000429
1.471290	0.000427
1.472265	0.000425
1.473240	0.000423
1.474214	0.000421
1.475189	0.000418
1.476164	0.000416
1.477139	0.000414
1.478114	0.000412
1.479088	0.000409
1.480063	0.000407
1.481038	0.000405
1.482013	0.000402
1.482988	0.000400
1.483962	0.000397
1.484937	0.000395
1.485912	0.000393
1.486887	0.000390
1.487862	0.000388
1.488836	0.000385
1.489811	0.000382
1.490786	0.000380
1.491761	0.000377
1.492736	0.000375
1.493710	0.000372
1.494685	0.000369
1.495660	0.000367
1.496635	0.000364
1.497609	0.000361
1.498584	0.000358
1.499559	0.000355
1.500534	0.000353
1.501509	0.000350
1.502483	0.000347
1.503458	0.000344
1.504433	0.000341
1.505408	0.000338
1.506383	0.000335
1.507357	0.000332
1.508332	0.000329
1.509307	0.000326
1.510282	0.000323
1.511257	0.000320
1.512231	0.000317
1.513206	0.000313
1.514181	0.000310
1.515156	0.000307
1.516131	0.000304
1.517105	0.000301
1.518080	0.000297
1.519055	0.000294
1.520030	0.000291
1.521004	0.000287
1.521979	0.000284
1.522954	0.000280
1.523929	0.000277
1.524904	0.000274
1.525878	0.000270
1.526853	0.000267
1.527828	0.000263
1.528803	0.000259
1.529778	0.000256
1.530752	0.000252
1.531727	0.000249
1.532702	0.000245
1.533677	0.000241
1.534652	0.000237
1.535626	0.000234
1.536601	0.000230
1.537576	0.000226
1.538551	0.000222
1.539526	0.000218
1.540500	0.000214
1.541475	0.000211
1.542450	0.000207
1.543425	0.000203
1.544399	0.000199
1.545374	0.000195
1.546349	0.000191
1.547324	0.000186
1.548299	0.000182
1.549273	0.000178
1.550248	0.000174
1.551223	0.000170
1.552198	0.000165
1.553173	0.000161
1.554147	0.000157
1.555122	0.000153
1.556097	0.000148
1.557072	0.000144
1.558047	0.000139
1.559021	0.000135
1.559996	0.000130
1.560971	0.000126
1.561946	0.000121
1.562921	0.000117
1.563895	0.000112
1.564870	0.000107
1.565845	0.000103
1.566820	0.000098
1.567795	0.000093
1.568769	0.000088
1.569744	0.000083
1.570719	0.000078
1.571694	0.000074
1.572668	0.000069
1.573643	0.000064
1.574618	0.000059
1.575593	0.000053
1.576568	0.000048
1.577542	0.000043
1.578517	0.000038
1.579492	0.000033
1.580467	0.000027
1.581442	0.000022
1.582416	0.000017
1.583391	0.000011
1.584366	0.000006
1.585349	0.000011
1.586332	0.000017
1.587314	0.000022
1.588297	0.000028
1.589280	0.000034
1.590263	0.000039
1.591245	0.000045
1.592228	0.000051
1.593211	0.000056
1.594194	0.000062
1.595176	0.000068
1.596159	0.000073
1.597142	0.000079
1.598125	0.000084
1.599108	0.000090
1.600090	0.000096
1.601073	0.000101
1.602056	0.000107
1.603039	0.000113
1.604021	0.000118
1.605004	0.000124
1.605987	0.000130
1.606970	0.000136
1.607953	0.000141
1.608935	0.000147
1.609918	0.000153
1.610901	0.000158
1.611884	0.000164
1.612866	0.000170
1.613849	0.000176
1.614832	0.000181
1.615815	0.000187
1.616798	0.000193
1.617780	0.000199
1.618763	0.000205
1.619746	0.000210
1.620729	0.000216
1.621711	0.000222
1.622694	0.000228
1.623677	0.000234
1.624660	0.000240
1.625643	0.000245
1.626625	0.000251
1.627608	0.000257
1.628591	0.000263
1.629574	0.000269
1.630556	0.000275
1.631539	0.000281
1.632522	0.000287
1.633505	0.000293
1.634488	0.000299
1.635470	0.000305
1.636453	0.000311
1.637436	0.000317
1.638419	0.000323
1.639401	0.000329
1.640384	0.000335
1.641367	0.000342
1.642350	0.000348
1.643333	0.000354
1.644315	0.000360
1.645298	0.000366
1.646281	0.000373
1.647264	0.000379
1.648246	0.000385
1.649229	0.000391
1.650212	0.000398
1.651195	0.000404
1.652177	0.000410
1.653160	0.000417
1.654143	0.000423
1.655126	0.000429
1.656109	0.000436
1.657091	0.000442
1.658074	0.000449
1.659057	0.000455
1.660040	0.000462
1.661022	0.000468
1.662005	0.000475
1.662988	0.000482
1.663971	0.000488
1.664954	0.000495
1.665936	0.000502
1.666919	0.000508
1.667902	0.000515
1.668885	0.000522
1.669867	0.000529
1.670850	0.000535
1.671833	0.000542
1.672816	0.000549
1.673799	0.000556
1.674781	0.000563
1.675764	0.000570
1.676747	0.000577
1.677730	0.000584
1.678712	0.000591
1.679695	0.000598
1.680678	0.000605
1.681661	0.000613
1.682644	0.000620
1.683626	0.000627
1.684609	0.000634
1.685592	0.000642
1.686575	0.000649
1.687557	0.000656
1.688540	0.000664
1.689523	0.000671
1.690506	0.000679
1.691489	0.000686
1.692471	0.000694
1.693454	0.000701
1.694437	0.000709
1.695420	0.000717
1.696402	0.000724
1.697385	0.000732
1.698368	0.000740
1.699351	0.000748
1.700333	0.000756
1.701316	0.000764
1.702299	0.000771
1.703282	0.000779
1.704265	0.000788
1.705247	0.000796
1.706230	0.000804
1.707213	0.000812
1.708196	0.000820
1.709178	0.000828
1.710161	0.000837
1.711144	0.000845
1.712127	0.000854
1.713110	0.000862
1.714092	0.000871
1.715075	0.000879
1.716058	0.000888
1.717041	0.000896
1.718023	0.000905
1.719006	0.000914
1.719989	0.000923
1.720972	0.000931
1.721955	0.000940
1.722937	0.000949
1.723920	0.000958
1.724903	0.000967
1.725886	0.000977
1.726868	0.000986
1.727851	0.000995
1.728834	0.001004
1.729817	0.001014
1.730800	0.001023
1.731782	0.001033
1.732765	0.001042
1.733748	0.001052
1.734731	0.001061
1.735713	0.001071
1.736696	0.001081
1.737679	0.001091
1.738662	0.001101
1.739645	0.001111
1.740627	0.001121
1.741610	0.001131
1.742593	0.001141
1.743576	0.001151
1.744558	0.001161
1.745541	0.001172
1.746524	0.001182
1.747507	0.001193
1.748489	0.001203
1.749472	0.001214
1.750455	0.001225
1.751438	0.001235
1.752421	0.001246
1.753403	0.001257
1.754386	0.001268
1.755369	0.001279
1.756352	0.001290
1.757334	0.001302
1.758317	0.001313
1.759300	0.001324
1.760283	0.001336
1.761266	0.001347
1.762248	0.001359
1.763231	0.001371
1.764214	0.001382
1.765197	0.001394
1.766179	0.001406
1.767162	0.001418
1.768145	0.001430
1.769128	0.001442
1.770111	0.001455
1.771093	0.001467
1.772076	0.001480
1.773059	0.001492
1.774042	0.001505
1.775024	0.001518
1.776007	0.001530
1.776990	0.001543
1.777973	0.001556
1.778956	0.001569
1.779938	0.001583
1.780921	0.001596
1.781904	0.001609
1.782887	0.001623
1.783869	0.001636
1.784852	0.001650
1.785835	0.001664
1.786818	0.001678
1.787801	0.001692
1.788783	0.001706
1.789766	0.001720
1.790749	0.001734
1.791732	0.001749
1.792714	0.001763
1.793697	0.001778
1.794680	0.001792
1.795663	0.001807
1.796645	0.001822
1.797628	0.001837
1.798611	0.001853
1.799594	0.001868
1.800577	0.001883
1.801559	0.001899
1.802542	0.001914
1.803525	0.001930
1.804508	0.001946
1.805490	0.001962
1.806473	0.001978
1.807456	0.001995
1.808439	0.002011
1.809422	0.002028
1.810404	0.002044
1.811387	0.002061
1.812370	0.002078
1.813353	0.002095
1.814335	0.002112
1.815318	0.002129
1.816301	0.002147
1.817284	0.002164
1.818267	0.002182
1.819249	0.002200
1.820232	0.002218
1.821215	0.002236
1.822198	0.002255
1.823180	0.002273
1.824163	0.002292
1.825146	0.002310
1.826129	0.002329
1.827112	0.002348
1.828094	0.002367
1.829077	0.002387
1.830060	0.002406
1.831043	0.002426
1.832025	0.002446
1.833008	0.002466
1.833991	0.002486
1.834974	0.002506
1.835957	0.002527
1.836939	0.002547
1.837922	0.002568
1.838905	0.002589
1.839888	0.002611
1.840870	0.002632
1.841853	0.002653
1.842836	0.002675
1.843819	0.002697
1.844801	0.002719
1.845784	0.002741
1.846767	0.002764
1.847750	0.002786
1.848733	0.002809
1.849715	0.002832
1.850698	0.002855
1.851681	0.002879
1.852664	0.002902
1.853646	0.002926
1.854629	0.002950
1.855612	0.002975
1.856595	0.002999
1.857578	0.003024
1.858560	0.003048
1.859543	0.003073
1.860526	0.003099
1.861509	0.003124
1.862491	0.003150
1.863474	0.003176
1.864457	0.003202
1.865440	0.003228
1.866423	0.003255
1.867405	0.003282
1.868388	0.003309
1.869371	0.003336
1.870354	0.003364
1.871336	0.003392
1.872319	0.003420
1.873302	0.003448
1.874285	0.003477
1.875268	0.003505
1.876250	0.003534
1.877233	0.003564
1.878216	0.003593
1.879199	0.003623
1.880181	0.003653
1.881164	0.003684
1.882147	0.003714
1.883130	0.003745
1.884113	0.003776
1.885095	0.003808
1.886078	0.003840
1.887061	0.003872
1.888044	0.003904
1.889026	0.003937
1.890009	0.003970
1.890992	0.004003
1.891975	0.004036
1.892958	0.004070
1.893940	0.004104
1.894923	0.004139
1.895906	0.004174
1.896889	0.004209
1.897871	0.004244
1.898854	0.004280
1.899837	0.004316
1.900820	0.004353
1.901802	0.004389
1.902785	0.004426
1.903768	0.004464
1.904751	0.004502
1.905734	0.004540
1.906716	0.004579
1.907699	0.004617
1.908682	0.004657
1.909665	0.004696
1.910647	0.004736
1.911630	0.004777
1.912613	0.004818
1.913596	0.004859
1.914579	0.004900
1.915561	0.004942
1.916544	0.004985
1.917527	0.005027
1.918510	0.005071
1.919492	0.005114
1.920475	0.005158
1.921458	0.005203
1.922441	0.005248
1.923424	0.005293
1.924406	0.005339
1.925389	0.005385
1.926372	0.005432
1.927355	0.005479
1.928337	0.005527
1.929320	0.005575
1.930303	0.005623
1.931286	0.005672
1.932269	0.005722
1.933251	0.005772
1.934234	0.005822
1.935217	0.005874
1.936200	0.005925
1.937182	0.005977
1.938165	0.006030
1.939148	0.006083
1.940131	0.006137
1.941114	0.006191
1.942096	0.006246
1.943079	0.006301
1.944062	0.006357
1.945045	0.006413
1.946027	0.006470
1.947010	0.006528
1.947993	0.006586
1.948976	0.006645
1.949958	0.006705
1.950941	0.006765
1.951924	0.006825
1.952907	0.006887
1.953890	0.006949
1.954872	0.007011
1.955855	0.007075
1.956838	0.007139
1.957821	0.007203
1.958803	0.007269
1.959786	0.007335
1.960769	0.007401
1.961752	0.007469
1.962735	0.007537
1.963717	0.007606
1.964700	0.007676
1.965683	0.007746
1.966666	0.007817
1.967648	0.007889
1.968631	0.007962
1.969614	0.008035
1.970597	0.008110
1.971580	0.008185
1.972562	0.008261
1.973545	0.008337
1.974528	0.008415
1.975511	0.008494
1.976493	0.008573
1.977476	0.008653
1.978459	0.008734
1.979442	0.008816
1.980425	0.008899
1.981407	0.008983
1.982390	0.009068
1.983373	0.009154
1.984356	0.009241
1.985338	0.009329
1.986321	0.009417
1.987304	0.009507
1.988287	0.009598
1.989270	0.009690
1.990252	0.009783
1.991235	0.009877
1.992218	0.009972
1.993201	0.010068
1.994183	0.010166
1.995166	0.010264
1.996149	0.010364
1.997132	0.010465
1.998114	0.010567
1.999097	0.010670
2.000080	0.010774
2.001063	0.010880
2.002046	0.010987
2.003028	0.011095
2.004011	0.011205
2.004994	0.011315
2.005977	0.011428
2.006959	0.011541
2.007942	0.011656
2.008925	0.011772
2.009908	0.011890
2.010891	0.012009
2.011873	0.012130
2.012856	0.012252
2.013839	0.012376
2.014822	0.012501
2.015804	0.012628
2.016787	0.012756
2.017770	0.012886
2.018753	0.013017
2.019736	0.013150
2.020718	0.013285
2.021701	0.013422
2.022684	0.013560
2.023667	0.013700
2.024649	0.013842
2.025632	0.013986
2.026615	0.014131
2.027598	0.014278
2.028581	0.014428
2.029563	0.014579
2.030546	0.014732
2.031529	0.014887
2.032512	0.015044
2.033494	0.015203
2.034477	0.015365
2.035460	0.015528
2.036443	0.015694
2.037426	0.015861
2.038408	0.016031
2.039391	0.016203
2.040374	0.016378
2.041357	0.016555
2.042339	0.016734
2.043322	0.016915
2.044305	0.017099
2.045288	0.017286
2.046270	0.017475
2.047253	0.017666
2.048236	0.017860
2.049219	0.018057
2.050202	0.018256
2.051184	0.018458
2.052167	0.018663
2.053150	0.018871
2.054133	0.019081
2.055115	0.019294
2.056098	0.019510
2.057081	0.019729
2.058064	0.019951
2.059047	0.020177
2.060029	0.020405
2.061012	0.020636
2.061995	0.020871
2.062978	0.021108
2.063960	0.021349
2.064943	0.021593
2.065926	0.021841
2.066909	0.022091
2.067892	0.022346
2.068874	0.022603
2.069857	0.022864
2.070840	0.023129
2.071823	0.023397
2.072805	0.023669
2.073788	0.023944
2.074771	0.024223
2.075754	0.024506
2.076737	0.024792
2.077719	0.025082
2.078702	0.025375
2.079685	0.025673
2.080668	0.025974
2.081650	0.026279
2.082633	0.026587
2.083616	0.026900
2.084599	0.027216
2.085582	0.027536
2.086564	0.027860
2.087547	0.028187
2.088530	0.028518
2.089513	0.028853
2.090495	0.029191
2.091478	0.029533
2.092461	0.029878
2.093444	0.030227
2.094426	0.030580
2.095409	0.030935
2.096392	0.031294
2.097375	0.031656
2.098358	0.032021
2.099340	0.032389
2.100323	0.032760
2.101306	0.033134
2.102289	0.033510
2.103271	0.033889
2.104254	0.034269
2.105237	0.034653
2.106220	0.035038
2.107203	0.035424
2.108185	0.035813
2.109168	0.036203
2.110151	0.036594
2.111134	0.036986
2.112116	0.037379
2.113099	0.037773
2.114082	0.038168
2.115065	0.038563
2.116048	0.038958
2.117030	0.039353
2.118013	0.039747
2.118996	0.040142
2.119979	0.040535
2.120961	0.040928
2.121944	0.041321
2.122927	0.041712
2.123910	0.042101
2.124893	0.042490
2.125875	0.042876
2.126858	0.043262
2.127841	0.043645
2.128824	0.044026
2.129806	0.044406
2.130789	0.044783
2.131772	0.045158
2.132755	0.045531
2.133738	0.045901
2.134720	0.046269
2.135703	0.046634
2.136686	0.046997
2.137669	0.047357
2.138651	0.047714
2.139634	0.048069
2.140617	0.048421
2.141600	0.048770
2.142583	0.049116
2.143565	0.049459
2.144548	0.049799
2.145531	0.050137
2.146514	0.050471
2.147496	0.050803
2.148479	0.051132
2.149462	0.051458
2.150445	0.051781
2.151427	0.052100
2.152410	0.052418
2.153393	0.052732
2.154376	0.053043
2.155359	0.053352
2.156341	0.053657
2.157324	0.053960
2.158307	0.054260
2.159290	0.054557
2.160272	0.054851
2.161255	0.055142
2.162238	0.055431
2.163221	0.055716
2.164204	0.055999
2.165186	0.056280
2.166169	0.056558
2.167152	0.056834
2.168135	0.057107
2.169117	0.057376
2.170100	0.057643
2.171083	0.057907
2.172066	0.058167
2.173049	0.058425
2.174031	0.058680
2.175014	0.058933
2.175997	0.059183
2.176980	0.059432
2.177962	0.059679
2.178945	0.059924
2.179928	0.060167
2.180911	0.060407
2.181894	0.060645
2.182876	0.060879
2.183859	0.061110
2.184842	0.061338
2.185825	0.061563
2.186807	0.061785
2.187790	0.062004
2.188773	0.062220
2.189756	0.062435
2.190739	0.062647
2.191721	0.062857
2.192704	0.063066
2.193687	0.063274
2.194670	0.063481
2.195652	0.063687
2.196635	0.063891
2.197618	0.064093
2.198601	0.064292
2.199583	0.064489
2.200566	0.064681
2.201549	0.064871
2.202532	0.065057
2.203515	0.065240
2.204497	0.065420
2.205480	0.065598
2.206463	0.065772
2.207446	0.065945
2.208428	0.066115
2.209411	0.066282
2.210394	0.066448
2.211377	0.066611
2.212360	0.066773
2.213342	0.066933
2.214325	0.067091
2.215308	0.067248
2.216291	0.067404
2.217273	0.067560
2.218256	0.067716
2.219239	0.067872
2.220222	0.068028
2.221205	0.068181
2.222187	0.068331
2.223170	0.068477
2.224153	0.068619
2.225136	0.068758
2.226118	0.068894
2.227101	0.069027
2.228084	0.069157
2.229067	0.069285
2.230050	0.069410
2.231032	0.069532
2.232015	0.069652
2.232998	0.069770
2.233981	0.069886
2.234963	0.069999
2.235946	0.070110
2.236929	0.070219
2.237912	0.070326
2.238895	0.070431
2.239877	0.070533
2.240860	0.070634
2.241843	0.070733
2.242826	0.070830
2.243808	0.070925
2.244791	0.071018
2.245774	0.071109
2.246757	0.071199
2.247739	0.071288
2.248722	0.071375
2.249705	0.071462
2.250688	0.071549
2.251671	0.071636
2.252653	0.071725
2.253636	0.071816
2.254619	0.071904
2.255602	0.071988
2.256584	0.072068
2.257567	0.072143
2.258550	0.072215
2.259533	0.072284
2.260516	0.072350
2.261498	0.072413
2.262481	0.072473
2.263464	0.072531
2.264447	0.072587
2.265429	0.072640
2.266412	0.072691
2.267395	0.072740
2.268378	0.072787
2.269361	0.072831
2.270343	0.072873
2.271326	0.072914
2.272309	0.072952
2.273292	0.072988
2.274274	0.073022
2.275257	0.073054
2.276240	0.073083
2.277223	0.073111
2.278206	0.073137
2.279188	0.073161
2.280171	0.073182
2.281154	0.073202
2.282137	0.073220
2.283119	0.073235
2.284102	0.073249
2.285085	0.073261
2.286068	0.073270
2.287051	0.073278
2.288033	0.073283
2.289016	0.073287
2.289999	0.073289
2.290982	0.073288
2.291964	0.073286
2.292947	0.073282
2.293930	0.073276
2.294913	0.073268
2.295895	0.073258
2.296878	0.073246
2.297861	0.073232
2.298844	0.073217
2.299827	0.073200
2.300809	0.073181
2.301792	0.073161
2.302775	0.073141
2.303758	0.073120
2.304740	0.073101
2.305723	0.073086
2.306706	0.073076
2.307689	0.073061
2.308672	0.073040
2.309654	0.073012
2.310637	0.072980
2.311620	0.072944
2.312603	0.072905
2.313585	0.072863
2.314568	0.072819
2.315551	0.072771
2.316534	0.072722
2.317517	0.072670
2.318499	0.072615
2.319482	0.072558
2.320465	0.072499
2.321448	0.072438
2.322430	0.072374
2.323413	0.072309
2.324396	0.072241
2.325379	0.072170
2.326362	0.072098
2.327344	0.072023
2.328327	0.071946
2.329310	0.071867
2.330293	0.071786
2.331275	0.071703
2.332258	0.071617
2.333241	0.071530
2.334224	0.071440
2.335207	0.071348
2.336189	0.071253
2.337172	0.071157
2.338155	0.071058
2.339138	0.070957
2.340120	0.070854
2.341103	0.070748
2.342086	0.070641
2.343069	0.070531
2.344051	0.070419
2.345034	0.070305
2.346017	0.070188
2.347000	0.070069
2.347983	0.069948
2.348965	0.069825
2.349948	0.069700
2.350931	0.069572
2.351914	0.069442
2.352896	0.069310
2.353879	0.069175
2.354862	0.069038
2.355845	0.068899
2.356828	0.068758
2.357810	0.068614
2.358793	0.068468
2.359776	0.068319
2.360759	0.068169
2.361741	0.068015
2.362724	0.067860
2.363707	0.067702
2.364690	0.067542
2.365673	0.067380
2.366655	0.067215
2.367638	0.067047
2.368621	0.066878
2.369604	0.066706
2.370586	0.066531
2.371569	0.066354
2.372552	0.066175
2.373535	0.065993
2.374518	0.065809
2.375500	0.065622
2.376483	0.065433
2.377466	0.065241
2.378449	0.065047
2.379431	0.064851
2.380414	0.064652
2.381397	0.064450
2.382380	0.064246
2.383363	0.064039
2.384345	0.063830
2.385328	0.063618
2.386311	0.063404
2.387294	0.063187
2.388276	0.062967
2.389259	0.062745
2.390242	0.062520
2.391225	0.062293
2.392208	0.062063
2.393190	0.061830
2.394173	0.061595
2.395156	0.061357
2.396139	0.061116
2.397121	0.060873
2.398104	0.060627
2.399087	0.060379
2.400070	0.060128
2.401052	0.059875
2.402035	0.059620
2.403018	0.059364
2.404001	0.059108
2.404984	0.058857
2.405966	0.058630
2.406949	0.058378
2.407932	0.058115
2.408915	0.057845
2.409897	0.057571
2.410880	0.057292
2.411863	0.057009
2.412846	0.056723
2.413829	0.056434
2.414811	0.056141
2.415794	0.055845
2.416777	0.055546
2.417760	0.055243
2.418742	0.054938
2.419725	0.054629
2.420708	0.054316
2.421691	0.054001
2.422674	0.053682
2.423656	0.053360
2.424639	0.053034
2.425622	0.052706
2.426605	0.052374
2.427587	0.052038
2.428570	0.051700
2.429553	0.051358
2.430536	0.051012
2.431519	0.050663
2.432501	0.050311
2.433484	0.049955
2.434467	0.049595
2.435450	0.049232
2.436432	0.048866
2.437415	0.048496
2.438398	0.048122
2.439381	0.047745
2.440364	0.047364
2.441346	0.046979
2.442329	0.046591
2.443312	0.046198
2.444295	0.045802
2.445277	0.045402
2.446260	0.044999
2.447243	0.044591
2.448226	0.044180
2.449208	0.043764
2.450191	0.043345
2.451174	0.042921
2.452157	0.042493
2.453140	0.042062
2.454122	0.041626
2.455105	0.041185
2.456088	0.040741
2.457071	0.040292
2.458053	0.039839
2.459036	0.039381
2.460019	0.038919
2.461002	0.038453
2.461985	0.037982
2.462967	0.037506
2.463950	0.037026
2.464933	0.036541
2.465916	0.036051
2.466898	0.035556
2.467881	0.035056
2.468864	0.034551
2.469847	0.034042
2.470830	0.033526
2.471812	0.033006
2.472795	0.032480
2.473778	0.031949
2.474761	0.031413
2.475743	0.030870
2.476726	0.030322
2.477709	0.029768
2.478692	0.029208
2.479675	0.028641
2.480657	0.028068
2.481640	0.027488
2.482623	0.026901
2.483606	0.026307
2.484588	0.025703
2.485571	0.025089
2.486554	0.024458
2.487537	0.023799
2.488520	0.023157
2.489502	0.022516
2.490485	0.021870
2.491468	0.021216
2.492451	0.020552
2.493433	0.019876
2.494416	0.019187
2.495399	0.018484
2.496382	0.017767
2.497364	0.017053
2.498347	0.016347
2.499330	0.015653
2.500313	0.014972
2.501296	0.014304
2.502278	0.013650
2.503261	0.013008
2.504244	0.012378
2.505227	0.011757
2.506209	0.011146
2.507192	0.010544
2.508175	0.009950
2.509158	0.009363
2.510141	0.008782
2.511123	0.008207
2.512106	0.007638
2.513089	0.007074
2.514072	0.006514
2.515054	0.005958
2.516037	0.005405
2.517020	0.004856
2.518003	0.004309
2.518986	0.003765
2.519968	0.003224
2.520951	0.002684
2.521934	0.002145
2.522917	0.001608
2.523899	0.001071
2.524882	0.000536
2.525865	0.000000
2.526848	0.000000
2.527831	0.000000
2.528813	0.000000
2.529796	0.000000
2.530779	0.000000
2.531762	0.000000
2.532744	0.000000
2.533727	0.000000
2.534710	0.000000
2.535693	0.000000
2.536676	0.000000
2.537658	0.000000
2.538641	0.000000
2.539624	0.000000
2.540607	0.000000
2.541589	0.000000
2.542572	0.000000
2.543555	0.000000
2.544538	0.000000
2.545520	0.000000
2.546503	0.000000
2.547486	0.000000
2.548469	0.000000
2.549452	0.000000
2.550434	0.000000
2.551417	0.000000
2.552400	0.000000
2.553383	0.000000
2.554365	0.000000
2.555348	0.000000
2.556331	0.000000
2.557314	0.000000
2.558297	0.000000
2.559279	0.000000
2.560262	0.000000
2.561245	0.000000
2.562228	0.000000
2.563210	0.000000
2.564193	0.000000
2.565176	0.000000
2.566159	0.000000
2.567142	0.000000
2.568124	0.000000
2.569107	0.000000
2.570090	0.000000
2.571073	0.000000
2.572055	0.000000
2.573038	0.000000
2.574021	0.000000
2.575004	0.000000
2.575987	0.000000
2.576969	0.000000
2.577952	0.000000
2.578935	0.000000
2.579918	0.000000
2.580900	0.000000
2.581883	0.000000
2.582866	0.000000
2.583849	0.000000
2.584832	0.000000
2.585814	0.000000
2.586797	0.000000
2.587780	0.000000
2.588763	0.000000
2.589745	0.000000
2.590728	0.000000
2.591711	0.000000
2.592694	0.000000
2.593676	0.000000
2.594659	0.000000
2.595642	0.000000
2.596625	0.000000
2.597608	0.000000
2.598590	0.000000
2.599573	0.000000
2.600556	0.000000
2.601539	0.000000
2.602521	0.000000
2.603504	0.000000
2.604487	0.000000
2.605470	0.000000
2.606453	0.000000
2.607435	0.000000
2.608418	0.000000
2.609401	0.000000
2.610384	0.000000
2.611366	0.000000
2.612349	0.000000
2.613332	0.000000
2.614315	0.000000
2.615298	0.000000
2.616280	0.000000
2.617263	0.000000
2.618246	0.000000
2.619229	0.000000
2.620211	0.000000
2.621194	0.000000
2.622177	0.000000
2.623160	0.000000
2.624143	0.000000
2.625125	0.000000
2.626108	0.000000
2.627091	0.000000
2.628074	0.000000
2.629056	0.000000
2.630039	0.000000
2.631022	0.000000
2.632005	0.000000
2.632988	0.000000
2.633970	0.000000
2.634953	0.000000
2.635936	0.000000
2.636919	0.000000
2.637901	0.000000
2.638884	0.000000
2.639867	0.000536
2.640850	0.001071
2.641833	0.001608
2.642815	0.002145
2.643798	0.002684
2.644781	0.003224
2.645764	0.003765
2.646746	0.004309
2.647729	0.004856
2.648712	0.005405
2.649695	0.005958
2.650677	0.006514
2.651660	0.007074
2.652643	0.007638
2.653626	0.008207
2.654609	0.008782
2.655591	0.009363
2.656574	0.009950
2.657557	0.010544
2.658540	0.011146
2.659522	0.011757
2.660505	0.012378
2.661488	0.013008
2.662471	0.013650
2.663454	0.014304
2.664436	0.014972
2.665419	0.015653
2.666402	0.016347
2.667385	0.017053
2.668367	0.017767
2.669350	0.018484
2.670333	0.019187
2.671316	0.019876
2.672299	0.020552
2.673281	0.021216
2.674264	0.021870
2.675247	0.022516
2.676230	0.023157
2.677212	0.023799
2.678195	0.024458
2.679178	0.025089
2.680161	0.025703
2.681144	0.026307
2.682126	0.026901
2.683109	0.027488
2.684092	0.028068
2.685075	0.028641
2.686057	0.029208
2.687040	0.029768
2.688023	0.030322
2.689006	0.030870
2.689989	0.031413
2.690971	0.031949
2.691954	0.032480
2.692937	0.033006
2.693920	0.033526
2.694902	0.034042
2.695885	0.034551
2.696868	0.035056
2.697851	0.035556
2.698833	0.036051
2.699816	0.036541
2.700799	0.037026
2.701782	0.037506
2.702765	0.037982
2.703747	0.038453
2.704730	0.038919
2.705713	0.039381
2.706696	0.039839
2.707678	0.040292
2.708661	0.040741
2.709644	0.041185
2.710627	0.041626
2.711610	0.042062
2.712592	0.042493
2.713575	0.042921
2.714558	0.043345
2.715541	0.043764
2.716523	0.044180
2.717506	0.044591
2.718489	0.044999
2.719472	0.045402
2.720455	0.045802
2.721437	0.046198
2.722420	0.046591
2.723403	0.046979
2.724386	0.047364
2.725368	0.047745
2.726351	0.048122
2.727334	0.048496
2.728317	0.048866
2.729300	0.049232
2.730282	0.049595
2.731265	0.049955
2.732248	0.050311
2.733231	0.050663
2.734213	0.051012
2.735196	0.051358
2.736179	0.051700
2.737162	0.052038
2.738145	0.052374
2.739127	0.052706
2.740110	0.053034
2.741093	0.053360
2.742076	0.053682
2.743058	0.054001
2.744041	0.054316
2.745024	0.054629
2.746007	0.054938
2.746989	0.055243
2.747972	0.055546
2.748955	0.055845
2.749938	0.056141
2.750921	0.056434
2.751903	0.056723
2.752886	0.057009
2.753869	0.057292
2.754852	0.057571
2.755834	0.057845
2.756817	0.058115
2.757800	0.058378
2.758783	0.058630
2.759766	0.058857
2.760748	0.059108
2.761731	0.059364
2.762714	0.059620
2.763697	0.059875
2.764679	0.060128
2.765662	0.060379
2.766645	0.060627
2.767628	0.060873
2.768611	0.061116
2.769593	0.061357
2.770576	0.061595
2.771559	0.061830
2.772542	0.062063
2.773524	0.062293
2.774507	0.062520
2.775490	0.062745
2.776473	0.062967
2.777456	0.063187
2.778438	0.063404
2.779421	0.063618
2.780404	0.063830
2.781387	0.064039
2.782369	0.064246
2.783352	0.064450
2.784335	0.064652
2.785318	0.064851
2.786301	0.065047
2.787283	0.065241
2.788266	0.065433
2.789249	0.065622
2.790232	0.065809
2.791214	0.065993
2.792197	0.066175
2.793180	0.066354
2.794163	0.066531
2.795145	0.066706
2.796128	0.066878
2.797111	0.067047
2.798094	0.067215
2.799077	0.067380
2.800059	0.067542
2.801042	0.067702
2.802025	0.067860
2.803008	0.068015
2.803990	0.068169
2.804973	0.068319
2.805956	0.068468
2.806939	0.068614
2.807922	0.068758
2.808904	0.068899
2.809887	0.069038
2.810870	0.069175
2.811853	0.069310
2.812835	0.069442
2.813818	0.069572
2.814801	0.069700
2.815784	0.069825
2.816767	0.069948
2.817749	0.070069
2.818732	0.070188
2.819715	0.070305
2.820698	0.070419
2.821680	0.070531
2.822663	0.070641
2.823646	0.070748
2.824629	0.070854
2.825612	0.070957
2.826594	0.071058
2.827577	0.071157
2.828560	0.071253
2.829543	0.071348
2.830525	0.071440
2.831508	0.071530
2.832491	0.071617
2.833474	0.071703
2.834457	0.071786
2.835439	0.071867
2.836422	0.071946
2.837405	0.072023
2.838388	0.072098
2.839370	0.072170
2.840353	0.072241
2.841336	0.072309
2.842319	0.072374
2.843301	0.072438
2.844284	0.072499
2.845267	0.072558
2.846250	0.072615
2.847233	0.072670
2.848215	0.072722
2.849198	0.072771
2.850181	0.072819
2.851164	0.072863
2.852146	0.072905
2.853129	0.072944
2.854112	0.072980
2.855095	0.073012
2.856078	0.073040
2.857060	0.073061
2.858043	0.073076
2.859026	0.073086
2.860009	0.073101
2.860991	0.073120
2.861974	0.073141
2.862957	0.073161
2.863940	0.073181
2.864923	0.073200
2.865905	0.073217
2.866888	0.073232
2.867871	0.073246
2.868854	0.073258
2.869836	0.073268
2.870819	0.073276
2.871802	0.073282
2.872785	0.073286
2.873768	0.073288
2.874750	0.073289
2.875733	0.073287
2.876716	0.073283
2.877699	0.073278
2.878681	0.073270
2.879664	0.073261
2.880647	0.073249
2.881630	0.073235
2.882613	0.073220
2.883595	0.073202
2.884578	0.073182
2.885561	0.073161
2.886544	0.073137
2.887526	0.073111
2.888509	0.073083
2.889492	0.073054
2.890475	0.073022
2.891458	0.072988
2.892440	0.072952
2.893423	0.072914
2.894406	0.072873
2.895389	0.072831
2.896371	0.072787
2.897354	0.072740
2.898337	0.072691
2.899320	0.072640
2.900302	0.072587
2.901285	0.072531
2.902268	0.072473
2.903251	0.072413
2.904234	0.072350
2.905216	0.072284
2.906199	0.072215
2.907182	0.072143
2.908165	0.072068
2.909147	0.071988
2.910130	0.071904
2.911113	0.071816
2.912096	0.071725
2.913079	0.071636
2.914061	0.071549
2.915044	0.071462
2.916027	0.071375
2.917010	0.071288
2.917992	0.071199
2.918975	0.071109
2.919958	0.071018
2.920941	0.070925
2.921924	0.070830
2.922906	0.070733
2.923889	0.070634
2.924872	0.070533
2.925855	0.070431
2.926837	0.070326
2.927820	0.070219
2.928803	0.070110
2.929786	0.069999
2.930769	0.069886
2.931751	0.069770
2.932734	0.069652
2.933717	0.069532
2.934700	0.069410
2.935682	0.069285
2.936665	0.069157
2.937648	0.069027
2.938631	0.068894
2.939614	0.068758
2.940596	0.068619
2.941579	0.068477
2.942562	0.068331
2.943545	0.068181
2.944527	0.068028
2.945510	0.067872
2.946493	0.067716
2.947476	0.067560
2.948458	0.067404
2.949441	0.067248
2.950424	0.067091
2.951407	0.066933
2.952390	0.066773
2.953372	0.066611
2.954355	0.066448
2.955338	0.066282
2.956321	0.066115
2.957303	0.065945
2.958286	0.065772
2.959269	0.065598
2.960252	0.065420
2.961235	0.065240
2.962217	0.065057
2.963200	0.064871
2.964183	0.064681
2.965166	0.064489
2.966148	0.064292
2.967131	0.064093
2.968114	0.063891
2.969097	0.063687
2.970080	0.063481
2.971062	0.063274
2.972045	0.063066
2.973028	0.062857
2.974011	0.062647
2.974993	0.062435
2.975976	0.062220
2.976959	0.062004
2.977942	0.061785
2.978925	0.061563
2.979907	0.061338
2.980890	0.061110
2.981873	0.060879
2.982856	0.060645
2.983838	0.060407
2.984821	0.060167
2.985804	0.059924
2.986787	0.059679
2.987770	0.059432
2.988752	0.059183
2.989735	0.058933
2.990718	0.058680
2.991701	0.058425
2.992683	0.058167
2.993666	0.057907
2.994649	0.057643
2.995632	0.057376
2.996614	0.057107
2.997597	0.056834
2.998580	0.056558
2.999563	0.056280
3.000546	0.055999
3.001528	0.055716
3.002511	0.055431
3.003494	0.055142
3.004477	0.054851
3.005459	0.054557
3.006442	0.054260
3.007425	0.053960
3.008408	0.053657
3.009391	0.053352
3.010373	0.053043
3.011356	0.052732
3.012339	0.052418
3.013322	0.052100
3.014304	0.051781
3.015287	0.051458
3.016270	0.051132
3.017253	0.050803
3.018236	0.050471
3.019218	0.050137
3.020201	0.049799
3.021184	0.049459
3.022167	0.049116
3.023149	0.048770
3.024132	0.048421
3.025115	0.048069
3.026098	0.047714
3.027081	0.047357
3.028063	0.046997
3.029046	0.046634
3.030029	0.046269
3.031012	0.045901
3.031994	0.045531
3.032977	0.045158
3.033960	0.044783
3.034943	0.044406
3.035926	0.044026
3.036908	0.043645
3.037891	0.043262
3.038874	0.042876
3.039857	0.042490
3.040839	0.042101
3.041822	0.041712
3.042805	0.041321
3.043788	0.040928
3.044770	0.040535
3.045753	0.040142
3.046736	0.039747
3.047719	0.039353
3.048702	0.038958
3.049684	0.038563
3.050667	0.038168
3.051650	0.037773
3.052633	0.037379
3.053615	0.036986
3.054598	0.036594
3.055581	0.036203
3.056564	0.035813
3.057547	0.035424
3.058529	0.035038
3.059512	0.034653
3.060495	0.034269
3.061478	0.033889
3.062460	0.033510
3.063443	0.033134
3.064426	0.032760
3.065409	0.032389
3.066392	0.032021
3.067374	0.031656
3.068357	0.031294
3.069340	0.030935
3.070323	0.030580
3.071305	0.030227
3.072288	0.029878
3.073271	0.029533
3.074254	0.029191
3.075237	0.028853
3.076219	0.028518
3.077202	0.028187
3.078185	0.027860
3.079168	0.027536
3.080150	0.027216
3.081133	0.026900
3.082116	0.026587
3.083099	0.026279
3.084082	0.025974
3.085064	0.025673
3.086047	0.025375
3.087030	0.025082
3.088013	0.024792
3.088995	0.024506
3.089978	0.024223
3.090961	0.023944
3.091944	0.023669
3.092926	0.023397
3.093909	0.023129
3.094892	0.022864
3.095875	0.022603
3.096858	0.022346
3.097840	0.022091
3.098823	0.021841
3.099806	0.021593
3.100789	0.021349
3.101771	0.021108
3.102754	0.020871
3.103737	0.020636
3.104720	0.020405
3.105703	0.020177
3.106685	0.019951
3.107668	0.019729
3.108651	0.019510
3.109634	0.019294
3.110616	0.019081
3.111599	0.018871
3.112582	0.018663
3.113565	0.018458
3.114548	0.018256
3.115530	0.018057
3.116513	0.017860
3.117496	0.017666
3.118479	0.017475
3.119461	0.017286
3.120444	0.017099
3.121427	0.016915
3.122410	0.016734
3.123393	0.016555
3.124375	0.016378
3.125358	0.016203
3.126341	0.016031
3.127324	0.015861
3.128306	0.015694
3.129289	0.015528
3.130272	0.015365
3.131255	0.015203
3.132238	0.015044
3.133220	0.014887
3.134203	0.014732
3.135186	0.014579
3.136169	0.014428
3.137151	0.014278
3.138134	0.014131
3.139117	0.013986
3.140100	0.013842
3.141083	0.013700
3.142065	0.013560
3.143048	0.013422
3.144031	0.013285
3.145014	0.013150
3.145996	0.013017
3.146979	0.012886
3.147962	0.012756
3.148945	0.012628
3.149927	0.012501
3.150910	0.012376
3.151893	0.012252
3.152876	0.012130
3.153859	0.012009
3.154841	0.011890
3.155824	0.011772
3.156807	0.011656
3.157790	0.011541
3.158772	0.011428
3.159755	0.011315
3.160738	0.011205
3.161721	0.011095
3.162704	0.010987
3.163686	0.010880
3.164669	0.010774
3.165652	0.010670
3.166635	0.010567
3.167617	0.010465
3.168600	0.010364
3.169583	0.010264
3.170566	0.010166
3.171549	0.010068
3.172531	0.009972
3.173514	0.009877
3.174497	0.009783
3.175480	0.009690
3.176462	0.009598
3.177445	0.009507
3.178428	0.009417
3.179411	0.009329
3.180394	0.009241
3.181376	0.009154
3.182359	0.009068
3.183342	0.008983
3.184325	0.008899
3.185307	0.008816
3.186290	0.008734
3.187273	0.008653
3.188256	0.008573
3.189239	0.008494
3.190221	0.008415
3.191204	0.008337
3.192187	0.008261
3.193170	0.008185
3.194152	0.008110
3.195135	0.008035
3.196118	0.007962
3.197101	0.007889
3.198083	0.007817
3.199066	0.007746
3.200049	0.007676
3.201032	0.007606
3.202015	0.007537
3.202997	0.007469
3.203980	0.007401
3.204963	0.007335
3.205946	0.007269
3.206928	0.007203
3.207911	0.007139
3.208894	0.007075
3.209877	0.007011
3.210860	0.006949
3.211842	0.006887
3.212825	0.006825
3.213808	0.006765
3.214791	0.006705
3.215773	0.006645
3.216756	0.006586
3.217739	0.006528
3.218722	0.006470
3.219705	0.006413
3.220687	0.006357
3.221670	0.006301
3.222653	0.006246
3.223636	0.006191
3.224618	0.006137
3.225601	0.006083
3.226584	0.006030
3.227567	0.005977
3.228550	0.005925
3.229532	0.005874
3.230515	0.005822
3.231498	0.005772
3.232481	0.005722
3.233463	0.005672
3.234446	0.005623
3.235429	0.005575
3.236412	0.005527
3.237395	0.005479
3.238377	0.005432
3.239360	0.005385
3.240343	0.005339
3.241326	0.005293
3.242308	0.005248
3.243291	0.005203
3.244274	0.005158
3.245257	0.005114
3.246239	0.005071
3.247222	0.005027
3.248205	0.004985
3.249188	0.004942
3.250171	0.004900
3.251153	0.004859
3.252136	0.004818
3.253119	0.004777
3.254102	0.004736
3.255084	0.004696
3.256067	0.004657
3.257050	0.004617
3.258033	0.004579
3.259016	0.004540
3.259998	0.004502
3.260981	0.004464
3.261964	0.004426
3.262947	0.004389
3.263929	0.004353
3.264912	0.004316
3.265895	0.004280
3.266878	0.004244
3.267861	0.004209
3.268843	0.004174
3.269826	0.004139
3.270809	0.004104
3.271792	0.004070
3.272774	0.004036
3.273757	0.004003
3.274740	0.003970
3.275723	0.003937
3.276706	0.003904
3.277688	0.003872
3.278671	0.003840
3.279654	0.003808
3.280637	0.003776
3.281619	0.003745
3.282602	0.003714
3.283585	0.003684
3.284568	0.003653
3.285551	0.003623
3.286533	0.003593
3.287516	0.003564
3.288499	0.003534
3.289482	0.003505
3.290464	0.003477
3.291447	0.003448
3.292430	0.003420
3.293413	0.003392
3.294395	0.003364
3.295378	0.003336
3.296361	0.003309
3.297344	0.003282
3.298327	0.003255
3.299309	0.003228
3.300292	0.003202
3.301275	0.003176
3.302258	0.003150
3.303240	0.003124
3.304223	0.003099
3.305206	0.003073
3.306189	0.003048
3.307172	0.003024
3.308154	0.002999
3.309137	0.002975
3.310120	0.002950
3.311103	0.002926
3.312085	0.002902
3.313068	0.002879
3.314051	0.002855
3.315034	0.002832
3.316017	0.002809
3.316999	0.002786
3.317982	0.002764
3.318965	0.002741
3.319948	0.002719
3.320930	0.002697
3.321913	0.002675
3.322896	0.002653
3.323879	0.002632
3.324862	0.002611
3.325844	0.002589
3.326827	0.002568
3.327810	0.002547
3.328793	0.002527
3.329775	0.002506
3.330758	0.002486
3.331741	0.002466
3.332724	0.002446
3.333707	0.002426
3.334689	0.002406
3.335672	0.002387
3.336655	0.002367
3.337638	0.002348
3.338620	0.002329
3.339603	0.002310
3.340586	0.002292
3.341569	0.002273
3.342551	0.002255
3.343534	0.002236
3.344517	0.002218
3.345500	0.002200
3.346483	0.002182
3.347465	0.002164
3.348448	0.002147
3.349431	0.002129
3.350414	0.002112
3.351396	0.002095
3.352379	0.002078
3.353362	0.002061
3.354345	0.002044
3.355328	0.002028
3.356310	0.002011
3.357293	0.001995
3.358276	0.001978
3.359259	0.001962
3.360241	0.001946
3.361224	0.001930
3.362207	0.001914
3.363190	0.001899
3.364173	0.001883
3.365155	0.001868
3.366138	0.001853
3.367121	0.001837
3.368104	0.001822
3.369086	0.001807
3.370069	0.001792
3.371052	0.001778
3.372035	0.001763
3.373018	0.001749
3.374000	0.001734
3.374983	0.001720
3.375966	0.001706
3.376949	0.001692
3.377931	0.001678
3.378914	0.001664
3.379897	0.001650
3.380880	0.001636
3.381863	0.001623
3.382845	0.001609
3.383828	0.001596
3.384811	0.001583
3.385794	0.001569
3.386776	0.001556
3.387759	0.001543
3.388742	0.001530
3.389725	0.001518
3.390708	0.001505
3.391690	0.001492
3.392673	0.001480
3.393656	0.001467
3.394639	0.001455
3.395621	0.001442
3.396604	0.001430
3.397587	0.001418
3.398570	0.001406
3.399552	0.001394
3.400535	0.001382
3.401518	0.001371
3.402501	0.001359
3.403484	0.001347
3.404466	0.001336
3.405449	0.001324
3.406432	0.001313
3.407415	0.001302
3.408397	0.001290
3.409380	0.001279
3.410363	0.001268
3.411346	0.001257
3.412329	0.001246
3.413311	0.001235
3.414294	0.001225
3.415277	0.001214
3.416260	0.001203
3.417242	0.001193
3.418225	0.001182
3.419208	0.001172
3.420191	0.001161
3.421174	0.001151
3.422156	0.001141
3.423139	0.001131
3.424122	0.001121
3.425105	0.001111
3.426087	0.001101
3.427070	0.001091
3.428053	0.001081
3.429036	0.001071
3.430019	0.001061
3.431001	0.001052
3.431984	0.001042
3.432967	0.001033
3.433950	0.001023
3.434932	0.001014
3.435915	0.001004
3.436898	0.000995
3.437881	0.000986
3.438864	0.000977
3.439846	0.000967
3.440829	0.000958
3.441812	0.000949
3.442795	0.000940
3.443777	0.000931
3.444760	0.000923
3.445743	0.000914
3.446726	0.000905
3.447708	0.000896
3.448691	0.000888
3.449674	0.000879
3.450657	0.000871
3.451640	0.000862
3.452622	0.000854
3.453605	0.000845
3.454588	0.000837
3.455571	0.000828
3.456553	0.000820
3.457536	0.000812
3.458519	0.000804
3.459502	0.000796
3.460485	0.000788
3.461467	0.000779
3.462450	0.000771
3.463433	0.000764
3.464416	0.000756
3.465398	0.000748
3.466381	0.000740
3.467364	0.000732
3.468347	0.000724
3.469330	0.000717
3.470312	0.000709
3.471295	0.000701
3.472278	0.000694
3.473261	0.000686
3.474243	0.000679
3.475226	0.000671
3.476209	0.000664
3.477192	0.000656
3.478175	0.000649
3.479157	0.000642
3.480140	0.000634
3.481123	0.000627
3.482106	0.000620
3.483088	0.000613
3.484071	0.000605
3.485054	0.000598
3.486037	0.000591
3.487020	0.000584
3.488002	0.000577
3.488985	0.000570
3.489968	0.000563
3.490951	0.000556
3.491933	0.000549
3.492916	0.000542
3.493899	0.000535
3.494882	0.000529
3.495864	0.000522
3.496847	0.000515
3.497830	0.000508
3.498813	0.000502
3.499796	0.000495
3.500778	0.000488
3.501761	0.000482
3.502744	0.000475
3.503727	0.000468
3.504709	0.000462
3.505692	0.000455
3.506675	0.000449
3.507658	0.000442
3.508641	0.000436
3.509623	0.000429
3.510606	0.000423
3.511589	0.000417
3.512572	0.000410
3.513554	0.000404
3.514537	0.000398
3.515520	0.000391
3.516503	0.000385
3.517486	0.000379
3.518468	0.000373
3.519451	0.000366
3.520434	0.000360
3.521417	0.000354
3.522399	0.000348
3.523382	0.000342
3.524365	0.000335
3.525348	0.000329
3.526331	0.000323
3.527313	0.000317
3.528296	0.000311
3.529279	0.000305
3.530262	0.000299
3.531244	0.000293
3.532227	0.000287
3.533210	0.000281
3.534193	0.000275
3.535176	0.000269
3.536158	0.000263
3.537141	0.000257
3.538124	0.000251
3.539107	0.000245
3.540089	0.000240
3.541072	0.000234
3.542055	0.000228
3.543038	0.000222
3.544020	0.000216
3.545003	0.000210
3.545986	0.000205
3.546969	0.000199
3.547952	0.000193
3.548934	0.000187
3.549917	0.000181
3.550900	0.000176
3.551883	0.000170
3.552865	0.000164
3.553848	0.000158
3.554831	0.000153
3.555814	0.000147
3.556797	0.000141
3.557779	0.000136
3.558762	0.000130
3.559745	0.000124
3.560728	0.000118
3.561710	0.000113
3.562693	0.000107
3.563676	0.000101
3.564659	0.000096
3.565642	0.000090
3.566624	0.000084
3.567607	0.000079
3.568590	0.000073
3.569573	0.000068
3.570555	0.000062
3.571538	0.000056
3.572521	0.000051
3.573504	0.000045
3.574487	0.000039
3.575469	0.000034
3.576452	0.000028
3.577435	0.000022
3.578418	0.000017
3.579400	0.000011
3.580375	0.000006
3.581350	0.000011
3.582325	0.000017
3.583300	0.000022
3.584274	0.000027
3.585249	0.000033
3.586224	0.000038
3.587199	0.000043
3.588174	0.000048
3.589148	0.000053
3.590123	0.000059
3.591098	0.000064
3.592073	0.000069
3.593048	0.000074
3.594022	0.000078
3.594997	0.000083
3.595972	0.000088
3.596947	0.000093
3.597921	0.000098
3.598896	0.000103
3.599871	0.000107
3.600846	0.000112
3.601821	0.000117
3.602795	0.000121
3.603770	0.000126
3.604745	0.000130
3.605720	0.000135
3.606695	0.000139
3.607669	0.000144
3.608644	0.000148
3.609619	0.000153
3.610594	0.000157
3.611569	0.000161
3.612543	0.000165
3.613518	0.000170
3.614493	0.000174
3.615468	0.000178
3.616443	0.000182
3.617417	0.000186
3.618392	0.000191
3.619367	0.000195
3.620342	0.000199
3.621316	0.000203
3.622291	0.000207
3.623266	0.000211
3.624241	0.000214
3.625216	0.000218
3.626190	0.000222
3.627165	0.000226
3.628140	0.000230
3.629115	0.000234
3.630090	0.000237
3.631064	0.000241
3.632039	0.000245
3.633014	0.000249
3.633989	0.000252
3.634964	0.000256
3.635938	0.000259
3.636913	0.000263
3.637888	0.000267
3.638863	0.000270
3.639838	0.000274
3.640812	0.000277
3.641787	0.000280
3.642762	0.000284
3.643737	0.000287
3.644711	0.000291
3.645686	0.000294
3.646661	0.000297
3.647636	0.000301
3.648611	0.000304
3.649585	0.000307
3.650560	0.000310
3.651535	0.000313
3.652510	0.000317
3.653485	0.000320
3.654459	0.000323
3.655434	0.000326
3.656409	0.000329
3.657384	0.000332
3.658359	0.000335
3.659333	0.000338
3.660308	0.000341
3.661283	0.000344
3.662258	0.000347
3.663233	0.000350
3.664207	0.000353
3.665182	0.000355
3.666157	0.000358
3.667132	0.000361
3.668106	0.000364
3.669081	0.000367
3.670056	0.000369
3.671031	0.000372
3.672006	0.000375
3.672980	0.000377
3.673955	0.000380
3.674930	0.000382
3.675905	0.000385
3.676880	0.000388
3.677854	0.000390
3.678829	0.000393
3.679804	0.000395
3.680779	0.000397
3.681754	0.000400
3.682728	0.000402
3.683703	0.000405
3.684678	0.000407
3.685653	0.000409
3.686628	0.000412
3.687602	0.000414
3.688577	0.000416
3.689552	0.000418
3.690527	0.000421
3.691501	0.000423
3.692476	0.000425
3.693451	0.000427
3.694426	0.000429
3.695401	0.000431
3.696375	0.000433
3.697350	0.000435
3.698325	0.000437
3.699300	0.000439
3.700275	0.000441
3.701249	0.000443
3.702224	0.000445
3.703199	0.000447
3.704174	0.000449
3.705149	0.000451
3.706123	0.000453
3.707098	0.000455
3.708073	0.000456
3.709048	0.000458
3.710023	0.000460
3.710997	0.000462
3.711972	0.000463
3.712947	0.000465
3.713922	0.000467
3.714897	0.000468
3.715871	0.000470
3.716846	0.000471
3.717821	0.000473
3.718796	0.000474
3.719770	0.000476
3.720745	0.000477
3.721720	0.000479
3.722695	0.000480
3.723670	0.000482
3.724644	0.000483
3.725619	0.000484
3.726594	0.000486
3.727569	0.000487
3.728544	0.000488
3.729518	0.000490
3.730493	0.000491
3.731468	0.000492
3.732443	0.000493
3.733418	0.000495
3.734392	0.000496
3.735367	0.000497
3.736342	0.000498
3.737317	0.000499
3.738292	0.000500
3.739266	0.000501
3.740241	0.000502
3.741216	0.000503
3.742191	0.000504
3.743165	0.000505
3.744140	0.000506
3.745115	0.000507
3.746090	0.000508
3.747065	0.000509
3.748039	0.000510
3.749014	0.000510
3.749989	0.000511
3.750964	0.000512
3.751939	0.000513
3.752913	0.000513
3.753888	0.000514
3.754863	0.000515
3.755838	0.000515
3.756813	0.000516
3.757787	0.000517
3.758762	0.000517
3.759737	0.000518
3.760712	0.000518
3.761687	0.000519
3.762661	0.000520
3.763636	0.000520
3.764611	0.000520
3.765586	0.000521
3.766560	0.000521
3.767535	0.000522
3.768510	0.000522
3.769485	0.000523
3.770460	0.000523
3.771434	0.000523
3.772409	0.000523
3.773384	0.000524
3.774359	0.000524
3.775334	0.000524
3.776308	0.000524
3.777283	0.000525
3.778258	0.000525
3.779233	0.000525
3.780208	0.000525
3.781182	0.000525
3.782157	0.000525
3.783132	0.000525
3.784107	0.000525
3.785082	0.000525
3.786056	0.000525
3.787031	0.000525
3.788006	0.000525
3.788981	0.000525
3.789955	0.000525
3.790930	0.000525
3.791905	0.000525
3.792880	0.000525
3.793855	0.000525
3.794829	0.000525
3.795804	0.000524
3.796779	0.000524
3.797754	0.000524
3.798729	0.000524
3.799703	0.000523
3.800678	0.000523
3.801653	0.000523
3.802628	0.000523
3.803603	0.000522
3.804577	0.000522
3.805552	0.000521
3.806527	0.000521
3.807502	0.000521
3.808477	0.000520
3.809451	0.000520
3.810426	0.000519
3.811401	0.000519
3.812376	0.000518
3.813350	0.000518
3.814325	0.000517
3.815300	0.000517
3.816275	0.000516
3.817250	0.000515
3.818224	0.000515
3.819199	0.000514
3.820174	0.000513
3.821149	0.000513
3.822124	0.000512
3.823098	0.000511
3.824073	0.000511
3.825048	0.000510
3.826023	0.000509
3.826998	0.000508
3.827972	0.000507
3.828947	0.000507
3.829922	0.000506
3.830897	0.000505
3.831872	0.000504
3.832846	0.000503
3.833821	0.000502
3.834796	0.000501
3.835771	0.000500
3.836746	0.000499
3.837720	0.000499
3.838695	0.000498
3.839670	0.000497
3.840645	0.000496
3.841619	0.000494
3.842594	0.000493
3.843569	0.000492
3.844544	0.000491
3.845519	0.000490
3.846493	0.000489
3.847468	0.000488
3.848443	0.000487
3.849418	0.000486
3.850393	0.000484
3.851367	0.000483
3.852342	0.000482
3.853317	0.000481
3.854292	0.000480
3.855267	0.000478
3.856241	0.000477
3.857216	0.000476
3.858191	0.000474
3.859166	0.000473
3.860141	0.000472
3.861115	0.000471
3.862090	0.000469
3.863065	0.000468
3.864040	0.000466
3.865014	0.000465
3.865989	0.000464
3.866964	0.000462
3.867939	0.000461
3.868914	0.000459
3.869888	0.000458
3.870863	0.000456
3.871838	0.000455
3.872813	0.000453
3.873788	0.000452
3.874762	0.000450
3.875737	0.000449
3.876712	0.000447
3.877687	0.000446
3.878662	0.000444
3.879636	0.000442
3.880611	0.000441
3.881586	0.000439
3.882561	0.000438
3.883536	0.000436
3.884510	0.000434
3.885485	0.000433
3.886460	0.000431
3.887435	0.000429
3.888409	0.000428
3.889384	0.000426
3.890359	0.000424
3.891334	0.000422
3.892309	0.000421
3.893283	0.000419
3.894258	0.000417
3.895233	0.000415
3.896208	0.000413
3.897183	0.000412
3.898157	0.000410
3.899132	0.000408
3.900107	0.000406
3.901082	0.000404
3.902057	0.000402
3.903031	0.000401
3.904006	0.000399
3.904981	0.000397
3.905956	0.000395
3.906931	0.000393
3.907905	0.000391
3.908880	0.000389
3.909855	0.000387
3.910830	0.000385
3.911804	0.000383
3.912779	0.000381
3.913754	0.000379
3.914729	0.000377
3.915704	0.000375
3.916678	0.000373
3.917653	0.000371
3.918628	0.000369
3.919603	0.000367
3.920578	0.000365
3.921552	0.000363
3.922527	0.000361
3.923502	0.000359
3.924477	0.000357
3.925452	0.000355
3.926426	0.000353
3.927401	0.000351
3.928376	0.000348
3.929351	0.000346
3.930326	0.000344
3.931300	0.000342
3.932275	0.000340
3.933250	0.000338
3.934225	0.000336
3.935200	0.000333
3.936174	0.000331
3.937149	0.000329
3.938124	0.000327
3.939099	0.000325
3.940073	0.000322
3.941048	0.000320
3.942023	0.000318
3.942998	0.000316
3.943973	0.000314
3.944947	0.000311
3.945922	0.000309
3.946897	0.000307
3.947872	0.000305
3.948847	0.000302
3.949821	0.000300
3.950796	0.000298
3.951771	0.000295
3.952746	0.000293
3.953721	0.000291
3.954695	0.000289
3.955670	0.000286
3.956645	0.000284
3.957620	0.000282
3.958595	0.000279
3.959569	0.000277
3.960544	0.000275
3.961519	0.000272
3.962494	0.000270
3.963468	0.000268
3.964443	0.000265
3.965418	0.000263
3.966393	0.000261
3.967368	0.000258
3.968342	0.000256
3.969317	0.000253
3.970292	0.000251
3.971267	0.000249
3.972242	0.000246
3.973216	0.000244
3.974191	0.000242
3.975166	0.000239
3.976141	0.000237
3.977116	0.000234
3.978090	0.000232
3.979065	0.000229
3.980040	0.000227
3.981015	0.000225
3.981990	0.000222
3.982964	0.000220
3.983939	0.000217
3.984914	0.000215
3.985889	0.000212
3.986863	0.000210
3.987838	0.000208
3.988813	0.000205
3.989788	0.000203
3.990763	0.000200
3.991737	0.000198
3.992712	0.000195
3.993687	0.000193
3.994662	0.000190
3.995637	0.000188
3.996611	0.000185
3.997586	0.000183
3.998561	0.000180
3.999536	0.000178
4.000511	0.000176
4.001485	0.000173
4.002460	0.000171
4.003435	0.000168
4.004410	0.000166
4.005385	0.000163
4.006359	0.000161
4.007334	0.000158
4.008309	0.000156
4.009284	0.000153
4.010258	0.000151
4.011233	0.000148
4.012208	0.000146
4.013183	0.000143
4.014158	0.000141
4.015132	0.000138
4.016107	0.000136
4.017082	0.000133
4.018057	0.000131
4.019032	0.000128
4.020006	0.000126
4.020981	0.000123
4.021956	0.000121
4.022931	0.000118
4.023906	0.000116
4.024880	0.000113
4.025855	0.000111
4.026830	0.000108
4.027805	0.000106
4.028780	0.000103
4.029754	0.000101
4.030729	0.000098
4.031704	0.000096
4.032679	0.000093
4.033653	0.000091
4.034628	0.000088
4.035603	0.000086
4.036578	0.000083
4.037553	0.000081
4.038527	0.000078
4.039502	0.000076
4.040477	0.000073
4.041452	0.000071
4.042427	0.000068
4.043401	0.000066
4.044376	0.000064
4.045351	0.000061
4.046326	0.000059
4.047301	0.000056
4.048275	0.000054
4.049250	0.000051
4.050225	0.000049
4.051200	0.000046
4.052175	0.000044
4.053149	0.000041
4.054124	0.000039
4.055099	0.000036
4.056074	0.000034
4.057049	0.000032
4.058023	0.000029
4.058998	0.000027
4.059973	0.000024
4.060948	0.000022
4.061922	0.000019
4.062897	0.000017
4.063872	0.000014
4.064847	0.000012
4.065822	0.000010
4.066796	0.000007
4.067779	0.000005
4.068762	0.000010
4.069745	0.000015
4.070728	0.000019
4.071710	0.000024
4.072693	0.000029
4.073676	0.000034
4.074659	0.000039
4.075641	0.000044
4.076624	0.000049
4.077607	0.000053
4.078590	0.000058
4.079573	0.000063
4.080555	0.000068
4.081538	0.000073
4.082521	0.000078
4.083504	0.000083
4.084486	0.000088
4.085469	0.000093
4.086452	0.000097
4.087435	0.000102
4.088417	0.000107
4.089400	0.000112
4.090383	0.000117
4.091366	0.000122
4.092349	0.000127
4.093331	0.000132
4.094314	0.000137
4.095297	0.000142
4.096280	0.000147
4.097262	0.000152
4.098245	0.000157
4.099228	0.000162
4.100211	0.000167
4.101194	0.000172
4.102176	0.000177
4.103159	0.000182
4.104142	0.000187
4.105125	0.000192
4.106107	0.000197
4.107090	0.000202
4.108073	0.000207
4.109056	0.000212
4.110039	0.000217
4.111021	0.000222
4.112004	0.000227
4.112987	0.000232
4.113970	0.000237
4.114952	0.000242
4.115935	0.000248
4.116918	0.000253
4.117901	0.000258
4.118884	0.000263
4.119866	0.000268
4.120849	0.000273
4.121832	0.000279
4.122815	0.000284
4.123797	0.000289
4.124780	0.000294
4.125763	0.000300
4.126746	0.000305
4.127729	0.000310
4.128711	0.000315
4.129694	0.000321
4.130677	0.000326
4.131660	0.000331
4.132642	0.000337
4.133625	0.000342
4.134608	0.000347
4.135591	0.000353
4.136573	0.000358
4.137556	0.000364
4.138539	0.000369
4.139522	0.000375
4.140505	0.000380
4.141487	0.000386
4.142470	0.000391
4.143453	0.000397
4.144436	0.000402
4.145418	0.000408
4.146401	0.000413
4.147384	0.000419
4.148367	0.000424
4.149350	0.000430
4.150332	0.000436
4.151315	0.000441
4.152298	0.000447
4.153281	0.000453
4.154263	0.000458
4.155246	0.000464
4.156229	0.000470
4.157212	0.000476
4.158195	0.000482
4.159177	0.000487
4.160160	0.000493
4.161143	0.000499
4.162126	0.000505
4.163108	0.000511
4.164091	0.000517
4.165074	0.000523
4.166057	0.000529
4.167040	0.000535
4.168022	0.000541
4.169005	0.000547
4.169988	0.000553
4.170971	0.000559
4.171953	0.000565
4.172936	0.000571
4.173919	0.000577
4.174902	0.000583
4.175885	0.000590
4.176867	0.000596
4.177850	0.000602
4.178833	0.000608
4.179816	0.000615
4.180798	0.000621
4.181781	0.000627
4.182764	0.000634
4.183747	0.000640
4.184729	0.000647
4.185712	0.000653
4.186695	0.000660
4.187678	0.000666
4.188661	0.000673
4.189643	0.000679
4.190626	0.000686
4.191609	0.000692
4.192592	0.000699
4.193574	0.000706
4.194557	0.000712
4.195540	0.000719
4.196523	0.000726
4.197506	0.000733
4.198488	0.000740
4.199471	0.000746
4.200454	0.000753
4.201437	0.000760
4.202419	0.000767
4.203402	0.000774
4.204385	0.000781
4.205368	0.000788
4.206351	0.000795
4.207333	0.000802
4.208316	0.000809
4.209299	0.000817
4.210282	0.000824
4.211264	0.000831
4.212247	0.000838
4.213230	0.000846
4.214213	0.000853
4.215196	0.000860
4.216178	0.000868
4.217161	0.000875
4.218144	0.000883
4.219127	0.000890
4.220109	0.000898
4.221092	0.000905
4.222075	0.000913
4.223058	0.000921
4.224041	0.000928
4.225023	0.000936
4.226006	0.000944
4.226989	0.000952
4.227972	0.000959
4.228954	0.000967
4.229937	0.000975
4.230920	0.000983
4.231903	0.000991
4.232885	0.000999
4.233868	0.001007
4.234851	0.001015
4.235834	0.001023
4.236817	0.001032
4.237799	0.001040
4.238782	0.001048
4.239765	0.001056
4.240748	0.001065
4.241730	0.001073
4.242713	0.001081
4.243696	0.001090
4.244679	0.001098
4.245662	0.001107
4.246644	0.001116
4.247627	0.001124
4.248610	0.001133
4.249593	0.001142
4.250575	0.001150
4.251558	0.001159
4.252541	0.001168
4.253524	0.001177
4.254507	0.001186
4.255489	0.001195
4.256472	0.001204
4.257455	0.001213
4.258438	0.001222
4.259420	0.001231
4.260403	0.001240
4.261386	0.001250
4.262369	0.001259
4.263352	0.001268
4.264334	0.001278
4.265317	0.001287
4.266300	0.001297
4.267283	0.001306
4.268265	0.001316
4.269248	0.001325
4.270231	0.001335
4.271214	0.001345
4.272197	0.001354
4.273179	0.001364
4.274162	0.001374
4.275145	0.001384
4.276128	0.001394
4.277110	0.001404
4.278093	0.001414
4.279076	0.001424
4.280059	0.001434
4.281042	0.001445
4.282024	0.001455
4.283007	0.001465
4.283990	0.001476
4.284973	0.001486
4.285955	0.001497
4.286938	0.001507
4.287921	0.001518
4.288904	0.001528
4.289886	0.001539
4.290869	0.001550
4.291852	0.001561
4.292835	0.001572
4.293818	0.001582
4.294800	0.001593
4.295783	0.001605
4.296766	0.001616
4.297749	0.001627
4.298731	0.001638
4.299714	0.001649
4.300697	0.001661
4.301680	0.001672
4.302663	0.001683
4.303645	0.001695
4.304628	0.001706
4.305611	0.001718
4.306594	0.001730
4.307576	0.001741
4.308559	0.001753
4.309542	0.001765
4.310525	0.001777
4.311508	0.001789
4.312490	0.001801
4.313473	0.001813
4.314456	0.001825
4.315439	0.001837
4.316421	0.001849
4.317404	0.001862
4.318387	0.001874
4.319370	0.001887
4.320353	0.001899
4.321335	0.001912
4.322318	0.001924
4.323301	0.001937
4.324284	0.001950
4.325266	0.001963
4.326249	0.001976
4.327232	0.001988
4.328215	0.002001
4.329198	0.002015
4.330180	0.002028
4.331163	0.002041
4.332146	0.002054
4.333129	0.002068
4.334111	0.002081
4.335094	0.002094
4.336077	0.002108
4.337060	0.002122
4.338042	0.002135
4.339025	0.002149
4.340008	0.002163
4.340991	0.002177
4.341974	0.002191
4.342956	0.002205
4.343939	0.002219
4.344922	0.002233
4.345905	0.002247
4.346887	0.002261
4.347870	0.002276
4.348853	0.002290
4.349836	0.002305
4.350819	0.002319
4.351801	0.002334
4.352784	0.002348
4.353767	0.002363
4.354750	0.002378
4.355732	0.002393
4.356715	0.002408
4.357698	0.002423
4.358681	0.002438
4.359664	0.002453
4.360646	0.002469
4.361629	0.002484
4.362612	0.002499
4.363595	0.002515
4.364577	0.002530
4.365560	0.002546
4.366543	0.002562
4.367526	0.002578
4.368509	0.002593
4.369491	0.002609
4.370474	0.002625
4.371457	0.002642
4.372440	0.002658
4.373422	0.002674
4.374405	0.002690
4.375388	0.002707
4.376371	0.002723
4.377354	0.002740
4.378336	0.002756
4.379319	0.002773
4.380302	0.002790
4.381285	0.002806
4.382267	0.002823
4.383250	0.002840
4.384233	0.002857
4.385216	0.002875
4.386198	0.002892
4.387181	0.002909
4.388164	0.002926
4.389147	0.002944
4.390130	0.002961
4.391112	0.002979
4.392095	0.002997
4.393078	0.003015
4.394061	0.003032
4.395043	0.003050
4.396026	0.003068
4.397009	0.003086
4.397992	0.003105
4.398975	0.003123
4.399957	0.003141
4.400940	0.003160
4.401923	0.003178
4.402906	0.003197
4.403888	0.003215
4.404871	0.003234
4.405854	0.003253
4.406837	0.003272
4.407820	0.003291
4.408802	0.003310
4.409785	0.003329
4.410768	0.003348
4.411751	0.003367
4.412733	0.003387
4.413716	0.003406
4.414699	0.003426
4.415682	0.003445
4.416665	0.003465
4.417647	0.003485
4.418630	0.003504
4.419613	0.003524
4.420596	0.003544
4.421578	0.003564
4.422561	0.003585
4.423544	0.003605
4.424527	0.003625
4.425510	0.003646
4.426492	0.003666
4.427475	0.003687
4.428458	0.003707
4.429441	0.003728
4.430423	0.003749
4.431406	0.003770
4.432389	0.003791
4.433372	0.003812
4.434354	0.003833
4.435337	0.003854
4.436320	0.003875
4.437303	0.003897
4.438286	0.003918
4.439268	0.003940
4.440251	0.003961
4.441234	0.003983
4.442217	0.004005
4.443199	0.004027
4.444182	0.004049
4.445165	0.004071
4.446148	0.004093
4.447131	0.004115
4.448113	0.004137
4.449096	0.004160
4.450079	0.004182
4.451062	0.004205
4.452044	0.004227
4.453027	0.004250
4.454010	0.004273
4.454993	0.004296
4.455976	0.004318
4.456958	0.004341
4.457941	0.004365
4.458924	0.004388
4.459907	0.004411
4.460889	0.004434
4.461872	0.004458
4.462855	0.004481
4.463838	0.004505
4.464821	0.004528
4.465803	0.004552
4.466786	0.004576
4.467769	0.004600
4.468752	0.004623
4.469734	0.004647
4.470717	0.004672
4.471700	0.004696
4.472683	0.004720
4.473666	0.004744
4.474648	0.004769
4.475631	0.004793
4.476614	0.004818
4.477597	0.004842
4.478579	0.004867
4.479562	0.004892
4.480545	0.004916
4.481528	0.004941
4.482510	0.004966
4.483493	0.004991
4.484476	0.005016
4.485459	0.005042
4.486442	0.005067
4.487424	0.005092
4.488407	0.005118
4.489390	0.005143
4.490373	0.005169
4.491355	0.005194
4.492338	0.005220
4.493321	0.005246
4.494304	0.005271
4.495287	0.005297
4.496269	0.005323
4.497252	0.005349
4.498235	0.005375
4.499218	0.005402
4.500200	0.005428
4.501183	0.005454
4.502166	0.005480
4.503149	0.005507
4.504132	0.005533
4.505114	0.005560
4.506097	0.005586
4.507080	0.005613
4.508063	0.005640
4.509045	0.005666
4.510028	0.005693
4.511011	0.005720
4.511994	0.005747
4.512977	0.005774
4.513959	0.005801
4.514942	0.005828
4.515925	0.005856
4.516908	0.005883
4.517890	0.005910
4.518873	0.005937
4.519856	0.005965
4.520839	0.005992
4.521822	0.006020
4.522804	0.006047
4.523787	0.006075
4.524770	0.006103
4.525753	0.006130
4.526735	0.006158
4.527718	0.006186
4.528701	0.006214
4.529684	0.006242
4.530667	0.006270
4.531649	0.006298
4.532632	0.006326
4.533615	0.006354
4.534598	0.006382
4.535580	0.006410
4.536563	0.006438
4.537546	0.006466
4.538529	0.006495
4.539511	0.006523
4.540494	0.006551
4.541477	0.006580
4.542460	0.006608
4.543443	0.006637
4.544425	0.006665
4.545408	0.006694
4.546391	0.006722
4.547374	0.006751
4.548356	0.006779
4.549339	0.006808
4.550322	0.006837
4.551305	0.006865
4.552288	0.006894
4.553270	0.006923
4.554253	0.006952
4.555236	0.006980
4.556219	0.007009
4.557201	0.007038
4.558184	0.007067
4.559167	0.007096
4.560150	0.007125
4.561133	0.007154
4.562115	0.007183
4.563098	0.007212
4.564081	0.007241
4.565064	0.007270
4.566046	0.007299
4.567029	0.007328
4.568012	0.007357
4.568995	0.007386
4.569978	0.007415
4.570960	0.007444
4.571943	0.007473
4.572926	0.007502
4.573909	0.007531
4.574891	0.007560
4.575874	0.007589
4.576857	0.007618
4.577840	0.007647
4.578823	0.007676
4.579805	0.007705
4.580788	0.007734
4.581771	0.007763
4.582754	0.007792
4.583736	0.007821
4.584719	0.007850
4.585702	0.007879
4.586685	0.007908
4.587667	0.007937
4.588650	0.007966
4.589633	0.007995
4.590616	0.008024
4.591599	0.008053
4.592581	0.008082
4.593564	0.008111
4.594547	0.008139
4.595530	0.008168
4.596512	0.008197
4.597495	0.008226
4.598478	0.008255
4.599461	0.008283
4.600444	0.008312
4.601426	0.008340
4.602409	0.008369
4.603392	0.008398
4.604375	0.008426
4.605357	0.008455
4.606340	0.008483
4.607323	0.008512
4.608306	0.008540
4.609289	0.008568
4.610271	0.008597
4.611254	0.008625
4.612237	0.008653
4.613220	0.008681
4.614202	0.008709
4.615185	0.008737
4.616168	0.008765
4.617151	0.008793
4.618134	0.008821
4.619116	0.008849
4.620099	0.008877
4.621082	0.008904
4.622065	0.008932
4.623047	0.008960
4.624030	0.008987
4.625013	0.009015
4.625996	0.009042
4.626979	0.009069
4.627961	0.009097
4.628944	0.009124
4.629927	0.009151
4.630910	0.009178
4.631892	0.009205
4.632875	0.009232
4.633858	0.009259
4.634841	0.009286
4.635823	0.009312
4.636806	0.009339
4.637789	0.009365
4.638772	0.009392
4.639755	0.009418
4.640737	0.009444
4.641720	0.009471
4.642703	0.009497
4.643686	0.009523
4.644668	0.009549
4.645651	0.009575
4.646634	0.009600
4.647617	0.009626
4.648600	0.009652
4.649582	0.009677
4.650565	0.009703
4.651548	0.009728
4.652531	0.009753
4.653513	0.009778
4.654496	0.009803
4.655479	0.009828
4.656462	0.009853
4.657445	0.009878
4.658427	0.009903
4.659410	0.009927
4.660393	0.009952
4.661376	0.009976
4.662358	0.010000
4.663341	0.010025
4.664324	0.010049
4.665307	0.010073
4.666290	0.010097
4.667272	0.010120
4.668255	0.010144
4.669238	0.010168
4.670221	0.010191
4.671203	0.010215
4.672186	0.010238
4.673169	0.010261
4.674152	0.010284
4.675135	0.010307
4.676117	0.010330
4.677100	0.010353
4.678083	0.010376
4.679066	0.010398
4.680048	0.010421
4.681031	0.010443
4.682014	0.010466
4.682997	0.010488
4.683979	0.010510
4.684962	0.010532
4.685945	0.010554
4.686928	0.010576
4.687911	0.010598
4.688893	0.010620
4.689876	0.010642
4.690859	0.010663
4.691842	0.010685
4.692824	0.010706
4.693807	0.010728
4.694790	0.010749
4.695773	0.010771
4.696756	0.010792
4.697738	0.010813
4.698721	0.010834
4.699704	0.010856
4.700687	0.010877
4.701669	0.010898
4.702652	0.010919
4.703635	0.010940
4.704618	0.010961
4.705601	0.010982
4.706583	0.011003
4.707566	0.011025
4.708549	0.011046
4.709532	0.011067
4.710514	0.011088
4.711497	0.011110
4.712480	0.011131
4.713463	0.011152
4.714446	0.011174
4.715428	0.011196
4.716411	0.011218
4.717394	0.011240
4.718377	0.011262
4.719359	0.011284
4.720342	0.011306
4.721325	0.011329
4.722308	0.011352
4.723291	0.011375
4.724273	0.011398
4.725256	0.011422
4.726239	0.011446
4.727222	0.011471
4.728204	0.011496
4.729187	0.011521
4.730170	0.011546
4.731153	0.011573
4.732135	0.011599
4.733118	0.011627
4.734101	0.011655
4.735084	0.011683
4.736067	0.011713
4.737049	0.011743
4.738032	0.011774
4.739015	0.011806
4.739998	0.011839
4.740980	0.011873
4.741963	0.011909
4.742946	0.011946
4.743929	0.011984
4.744912	0.012023
4.745894	0.012065
4.746877	0.012108
4.747860	0.012153
4.748843	0.012201
4.749825	0.012251
4.750808	0.012303
4.751791	0.012359
4.752774	0.012417
4.753757	0.012480
4.754739	0.012546
4.755722	0.012616
4.756705	0.012692
4.757688	0.012773
4.758670	0.012860
4.759653	0.012954
4.760636	0.013055
4.761619	0.013166
4.762602	0.013287
4.763584	0.013419
4.764567	0.013566
4.765550	0.013728
4.766533	0.013909
4.767515	0.014113
4.768498	0.014345
4.769481	0.014610
4.770464	0.014917
4.771447	0.015278
4.772429	0.015709
4.773412	0.016233
4.774395	0.016888
4.775378	0.017731
4.776360	0.018858
4.777343	0.020438
4.778326	0.022770
4.779309	0.026348
4.780292	0.031723
4.781274	0.037588
4.782249	0.037314
4.783224	0.030337
4.784199	0.024107
4.785173	0.019860
4.786148	0.016998
4.787123	0.014984
4.788098	0.013491
4.789073	0.012332
4.790047	0.011398
4.791022	0.010624
4.791997	0.009966
4.792972	0.009396
4.793947	0.008897
4.794921	0.008452
4.795896	0.008053
4.796871	0.007691
4.797846	0.007360
4.798821	0.007057
4.799795	0.006776
4.800770	0.006516
4.801745	0.006273
4.802720	0.006046
4.803694	0.005833
4.804669	0.005632
4.805644	0.005442
4.806619	0.005262
4.807594	0.005091
4.808568	0.004929
4.809543	0.004774
4.810518	0.004626
4.811493	0.004485
4.812468	0.004349
4.813442	0.004219
4.814417	0.004094
4.815392	0.003974
4.816367	0.003858
4.817342	0.003746
4.818316	0.003638
4.819291	0.003534
4.820266	0.003433
4.821241	0.003335
4.822216	0.003240
4.823190	0.003149
4.824165	0.003059
4.825140	0.002973
4.826115	0.002888
4.827090	0.002806
4.828064	0.002727
4.829039	0.002649
4.830014	0.002573
4.830989	0.002499
4.831963	0.002427
4.832938	0.002356
4.833913	0.002287
4.834888	0.002220
4.835863	0.002154
4.836837	0.002089
4.837812	0.002026
4.838787	0.001964
4.839762	0.001903
4.840737	0.001844
4.841711	0.001785
4.842686	0.001728
4.843661	0.001671
4.844636	0.001616
4.845611	0.001561
4.846585	0.001508
4.847560	0.001455
4.848535	0.001403
4.849510	0.001351
4.850485	0.001301
4.851459	0.001251
4.852434	0.001202
4.853409	0.001154
4.854384	0.001106
4.855358	0.001058
4.856333	0.001012
4.857308	0.000966
4.858283	0.000920
4.859258	0.000875
4.860232	0.000830
4.861207	0.000786
4.862182	0.000742
4.863157	0.000698
4.864132	0.000655
4.865106	0.000613
4.866081	0.000570
4.867056	0.000528
4.868031	0.000486
4.869006	0.000445
4.869980	0.000403
4.870955	0.000362
4.871930	0.000321
4.872905	0.000281
4.873880	0.000240
4.874854	0.000200
4.875829	0.000160
4.876804	0.000120
4.877779	0.000080
4.878761	0.000020
4.879744	0.000040
4.880727	0.000060
4.881710	0.000080
4.882693	0.000100
4.883675	0.000120
4.884658	0.000140
4.885641	0.000160
4.886624	0.000179
4.887606	0.000199
4.888589	0.000219
4.889572	0.000238
4.890555	0.000258
4.891538	0.000277
4.892520	0.000296
4.893503	0.000315
4.894486	0.000334
4.895469	0.000353
4.896451	0.000371
4.897434	0.000390
4.898417	0.000408
4.899400	0.000426
4.900383	0.000444
4.901365	0.000462
4.902348	0.000480
4.903331	0.000497
4.904314	0.000514
4.905296	0.000532
4.906279	0.000548
4.907262	0.000565
4.908245	0.000581
4.909228	0.000598
4.910210	0.000614
4.911193	0.000629
4.912176	0.000645
4.913159	0.000660
4.914141	0.000675
4.915124	0.000690
4.916107	0.000705
4.917090	0.000719
4.918072	0.000733
4.919055	0.000747
4.920038	0.000761
4.921021	0.000774
4.922004	0.000787
4.922986	0.000800
4.923969	0.000812
4.924952	0.000825
4.925935	0.000837
4.926917	0.000848
4.927900	0.000860
4.928883	0.000871
4.929866	0.000882
4.930849	0.000893
4.931831	0.000903
4.932814	0.000913
4.933797	0.000923
4.934780	0.000933
4.935762	0.000942
4.936745	0.000951
4.937728	0.000960
4.938711	0.000969
4.939694	0.000977
4.940676	0.000985
4.941659	0.000993
4.942642	0.001001
4.943625	0.001008
4.944607	0.001015
4.945590	0.001022
4.946573	0.001028
4.947556	0.001034
4.948539	0.001040
4.949521	0.001046
4.950504	0.001052
4.951487	0.001057
4.952470	0.001062
4.953452	0.001067
4.954435	0.001071
4.955418	0.001075
4.956401	0.001079
4.957384	0.001083
4.958366	0.001087
4.959349	0.001090
4.960332	0.001093
4.961315	0.001096
4.962297	0.001099
4.963280	0.001101
4.964263	0.001103
4.965246	0.001105
4.966228	0.001107
4.967211	0.001108
4.968194	0.001110
4.969177	0.001111
4.970160	0.001112
4.971142	0.001112
4.972125	0.001113
4.973108	0.001113
4.974091	0.001113
4.975073	0.001113
4.976056	0.001113
4.977039	0.001112
4.978022	0.001112
4.979005	0.001111
4.979987	0.001110
4.980970	0.001108
4.981953	0.001107
4.982936	0.001105
4.983918	0.001103
4.984901	0.001101
4.985884	0.001099
4.986867	0.001097
4.987850	0.001094
4.988832	0.001091
4.989815	0.001088
4.990798	0.001085
4.991781	0.001082
4.992763	0.001079
4.993746	0.001075
4.994729	0.001072
4.995712	0.001068
4.996695	0.001064
4.997677	0.001059
4.998660	0.001055
4.999643	0.001051
5.000626	0.001046
5.001608	0.001041
5.002591	0.001036
5.003574	0.001031
5.004557	0.001026
5.005540	0.001021
5.006522	0.001015
5.007505	0.001010
5.008488	0.001004
5.009471	0.000998
5.010453	0.000992
5.011436	0.000986
5.012419	0.000980
5.013402	0.000973
5.014384	0.000967
5.015367	0.000960
5.016350	0.000953
5.017333	0.000947
5.018316	0.000940
5.019298	0.000932
5.020281	0.000925
5.021264	0.000918
5.022247	0.000911
5.023229	0.000903
5.024212	0.000895
5.025195	0.000888
5.026178	0.000880
5.027161	0.000872
5.028143	0.000864
5.029126	0.000856
5.030109	0.000847
5.031092	0.000839
5.032074	0.000831
5.033057	0.000822
5.034040	0.000813
5.035023	0.000805
5.036006	0.000796
5.036988	0.000787
5.037971	0.000778
5.038954	0.000769
5.039937	0.000760
5.040919	0.000751
5.041902	0.000741
5.042885	0.000732
5.043868	0.000722
5.044851	0.000713
5.045833	0.000703
5.046816	0.000693
5.047799	0.000684
5.048782	0.000674
5.049764	0.000664
5.050747	0.000654
5.051730	0.000644
5.052713	0.000634
5.053696	0.000624
5.054678	0.000613
5.055661	0.000603
5.056644	0.000593
5.057627	0.000582
5.058609	0.000572
5.059592	0.000561
5.060575	0.000551
5.061558	0.000540
5.062540	0.000529
5.063523	0.000519
5.064506	0.000508
5.065489	0.000497
5.066472	0.000486
5.067454	0.000475
5.068437	0.000464
5.069420	0.000453
5.070403	0.000442
5.071385	0.000431
5.072368	0.000420
5.073351	0.000409
5.074334	0.000397
5.075317	0.000386
5.076299	0.000375
5.077282	0.000363
5.078265	0.000352
5.079248	0.000341
5.080230	0.000329
5.081213	0.000318
5.082196	0.000306
5.083179	0.000295
5.084162	0.000283
5.085144	0.000271
5.086127	0.000260
5.087110	0.000248
5.088093	0.000237
5.089075	0.000225
5.090058	0.000213
5.091041	0.000201
5.092024	0.000190
5.093007	0.000178
5.093989	0.000166
5.094972	0.000154
5.095955	0.000142
5.096938	0.000131
5.097920	0.000119
5.098903	0.000107
5.099886	0.000095
5.100869	0.000083
5.101852	0.000071
5.102834	0.000059
5.103817	0.000048
5.104800	0.000036
5.105783	0.000024
5.106765	0.000012
5.107748	0.000000
5.108731	0.000000
5.109714	-0.000000
5.110697	-0.000000
5.111679	-0.000000
5.112662	-0.000000
5.113645	-0.000000
5.114628	-0.000000
5.115610	-0.000000
5.116593	0.000000
5.117576	-0.000000
5.118559	0.000000
5.119541	0.000000
5.120524	0.000000
5.121507	-0.000000
5.122490	0.000000
5.123473	-0.000000
5.124455	0.000000
5.125438	-0.000000
5.126421	-0.000000
5.127404	-0.000000
5.128386	-0.000000
5.129369	0.000000
5.130352	-0.000000
5.131335	-0.000000
5.132318	0.000000
5.133300	0.000000
5.134283	0.000000
5.135266	-0.000000
5.136249	0.000000
5.137231	-0.000000
5.138214	-0.000000
5.139197	0.000000
5.140180	-0.000000
5.141163	0.000000
5.142145	0.000000
5.143128	0.000000
5.144111	-0.000000
5.145094	0.000000
5.146076	-0.000000
5.147059	-0.000000
5.148042	-0.000000
5.149025	0.000000
5.150008	-0.000000
5.150990	0.000000
5.151973	-0.000000
5.152956	0.000000
5.153939	-0.000000
5.154921	-0.000000
5.155904	-0.000000
5.156887	0.000000
5.157870	0.000000
5.158853	-0.000000
5.159835	0.000000
5.160818	0.000000
5.161801	-0.000000
5.162784	-0.000000
5.163766	-0.000000
