0.000983	-0.000000
0.001966	-0.000000
0.002948	0.000000
0.003931	0.000000
0.004914	0.000000
0.005897	-0.000000
0.006879	0.000000
0.007862	-0.000000
0.008845	0.000000
0.009828	0.000000
0.010811	0.000000
0.011793	-0.000000
0.012776	-0.000000
0.013759	-0.000000
0.014742	-0.000000
0.015724	-0.000000
0.016707	0.000000
0.017690	0.000000
0.018673	-0.000000
0.019656	0.000000
0.020638	0.000000
0.021621	-0.000000
0.022604	-0.000000
0.023587	0.000000
0.024569	0.000000
0.025552	0.000000
0.026535	-0.000000
0.027518	0.000000
0.028500	-0.000000
0.029483	-0.000000
0.030466	0.000000
0.031449	0.000000
0.032432	-0.000000
0.033414	-0.000000
0.034397	0.000000
0.035380	-0.000000
0.036363	0.000000
0.037345	-0.000000
0.038328	0.000000
0.039311	0.000000
0.040294	0.000000
0.041277	0.000000
0.042259	-0.000000
0.043242	-0.000000
0.044225	-0.000000
0.045208	-0.000000
0.046190	-0.000000
0.047173	-0.000000
0.048156	-0.000000
0.049139	0.000000
0.050122	0.000000
0.051104	-0.000000
0.052087	0.000000
0.053070	0.000000
0.054053	0.000000
0.055035	-0.000000
0.056018	-0.000000
0.057001	-0.000000
0.057984	0.000000
0.058967	-0.000000
0.059949	-0.000000
0.060932	-0.000000
0.061915	0.000000
0.062898	0.000000
0.063880	-0.000000
0.064863	0.000000
0.065846	-0.000000
0.066829	0.000000
0.067812	0.000000
0.068794	-0.000000
0.069777	-0.000000
0.070760	0.000000
0.071743	-0.000000
0.072725	-0.000000
0.073708	0.000000
0.074691	0.000000
0.075674	-0.000000
0.076656	0.000000
0.077639	-0.000000
0.078622	0.000000
0.079605	-0.000000
0.080588	-0.000000
0.081570	0.000000
0.082553	-0.000000
0.083536	0.000000
0.084519	0.000000
0.085501	-0.000000
0.086484	0.000000
0.087467	-0.000000
0.088450	0.000000
0.089433	0.000000
0.090415	0.000000
0.091398	-0.000000
0.092381	-0.000000
0.093364	-0.000000
0.094346	0.000000
0.095329	-0.000000
0.096312	-0.000000
0.097295	-0.000000
0.098278	-0.000000
0.099260	-0.000000
0.100243	-0.000000
0.101226	-0.000000
0.102209	-0.000000
0.103191	0.000000
0.104174	-0.000000
0.105157	0.000000
0.106140	-0.000000
0.107123	-0.000000
0.108105	-0.000000
0.109088	-0.000000
0.110071	0.000000
0.111054	0.000000
0.112036	-0.000000
0.113019	-0.000000
0.114002	-0.000000
0.114985	-0.000000
0.115968	0.000000
0.116950	-0.000000
0.117933	0.000000
0.118916	-0.000000
0.119899	0.000000
0.120881	-0.000000
0.121864	0.000000
0.122847	-0.000000
0.123830	-0.000000
0.124812	-0.000000
0.125795	-0.000000
0.126778	0.000000
0.127761	-0.000000
0.128744	-0.000000
0.129726	-0.000000
0.130709	0.000000
0.131692	0.000000
0.132675	-0.000000
0.133657	-0.000000
0.134640	-0.000000
0.135623	-0.000000
0.136606	0.000000
0.137589	0.000000
0.138571	-0.000000
0.139554	0.000000
0.140537	-0.000000
0.141520	-0.000000
0.142502	-0.000000
0.143485	-0.000000
0.144468	0.000000
0.145451	-0.000000
0.146434	-0.000000
0.147416	-0.000000
0.148399	0.000000
0.149382	0.000000
0.150365	-0.000000
0.151347	-0.000000
0.152330	0.000000
0.153313	-0.000000
0.154296	0.000000
0.155279	-0.000000
0.156261	-0.000000
0.157244	0.000000
0.158227	0.000000
0.159210	-0.000000
0.160192	0.000000
0.161175	0.000000
0.162158	0.000000
0.163141	0.000000
0.164124	0.000000
0.165106	0.000000
0.166089	-0.000000
0.167072	-0.000000
0.168055	-0.000000
0.169037	0.000000
0.170020	-0.000000
0.171003	0.000000
0.171986	0.000000
0.172969	-0.000000
0.173951	0.000000
0.174934	-0.000000
0.175917	-0.000000
0.176900	0.000000
0.177882	0.000000
0.178865	0.000000
0.179848	-0.000000
0.180831	0.000000
0.181813	-0.000000
0.182796	0.000000
0.183779	0.000000
0.184762	-0.000000
0.185745	-0.000000
0.186727	0.000000
0.187710	-0.000000
0.188693	0.000000
0.189676	0.000000
0.190658	-0.000000
0.191641	0.000000
0.192624	0.000000
0.193607	-0.000000
0.194590	-0.000000
0.195572	0.000000
0.196555	0.000000
0.197538	0.000000
0.198521	0.000000
0.199503	0.000000
0.200486	0.000000
0.201469	0.000000
0.202452	-0.000000
0.203435	0.000000
0.204417	0.000000
0.205400	-0.000000
0.206383	-0.000000
0.207366	-0.000000
0.208348	-0.000000
0.209331	-0.000000
0.210314	0.000000
0.211297	-0.000000
0.212280	0.000000
0.213262	0.000000
0.214245	-0.000000
0.215228	-0.000000
0.216211	0.000000
0.217193	0.000000
0.218176	0.000000
0.219159	-0.000000
0.220142	-0.000000
0.221125	0.000000
0.222107	-0.000000
0.223090	0.000000
0.224073	-0.000000
0.225056	-0.000000
0.226038	-0.000000
0.227021	-0.000000
0.228004	0.000000
0.228987	0.000000
0.229969	0.000000
0.230952	-0.000000
0.231935	0.000000
0.232918	-0.000000
0.233901	-0.000000
0.234883	0.000000
0.235866	-0.000000
0.236849	-0.000000
0.237832	0.000000
0.238814	0.000000
0.239797	-0.000000
0.240780	-0.000000
0.241763	-0.000000
0.242746	0.000000
0.243728	0.000000
0.244711	-0.000000
0.245694	-0.000000
0.246677	-0.000000
0.247659	0.000000
0.248642	-0.000000
0.249625	0.000000
0.250608	-0.000000
0.251591	-0.000000
0.252573	0.000000
0.253556	-0.000000
0.254539	-0.000000
0.255522	-0.000000
0.256504	0.000000
0.257487	0.000000
0.258470	0.000000
0.259453	-0.000000
0.260436	-0.000000
0.261418	0.000000
0.262401	0.000000
0.263384	-0.000000
0.264367	-0.000000
0.265349	-0.000000
0.266332	-0.000000
0.267315	0.000000
0.268298	0.000000
0.269281	-0.000000
0.270263	-0.000000
0.271246	-0.000000
0.272229	-0.000000
0.273212	0.000000
0.274194	0.000000
0.275177	0.000000
0.276160	0.000000
0.277143	0.000000
0.278125	0.000000
0.279108	-0.000000
0.280091	-0.000000
0.281074	0.000000
0.282057	0.000000
0.283039	0.000000
0.284022	0.000000
0.285005	-0.000000
0.285988	-0.000000
0.286962	0.000000
0.287937	0.000000
0.288912	0.000000
0.289887	0.000000
0.290862	-0.000000
0.291836	-0.000000
0.292811	-0.000000
0.293786	0.000000
0.294761	0.000000
0.295736	0.000000
0.296710	0.000000
0.297685	-0.000000
0.298660	0.000000
0.299635	-0.000000
0.300610	-0.000000
0.301584	0.000000
0.302559	0.000000
0.303534	0.000000
0.304509	0.000000
0.305484	-0.000000
0.306458	0.000000
0.307433	-0.000000
0.308408	-0.000000
0.309383	-0.000000
0.310357	0.000000
0.311332	-0.000000
0.312307	0.000000
0.313282	-0.000000
0.314257	0.000000
0.315231	0.000000
0.316206	0.000000
0.317181	-0.000000
0.318156	-0.000000
0.319131	-0.000000
0.320105	-0.000000
0.321080	0.000000
0.322055	-0.000000
0.323030	0.000000
0.324005	-0.000000
0.324979	-0.000000
0.325954	-0.000000
0.326929	0.000000
0.327904	-0.000000
0.328879	-0.000000
0.329853	-0.000000
0.330828	0.000000
0.331803	0.000000
0.332778	0.000000
0.333753	-0.000000
0.334727	0.000000
0.335702	0.000000
0.336677	-0.000000
0.337652	-0.000000
0.338626	0.000000
0.339601	-0.000000
0.340576	-0.000000
0.341551	0.000000
0.342526	0.000000
0.343500	-0.000000
0.344475	0.000000
0.345450	0.000000
0.346425	0.000000
0.347400	0.000000
0.348374	-0.000000
0.349349	-0.000000
0.350324	0.000000
0.351299	-0.000000
0.352274	-0.000000
0.353248	0.000000
0.354223	0.000000
0.355198	0.000000
0.356173	-0.000000
0.357148	-0.000000
0.358122	-0.000000
0.359097	0.000000
0.360072	0.000000
0.361047	-0.000000
0.362021	-0.000000
0.362996	-0.000000
0.363971	-0.000000
0.364946	-0.000000
0.365921	0.000000
0.366895	0.000000
0.367870	0.000000
0.368845	0.000000
0.369820	0.000000
0.370795	0.000000
0.371769	0.000000
0.372744	-0.000000
0.373719	-0.000000
0.374694	0.000000
0.375669	-0.000000
0.376643	-0.000000
0.377618	0.000000
0.378593	0.000000
0.379568	-0.000000
0.380543	-0.000000
0.381517	-0.000000
0.382492	0.000000
0.383475	0.000000
0.384458	-0.000000
0.385440	-0.000000
0.386423	-0.000000
0.387406	-0.000000
0.388389	0.000000
0.389372	-0.000000
0.390354	-0.000000
0.391337	0.000000
0.392320	0.000043
0.393303	0.000087
0.394285	0.000130
0.395268	0.000173
0.396251	0.000216
0.397234	0.000259
0.398217	0.000303
0.399199	0.000346
0.400182	0.000389
0.401165	0.000432
0.402148	0.000475
0.403130	0.000519
0.404113	0.000562
0.405096	0.000605
0.406079	0.000648
0.407061	0.000691
0.408044	0.000734
0.409027	0.000777
0.410010	0.000820
0.410993	0.000862
0.411975	0.000905
0.412958	0.000948
0.413941	0.000991
0.414924	0.001033
0.415906	0.001076
0.416889	0.001118
0.417872	0.001161
0.418855	0.001203
0.419838	0.001246
0.420820	0.001288
0.421803	0.001330
0.422786	0.001373
0.423769	0.001415
0.424751	0.001457
0.425734	0.001499
0.426717	0.001541
0.427700	0.001582
0.428683	0.001624
0.429665	0.001666
0.430648	0.001707
0.431631	0.001749
0.432614	0.001790
0.433596	0.001832
0.434579	0.001873
0.435562	0.001914
0.436545	0.001955
0.437528	0.001996
0.438510	0.002037
0.439493	0.002078
0.440476	0.002118
0.441459	0.002159
0.442441	0.002199
0.443424	0.002240
0.444407	0.002280
0.445390	0.002320
0.446373	0.002360
0.447355	0.002400
0.448338	0.002440
0.449321	0.002479
0.450304	0.002519
0.451286	0.002558
0.452269	0.002597
0.453252	0.002636
0.454235	0.002675
0.455217	0.002714
0.456200	0.002753
0.457183	0.002792
0.458166	0.002830
0.459149	0.002868
0.460131	0.002907
0.461114	0.002945
0.462097	0.002983
0.463080	0.003020
0.464062	0.003058
0.465045	0.003095
0.466028	0.003133
0.467011	0.003170
0.467994	0.003207
0.468976	0.003244
0.469959	0.003280
0.470942	0.003317
0.471925	0.003353
0.472907	0.003389
0.473890	0.003425
0.474873	0.003461
0.475856	0.003497
0.476839	0.003532
0.477821	0.003568
0.478804	0.003603
0.479787	0.003638
0.480770	0.003673
0.481752	0.003707
0.482735	0.003742
0.483718	0.003776
0.484701	0.003810
0.485684	0.003844
0.486666	0.003878
0.487649	0.003911
0.488632	0.003945
0.489615	0.003978
0.490597	0.004011
0.491580	0.004044
0.492563	0.004076
0.493546	0.004109
0.494529	0.004141
0.495511	0.004173
0.496494	0.004205
0.497477	0.004236
0.498460	0.004268
0.499442	0.004299
0.500425	0.004330
0.501408	0.004361
0.502391	0.004391
0.503374	0.004422
0.504356	0.004452
0.505339	0.004482
0.506322	0.004512
0.507305	0.004541
0.508287	0.004571
0.509270	0.004600
0.510253	0.004629
0.511236	0.004657
0.512218	0.004686
0.513201	0.004714
0.514184	0.004742
0.515167	0.004770
0.516150	0.004797
0.517132	0.004825
0.518115	0.004852
0.519098	0.004879
0.520081	0.004906
0.521063	0.004932
0.522046	0.004958
0.523029	0.004984
0.524012	0.005010
0.524995	0.005036
0.525977	0.005061
0.526960	0.005086
0.527943	0.005111
0.528926	0.005136
0.529908	0.005160
0.530891	0.005184
0.531874	0.005208
0.532857	0.005232
0.533840	0.005255
0.534822	0.005278
0.535805	0.005301
0.536788	0.005324
0.537771	0.005347
0.538753	0.005369
0.539736	0.005391
0.540719	0.005413
0.541702	0.005434
0.542685	0.005456
0.543667	0.005477
0.544650	0.005497
0.545633	0.005518
0.546616	0.005538
0.547598	0.005558
0.548581	0.005578
0.549564	0.005598
0.550547	0.005617
0.551530	0.005636
0.552512	0.005655
0.553495	0.005674
0.554478	0.005692
0.555461	0.005710
0.556443	0.005728
0.557426	0.005746
0.558409	0.005763
0.559392	0.005780
0.560374	0.005797
0.561357	0.005814
0.562340	0.005830
0.563323	0.005847
0.564306	0.005862
0.565288	0.005878
0.566271	0.005894
0.567254	0.005909
0.568237	0.005924
0.569219	0.005938
0.570202	0.005953
0.571185	0.005967
0.572168	0.005981
0.573151	0.005995
0.574133	0.006008
0.575116	0.006021
0.576099	0.006034
0.577082	0.006047
0.578064	0.006059
0.579047	0.006072
0.580030	0.006084
0.581013	0.006095
0.581996	0.006107
0.582978	0.006118
0.583961	0.006129
0.584944	0.006140
0.585927	0.006150
0.586909	0.006160
0.587892	0.006170
0.588875	0.006180
0.589858	0.006190
0.590841	0.006199
0.591823	0.006208
0.592806	0.006217
0.593789	0.006225
0.594772	0.006234
0.595754	0.006242
0.596737	0.006250
0.597720	0.006257
0.598703	0.006265
0.599686	0.006272
0.600668	0.006279
0.601651	0.006285
0.602634	0.006292
0.603617	0.006298
0.604599	0.006304
0.605582	0.006310
0.606565	0.006315
0.607548	0.006320
0.608530	0.006325
0.609513	0.006330
0.610496	0.006335
0.611479	0.006339
0.612462	0.006343
0.613444	0.006347
0.614427	0.006351
0.615410	0.006354
0.616393	0.006357
0.617375	0.006360
0.618358	0.006363
0.619341	0.006365
0.620324	0.006368
0.621307	0.006370
0.622289	0.006372
0.623272	0.006373
0.624255	0.006375
0.625238	0.006376
0.626220	0.006377
0.627203	0.006378
0.628186	0.006378
0.629169	0.006378
0.630152	0.006379
0.631134	0.006379
0.632117	0.006378
0.633100	0.006378
0.634083	0.006377
0.635065	0.006376
0.636048	0.006375
0.637031	0.006374
0.638014	0.006372
0.638997	0.006370
0.639979	0.006368
0.640962	0.006366
0.641945	0.006364
0.642928	0.006361
0.643910	0.006358
0.644893	0.006355
0.645876	0.006352
0.646859	0.006349
0.647842	0.006345
0.648824	0.006342
0.649807	0.006338
0.650790	0.006334
0.651773	0.006329
0.652755	0.006325
0.653738	0.006320
0.654721	0.006315
0.655704	0.006310
0.656686	0.006305
0.657669	0.006300
0.658652	0.006294
0.659635	0.006288
0.660618	0.006282
0.661600	0.006276
0.662583	0.006270
0.663566	0.006263
0.664549	0.006257
0.665531	0.006250
0.666514	0.006243
0.667497	0.006236
0.668480	0.006229
0.669463	0.006221
0.670445	0.006213
0.671428	0.006206
0.672411	0.006198
0.673394	0.006189
0.674376	0.006181
0.675359	0.006173
0.676342	0.006164
0.677325	0.006155
0.678308	0.006146
0.679290	0.006137
0.680273	0.006128
0.681256	0.006119
0.682239	0.006109
0.683221	0.006099
0.684204	0.006090
0.685187	0.006080
0.686170	0.006070
0.687153	0.006059
0.688135	0.006049
0.689118	0.006038
0.690101	0.006028
0.691084	0.006017
0.692066	0.006006
0.693049	0.005995
0.694032	0.005984
0.695015	0.005972
0.695998	0.005961
0.696980	0.005949
0.697963	0.005938
0.698946	0.005926
0.699929	0.005914
0.700911	0.005902
0.701894	0.005889
0.702877	0.005877
0.703860	0.005865
0.704842	0.005852
0.705825	0.005839
0.706808	0.005827
0.707791	0.005814
0.708774	0.005801
0.709756	0.005788
0.710739	0.005774
0.711722	0.005761
0.712705	0.005747
0.713687	0.005734
0.714670	0.005720
0.715653	0.005706
0.716636	0.005693
0.717619	0.005679
0.718601	0.005665
0.719584	0.005650
0.720567	0.005636
0.721550	0.005622
0.722532	0.005607
0.723515	0.005593
0.724498	0.005578
0.725481	0.005563
0.726464	0.005549
0.727446	0.005534
0.728429	0.005519
0.729412	0.005504
0.730395	0.005488
0.731377	0.005473
0.732360	0.005458
0.733343	0.005443
0.734326	0.005427
0.735309	0.005412
0.736291	0.005396
0.737274	0.005380
0.738257	0.005365
0.739240	0.005349
0.740222	0.005333
0.741205	0.005317
0.742188	0.005301
0.743171	0.005285
0.744154	0.005269
0.745136	0.005252
0.746119	0.005236
0.747102	0.005220
0.748085	0.005203
0.749067	0.005187
0.750050	0.005170
0.751033	0.005154
0.752016	0.005137
0.752999	0.005120
0.753981	0.005104
0.754964	0.005087
0.755947	0.005070
0.756930	0.005053
0.757912	0.005036
0.758895	0.005019
0.759878	0.005002
0.760861	0.004985
0.761843	0.004968
0.762826	0.004951
0.763809	0.004933
0.764792	0.004916
0.765775	0.004899
0.766757	0.004882
0.767740	0.004864
0.768723	0.004847
0.769706	0.004829
0.770688	0.004812
0.771671	0.004794
0.772654	0.004777
0.773637	0.004759
0.774620	0.004742
0.775602	0.004724
0.776585	0.004706
0.777568	0.004689
0.778551	0.004671
0.779533	0.004653
0.780516	0.004635
0.781499	0.004618
0.782482	0.004600
0.783465	0.004582
0.784447	0.004564
0.785430	0.004546
0.786413	0.004528
0.787396	0.004511
0.788378	0.004493
0.789361	0.004475
0.790344	0.004457
0.791327	0.004439
0.792310	0.004421
0.793292	0.004403
0.794275	0.004385
0.795258	0.004367
0.796241	0.004349
0.797223	0.004331
0.798206	0.004313
0.799189	0.004295
0.800172	0.004277
0.801155	0.004259
0.802137	0.004241
0.803120	0.004223
0.804103	0.004205
0.805086	0.004186
0.806068	0.004168
0.807051	0.004150
0.808034	0.004132
0.809017	0.004114
0.809999	0.004096
0.810982	0.004078
0.811965	0.004060
0.812948	0.004042
0.813931	0.004024
0.814913	0.004006
0.815896	0.003988
0.816879	0.003970
0.817862	0.003952
0.818844	0.003934
0.819827	0.003916
0.820810	0.003898
0.821793	0.003880
0.822776	0.003862
0.823758	0.003844
0.824741	0.003826
0.825724	0.003808
0.826707	0.003790
0.827689	0.003772
0.828672	0.003754
0.829655	0.003736
0.830638	0.003719
0.831621	0.003701
0.832603	0.003683
0.833586	0.003665
0.834569	0.003647
0.835552	0.003629
0.836534	0.003612
0.837517	0.003594
0.838500	0.003576
0.839483	0.003558
0.840466	0.003541
0.841448	0.003523
0.842431	0.003505
0.843414	0.003488
0.844397	0.003470
0.845379	0.003453
0.846362	0.003435
0.847345	0.003418
0.848328	0.003400
0.849311	0.003383
0.850293	0.003365
0.851276	0.003348
0.852259	0.003330
0.853242	0.003313
0.854224	0.003296
0.855207	0.003278
0.856190	0.003261
0.857173	0.003244
0.858155	0.003226
0.859138	0.003209
0.860121	0.003192
0.861104	0.003175
0.862087	0.003158
0.863069	0.003141
0.864052	0.003124
0.865035	0.003107
0.866018	0.003090
0.867000	0.003073
0.867983	0.003056
0.868966	0.003039
0.869949	0.003022
0.870932	0.003005
0.871914	0.002988
0.872897	0.002971
0.873880	0.002955
0.874863	0.002938
0.875845	0.002921
0.876828	0.002905
0.877811	0.002888
0.878794	0.002871
0.879777	0.002855
0.880759	0.002838
0.881742	0.002822
0.882725	0.002805
0.883708	0.002789
0.884690	0.002773
0.885673	0.002756
0.886656	0.002740
0.887639	0.002724
0.888622	0.002708
0.889604	0.002691
0.890587	0.002675
0.891570	0.002659
0.892553	0.002643
0.893535	0.002627
0.894518	0.002611
0.895501	0.002595
0.896484	0.002579
0.897467	0.002563
0.898449	0.002547
0.899432	0.002532
0.900415	0.002516
0.901398	0.002500
0.902380	0.002484
0.903363	0.002469
0.904346	0.002453
0.905329	0.002437
0.906311	0.002422
0.907294	0.002406
0.908277	0.002391
0.909260	0.002376
0.910243	0.002360
0.911225	0.002345
0.912208	0.002329
0.913191	0.002314
0.914174	0.002299
0.915156	0.002284
0.916139	0.002269
0.917122	0.002253
0.918105	0.002238
0.919088	0.002223
0.920070	0.002208
0.921053	0.002193
0.922036	0.002178
0.923019	0.002164
0.924001	0.002149
0.924984	0.002134
0.925967	0.002119
0.926950	0.002104
0.927933	0.002090
0.928915	0.002075
0.929898	0.002060
0.930881	0.002046
0.931864	0.002031
0.932846	0.002017
0.933829	0.002002
0.934812	0.001988
0.935795	0.001973
0.936778	0.001959
0.937760	0.001945
0.938743	0.001931
0.939726	0.001916
0.940709	0.001902
0.941691	0.001888
0.942674	0.001874
0.943657	0.001860
0.944640	0.001846
0.945623	0.001832
0.946605	0.001818
0.947588	0.001804
0.948571	0.001790
0.949554	0.001776
0.950536	0.001762
0.951519	0.001748
0.952502	0.001735
0.953485	0.001721
0.954467	0.001707
0.955450	0.001694
0.956433	0.001680
0.957416	0.001667
0.958399	0.001653
0.959381	0.001640
0.960364	0.001626
0.961347	0.001613
0.962330	0.001599
0.963312	0.001586
0.964295	0.001573
0.965278	0.001559
0.966261	0.001546
0.967244	0.001533
0.968226	0.001520
0.969209	0.001507
0.970192	0.001493
0.971175	0.001480
0.972157	0.001467
0.973140	0.001454
0.974123	0.001441
0.975106	0.001428
0.976089	0.001416
0.977071	0.001403
0.978054	0.001390
0.979037	0.001377
0.980020	0.001364
0.981002	0.001352
0.981985	0.001339
0.982968	0.001326
0.983951	0.001314
0.984934	0.001301
0.985916	0.001288
0.986899	0.001276
0.987882	0.001263
0.988865	0.001251
0.989847	0.001238
0.990830	0.001226
0.991813	0.001214
0.992796	0.001201
0.993779	0.001189
0.994761	0.001177
0.995744	0.001164
0.996727	0.001152
0.997710	0.001140
0.998692	0.001128
0.999675	0.001116
1.000658	0.001103
1.001641	0.001091
1.002624	0.001079
1.003606	0.001067
1.004589	0.001055
1.005572	0.001043
1.006555	0.001031
1.007537	0.001019
1.008520	0.001007
1.009503	0.000996
1.010486	0.000984
1.011468	0.000972
1.012451	0.000960
1.013434	0.000948
1.014417	0.000937
1.015400	0.000925
1.016382	0.000913
1.017365	0.000901
1.018348	0.000890
1.019331	0.000878
1.020313	0.000866
1.021296	0.000855
1.022279	0.000843
1.023262	0.000832
1.024245	0.000820
1.025227	0.000809
1.026210	0.000797
1.027193	0.000786
1.028176	0.000774
1.029158	0.000763
1.030141	0.000752
1.031124	0.000740
1.032107	0.000729
1.033090	0.000718
1.034072	0.000706
1.035055	0.000695
1.036038	0.000684
1.037021	0.000672
1.038003	0.000661
1.038986	0.000650
1.039969	0.000639
1.040952	0.000628
1.041935	0.000616
1.042917	0.000605
1.043900	0.000594
1.044883	0.000583
1.045866	0.000572
1.046848	0.000561
1.047831	0.000550
1.048814	0.000539
1.049797	0.000528
1.050780	0.000517
1.051762	0.000506
1.052745	0.000495
1.053728	0.000484
1.054711	0.000473
1.055693	0.000462
1.056676	0.000451
1.057659	0.000440
1.058642	0.000429
1.059624	0.000418
1.060607	0.000407
1.061590	0.000397
1.062573	0.000386
1.063556	0.000375
1.064538	0.000364
1.065521	0.000353
1.066504	0.000342
1.067487	0.000332
1.068469	0.000321
1.069452	0.000310
1.070435	0.000299
1.071418	0.000288
1.072401	0.000278
1.073383	0.000267
1.074366	0.000256
1.075349	0.000245
1.076332	0.000235
1.077314	0.000224
1.078297	0.000213
1.079280	0.000203
1.080263	0.000192
1.081246	0.000181
1.082228	0.000170
1.083211	0.000160
1.084194	0.000149
1.085177	0.000138
1.086159	0.000128
1.087142	0.000117
1.088125	0.000106
1.089108	0.000096
1.090091	0.000085
1.091073	0.000074
1.092056	0.000064
1.093039	0.000053
1.094022	0.000043
1.095004	0.000032
1.095987	0.000021
1.096970	0.000011
1.097945	0.000016
1.098920	0.000021
1.099894	0.000026
1.100869	0.000032
1.101844	0.000037
1.102819	0.000042
1.103794	0.000048
1.104768	0.000053
1.105743	0.000058
1.106718	0.000064
1.107693	0.000069
1.108667	0.000075
1.109642	0.000080
1.110617	0.000085
1.111592	0.000091
1.112567	0.000096
1.113541	0.000102
1.114516	0.000107
1.115491	0.000112
1.116466	0.000118
1.117441	0.000123
1.118415	0.000129
1.119390	0.000134
1.120365	0.000140
1.121340	0.000145
1.122315	0.000151
1.123289	0.000156
1.124264	0.000161
1.125239	0.000167
1.126214	0.000172
1.127189	0.000178
1.128163	0.000183
1.129138	0.000189
1.130113	0.000194
1.131088	0.000200
1.132062	0.000205
1.133037	0.000211
1.134012	0.000217
1.134987	0.000222
1.135962	0.000228
1.136936	0.000233
1.137911	0.000239
1.138886	0.000244
1.139861	0.000250
1.140836	0.000255
1.141810	0.000261
1.142785	0.000266
1.143760	0.000272
1.144735	0.000278
1.145710	0.000283
1.146684	0.000289
1.147659	0.000294
1.148634	0.000300
1.149609	0.000305
1.150584	0.000311
1.151558	0.000317
1.152533	0.000322
1.153508	0.000328
1.154483	0.000333
1.155457	0.000339
1.156432	0.000345
1.157407	0.000350
1.158382	0.000356
1.159357	0.000361
1.160331	0.000367
1.161306	0.000373
1.162281	0.000378
1.163256	0.000384
1.164231	0.000389
1.165205	0.000395
1.166180	0.000401
1.167155	0.000406
1.168130	0.000412
1.169105	0.000418
1.170079	0.000423
1.171054	0.000429
1.172029	0.000434
1.173004	0.000440
1.173979	0.000446
1.174953	0.000451
1.175928	0.000457
1.176903	0.000462
1.177878	0.000468
1.178852	0.000474
1.179827	0.000479
1.180802	0.000485
1.181777	0.000490
1.182752	0.000496
1.183726	0.000502
1.184701	0.000507
1.185676	0.000513
1.186651	0.000518
1.187626	0.000524
1.188600	0.000530
1.189575	0.000535
1.190550	0.000541
1.191525	0.000546
1.192500	0.000552
1.193474	0.000557
1.194449	0.000563
1.195424	0.000569
1.196399	0.000574
1.197374	0.000580
1.198348	0.000585
1.199323	0.000591
1.200298	0.000596
1.201273	0.000602
1.202247	0.000607
1.203222	0.000613
1.204197	0.000619
1.205172	0.000624
1.206147	0.000630
1.207121	0.000635
1.208096	0.000641
1.209071	0.000646
1.210046	0.000652
1.211021	0.000657
1.211995	0.000663
1.212970	0.000668
1.213945	0.000674
1.214920	0.000679
1.215895	0.000684
1.216869	0.000690
1.217844	0.000695
1.218819	0.000701
1.219794	0.000706
1.220769	0.000712
1.221743	0.000717
1.222718	0.000722
1.223693	0.000728
1.224668	0.000733
1.225643	0.000739
1.226617	0.000744
1.227592	0.000749
1.228567	0.000755
1.229542	0.000760
1.230516	0.000765
1.231491	0.000771
1.232466	0.000776
1.233441	0.000781
1.234416	0.000787
1.235390	0.000792
1.236365	0.000797
1.237340	0.000802
1.238315	0.000808
1.239290	0.000813
1.240264	0.000818
1.241239	0.000823
1.242214	0.000828
1.243189	0.000834
1.244164	0.000839
1.245138	0.000844
1.246113	0.000849
1.247088	0.000854
1.248063	0.000859
1.249038	0.000865
1.250012	0.000870
1.250987	0.000875
1.251962	0.000880
1.252937	0.000885
1.253911	0.000890
1.254886	0.000895
1.255861	0.000900
1.256836	0.000905
1.257811	0.000910
1.258785	0.000915
1.259760	0.000920
1.260735	0.000925
1.261710	0.000930
1.262685	0.000934
1.263659	0.000939
1.264634	0.000944
1.265609	0.000949
1.266584	0.000954
1.267559	0.000959
1.268533	0.000963
1.269508	0.000968
1.270483	0.000973
1.271458	0.000978
1.272433	0.000982
1.273407	0.000987
1.274382	0.000992
1.275357	0.000996
1.276332	0.001001
1.277306	0.001006
1.278281	0.001010
1.279256	0.001015
1.280231	0.001019
1.281206	0.001024
1.282180	0.001028
1.283155	0.001033
1.284130	0.001037
1.285105	0.001042
1.286080	0.001046
1.287054	0.001051
1.288029	0.001055
1.289004	0.001059
1.289979	0.001064
1.290954	0.001068
1.291928	0.001072
1.292903	0.001076
1.293878	0.001081
1.294853	0.001085
1.295828	0.001089
1.296802	0.001093
1.297777	0.001097
1.298752	0.001101
1.299727	0.001105
1.300701	0.001110
1.301676	0.001114
1.302651	0.001118
1.303626	0.001121
1.304601	0.001125
1.305575	0.001129
1.306550	0.001133
1.307525	0.001137
1.308500	0.001141
1.309475	0.001145
1.310449	0.001148
1.311424	0.001152
1.312399	0.001156
1.313374	0.001159
1.314349	0.001163
1.315323	0.001167
1.316298	0.001170
1.317273	0.001174
1.318248	0.001177
1.319223	0.001181
1.320197	0.001184
1.321172	0.001188
1.322147	0.001191
1.323122	0.001194
1.324096	0.001198
1.325071	0.001201
1.326046	0.001204
1.327021	0.001207
1.327996	0.001211
1.328970	0.001214
1.329945	0.001217
1.330920	0.001220
1.331895	0.001223
1.332870	0.001226
1.333844	0.001229
1.334819	0.001232
1.335794	0.001235
1.336769	0.001237
1.337744	0.001240
1.338718	0.001243
1.339693	0.001246
1.340668	0.001248
1.341643	0.001251
1.342618	0.001254
1.343592	0.001256
1.344567	0.001259
1.345542	0.001261
1.346517	0.001264
1.347492	0.001266
1.348466	0.001268
1.349441	0.001271
1.350416	0.001273
1.351391	0.001275
1.352365	0.001277
1.353340	0.001280
1.354315	0.001282
1.355290	0.001284
1.356265	0.001286
1.357239	0.001288
1.358214	0.001290
1.359189	0.001292
1.360164	0.001293
1.361139	0.001295
1.362113	0.001297
1.363088	0.001299
1.364063	0.001300
1.365038	0.001302
1.366013	0.001303
1.366987	0.001305
1.367962	0.001306
1.368937	0.001308
1.369912	0.001309
1.370887	0.001311
1.371861	0.001312
1.372836	0.001313
1.373811	0.001314
1.374786	0.001315
1.375760	0.001316
1.376735	0.001317
1.377710	0.001318
1.378685	0.001319
1.379660	0.001320
1.380634	0.001321
1.381609	0.001322
1.382584	0.001323
1.383559	0.001323
1.384534	0.001324
1.385508	0.001324
1.386483	0.001325
1.387458	0.001325
1.388433	0.001326
1.389408	0.001326
1.390382	0.001326
1.391357	0.001327
1.392332	0.001327
1.393307	0.001327
1.394282	0.001327
1.395256	0.001327
1.396231	0.001327
1.397206	0.001327
1.398181	0.001327
1.399155	0.001326
1.400130	0.001326
1.401105	0.001326
1.402080	0.001325
1.403055	0.001325
1.404029	0.001325
1.405004	0.001324
1.405979	0.001323
1.406954	0.001323
1.407929	0.001322
1.408903	0.001321
1.409878	0.001320
1.410853	0.001319
1.411828	0.001318
1.412803	0.001317
1.413777	0.001316
1.414752	0.001315
1.415727	0.001314
1.416702	0.001313
1.417677	0.001311
1.418651	0.001310
1.419626	0.001308
1.420601	0.001307
1.421576	0.001305
1.422550	0.001304
1.423525	0.001302
1.424500	0.001300
1.425475	0.001298
1.426450	0.001296
1.427424	0.001294
1.428399	0.001292
1.429374	0.001290
1.430349	0.001288
1.431324	0.001286
1.432298	0.001283
1.433273	0.001281
1.434248	0.001279
1.435223	0.001276
1.436198	0.001274
1.437172	0.001271
1.438147	0.001268
1.439122	0.001266
1.440097	0.001263
1.441072	0.001260
1.442046	0.001257
1.443021	0.001254
1.443996	0.001251
1.444971	0.001248
1.445946	0.001244
1.446920	0.001241
1.447895	0.001238
1.448870	0.001234
1.449845	0.001231
1.450819	0.001227
1.451794	0.001223
1.452769	0.001220
1.453744	0.001216
1.454719	0.001212
1.455693	0.001208
1.456668	0.001204
1.457643	0.001200
1.458618	0.001196
1.459593	0.001192
1.460567	0.001188
1.461542	0.001183
1.462517	0.001179
1.463492	0.001174
1.464467	0.001170
1.465441	0.001165
1.466416	0.001160
1.467391	0.001156
1.468366	0.001151
1.469341	0.001146
1.470315	0.001141
1.471290	0.001136
1.472265	0.001131
1.473240	0.001125
1.474214	0.001120
1.475189	0.001115
1.476164	0.001109
1.477139	0.001104
1.478114	0.001098
1.479088	0.001093
1.480063	0.001087
1.481038	0.001081
1.482013	0.001075
1.482988	0.001069
1.483962	0.001063
1.484937	0.001057
1.485912	0.001051
1.486887	0.001045
1.487862	0.001039
1.488836	0.001032
1.489811	0.001026
1.490786	0.001019
1.491761	0.001013
1.492736	0.001006
1.493710	0.000999
1.494685	0.000992
1.495660	0.000986
1.496635	0.000979
1.497609	0.000972
1.498584	0.000964
1.499559	0.000957
1.500534	0.000950
1.501509	0.000943
1.502483	0.000935
1.503458	0.000928
1.504433	0.000920
1.505408	0.000912
1.506383	0.000905
1.507357	0.000897
1.508332	0.000889
1.509307	0.000881
1.510282	0.000873
1.511257	0.000865
1.512231	0.000857
1.513206	0.000848
1.514181	0.000840
1.515156	0.000832
1.516131	0.000823
1.517105	0.000815
1.518080	0.000806
1.519055	0.000797
1.520030	0.000788
1.521004	0.000779
1.521979	0.000771
1.522954	0.000761
1.523929	0.000752
1.524904	0.000743
1.525878	0.000734
1.526853	0.000725
1.527828	0.000715
1.528803	0.000706
1.529778	0.000696
1.530752	0.000686
1.531727	0.000676
1.532702	0.000667
1.533677	0.000657
1.534652	0.000647
1.535626	0.000637
1.536601	0.000626
1.537576	0.000616
1.538551	0.000606
1.539526	0.000595
1.540500	0.000585
1.541475	0.000574
1.542450	0.000564
1.543425	0.000553
1.544399	0.000542
1.545374	0.000531
1.546349	0.000520
1.547324	0.000509
1.548299	0.000498
1.549273	0.000487
1.550248	0.000475
1.551223	0.000464
1.552198	0.000452
1.553173	0.000441
1.554147	0.000429
1.555122	0.000417
1.556097	0.000405
1.557072	0.000393
1.558047	0.000381
1.559021	0.000369
1.559996	0.000357
1.560971	0.000344
1.561946	0.000332
1.562921	0.000319
1.563895	0.000306
1.564870	0.000294
1.565845	0.000281
1.566820	0.000268
1.567795	0.000255
1.568769	0.000242
1.569744	0.000228
1.570719	0.000215
1.571694	0.000201
1.572668	0.000188
1.573643	0.000174
1.574618	0.000160
1.575593	0.000146
1.576568	0.000132
1.577542	0.000118
1.578517	0.000104
1.579492	0.000089
1.580467	0.000075
1.581442	0.000060
1.582416	0.000045
1.583391	0.000030
1.584366	0.000015
1.585349	0.000031
1.586332	0.000046
1.587314	0.000062
1.588297	0.000077
1.589280	0.000092
1.590263	0.000108
1.591245	0.000123
1.592228	0.000139
1.593211	0.000154
1.594194	0.000170
1.595176	0.000185
1.596159	0.000201
1.597142	0.000216
1.598125	0.000232
1.599108	0.000247
1.600090	0.000263
1.601073	0.000278
1.602056	0.000294
1.603039	0.000309
1.604021	0.000325
1.605004	0.000341
1.605987	0.000356
1.606970	0.000372
1.607953	0.000388
1.608935	0.000404
1.609918	0.000419
1.610901	0.000435
1.611884	0.000451
1.612866	0.000467
1.613849	0.000483
1.614832	0.000499
1.615815	0.000515
1.616798	0.000531
1.617780	0.000547
1.618763	0.000563
1.619746	0.000579
1.620729	0.000595
1.621711	0.000611
1.622694	0.000628
1.623677	0.000644
1.624660	0.000660
1.625643	0.000677
1.626625	0.000693
1.627608	0.000709
1.628591	0.000726
1.629574	0.000743
1.630556	0.000759
1.631539	0.000776
1.632522	0.000793
1.633505	0.000810
1.634488	0.000826
1.635470	0.000843
1.636453	0.000860
1.637436	0.000877
1.638419	0.000894
1.639401	0.000912
1.640384	0.000929
1.641367	0.000946
1.642350	0.000964
1.643333	0.000981
1.644315	0.000999
1.645298	0.001016
1.646281	0.001034
1.647264	0.001052
1.648246	0.001069
1.649229	0.001087
1.650212	0.001105
1.651195	0.001123
1.652177	0.001142
1.653160	0.001160
1.654143	0.001178
1.655126	0.001196
1.656109	0.001215
1.657091	0.001234
1.658074	0.001252
1.659057	0.001271
1.660040	0.001290
1.661022	0.001309
1.662005	0.001328
1.662988	0.001347
1.663971	0.001366
1.664954	0.001386
1.665936	0.001405
1.666919	0.001425
1.667902	0.001444
1.668885	0.001464
1.669867	0.001484
1.670850	0.001504
1.671833	0.001524
1.672816	0.001544
1.673799	0.001565
1.674781	0.001585
1.675764	0.001606
1.676747	0.001626
1.677730	0.001647
1.678712	0.001668
1.679695	0.001689
1.680678	0.001710
1.681661	0.001732
1.682644	0.001753
1.683626	0.001775
1.684609	0.001797
1.685592	0.001818
1.686575	0.001840
1.687557	0.001863
1.688540	0.001885
1.689523	0.001907
1.690506	0.001930
1.691489	0.001953
1.692471	0.001976
1.693454	0.001999
1.694437	0.002022
1.695420	0.002045
1.696402	0.002069
1.697385	0.002093
1.698368	0.002117
1.699351	0.002141
1.700333	0.002165
1.701316	0.002189
1.702299	0.002214
1.703282	0.002238
1.704265	0.002263
1.705247	0.002289
1.706230	0.002314
1.707213	0.002339
1.708196	0.002365
1.709178	0.002391
1.710161	0.002417
1.711144	0.002443
1.712127	0.002470
1.713110	0.002496
1.714092	0.002523
1.715075	0.002550
1.716058	0.002577
1.717041	0.002605
1.718023	0.002633
1.719006	0.002660
1.719989	0.002689
1.720972	0.002717
1.721955	0.002746
1.722937	0.002774
1.723920	0.002803
1.724903	0.002833
1.725886	0.002862
1.726868	0.002892
1.727851	0.002922
1.728834	0.002952
1.729817	0.002983
1.730800	0.003014
1.731782	0.003045
1.732765	0.003076
1.733748	0.003108
1.734731	0.003139
1.735713	0.003171
1.736696	0.003204
1.737679	0.003237
1.738662	0.003269
1.739645	0.003303
1.740627	0.003336
1.741610	0.003370
1.742593	0.003404
1.743576	0.003439
1.744558	0.003473
1.745541	0.003508
1.746524	0.003544
1.747507	0.003579
1.748489	0.003615
1.749472	0.003652
1.750455	0.003688
1.751438	0.003725
1.752421	0.003763
1.753403	0.003800
1.754386	0.003838
1.755369	0.003877
1.756352	0.003915
1.757334	0.003955
1.758317	0.003994
1.759300	0.004034
1.760283	0.004074
1.761266	0.004115
1.762248	0.004156
1.763231	0.004197
1.764214	0.004239
1.765197	0.004281
1.766179	0.004324
1.767162	0.004367
1.768145	0.004410
1.769128	0.004454
1.770111	0.004498
1.771093	0.004543
1.772076	0.004588
1.773059	0.004634
1.774042	0.004680
1.775024	0.004726
1.776007	0.004773
1.776990	0.004821
1.777973	0.004869
1.778956	0.004917
1.779938	0.004966
1.780921	0.005016
1.781904	0.005066
1.782887	0.005116
1.783869	0.005167
1.784852	0.005219
1.785835	0.005271
1.786818	0.005323
1.787801	0.005376
1.788783	0.005430
1.789766	0.005484
1.790749	0.005539
1.791732	0.005595
1.792714	0.005651
1.793697	0.005707
1.794680	0.005765
1.795663	0.005822
1.796645	0.005881
1.797628	0.005940
1.798611	0.006000
1.799594	0.006060
1.800577	0.006121
1.801559	0.006183
1.802542	0.006246
1.803525	0.006309
1.804508	0.006373
1.805490	0.006437
1.806473	0.006502
1.807456	0.006568
1.808439	0.006635
1.809422	0.006703
1.810404	0.006771
1.811387	0.006840
1.812370	0.006910
1.813353	0.006981
1.814335	0.007052
1.815318	0.007124
1.816301	0.007197
1.817284	0.007271
1.818267	0.007346
1.819249	0.007422
1.820232	0.007499
1.821215	0.007576
1.822198	0.007655
1.823180	0.007734
1.824163	0.007814
1.825146	0.007896
1.826129	0.007978
1.827112	0.008061
1.828094	0.008145
1.829077	0.008231
1.830060	0.008317
1.831043	0.008404
1.832025	0.008493
1.833008	0.008582
1.833991	0.008673
1.834974	0.008765
1.835957	0.008858
1.836939	0.008952
1.837922	0.009047
1.838905	0.009143
1.839888	0.009241
1.840870	0.009340
1.841853	0.009440
1.842836	0.009541
1.843819	0.009644
1.844801	0.009748
1.845784	0.009853
1.846767	0.009960
1.847750	0.010068
1.848733	0.010178
1.849715	0.010289
1.850698	0.010401
1.851681	0.010515
1.852664	0.010630
1.853646	0.010747
1.854629	0.010866
1.855612	0.010986
1.856595	0.011108
1.857578	0.011231
1.858560	0.011356
1.859543	0.011482
1.860526	0.011611
1.861509	0.011741
1.862491	0.011873
1.863474	0.012007
1.864457	0.012142
1.865440	0.012280
1.866423	0.012419
1.867405	0.012560
1.868388	0.012704
1.869371	0.012849
1.870354	0.012996
1.871336	0.013146
1.872319	0.013297
1.873302	0.013451
1.874285	0.013607
1.875268	0.013765
1.876250	0.013925
1.877233	0.014088
1.878216	0.014253
1.879199	0.014421
1.880181	0.014591
1.881164	0.014763
1.882147	0.014938
1.883130	0.015116
1.884113	0.015296
1.885095	0.015479
1.886078	0.015664
1.887061	0.015853
1.888044	0.016044
1.889026	0.016238
1.890009	0.016435
1.890992	0.016635
1.891975	0.016839
1.892958	0.017045
1.893940	0.017254
1.894923	0.017467
1.895906	0.017683
1.896889	0.017902
1.897871	0.018125
1.898854	0.018351
1.899837	0.018581
1.900820	0.018814
1.901802	0.019051
1.902785	0.019292
1.903768	0.019537
1.904751	0.019785
1.905734	0.020038
1.906716	0.020295
1.907699	0.020555
1.908682	0.020820
1.909665	0.021089
1.910647	0.021363
1.911630	0.021641
1.912613	0.021923
1.913596	0.022210
1.914579	0.022502
1.915561	0.022799
1.916544	0.023100
1.917527	0.023406
1.918510	0.023718
1.919492	0.024034
1.920475	0.024356
1.921458	0.024683
1.922441	0.025015
1.923424	0.025353
1.924406	0.025697
1.925389	0.026046
1.926372	0.026401
1.927355	0.026761
1.928337	0.027128
1.929320	0.027501
1.930303	0.027879
1.931286	0.028264
1.932269	0.028656
1.933251	0.029053
1.934234	0.029457
1.935217	0.029868
1.936200	0.030285
1.937182	0.030708
1.938165	0.031139
1.939148	0.031576
1.940131	0.032020
1.941114	0.032471
1.942096	0.032928
1.943079	0.033393
1.944062	0.033864
1.945045	0.034343
1.946027	0.034828
1.947010	0.035321
1.947993	0.035820
1.948976	0.036326
1.949958	0.036839
1.950941	0.037358
1.951924	0.037885
1.952907	0.038418
1.953890	0.038957
1.954872	0.039503
1.955855	0.040054
1.956838	0.040612
1.957821	0.041176
1.958803	0.041745
1.959786	0.042320
1.960769	0.042900
1.961752	0.043485
1.962735	0.044074
1.963717	0.044668
1.964700	0.045265
1.965683	0.045867
1.966666	0.046472
1.967648	0.047080
1.968631	0.047690
1.969614	0.048303
1.970597	0.048918
1.971580	0.049534
1.972562	0.050151
1.973545	0.050770
1.974528	0.051388
1.975511	0.052007
1.976493	0.052625
1.977476	0.053242
1.978459	0.053859
1.979442	0.054474
1.980425	0.055087
1.981407	0.055698
1.982390	0.056306
1.983373	0.056912
1.984356	0.057515
1.985338	0.058114
1.986321	0.058710
1.987304	0.059302
1.988287	0.059891
1.989270	0.060475
1.990252	0.061054
1.991235	0.061629
1.992218	0.062200
1.993201	0.062766
1.994183	0.063326
1.995166	0.063882
1.996149	0.064433
1.997132	0.064979
1.998114	0.065519
1.999097	0.066054
2.000080	0.066583
2.001063	0.067107
2.002046	0.067626
2.003028	0.068139
2.004011	0.068647
2.004994	0.069149
2.005977	0.069645
2.006959	0.070136
2.007942	0.070621
2.008925	0.071101
2.009908	0.071574
2.010891	0.072042
2.011873	0.072504
2.012856	0.072961
2.013839	0.073411
2.014822	0.073857
2.015804	0.074297
2.016787	0.074732
2.017770	0.075162
2.018753	0.075587
2.019736	0.076007
2.020718	0.076420
2.021701	0.076828
2.022684	0.077230
2.023667	0.077626
2.024649	0.078016
2.025632	0.078401
2.026615	0.078782
2.027598	0.079158
2.028581	0.079530
2.029563	0.079899
2.030546	0.080262
2.031529	0.080621
2.032512	0.080975
2.033494	0.081322
2.034477	0.081663
2.035460	0.081997
2.036443	0.082326
2.037426	0.082648
2.038408	0.082966
2.039391	0.083277
2.040374	0.083584
2.041357	0.083886
2.042339	0.084184
2.043322	0.084479
2.044305	0.084770
2.045288	0.085058
2.046270	0.085344
2.047253	0.085628
2.048236	0.085908
2.049219	0.086184
2.050202	0.086454
2.051184	0.086718
2.052167	0.086975
2.053150	0.087225
2.054133	0.087470
2.055115	0.087709
2.056098	0.087942
2.057081	0.088170
2.058064	0.088392
2.059047	0.088609
2.060029	0.088822
2.061012	0.089030
2.061995	0.089233
2.062978	0.089432
2.063960	0.089627
2.064943	0.089818
2.065926	0.090006
2.066909	0.090190
2.067892	0.090373
2.068874	0.090553
2.069857	0.090732
2.070840	0.090910
2.071823	0.091087
2.072805	0.091260
2.073788	0.091427
2.074771	0.091588
2.075754	0.091741
2.076737	0.091889
2.077719	0.092030
2.078702	0.092165
2.079685	0.092295
2.080668	0.092419
2.081650	0.092538
2.082633	0.092653
2.083616	0.092762
2.084599	0.092866
2.085582	0.092966
2.086564	0.093061
2.087547	0.093151
2.088530	0.093237
2.089513	0.093318
2.090495	0.093395
2.091478	0.093467
2.092461	0.093535
2.093444	0.093598
2.094426	0.093657
2.095409	0.093712
2.096392	0.093763
2.097375	0.093809
2.098358	0.093852
2.099340	0.093890
2.100323	0.093925
2.101306	0.093955
2.102289	0.093982
2.103271	0.094006
2.104254	0.094027
2.105237	0.094046
2.106220	0.094063
2.107203	0.094081
2.108185	0.094100
2.109168	0.094120
2.110151	0.094134
2.111134	0.094142
2.112116	0.094141
2.113099	0.094133
2.114082	0.094118
2.115065	0.094097
2.116048	0.094070
2.117030	0.094038
2.118013	0.094000
2.118996	0.093957
2.119979	0.093909
2.120961	0.093855
2.121944	0.093797
2.122927	0.093735
2.123910	0.093667
2.124893	0.093595
2.125875	0.093517
2.126858	0.093436
2.127841	0.093349
2.128824	0.093258
2.129806	0.093162
2.130789	0.093062
2.131772	0.092957
2.132755	0.092847
2.133738	0.092733
2.134720	0.092614
2.135703	0.092490
2.136686	0.092362
2.137669	0.092229
2.138651	0.092091
2.139634	0.091949
2.140617	0.091802
2.141600	0.091651
2.142583	0.091494
2.143565	0.091333
2.144548	0.091168
2.145531	0.090997
2.146514	0.090822
2.147496	0.090643
2.148479	0.090458
2.149462	0.090269
2.150445	0.090075
2.151427	0.089876
2.152410	0.089672
2.153393	0.089464
2.154376	0.089251
2.155359	0.089033
2.156341	0.088810
2.157324	0.088582
2.158307	0.088350
2.159290	0.088112
2.160272	0.087870
2.161255	0.087623
2.162238	0.087371
2.163221	0.087114
2.164204	0.086853
2.165186	0.086586
2.166169	0.086315
2.167152	0.086040
2.168135	0.085760
2.169117	0.085476
2.170100	0.085189
2.171083	0.084900
2.172066	0.084610
2.173049	0.084325
2.174031	0.084047
2.175014	0.083756
2.175997	0.083453
2.176980	0.083139
2.177962	0.082817
2.178945	0.082486
2.179928	0.082149
2.180911	0.081805
2.181894	0.081454
2.182876	0.081097
2.183859	0.080734
2.184842	0.080365
2.185825	0.079990
2.186807	0.079608
2.187790	0.079221
2.188773	0.078827
2.189756	0.078428
2.190739	0.078023
2.191721	0.077611
2.192704	0.077193
2.193687	0.076770
2.194670	0.076340
2.195652	0.075904
2.196635	0.075462
2.197618	0.075013
2.198601	0.074559
2.199583	0.074098
2.200566	0.073630
2.201549	0.073157
2.202532	0.072677
2.203515	0.072190
2.204497	0.071697
2.205480	0.071197
2.206463	0.070691
2.207446	0.070178
2.208428	0.069659
2.209411	0.069132
2.210394	0.068599
2.211377	0.068059
2.212360	0.067512
2.213342	0.066958
2.214325	0.066397
2.215308	0.065828
2.216291	0.065253
2.217273	0.064670
2.218256	0.064080
2.219239	0.063483
2.220222	0.062878
2.221205	0.062266
2.222187	0.061646
2.223170	0.061018
2.224153	0.060382
2.225136	0.059739
2.226118	0.059087
2.227101	0.058428
2.228084	0.057760
2.229067	0.057085
2.230050	0.056400
2.231032	0.055708
2.232015	0.055006
2.232998	0.054297
2.233981	0.053578
2.234963	0.052850
2.235946	0.052114
2.236929	0.051368
2.237912	0.050613
2.238895	0.049849
2.239877	0.049074
2.240860	0.048291
2.241843	0.047497
2.242826	0.046693
2.243808	0.045879
2.244791	0.045054
2.245774	0.044218
2.246757	0.043372
2.247739	0.042514
2.248722	0.041644
2.249705	0.040763
2.250688	0.039869
2.251671	0.038962
2.252653	0.038041
2.253636	0.037105
2.254619	0.036152
2.255602	0.035181
2.256584	0.034190
2.257567	0.033181
2.258550	0.032168
2.259533	0.031149
2.260516	0.030119
2.261498	0.029074
2.262481	0.028014
2.263464	0.026936
2.264447	0.025841
2.265429	0.024734
2.266412	0.023622
2.267395	0.022509
2.268378	0.021402
2.269361	0.020304
2.270343	0.019220
2.271326	0.018151
2.272309	0.017098
2.273292	0.016061
2.274274	0.015039
2.275257	0.014032
2.276240	0.013038
2.277223	0.012057
2.278206	0.011088
2.279188	0.010129
2.280171	0.009179
2.281154	0.008238
2.282137	0.007305
2.283119	0.006377
2.284102	0.005456
2.285085	0.004540
2.286068	0.003627
2.287051	0.002717
2.288033	0.001810
2.289016	0.000905
2.289999	0.000000
2.290982	0.000000
2.291964	0.000000
2.292947	0.000000
2.293930	0.000000
2.294913	0.000000
2.295895	0.000000
2.296878	0.000000
2.297861	0.000000
2.298844	0.000000
2.299827	0.000000
2.300809	0.000000
2.301792	0.000000
2.302775	0.000000
2.303758	0.000000
2.304740	0.000000
2.305723	0.000000
2.306706	0.000000
2.307689	0.000000
2.308672	0.000000
2.309654	0.000000
2.310637	0.000000
2.311620	0.000000
2.312603	0.000000
2.313585	0.000000
2.314568	0.000000
2.315551	0.000000
2.316534	0.000000
2.317517	0.000000
2.318499	0.000000
2.319482	0.000000
2.320465	0.000000
2.321448	0.000000
2.322430	0.000000
2.323413	0.000000
2.324396	0.000000
2.325379	0.000000
2.326362	0.000000
2.327344	0.000000
2.328327	0.000000
2.329310	0.000000
2.330293	0.000000
2.331275	0.000000
2.332258	0.000000
2.333241	0.000000
2.334224	0.000000
2.335207	0.000000
2.336189	0.000000
2.337172	0.000000
2.338155	0.000000
2.339138	0.000000
2.340120	0.000000
2.341103	0.000000
2.342086	0.000000
2.343069	0.000000
2.344051	0.000000
2.345034	0.000000
2.346017	0.000000
2.347000	0.000000
2.347983	0.000000
2.348965	0.000000
2.349948	0.000000
2.350931	0.000000
2.351914	0.000000
2.352896	0.000000
2.353879	0.000000
2.354862	0.000000
2.355845	0.000000
2.356828	0.000000
2.357810	0.000000
2.358793	0.000000
2.359776	0.000000
2.360759	0.000000
2.361741	0.000000
2.362724	0.000000
2.363707	0.000000
2.364690	0.000000
2.365673	0.000000
2.366655	0.000000
2.367638	0.000000
2.368621	0.000000
2.369604	0.000000
2.370586	0.000000
2.371569	0.000000
2.372552	0.000000
2.373535	0.000000
2.374518	0.000000
2.375500	0.000000
2.376483	0.000000
2.377466	0.000000
2.378449	0.000000
2.379431	0.000000
2.380414	0.000000
2.381397	0.000000
2.382380	0.000000
2.383363	0.000000
2.384345	0.000000
2.385328	0.000000
2.386311	0.000000
2.387294	0.000000
2.388276	0.000000
2.389259	0.000000
2.390242	0.000000
2.391225	0.000000
2.392208	0.000000
2.393190	0.000000
2.394173	0.000000
2.395156	0.000000
2.396139	0.000000
2.397121	0.000000
2.398104	0.000000
2.399087	0.000000
2.400070	0.000000
2.401052	0.000000
2.402035	0.000000
2.403018	0.000000
2.404001	0.000000
2.404984	0.000000
2.405966	0.000000
2.406949	0.000000
2.407932	0.000000
2.408915	0.000000
2.409897	0.000000
2.410880	0.000000
2.411863	0.000000
2.412846	0.000000
2.413829	0.000000
2.414811	0.000000
2.415794	0.000000
2.416777	0.000000
2.417760	0.000000
2.418742	0.000000
2.419725	0.000000
2.420708	0.000000
2.421691	0.000000
2.422674	0.000000
2.423656	0.000000
2.424639	0.000000
2.425622	0.000000
2.426605	0.000000
2.427587	0.000000
2.428570	0.000000
2.429553	0.000000
2.430536	0.000000
2.431519	0.000000
2.432501	0.000000
2.433484	0.000000
2.434467	0.000000
2.435450	0.000000
2.436432	0.000000
2.437415	0.000000
2.438398	0.000000
2.439381	0.000000
2.440364	0.000000
2.441346	0.000000
2.442329	0.000000
2.443312	0.000000
2.444295	0.000000
2.445277	0.000000
2.446260	0.000000
2.447243	0.000000
2.448226	0.000000
2.449208	0.000000
2.450191	0.000000
2.451174	0.000000
2.452157	0.000000
2.453140	0.000000
2.454122	0.000000
2.455105	0.000000
2.456088	0.000000
2.457071	0.000000
2.458053	0.000000
2.459036	0.000000
2.460019	0.000000
2.461002	0.000000
2.461985	0.000000
2.462967	0.000000
2.463950	0.000000
2.464933	0.000000
2.465916	0.000000
2.466898	0.000000
2.467881	0.000000
2.468864	0.000000
2.469847	0.000000
2.470830	0.000000
2.471812	0.000000
2.472795	0.000000
2.473778	0.000000
2.474761	0.000000
2.475743	0.000000
2.476726	0.000000
2.477709	0.000000
2.478692	0.000000
2.479675	0.000000
2.480657	0.000000
2.481640	0.000000
2.482623	0.000000
2.483606	0.000000
2.484588	0.000000
2.485571	0.000000
2.486554	0.000000
2.487537	0.000000
2.488520	0.000000
2.489502	0.000000
2.490485	0.000000
2.491468	0.000000
2.492451	0.000000
2.493433	0.000000
2.494416	0.000000
2.495399	0.000000
2.496382	0.000000
2.497364	0.000000
2.498347	0.000000
2.499330	0.000000
2.500313	0.000000
2.501296	0.000000
2.502278	0.000000
2.503261	0.000000
2.504244	0.000000
2.505227	0.000000
2.506209	0.000000
2.507192	0.000000
2.508175	0.000000
2.509158	0.000000
2.510141	0.000000
2.511123	0.000000
2.512106	0.000000
2.513089	0.000000
2.514072	0.000000
2.515054	0.000000
2.516037	0.000000
2.517020	0.000000
2.518003	0.000000
2.518986	0.000000
2.519968	0.000000
2.520951	0.000000
2.521934	0.000000
2.522917	0.000000
2.523899	0.000000
2.524882	0.000000
2.525865	0.000000
2.526848	0.000000
2.527831	0.000000
2.528813	0.000000
2.529796	0.000000
2.530779	0.000000
2.531762	0.000000
2.532744	0.000000
2.533727	0.000000
2.534710	0.000000
2.535693	0.000000
2.536676	0.000000
2.537658	0.000000
2.538641	0.000000
2.539624	0.000000
2.540607	0.000000
2.541589	0.000000
2.542572	0.000000
2.543555	0.000000
2.544538	0.000000
2.545520	0.000000
2.546503	0.000000
2.547486	0.000000
2.548469	0.000000
2.549452	0.000000
2.550434	0.000000
2.551417	0.000000
2.552400	0.000000
2.553383	0.000000
2.554365	0.000000
2.555348	0.000000
2.556331	0.000000
2.557314	0.000000
2.558297	0.000000
2.559279	0.000000
2.560262	0.000000
2.561245	0.000000
2.562228	0.000000
2.563210	0.000000
2.564193	0.000000
2.565176	0.000000
2.566159	0.000000
2.567142	0.000000
2.568124	0.000000
2.569107	0.000000
2.570090	0.000000
2.571073	0.000000
2.572055	0.000000
2.573038	0.000000
2.574021	0.000000
2.575004	0.000000
2.575987	0.000000
2.576969	0.000000
2.577952	0.000000
2.578935	0.000000
2.579918	0.000000
2.580900	0.000000
2.581883	0.000000
2.582866	0.000000
2.583849	0.000000
2.584832	0.000000
2.585814	0.000000
2.586797	0.000000
2.587780	0.000000
2.588763	0.000000
2.589745	0.000000
2.590728	0.000000
2.591711	0.000000
2.592694	0.000000
2.593676	0.000000
2.594659	0.000000
2.595642	0.000000
2.596625	0.000000
2.597608	0.000000
2.598590	0.000000
2.599573	0.000000
2.600556	0.000000
2.601539	0.000000
2.602521	0.000000
2.603504	0.000000
2.604487	0.000000
2.605470	0.000000
2.606453	0.000000
2.607435	0.000000
2.608418	0.000000
2.609401	0.000000
2.610384	0.000000
2.611366	0.000000
2.612349	0.000000
2.613332	0.000000
2.614315	0.000000
2.615298	0.000000
2.616280	0.000000
2.617263	0.000000
2.618246	0.000000
2.619229	0.000000
2.620211	0.000000
2.621194	0.000000
2.622177	0.000000
2.623160	0.000000
2.624143	0.000000
2.625125	0.000000
2.626108	0.000000
2.627091	0.000000
2.628074	0.000000
2.629056	0.000000
2.630039	0.000000
2.631022	0.000000
2.632005	0.000000
2.632988	0.000000
2.633970	0.000000
2.634953	0.000000
2.635936	0.000000
2.636919	0.000000
2.637901	0.000000
2.638884	0.000000
2.639867	0.000000
2.640850	0.000000
2.641833	0.000000
2.642815	0.000000
2.643798	0.000000
2.644781	0.000000
2.645764	0.000000
2.646746	0.000000
2.647729	0.000000
2.648712	0.000000
2.649695	0.000000
2.650677	0.000000
2.651660	0.000000
2.652643	0.000000
2.653626	0.000000
2.654609	0.000000
2.655591	0.000000
2.656574	0.000000
2.657557	0.000000
2.658540	0.000000
2.659522	0.000000
2.660505	0.000000
2.661488	0.000000
2.662471	0.000000
2.663454	0.000000
2.664436	0.000000
2.665419	0.000000
2.666402	0.000000
2.667385	0.000000
2.668367	0.000000
2.669350	0.000000
2.670333	0.000000
2.671316	0.000000
2.672299	0.000000
2.673281	0.000000
2.674264	0.000000
2.675247	0.000000
2.676230	0.000000
2.677212	0.000000
2.678195	0.000000
2.679178	0.000000
2.680161	0.000000
2.681144	0.000000
2.682126	0.000000
2.683109	0.000000
2.684092	0.000000
2.685075	0.000000
2.686057	0.000000
2.687040	0.000000
2.688023	0.000000
2.689006	0.000000
2.689989	0.000000
2.690971	0.000000
2.691954	0.000000
2.692937	0.000000
2.693920	0.000000
2.694902	0.000000
2.695885	0.000000
2.696868	0.000000
2.697851	0.000000
2.698833	0.000000
2.699816	0.000000
2.700799	0.000000
2.701782	0.000000
2.702765	0.000000
2.703747	0.000000
2.704730	0.000000
2.705713	0.000000
2.706696	0.000000
2.707678	0.000000
2.708661	0.000000
2.709644	0.000000
2.710627	0.000000
2.711610	0.000000
2.712592	0.000000
2.713575	0.000000
2.714558	0.000000
2.715541	0.000000
2.716523	0.000000
2.717506	0.000000
2.718489	0.000000
2.719472	0.000000
2.720455	0.000000
2.721437	0.000000
2.722420	0.000000
2.723403	0.000000
2.724386	0.000000
2.725368	0.000000
2.726351	0.000000
2.727334	0.000000
2.728317	0.000000
2.729300	0.000000
2.730282	0.000000
2.731265	0.000000
2.732248	0.000000
2.733231	0.000000
2.734213	0.000000
2.735196	0.000000
2.736179	0.000000
2.737162	0.000000
2.738145	0.000000
2.739127	0.000000
2.740110	0.000000
2.741093	0.000000
2.742076	0.000000
2.743058	0.000000
2.744041	0.000000
2.745024	0.000000
2.746007	0.000000
2.746989	0.000000
2.747972	0.000000
2.748955	0.000000
2.749938	0.000000
2.750921	0.000000
2.751903	0.000000
2.752886	0.000000
2.753869	0.000000
2.754852	0.000000
2.755834	0.000000
2.756817	0.000000
2.757800	0.000000
2.758783	0.000000
2.759766	0.000000
2.760748	0.000000
2.761731	0.000000
2.762714	0.000000
2.763697	0.000000
2.764679	0.000000
2.765662	0.000000
2.766645	0.000000
2.767628	0.000000
2.768611	0.000000
2.769593	0.000000
2.770576	0.000000
2.771559	0.000000
2.772542	0.000000
2.773524	0.000000
2.774507	0.000000
2.775490	0.000000
2.776473	0.000000
2.777456	0.000000
2.778438	0.000000
2.779421	0.000000
2.780404	0.000000
2.781387	0.000000
2.782369	0.000000
2.783352	0.000000
2.784335	0.000000
2.785318	0.000000
2.786301	0.000000
2.787283	0.000000
2.788266	0.000000
2.789249	0.000000
2.790232	0.000000
2.791214	0.000000
2.792197	0.000000
2.793180	0.000000
2.794163	0.000000
2.795145	0.000000
2.796128	0.000000
2.797111	0.000000
2.798094	0.000000
2.799077	0.000000
2.800059	0.000000
2.801042	0.000000
2.802025	0.000000
2.803008	0.000000
2.803990	0.000000
2.804973	0.000000
2.805956	0.000000
2.806939	0.000000
2.807922	0.000000
2.808904	0.000000
2.809887	0.000000
2.810870	0.000000
2.811853	0.000000
2.812835	0.000000
2.813818	0.000000
2.814801	0.000000
2.815784	0.000000
2.816767	0.000000
2.817749	0.000000
2.818732	0.000000
2.819715	0.000000
2.820698	0.000000
2.821680	0.000000
2.822663	0.000000
2.823646	0.000000
2.824629	0.000000
2.825612	0.000000
2.826594	0.000000
2.827577	0.000000
2.828560	0.000000
2.829543	0.000000
2.830525	0.000000
2.831508	0.000000
2.832491	0.000000
2.833474	0.000000
2.834457	0.000000
2.835439	0.000000
2.836422	0.000000
2.837405	0.000000
2.838388	0.000000
2.839370	0.000000
2.840353	0.000000
2.841336	0.000000
2.842319	0.000000
2.843301	0.000000
2.844284	0.000000
2.845267	0.000000
2.846250	0.000000
2.847233	0.000000
2.848215	0.000000
2.849198	0.000000
2.850181	0.000000
2.851164	0.000000
2.852146	0.000000
2.853129	0.000000
2.854112	0.000000
2.855095	0.000000
2.856078	0.000000
2.857060	0.000000
2.858043	0.000000
2.859026	0.000000
2.860009	0.000000
2.860991	0.000000
2.861974	0.000000
2.862957	0.000000
2.863940	0.000000
2.864923	0.000000
2.865905	0.000000
2.866888	0.000000
2.867871	0.000000
2.868854	0.000000
2.869836	0.000000
2.870819	0.000000
2.871802	0.000000
2.872785	0.000000
2.873768	0.000000
2.874750	0.000000
2.875733	0.000905
2.876716	0.001810
2.877699	0.002717
2.878681	0.003627
2.879664	0.004540
2.880647	0.005456
2.881630	0.006377
2.882613	0.007305
2.883595	0.008238
2.884578	0.009179
2.885561	0.010129
2.886544	0.011088
2.887526	0.012057
2.888509	0.013038
2.889492	0.014032
2.890475	0.015039
2.891458	0.016061
2.892440	0.017098
2.893423	0.018151
2.894406	0.019220
2.895389	0.020304
2.896371	0.021402
2.897354	0.022509
2.898337	0.023622
2.899320	0.024734
2.900302	0.025841
2.901285	0.026936
2.902268	0.028014
2.903251	0.029074
2.904234	0.030119
2.905216	0.031149
2.906199	0.032168
2.907182	0.033181
2.908165	0.034190
2.909147	0.035181
2.910130	0.036152
2.911113	0.037105
2.912096	0.038041
2.913079	0.038962
2.914061	0.039869
2.915044	0.040763
2.916027	0.041644
2.917010	0.042514
2.917992	0.043372
2.918975	0.044218
2.919958	0.045054
2.920941	0.045879
2.921924	0.046693
2.922906	0.047497
2.923889	0.048291
2.924872	0.049074
2.925855	0.049849
2.926837	0.050613
2.927820	0.051368
2.928803	0.052114
2.929786	0.052850
2.930769	0.053578
2.931751	0.054297
2.932734	0.055006
2.933717	0.055708
2.934700	0.056400
2.935682	0.057085
2.936665	0.057760
2.937648	0.058428
2.938631	0.059087
2.939614	0.059739
2.940596	0.060382
2.941579	0.061018
2.942562	0.061646
2.943545	0.062266
2.944527	0.062878
2.945510	0.063483
2.946493	0.064080
2.947476	0.064670
2.948458	0.065253
2.949441	0.065828
2.950424	0.066397
2.951407	0.066958
2.952390	0.067512
2.953372	0.068059
2.954355	0.068599
2.955338	0.069132
2.956321	0.069659
2.957303	0.070178
2.958286	0.070691
2.959269	0.071197
2.960252	0.071697
2.961235	0.072190
2.962217	0.072677
2.963200	0.073157
2.964183	0.073630
2.965166	0.074098
2.966148	0.074559
2.967131	0.075013
2.968114	0.075462
2.969097	0.075904
2.970080	0.076340
2.971062	0.076770
2.972045	0.077193
2.973028	0.077611
2.974011	0.078023
2.974993	0.078428
2.975976	0.078827
2.976959	0.079221
2.977942	0.079608
2.978925	0.079990
2.979907	0.080365
2.980890	0.080734
2.981873	0.081097
2.982856	0.081454
2.983838	0.081805
2.984821	0.082149
2.985804	0.082486
2.986787	0.082817
2.987770	0.083139
2.988752	0.083453
2.989735	0.083756
2.990718	0.084047
2.991701	0.084325
2.992683	0.084610
2.993666	0.084900
2.994649	0.085189
2.995632	0.085476
2.996614	0.085760
2.997597	0.086040
2.998580	0.086315
2.999563	0.086586
3.000546	0.086853
3.001528	0.087114
3.002511	0.087371
3.003494	0.087623
3.004477	0.087870
3.005459	0.088112
3.006442	0.088350
3.007425	0.088582
3.008408	0.088810
3.009391	0.089033
3.010373	0.089251
3.011356	0.089464
3.012339	0.089672
3.013322	0.089876
3.014304	0.090075
3.015287	0.090269
3.016270	0.090458
3.017253	0.090643
3.018236	0.090822
3.019218	0.090997
3.020201	0.091168
3.021184	0.091333
3.022167	0.091494
3.023149	0.091651
3.024132	0.091802
3.025115	0.091949
3.026098	0.092091
3.027081	0.092229
3.028063	0.092362
3.029046	0.092490
3.030029	0.092614
3.031012	0.092733
3.031994	0.092847
3.032977	0.092957
3.033960	0.093062
3.034943	0.093162
3.035926	0.093258
3.036908	0.093349
3.037891	0.093436
3.038874	0.093517
3.039857	0.093595
3.040839	0.093667
3.041822	0.093735
3.042805	0.093797
3.043788	0.093855
3.044770	0.093909
3.045753	0.093957
3.046736	0.094000
3.047719	0.094038
3.048702	0.094070
3.049684	0.094097
3.050667	0.094118
3.051650	0.094133
3.052633	0.094141
3.053615	0.094142
3.054598	0.094134
3.055581	0.094120
3.056564	0.094100
3.057547	0.094081
3.058529	0.094063
3.059512	0.094046
3.060495	0.094027
3.061478	0.094006
3.062460	0.093982
3.063443	0.093955
3.064426	0.093925
3.065409	0.093890
3.066392	0.093852
3.067374	0.093809
3.068357	0.093763
3.069340	0.093712
3.070323	0.093657
3.071305	0.093598
3.072288	0.093535
3.073271	0.093467
3.074254	0.093395
3.075237	0.093318
3.076219	0.093237
3.077202	0.093151
3.078185	0.093061
3.079168	0.092966
3.080150	0.092866
3.081133	0.092762
3.082116	0.092653
3.083099	0.092538
3.084082	0.092419
3.085064	0.092295
3.086047	0.092165
3.087030	0.092030
3.088013	0.091889
3.088995	0.091741
3.089978	0.091588
3.090961	0.091427
3.091944	0.091260
3.092926	0.091087
3.093909	0.090910
3.094892	0.090732
3.095875	0.090553
3.096858	0.090373
3.097840	0.090190
3.098823	0.090006
3.099806	0.089818
3.100789	0.089627
3.101771	0.089432
3.102754	0.089233
3.103737	0.089030
3.104720	0.088822
3.105703	0.088609
3.106685	0.088392
3.107668	0.088170
3.108651	0.087942
3.109634	0.087709
3.110616	0.087470
3.111599	0.087225
3.112582	0.086975
3.113565	0.086718
3.114548	0.086454
3.115530	0.086184
3.116513	0.085908
3.117496	0.085628
3.118479	0.085344
3.119461	0.085058
3.120444	0.084770
3.121427	0.084479
3.122410	0.084184
3.123393	0.083886
3.124375	0.083584
3.125358	0.083277
3.126341	0.082966
3.127324	0.082648
3.128306	0.082326
3.129289	0.081997
3.130272	0.081663
3.131255	0.081322
3.132238	0.080975
3.133220	0.080621
3.134203	0.080262
3.135186	0.079899
3.136169	0.079530
3.137151	0.079158
3.138134	0.078782
3.139117	0.078401
3.140100	0.078016
3.141083	0.077626
3.142065	0.077230
3.143048	0.076828
3.144031	0.076420
3.145014	0.076007
3.145996	0.075587
3.146979	0.075162
3.147962	0.074732
3.148945	0.074297
3.149927	0.073857
3.150910	0.073411
3.151893	0.072961
3.152876	0.072504
3.153859	0.072042
3.154841	0.071574
3.155824	0.071101
3.156807	0.070621
3.157790	0.070136
3.158772	0.069645
3.159755	0.069149
3.160738	0.068647
3.161721	0.068139
3.162704	0.067626
3.163686	0.067107
3.164669	0.066583
3.165652	0.066054
3.166635	0.065519
3.167617	0.064979
3.168600	0.064433
3.169583	0.063882
3.170566	0.063326
3.171549	0.062766
3.172531	0.062200
3.173514	0.061629
3.174497	0.061054
3.175480	0.060475
3.176462	0.059891
3.177445	0.059302
3.178428	0.058710
3.179411	0.058114
3.180394	0.057515
3.181376	0.056912
3.182359	0.056306
3.183342	0.055698
3.184325	0.055087
3.185307	0.054474
3.186290	0.053859
3.187273	0.053242
3.188256	0.052625
3.189239	0.052007
3.190221	0.051388
3.191204	0.050770
3.192187	0.050151
3.193170	0.049534
3.194152	0.048918
3.195135	0.048303
3.196118	0.047690
3.197101	0.047080
3.198083	0.046472
3.199066	0.045867
3.200049	0.045265
3.201032	0.044668
3.202015	0.044074
3.202997	0.043485
3.203980	0.042900
3.204963	0.042320
3.205946	0.041745
3.206928	0.041176
3.207911	0.040612
3.208894	0.040054
3.209877	0.039503
3.210860	0.038957
3.211842	0.038418
3.212825	0.037885
3.213808	0.037358
3.214791	0.036839
3.215773	0.036326
3.216756	0.035820
3.217739	0.035321
3.218722	0.034828
3.219705	0.034343
3.220687	0.033864
3.221670	0.033393
3.222653	0.032928
3.223636	0.032471
3.224618	0.032020
3.225601	0.031576
3.226584	0.031139
3.227567	0.030708
3.228550	0.030285
3.229532	0.029868
3.230515	0.029457
3.231498	0.029053
3.232481	0.028656
3.233463	0.028264
3.234446	0.027879
3.235429	0.027501
3.236412	0.027128
3.237395	0.026761
3.238377	0.026401
3.239360	0.026046
3.240343	0.025697
3.241326	0.025353
3.242308	0.025015
3.243291	0.024683
3.244274	0.024356
3.245257	0.024034
3.246239	0.023718
3.247222	0.023406
3.248205	0.023100
3.249188	0.022799
3.250171	0.022502
3.251153	0.022210
3.252136	0.021923
3.253119	0.021641
3.254102	0.021363
3.255084	0.021089
3.256067	0.020820
3.257050	0.020555
3.258033	0.020295
3.259016	0.020038
3.259998	0.019785
3.260981	0.019537
3.261964	0.019292
3.262947	0.019051
3.263929	0.018814
3.264912	0.018581
3.265895	0.018351
3.266878	0.018125
3.267861	0.017902
3.268843	0.017683
3.269826	0.017467
3.270809	0.017254
3.271792	0.017045
3.272774	0.016839
3.273757	0.016635
3.274740	0.016435
3.275723	0.016238
3.276706	0.016044
3.277688	0.015853
3.278671	0.015664
3.279654	0.015479
3.280637	0.015296
3.281619	0.015116
3.282602	0.014938
3.283585	0.014763
3.284568	0.014591
3.285551	0.014421
3.286533	0.014253
3.287516	0.014088
3.288499	0.013925
3.289482	0.013765
3.290464	0.013607
3.291447	0.013451
3.292430	0.013297
3.293413	0.013146
3.294395	0.012996
3.295378	0.012849
3.296361	0.012704
3.297344	0.012560
3.298327	0.012419
3.299309	0.012280
3.300292	0.012142
3.301275	0.012007
3.302258	0.011873
3.303240	0.011741
3.304223	0.011611
3.305206	0.011482
3.306189	0.011356
3.307172	0.011231
3.308154	0.011108
3.309137	0.010986
3.310120	0.010866
3.311103	0.010747
3.312085	0.010630
3.313068	0.010515
3.314051	0.010401
3.315034	0.010289
3.316017	0.010178
3.316999	0.010068
3.317982	0.009960
3.318965	0.009853
3.319948	0.009748
3.320930	0.009644
3.321913	0.009541
3.322896	0.009440
3.323879	0.009340
3.324862	0.009241
3.325844	0.009143
3.326827	0.009047
3.327810	0.008952
3.328793	0.008858
3.329775	0.008765
3.330758	0.008673
3.331741	0.008582
3.332724	0.008493
3.333707	0.008404
3.334689	0.008317
3.335672	0.008231
3.336655	0.008145
3.337638	0.008061
3.338620	0.007978
3.339603	0.007896
3.340586	0.007814
3.341569	0.007734
3.342551	0.007655
3.343534	0.007576
3.344517	0.007499
3.345500	0.007422
3.346483	0.007346
3.347465	0.007271
3.348448	0.007197
3.349431	0.007124
3.350414	0.007052
3.351396	0.006981
3.352379	0.006910
3.353362	0.006840
3.354345	0.006771
3.355328	0.006703
3.356310	0.006635
3.357293	0.006568
3.358276	0.006502
3.359259	0.006437
3.360241	0.006373
3.361224	0.006309
3.362207	0.006246
3.363190	0.006183
3.364173	0.006121
3.365155	0.006060
3.366138	0.006000
3.367121	0.005940
3.368104	0.005881
3.369086	0.005822
3.370069	0.005765
3.371052	0.005707
3.372035	0.005651
3.373018	0.005595
3.374000	0.005539
3.374983	0.005484
3.375966	0.005430
3.376949	0.005376
3.377931	0.005323
3.378914	0.005271
3.379897	0.005219
3.380880	0.005167
3.381863	0.005116
3.382845	0.005066
3.383828	0.005016
3.384811	0.004966
3.385794	0.004917
3.386776	0.004869
3.387759	0.004821
3.388742	0.004773
3.389725	0.004726
3.390708	0.004680
3.391690	0.004634
3.392673	0.004588
3.393656	0.004543
3.394639	0.004498
3.395621	0.004454
3.396604	0.004410
3.397587	0.004367
3.398570	0.004324
3.399552	0.004281
3.400535	0.004239
3.401518	0.004197
3.402501	0.004156
3.403484	0.004115
3.404466	0.004074
3.405449	0.004034
3.406432	0.003994
3.407415	0.003955
3.408397	0.003915
3.409380	0.003877
3.410363	0.003838
3.411346	0.003800
3.412329	0.003763
3.413311	0.003725
3.414294	0.003688
3.415277	0.003652
3.416260	0.003615
3.417242	0.003579
3.418225	0.003544
3.419208	0.003508
3.420191	0.003473
3.421174	0.003439
3.422156	0.003404
3.423139	0.003370
3.424122	0.003336
3.425105	0.003303
3.426087	0.003269
3.427070	0.003237
3.428053	0.003204
3.429036	0.003171
3.430019	0.003139
3.431001	0.003108
3.431984	0.003076
3.432967	0.003045
3.433950	0.003014
3.434932	0.002983
3.435915	0.002952
3.436898	0.002922
3.437881	0.002892
3.438864	0.002862
3.439846	0.002833
3.440829	0.002803
3.441812	0.002774
3.442795	0.002746
3.443777	0.002717
3.444760	0.002689
3.445743	0.002660
3.446726	0.002633
3.447708	0.002605
3.448691	0.002577
3.449674	0.002550
3.450657	0.002523
3.451640	0.002496
3.452622	0.002470
3.453605	0.002443
3.454588	0.002417
3.455571	0.002391
3.456553	0.002365
3.457536	0.002339
3.458519	0.002314
3.459502	0.002289
3.460485	0.002263
3.461467	0.002238
3.462450	0.002214
3.463433	0.002189
3.464416	0.002165
3.465398	0.002141
3.466381	0.002117
3.467364	0.002093
3.468347	0.002069
3.469330	0.002045
3.470312	0.002022
3.471295	0.001999
3.472278	0.001976
3.473261	0.001953
3.474243	0.001930
3.475226	0.001907
3.476209	0.001885
3.477192	0.001863
3.478175	0.001840
3.479157	0.001818
3.480140	0.001797
3.481123	0.001775
3.482106	0.001753
3.483088	0.001732
3.484071	0.001710
3.485054	0.001689
3.486037	0.001668
3.487020	0.001647
3.488002	0.001626
3.488985	0.001606
3.489968	0.001585
3.490951	0.001565
3.491933	0.001544
3.492916	0.001524
3.493899	0.001504
3.494882	0.001484
3.495864	0.001464
3.496847	0.001444
3.497830	0.001425
3.498813	0.001405
3.499796	0.001386
3.500778	0.001366
3.501761	0.001347
3.502744	0.001328
3.503727	0.001309
3.504709	0.001290
3.505692	0.001271
3.506675	0.001252
3.507658	0.001234
3.508641	0.001215
3.509623	0.001196
3.510606	0.001178
3.511589	0.001160
3.512572	0.001142
3.513554	0.001123
3.514537	0.001105
3.515520	0.001087
3.516503	0.001069
3.517486	0.001052
3.518468	0.001034
3.519451	0.001016
3.520434	0.000999
3.521417	0.000981
3.522399	0.000964
3.523382	0.000946
3.524365	0.000929
3.525348	0.000912
3.526331	0.000894
3.527313	0.000877
3.528296	0.000860
3.529279	0.000843
3.530262	0.000826
3.531244	0.000810
3.532227	0.000793
3.533210	0.000776
3.534193	0.000759
3.535176	0.000743
3.536158	0.000726
3.537141	0.000709
3.538124	0.000693
3.539107	0.000677
3.540089	0.000660
3.541072	0.000644
3.542055	0.000628
3.543038	0.000611
3.544020	0.000595
3.545003	0.000579
3.545986	0.000563
3.546969	0.000547
3.547952	0.000531
3.548934	0.000515
3.549917	0.000499
3.550900	0.000483
3.551883	0.000467
3.552865	0.000451
3.553848	0.000435
3.554831	0.000419
3.555814	0.000404
3.556797	0.000388
3.557779	0.000372
3.558762	0.000356
3.559745	0.000341
3.560728	0.000325
3.561710	0.000309
3.562693	0.000294
3.563676	0.000278
3.564659	0.000263
3.565642	0.000247
3.566624	0.000232
3.567607	0.000216
3.568590	0.000201
3.569573	0.000185
3.570555	0.000170
3.571538	0.000154
3.572521	0.000139
3.573504	0.000123
3.574487	0.000108
3.575469	0.000092
3.576452	0.000077
3.577435	0.000062
3.578418	0.000046
3.579400	0.000031
3.580375	0.000015
3.581350	0.000030
3.582325	0.000045
3.583300	0.000060
3.584274	0.000075
3.585249	0.000089
3.586224	0.000104
3.587199	0.000118
3.588174	0.000132
3.589148	0.000146
3.590123	0.000160
3.591098	0.000174
3.592073	0.000188
3.593048	0.000201
3.594022	0.000215
3.594997	0.000228
3.595972	0.000242
3.596947	0.000255
3.597921	0.000268
3.598896	0.000281
3.599871	0.000294
3.600846	0.000306
3.601821	0.000319
3.602795	0.000332
3.603770	0.000344
3.604745	0.000357
3.605720	0.000369
3.606695	0.000381
3.607669	0.000393
3.608644	0.000405
3.609619	0.000417
3.610594	0.000429
3.611569	0.000441
3.612543	0.000452
3.613518	0.000464
3.614493	0.000475
3.615468	0.000487
3.616443	0.000498
3.617417	0.000509
3.618392	0.000520
3.619367	0.000531
3.620342	0.000542
3.621316	0.000553
3.622291	0.000564
3.623266	0.000574
3.624241	0.000585
3.625216	0.000595
3.626190	0.000606
3.627165	0.000616
3.628140	0.000626
3.629115	0.000637
3.630090	0.000647
3.631064	0.000657
3.632039	0.000667
3.633014	0.000676
3.633989	0.000686
3.634964	0.000696
3.635938	0.000706
3.636913	0.000715
3.637888	0.000725
3.638863	0.000734
3.639838	0.000743
3.640812	0.000752
3.641787	0.000761
3.642762	0.000771
3.643737	0.000779
3.644711	0.000788
3.645686	0.000797
3.646661	0.000806
3.647636	0.000815
3.648611	0.000823
3.649585	0.000832
3.650560	0.000840
3.651535	0.000848
3.652510	0.000857
3.653485	0.000865
3.654459	0.000873
3.655434	0.000881
3.656409	0.000889
3.657384	0.000897
3.658359	0.000905
3.659333	0.000912
3.660308	0.000920
3.661283	0.000928
3.662258	0.000935
3.663233	0.000943
3.664207	0.000950
3.665182	0.000957
3.666157	0.000964
3.667132	0.000972
3.668106	0.000979
3.669081	0.000986
3.670056	0.000992
3.671031	0.000999
3.672006	0.001006
3.672980	0.001013
3.673955	0.001019
3.674930	0.001026
3.675905	0.001032
3.676880	0.001039
3.677854	0.001045
3.678829	0.001051
3.679804	0.001057
3.680779	0.001063
3.681754	0.001069
3.682728	0.001075
3.683703	0.001081
3.684678	0.001087
3.685653	0.001093
3.686628	0.001098
3.687602	0.001104
3.688577	0.001109
3.689552	0.001115
3.690527	0.001120
3.691501	0.001125
3.692476	0.001131
3.693451	0.001136
3.694426	0.001141
3.695401	0.001146
3.696375	0.001151
3.697350	0.001156
3.698325	0.001160
3.699300	0.001165
3.700275	0.001170
3.701249	0.001174
3.702224	0.001179
3.703199	0.001183
3.704174	0.001188
3.705149	0.001192
3.706123	0.001196
3.707098	0.001200
3.708073	0.001204
3.709048	0.001208
3.710023	0.001212
3.710997	0.001216
3.711972	0.001220
3.712947	0.001223
3.713922	0.001227
3.714897	0.001231
3.715871	0.001234
3.716846	0.001238
3.717821	0.001241
3.718796	0.001244
3.719770	0.001248
3.720745	0.001251
3.721720	0.001254
3.722695	0.001257
3.723670	0.001260
3.724644	0.001263
3.725619	0.001266
3.726594	0.001268
3.727569	0.001271
3.728544	0.001274
3.729518	0.001276
3.730493	0.001279
3.731468	0.001281
3.732443	0.001283
3.733418	0.001286
3.734392	0.001288
3.735367	0.001290
3.736342	0.001292
3.737317	0.001294
3.738292	0.001296
3.739266	0.001298
3.740241	0.001300
3.741216	0.001302
3.742191	0.001304
3.743165	0.001305
3.744140	0.001307
3.745115	0.001308
3.746090	0.001310
3.747065	0.001311
3.748039	0.001313
3.749014	0.001314
3.749989	0.001315
3.750964	0.001316
3.751939	0.001317
3.752913	0.001318
3.753888	0.001319
3.754863	0.001320
3.755838	0.001321
3.756813	0.001322
3.757787	0.001323
3.758762	0.001323
3.759737	0.001324
3.760712	0.001325
3.761687	0.001325
3.762661	0.001325
3.763636	0.001326
3.764611	0.001326
3.765586	0.001326
3.766560	0.001327
3.767535	0.001327
3.768510	0.001327
3.769485	0.001327
3.770460	0.001327
3.771434	0.001327
3.772409	0.001327
3.773384	0.001327
3.774359	0.001326
3.775334	0.001326
3.776308	0.001326
3.777283	0.001325
3.778258	0.001325
3.779233	0.001324
3.780208	0.001324
3.781182	0.001323
3.782157	0.001323
3.783132	0.001322
3.784107	0.001321
3.785082	0.001320
3.786056	0.001319
3.787031	0.001318
3.788006	0.001317
3.788981	0.001316
3.789955	0.001315
3.790930	0.001314
3.791905	0.001313
3.792880	0.001312
3.793855	0.001311
3.794829	0.001309
3.795804	0.001308
3.796779	0.001306
3.797754	0.001305
3.798729	0.001303
3.799703	0.001302
3.800678	0.001300
3.801653	0.001299
3.802628	0.001297
3.803603	0.001295
3.804577	0.001293
3.805552	0.001292
3.806527	0.001290
3.807502	0.001288
3.808477	0.001286
3.809451	0.001284
3.810426	0.001282
3.811401	0.001280
3.812376	0.001277
3.813350	0.001275
3.814325	0.001273
3.815300	0.001271
3.816275	0.001268
3.817250	0.001266
3.818224	0.001264
3.819199	0.001261
3.820174	0.001259
3.821149	0.001256
3.822124	0.001254
3.823098	0.001251
3.824073	0.001248
3.825048	0.001246
3.826023	0.001243
3.826998	0.001240
3.827972	0.001237
3.828947	0.001235
3.829922	0.001232
3.830897	0.001229
3.831872	0.001226
3.832846	0.001223
3.833821	0.001220
3.834796	0.001217
3.835771	0.001214
3.836746	0.001211
3.837720	0.001207
3.838695	0.001204
3.839670	0.001201
3.840645	0.001198
3.841619	0.001194
3.842594	0.001191
3.843569	0.001188
3.844544	0.001184
3.845519	0.001181
3.846493	0.001177
3.847468	0.001174
3.848443	0.001170
3.849418	0.001167
3.850393	0.001163
3.851367	0.001159
3.852342	0.001156
3.853317	0.001152
3.854292	0.001148
3.855267	0.001145
3.856241	0.001141
3.857216	0.001137
3.858191	0.001133
3.859166	0.001129
3.860141	0.001125
3.861115	0.001121
3.862090	0.001118
3.863065	0.001114
3.864040	0.001110
3.865014	0.001105
3.865989	0.001101
3.866964	0.001097
3.867939	0.001093
3.868914	0.001089
3.869888	0.001085
3.870863	0.001081
3.871838	0.001076
3.872813	0.001072
3.873788	0.001068
3.874762	0.001064
3.875737	0.001059
3.876712	0.001055
3.877687	0.001051
3.878662	0.001046
3.879636	0.001042
3.880611	0.001037
3.881586	0.001033
3.882561	0.001028
3.883536	0.001024
3.884510	0.001019
3.885485	0.001015
3.886460	0.001010
3.887435	0.001006
3.888409	0.001001
3.889384	0.000996
3.890359	0.000992
3.891334	0.000987
3.892309	0.000982
3.893283	0.000978
3.894258	0.000973
3.895233	0.000968
3.896208	0.000963
3.897183	0.000959
3.898157	0.000954
3.899132	0.000949
3.900107	0.000944
3.901082	0.000939
3.902057	0.000934
3.903031	0.000930
3.904006	0.000925
3.904981	0.000920
3.905956	0.000915
3.906931	0.000910
3.907905	0.000905
3.908880	0.000900
3.909855	0.000895
3.910830	0.000890
3.911804	0.000885
3.912779	0.000880
3.913754	0.000875
3.914729	0.000870
3.915704	0.000865
3.916678	0.000859
3.917653	0.000854
3.918628	0.000849
3.919603	0.000844
3.920578	0.000839
3.921552	0.000834
3.922527	0.000828
3.923502	0.000823
3.924477	0.000818
3.925452	0.000813
3.926426	0.000808
3.927401	0.000802
3.928376	0.000797
3.929351	0.000792
3.930326	0.000787
3.931300	0.000781
3.932275	0.000776
3.933250	0.000771
3.934225	0.000765
3.935200	0.000760
3.936174	0.000755
3.937149	0.000749
3.938124	0.000744
3.939099	0.000739
3.940073	0.000733
3.941048	0.000728
3.942023	0.000722
3.942998	0.000717
3.943973	0.000712
3.944947	0.000706
3.945922	0.000701
3.946897	0.000695
3.947872	0.000690
3.948847	0.000684
3.949821	0.000679
3.950796	0.000674
3.951771	0.000668
3.952746	0.000663
3.953721	0.000657
3.954695	0.000652
3.955670	0.000646
3.956645	0.000641
3.957620	0.000635
3.958595	0.000630
3.959569	0.000624
3.960544	0.000619
3.961519	0.000613
3.962494	0.000607
3.963468	0.000602
3.964443	0.000596
3.965418	0.000591
3.966393	0.000585
3.967368	0.000580
3.968342	0.000574
3.969317	0.000569
3.970292	0.000563
3.971267	0.000557
3.972242	0.000552
3.973216	0.000546
3.974191	0.000541
3.975166	0.000535
3.976141	0.000530
3.977116	0.000524
3.978090	0.000518
3.979065	0.000513
3.980040	0.000507
3.981015	0.000502
3.981990	0.000496
3.982964	0.000490
3.983939	0.000485
3.984914	0.000479
3.985889	0.000474
3.986863	0.000468
3.987838	0.000462
3.988813	0.000457
3.989788	0.000451
3.990763	0.000446
3.991737	0.000440
3.992712	0.000434
3.993687	0.000429
3.994662	0.000423
3.995637	0.000418
3.996611	0.000412
3.997586	0.000406
3.998561	0.000401
3.999536	0.000395
4.000511	0.000389
4.001485	0.000384
4.002460	0.000378
4.003435	0.000373
4.004410	0.000367
4.005385	0.000361
4.006359	0.000356
4.007334	0.000350
4.008309	0.000345
4.009284	0.000339
4.010258	0.000333
4.011233	0.000328
4.012208	0.000322
4.013183	0.000317
4.014158	0.000311
4.015132	0.000305
4.016107	0.000300
4.017082	0.000294
4.018057	0.000289
4.019032	0.000283
4.020006	0.000278
4.020981	0.000272
4.021956	0.000266
4.022931	0.000261
4.023906	0.000255
4.024880	0.000250
4.025855	0.000244
4.026830	0.000239
4.027805	0.000233
4.028780	0.000228
4.029754	0.000222
4.030729	0.000217
4.031704	0.000211
4.032679	0.000205
4.033653	0.000200
4.034628	0.000194
4.035603	0.000189
4.036578	0.000183
4.037553	0.000178
4.038527	0.000172
4.039502	0.000167
4.040477	0.000161
4.041452	0.000156
4.042427	0.000151
4.043401	0.000145
4.044376	0.000140
4.045351	0.000134
4.046326	0.000129
4.047301	0.000123
4.048275	0.000118
4.049250	0.000112
4.050225	0.000107
4.051200	0.000102
4.052175	0.000096
4.053149	0.000091
4.054124	0.000085
4.055099	0.000080
4.056074	0.000075
4.057049	0.000069
4.058023	0.000064
4.058998	0.000058
4.059973	0.000053
4.060948	0.000048
4.061922	0.000042
4.062897	0.000037
4.063872	0.000032
4.064847	0.000026
4.065822	0.000021
4.066796	0.000016
4.067779	0.000011
4.068762	0.000021
4.069745	0.000032
4.070728	0.000043
4.071710	0.000053
4.072693	0.000064
4.073676	0.000074
4.074659	0.000085
4.075641	0.000096
4.076624	0.000106
4.077607	0.000117
4.078590	0.000128
4.079573	0.000138
4.080555	0.000149
4.081538	0.000160
4.082521	0.000170
4.083504	0.000181
4.084486	0.000192
4.085469	0.000203
4.086452	0.000213
4.087435	0.000224
4.088417	0.000235
4.089400	0.000245
4.090383	0.000256
4.091366	0.000267
4.092349	0.000278
4.093331	0.000288
4.094314	0.000299
4.095297	0.000310
4.096280	0.000321
4.097262	0.000332
4.098245	0.000342
4.099228	0.000353
4.100211	0.000364
4.101194	0.000375
4.102176	0.000386
4.103159	0.000397
4.104142	0.000407
4.105125	0.000418
4.106107	0.000429
4.107090	0.000440
4.108073	0.000451
4.109056	0.000462
4.110039	0.000473
4.111021	0.000484
4.112004	0.000495
4.112987	0.000506
4.113970	0.000517
4.114952	0.000528
4.115935	0.000539
4.116918	0.000550
4.117901	0.000561
4.118884	0.000572
4.119866	0.000583
4.120849	0.000594
4.121832	0.000605
4.122815	0.000616
4.123797	0.000628
4.124780	0.000639
4.125763	0.000650
4.126746	0.000661
4.127729	0.000672
4.128711	0.000684
4.129694	0.000695
4.130677	0.000706
4.131660	0.000718
4.132642	0.000729
4.133625	0.000740
4.134608	0.000752
4.135591	0.000763
4.136573	0.000774
4.137556	0.000786
4.138539	0.000797
4.139522	0.000809
4.140505	0.000820
4.141487	0.000832
4.142470	0.000843
4.143453	0.000855
4.144436	0.000866
4.145418	0.000878
4.146401	0.000890
4.147384	0.000901
4.148367	0.000913
4.149350	0.000925
4.150332	0.000937
4.151315	0.000948
4.152298	0.000960
4.153281	0.000972
4.154263	0.000984
4.155246	0.000996
4.156229	0.001007
4.157212	0.001019
4.158195	0.001031
4.159177	0.001043
4.160160	0.001055
4.161143	0.001067
4.162126	0.001079
4.163108	0.001091
4.164091	0.001103
4.165074	0.001116
4.166057	0.001128
4.167040	0.001140
4.168022	0.001152
4.169005	0.001164
4.169988	0.001177
4.170971	0.001189
4.171953	0.001201
4.172936	0.001214
4.173919	0.001226
4.174902	0.001238
4.175885	0.001251
4.176867	0.001263
4.177850	0.001276
4.178833	0.001288
4.179816	0.001301
4.180798	0.001314
4.181781	0.001326
4.182764	0.001339
4.183747	0.001352
4.184729	0.001364
4.185712	0.001377
4.186695	0.001390
4.187678	0.001403
4.188661	0.001416
4.189643	0.001428
4.190626	0.001441
4.191609	0.001454
4.192592	0.001467
4.193574	0.001480
4.194557	0.001493
4.195540	0.001507
4.196523	0.001520
4.197506	0.001533
4.198488	0.001546
4.199471	0.001559
4.200454	0.001573
4.201437	0.001586
4.202419	0.001599
4.203402	0.001613
4.204385	0.001626
4.205368	0.001640
4.206351	0.001653
4.207333	0.001667
4.208316	0.001680
4.209299	0.001694
4.210282	0.001707
4.211264	0.001721
4.212247	0.001735
4.213230	0.001748
4.214213	0.001762
4.215196	0.001776
4.216178	0.001790
4.217161	0.001804
4.218144	0.001818
4.219127	0.001832
4.220109	0.001846
4.221092	0.001860
4.222075	0.001874
4.223058	0.001888
4.224041	0.001902
4.225023	0.001916
4.226006	0.001931
4.226989	0.001945
4.227972	0.001959
4.228954	0.001973
4.229937	0.001988
4.230920	0.002002
4.231903	0.002017
4.232885	0.002031
4.233868	0.002046
4.234851	0.002060
4.235834	0.002075
4.236817	0.002090
4.237799	0.002104
4.238782	0.002119
4.239765	0.002134
4.240748	0.002149
4.241730	0.002164
4.242713	0.002178
4.243696	0.002193
4.244679	0.002208
4.245662	0.002223
4.246644	0.002238
4.247627	0.002253
4.248610	0.002269
4.249593	0.002284
4.250575	0.002299
4.251558	0.002314
4.252541	0.002329
4.253524	0.002345
4.254507	0.002360
4.255489	0.002376
4.256472	0.002391
4.257455	0.002406
4.258438	0.002422
4.259420	0.002437
4.260403	0.002453
4.261386	0.002469
4.262369	0.002484
4.263352	0.002500
4.264334	0.002516
4.265317	0.002532
4.266300	0.002547
4.267283	0.002563
4.268265	0.002579
4.269248	0.002595
4.270231	0.002611
4.271214	0.002627
4.272197	0.002643
4.273179	0.002659
4.274162	0.002675
4.275145	0.002691
4.276128	0.002708
4.277110	0.002724
4.278093	0.002740
4.279076	0.002756
4.280059	0.002773
4.281042	0.002789
4.282024	0.002805
4.283007	0.002822
4.283990	0.002838
4.284973	0.002855
4.285955	0.002871
4.286938	0.002888
4.287921	0.002905
4.288904	0.002921
4.289886	0.002938
4.290869	0.002955
4.291852	0.002971
4.292835	0.002988
4.293818	0.003005
4.294800	0.003022
4.295783	0.003039
4.296766	0.003056
4.297749	0.003073
4.298731	0.003090
4.299714	0.003107
4.300697	0.003124
4.301680	0.003141
4.302663	0.003158
4.303645	0.003175
4.304628	0.003192
4.305611	0.003209
4.306594	0.003226
4.307576	0.003244
4.308559	0.003261
4.309542	0.003278
4.310525	0.003296
4.311508	0.003313
4.312490	0.003330
4.313473	0.003348
4.314456	0.003365
4.315439	0.003383
4.316421	0.003400
4.317404	0.003418
4.318387	0.003435
4.319370	0.003453
4.320353	0.003470
4.321335	0.003488
4.322318	0.003505
4.323301	0.003523
4.324284	0.003541
4.325266	0.003558
4.326249	0.003576
4.327232	0.003594
4.328215	0.003612
4.329198	0.003629
4.330180	0.003647
4.331163	0.003665
4.332146	0.003683
4.333129	0.003701
4.334111	0.003719
4.335094	0.003736
4.336077	0.003754
4.337060	0.003772
4.338042	0.003790
4.339025	0.003808
4.340008	0.003826
4.340991	0.003844
4.341974	0.003862
4.342956	0.003880
4.343939	0.003898
4.344922	0.003916
4.345905	0.003934
4.346887	0.003952
4.347870	0.003970
4.348853	0.003988
4.349836	0.004006
4.350819	0.004024
4.351801	0.004042
4.352784	0.004060
4.353767	0.004078
4.354750	0.004096
4.355732	0.004114
4.356715	0.004132
4.357698	0.004150
4.358681	0.004168
4.359664	0.004186
4.360646	0.004205
4.361629	0.004223
4.362612	0.004241
4.363595	0.004259
4.364577	0.004277
4.365560	0.004295
4.366543	0.004313
4.367526	0.004331
4.368509	0.004349
4.369491	0.004367
4.370474	0.004385
4.371457	0.004403
4.372440	0.004421
4.373422	0.004439
4.374405	0.004457
4.375388	0.004475
4.376371	0.004493
4.377354	0.004511
4.378336	0.004528
4.379319	0.004546
4.380302	0.004564
4.381285	0.004582
4.382267	0.004600
4.383250	0.004618
4.384233	0.004635
4.385216	0.004653
4.386198	0.004671
4.387181	0.004689
4.388164	0.004706
4.389147	0.004724
4.390130	0.004742
4.391112	0.004759
4.392095	0.004777
4.393078	0.004794
4.394061	0.004812
4.395043	0.004829
4.396026	0.004847
4.397009	0.004864
4.397992	0.004882
4.398975	0.004899
4.399957	0.004916
4.400940	0.004933
4.401923	0.004951
4.402906	0.004968
4.403888	0.004985
4.404871	0.005002
4.405854	0.005019
4.406837	0.005036
4.407820	0.005053
4.408802	0.005070
4.409785	0.005087
4.410768	0.005104
4.411751	0.005120
4.412733	0.005137
4.413716	0.005154
4.414699	0.005170
4.415682	0.005187
4.416665	0.005203
4.417647	0.005220
4.418630	0.005236
4.419613	0.005252
4.420596	0.005269
4.421578	0.005285
4.422561	0.005301
4.423544	0.005317
4.424527	0.005333
4.425510	0.005349
4.426492	0.005365
4.427475	0.005380
4.428458	0.005396
4.429441	0.005412
4.430423	0.005427
4.431406	0.005443
4.432389	0.005458
4.433372	0.005473
4.434354	0.005488
4.435337	0.005504
4.436320	0.005519
4.437303	0.005534
4.438286	0.005549
4.439268	0.005563
4.440251	0.005578
4.441234	0.005593
4.442217	0.005607
4.443199	0.005622
4.444182	0.005636
4.445165	0.005650
4.446148	0.005665
4.447131	0.005679
4.448113	0.005693
4.449096	0.005706
4.450079	0.005720
4.451062	0.005734
4.452044	0.005747
4.453027	0.005761
4.454010	0.005774
4.454993	0.005788
4.455976	0.005801
4.456958	0.005814
4.457941	0.005827
4.458924	0.005839
4.459907	0.005852
4.460889	0.005865
4.461872	0.005877
4.462855	0.005889
4.463838	0.005902
4.464821	0.005914
4.465803	0.005926
4.466786	0.005938
4.467769	0.005949
4.468752	0.005961
4.469734	0.005972
4.470717	0.005984
4.471700	0.005995
4.472683	0.006006
4.473666	0.006017
4.474648	0.006028
4.475631	0.006038
4.476614	0.006049
4.477597	0.006059
4.478579	0.006070
4.479562	0.006080
4.480545	0.006090
4.481528	0.006099
4.482510	0.006109
4.483493	0.006119
4.484476	0.006128
4.485459	0.006137
4.486442	0.006146
4.487424	0.006155
4.488407	0.006164
4.489390	0.006173
4.490373	0.006181
4.491355	0.006189
4.492338	0.006198
4.493321	0.006206
4.494304	0.006213
4.495287	0.006221
4.496269	0.006229
4.497252	0.006236
4.498235	0.006243
4.499218	0.006250
4.500200	0.006257
4.501183	0.006263
4.502166	0.006270
4.503149	0.006276
4.504132	0.006282
4.505114	0.006288
4.506097	0.006294
4.507080	0.006300
4.508063	0.006305
4.509045	0.006310
4.510028	0.006315
4.511011	0.006320
4.511994	0.006325
4.512977	0.006329
4.513959	0.006334
4.514942	0.006338
4.515925	0.006342
4.516908	0.006345
4.517890	0.006349
4.518873	0.006352
4.519856	0.006355
4.520839	0.006358
4.521822	0.006361
4.522804	0.006364
4.523787	0.006366
4.524770	0.006368
4.525753	0.006370
4.526735	0.006372
4.527718	0.006374
4.528701	0.006375
4.529684	0.006376
4.530667	0.006377
4.531649	0.006378
4.532632	0.006378
4.533615	0.006379
4.534598	0.006379
4.535580	0.006378
4.536563	0.006378
4.537546	0.006378
4.538529	0.006377
4.539511	0.006376
4.540494	0.006375
4.541477	0.006373
4.542460	0.006372
4.543443	0.006370
4.544425	0.006368
4.545408	0.006365
4.546391	0.006363
4.547374	0.006360
4.548356	0.006357
4.549339	0.006354
4.550322	0.006351
4.551305	0.006347
4.552288	0.006343
4.553270	0.006339
4.554253	0.006335
4.555236	0.006330
4.556219	0.006325
4.557201	0.006320
4.558184	0.006315
4.559167	0.006310
4.560150	0.006304
4.561133	0.006298
4.562115	0.006292
4.563098	0.006285
4.564081	0.006279
4.565064	0.006272
4.566046	0.006265
4.567029	0.006257
4.568012	0.006250
4.568995	0.006242
4.569978	0.006234
4.570960	0.006225
4.571943	0.006217
4.572926	0.006208
4.573909	0.006199
4.574891	0.006190
4.575874	0.006180
4.576857	0.006170
4.577840	0.006160
4.578823	0.006150
4.579805	0.006140
4.580788	0.006129
4.581771	0.006118
4.582754	0.006107
4.583736	0.006095
4.584719	0.006084
4.585702	0.006072
4.586685	0.006059
4.587667	0.006047
4.588650	0.006034
4.589633	0.006021
4.590616	0.006008
4.591599	0.005995
4.592581	0.005981
4.593564	0.005967
4.594547	0.005953
4.595530	0.005938
4.596512	0.005924
4.597495	0.005909
4.598478	0.005894
4.599461	0.005878
4.600444	0.005862
4.601426	0.005847
4.602409	0.005830
4.603392	0.005814
4.604375	0.005797
4.605357	0.005780
4.606340	0.005763
4.607323	0.005746
4.608306	0.005728
4.609289	0.005710
4.610271	0.005692
4.611254	0.005674
4.612237	0.005655
4.613220	0.005636
4.614202	0.005617
4.615185	0.005598
4.616168	0.005578
4.617151	0.005558
4.618134	0.005538
4.619116	0.005518
4.620099	0.005497
4.621082	0.005477
4.622065	0.005456
4.623047	0.005434
4.624030	0.005413
4.625013	0.005391
4.625996	0.005369
4.626979	0.005347
4.627961	0.005324
4.628944	0.005301
4.629927	0.005278
4.630910	0.005255
4.631892	0.005232
4.632875	0.005208
4.633858	0.005184
4.634841	0.005160
4.635823	0.005136
4.636806	0.005111
4.637789	0.005086
4.638772	0.005061
4.639755	0.005036
4.640737	0.005010
4.641720	0.004984
4.642703	0.004958
4.643686	0.004932
4.644668	0.004906
4.645651	0.004879
4.646634	0.004852
4.647617	0.004825
4.648600	0.004797
4.649582	0.004770
4.650565	0.004742
4.651548	0.004714
4.652531	0.004686
4.653513	0.004657
4.654496	0.004629
4.655479	0.004600
4.656462	0.004571
4.657445	0.004541
4.658427	0.004512
4.659410	0.004482
4.660393	0.004452
4.661376	0.004422
4.662358	0.004391
4.663341	0.004361
4.664324	0.004330
4.665307	0.004299
4.666290	0.004268
4.667272	0.004236
4.668255	0.004205
4.669238	0.004173
4.670221	0.004141
4.671203	0.004109
4.672186	0.004076
4.673169	0.004044
4.674152	0.004011
4.675135	0.003978
4.676117	0.003945
4.677100	0.003911
4.678083	0.003878
4.679066	0.003844
4.680048	0.003810
4.681031	0.003776
4.682014	0.003742
4.682997	0.003707
4.683979	0.003673
4.684962	0.003638
4.685945	0.003603
4.686928	0.003568
4.687911	0.003532
4.688893	0.003497
4.689876	0.003461
4.690859	0.003425
4.691842	0.003389
4.692824	0.003353
4.693807	0.003317
4.694790	0.003280
4.695773	0.003244
4.696756	0.003207
4.697738	0.003170
4.698721	0.003133
4.699704	0.003095
4.700687	0.003058
4.701669	0.003020
4.702652	0.002983
4.703635	0.002945
4.704618	0.002907
4.705601	0.002868
4.706583	0.002830
4.707566	0.002792
4.708549	0.002753
4.709532	0.002714
4.710514	0.002675
4.711497	0.002636
4.712480	0.002597
4.713463	0.002558
4.714446	0.002519
4.715428	0.002479
4.716411	0.002440
4.717394	0.002400
4.718377	0.002360
4.719359	0.002320
4.720342	0.002280
4.721325	0.002240
4.722308	0.002199
4.723291	0.002159
4.724273	0.002118
4.725256	0.002078
4.726239	0.002037
4.727222	0.001996
4.728204	0.001955
4.729187	0.001914
4.730170	0.001873
4.731153	0.001832
4.732135	0.001790
4.733118	0.001749
4.734101	0.001707
4.735084	0.001666
4.736067	0.001624
4.737049	0.001582
4.738032	0.001541
4.739015	0.001499
4.739998	0.001457
4.740980	0.001415
4.741963	0.001373
4.742946	0.001330
4.743929	0.001288
4.744912	0.001246
4.745894	0.001203
4.746877	0.001161
4.747860	0.001118
4.748843	0.001076
4.749825	0.001033
4.750808	0.000991
4.751791	0.000948
4.752774	0.000905
4.753757	0.000862
4.754739	0.000820
4.755722	0.000777
4.756705	0.000734
4.757688	0.000691
4.758670	0.000648
4.759653	0.000605
4.760636	0.000562
4.761619	0.000519
4.762602	0.000475
4.763584	0.000432
4.764567	0.000389
4.765550	0.000346
4.766533	0.000303
4.767515	0.000259
4.768498	0.000216
4.769481	0.000173
4.770464	0.000130
4.771447	0.000087
4.772429	0.000043
4.773412	0.000000
4.774395	-0.000000
4.775378	-0.000000
4.776360	0.000000
4.777343	-0.000000
4.778326	-0.000000
4.779309	-0.000000
4.780292	-0.000000
4.781274	0.000000
4.782249	0.000000
4.783224	-0.000000
4.784199	-0.000000
4.785173	-0.000000
4.786148	0.000000
4.787123	0.000000
4.788098	-0.000000
4.789073	-0.000000
4.790047	0.000000
4.791022	-0.000000
4.791997	-0.000000
4.792972	0.000000
4.793947	0.000000
4.794921	0.000000
4.795896	0.000000
4.796871	0.000000
4.797846	0.000000
4.798821	0.000000
4.799795	-0.000000
4.800770	-0.000000
4.801745	-0.000000
4.802720	-0.000000
4.803694	-0.000000
4.804669	0.000000
4.805644	0.000000
4.806619	-0.000000
4.807594	-0.000000
4.808568	-0.000000
4.809543	0.000000
4.810518	0.000000
4.811493	0.000000
4.812468	-0.000000
4.813442	-0.000000
4.814417	0.000000
4.815392	-0.000000
4.816367	-0.000000
4.817342	0.000000
4.818316	0.000000
4.819291	0.000000
4.820266	0.000000
4.821241	-0.000000
4.822216	0.000000
4.823190	0.000000
4.824165	-0.000000
4.825140	-0.000000
4.826115	0.000000
4.827090	-0.000000
4.828064	-0.000000
4.829039	0.000000
4.830014	0.000000
4.830989	-0.000000
4.831963	0.000000
4.832938	0.000000
4.833913	0.000000
4.834888	-0.000000
4.835863	-0.000000
4.836837	-0.000000
4.837812	0.000000
4.838787	-0.000000
4.839762	-0.000000
4.840737	-0.000000
4.841711	0.000000
4.842686	-0.000000
4.843661	0.000000
4.844636	-0.000000
4.845611	-0.000000
4.846585	-0.000000
4.847560	-0.000000
4.848535	0.000000
4.849510	0.000000
4.850485	0.000000
4.851459	-0.000000
4.852434	0.000000
4.853409	-0.000000
4.854384	0.000000
4.855358	-0.000000
4.856333	-0.000000
4.857308	-0.000000
4.858283	0.000000
4.859258	-0.000000
4.860232	0.000000
4.861207	0.000000
4.862182	0.000000
4.863157	0.000000
4.864132	-0.000000
4.865106	-0.000000
4.866081	0.000000
4.867056	-0.000000
4.868031	0.000000
4.869006	0.000000
4.869980	0.000000
4.870955	0.000000
4.871930	-0.000000
4.872905	-0.000000
4.873880	-0.000000
4.874854	0.000000
4.875829	0.000000
4.876804	0.000000
4.877779	0.000000
4.878761	-0.000000
4.879744	-0.000000
4.880727	0.000000
4.881710	0.000000
4.882693	0.000000
4.883675	0.000000
4.884658	-0.000000
4.885641	-0.000000
4.886624	0.000000
4.887606	0.000000
4.888589	0.000000
4.889572	0.000000
4.890555	0.000000
4.891538	0.000000
4.892520	-0.000000
4.893503	-0.000000
4.894486	-0.000000
4.895469	-0.000000
4.896451	0.000000
4.897434	0.000000
4.898417	-0.000000
4.899400	-0.000000
4.900383	-0.000000
4.901365	-0.000000
4.902348	0.000000
4.903331	0.000000
4.904314	-0.000000
4.905296	-0.000000
4.906279	0.000000
4.907262	0.000000
4.908245	0.000000
4.909228	-0.000000
4.910210	-0.000000
4.911193	-0.000000
4.912176	0.000000
4.913159	-0.000000
4.914141	-0.000000
4.915124	0.000000
4.916107	-0.000000
4.917090	0.000000
4.918072	-0.000000
4.919055	-0.000000
4.920038	-0.000000
4.921021	0.000000
4.922004	0.000000
4.922986	-0.000000
4.923969	-0.000000
4.924952	-0.000000
4.925935	0.000000
4.926917	0.000000
4.927900	-0.000000
4.928883	-0.000000
4.929866	0.000000
4.930849	-0.000000
4.931831	-0.000000
4.932814	0.000000
4.933797	-0.000000
4.934780	0.000000
4.935762	0.000000
4.936745	0.000000
4.937728	-0.000000
4.938711	-0.000000
4.939694	-0.000000
4.940676	-0.000000
4.941659	0.000000
4.942642	-0.000000
4.943625	0.000000
4.944607	-0.000000
4.945590	-0.000000
4.946573	0.000000
4.947556	0.000000
4.948539	0.000000
4.949521	-0.000000
4.950504	-0.000000
4.951487	0.000000
4.952470	0.000000
4.953452	-0.000000
4.954435	0.000000
4.955418	-0.000000
4.956401	-0.000000
4.957384	-0.000000
4.958366	-0.000000
4.959349	-0.000000
4.960332	0.000000
4.961315	0.000000
4.962297	-0.000000
4.963280	0.000000
4.964263	0.000000
4.965246	0.000000
4.966228	0.000000
4.967211	0.000000
4.968194	0.000000
4.969177	0.000000
4.970160	-0.000000
4.971142	-0.000000
4.972125	0.000000
4.973108	0.000000
4.974091	-0.000000
4.975073	0.000000
4.976056	0.000000
4.977039	-0.000000
4.978022	0.000000
4.979005	-0.000000
4.979987	-0.000000
4.980970	0.000000
4.981953	0.000000
4.982936	-0.000000
4.983918	0.000000
4.984901	-0.000000
4.985884	0.000000
4.986867	0.000000
4.987850	0.000000
4.988832	-0.000000
4.989815	-0.000000
4.990798	0.000000
4.991781	-0.000000
4.992763	0.000000
4.993746	0.000000
4.994729	-0.000000
4.995712	0.000000
4.996695	-0.000000
4.997677	-0.000000
4.998660	-0.000000
4.999643	0.000000
5.000626	0.000000
5.001608	0.000000
5.002591	0.000000
5.003574	0.000000
5.004557	0.000000
5.005540	-0.000000
5.006522	0.000000
5.007505	0.000000
5.008488	-0.000000
5.009471	-0.000000
5.010453	0.000000
5.011436	-0.000000
5.012419	0.000000
5.013402	-0.000000
5.014384	-0.000000
5.015367	0.000000
5.016350	0.000000
5.017333	-0.000000
5.018316	-0.000000
5.019298	-0.000000
5.020281	0.000000
5.021264	-0.000000
5.022247	-0.000000
5.023229	-0.000000
5.024212	-0.000000
5.025195	0.000000
5.026178	-0.000000
5.027161	0.000000
5.028143	0.000000
5.029126	-0.000000
5.030109	-0.000000
5.031092	-0.000000
5.032074	-0.000000
5.033057	0.000000
5.034040	0.000000
5.035023	-0.000000
5.036006	-0.000000
5.036988	-0.000000
5.037971	0.000000
5.038954	-0.000000
5.039937	-0.000000
5.040919	-0.000000
5.041902	-0.000000
5.042885	0.000000
5.043868	-0.000000
5.044851	0.000000
5.045833	-0.000000
5.046816	0.000000
5.047799	-0.000000
5.048782	0.000000
5.049764	-0.000000
5.050747	-0.000000
5.051730	-0.000000
5.052713	-0.000000
5.053696	0.000000
5.054678	0.000000
5.055661	-0.000000
5.056644	-0.000000
5.057627	-0.000000
5.058609	-0.000000
5.059592	0.000000
5.060575	-0.000000
5.061558	0.000000
5.062540	-0.000000
5.063523	-0.000000
5.064506	-0.000000
5.065489	-0.000000
5.066472	-0.000000
5.067454	-0.000000
5.068437	-0.000000
5.069420	-0.000000
5.070403	0.000000
5.071385	-0.000000
5.072368	-0.000000
5.073351	-0.000000
5.074334	0.000000
5.075317	0.000000
5.076299	0.000000
5.077282	-0.000000
5.078265	0.000000
5.079248	-0.000000
5.080230	0.000000
5.081213	0.000000
5.082196	-0.000000
5.083179	0.000000
5.084162	-0.000000
5.085144	-0.000000
5.086127	0.000000
5.087110	-0.000000
5.088093	0.000000
5.089075	-0.000000
5.090058	0.000000
5.091041	0.000000
5.092024	-0.000000
5.093007	-0.000000
5.093989	0.000000
5.094972	-0.000000
5.095955	-0.000000
5.096938	0.000000
5.097920	0.000000
5.098903	-0.000000
5.099886	0.000000
5.100869	-0.000000
5.101852	0.000000
5.102834	0.000000
5.103817	-0.000000
5.104800	-0.000000
5.105783	-0.000000
5.106765	0.000000
5.107748	-0.000000
5.108731	-0.000000
5.109714	-0.000000
5.110697	0.000000
5.111679	0.000000
5.112662	0.000000
5.113645	-0.000000
5.114628	0.000000
5.115610	0.000000
5.116593	-0.000000
5.117576	-0.000000
5.118559	-0.000000
5.119541	-0.000000
5.120524	-0.000000
5.121507	-0.000000
5.122490	-0.000000
5.123473	0.000000
5.124455	0.000000
5.125438	0.000000
5.126421	0.000000
5.127404	-0.000000
5.128386	0.000000
5.129369	-0.000000
5.130352	0.000000
5.131335	-0.000000
5.132318	-0.000000
5.133300	0.000000
5.134283	0.000000
5.135266	-0.000000
5.136249	-0.000000
5.137231	0.000000
5.138214	-0.000000
5.139197	0.000000
5.140180	0.000000
5.141163	0.000000
5.142145	-0.000000
5.143128	-0.000000
5.144111	0.000000
5.145094	0.000000
5.146076	-0.000000
5.147059	0.000000
5.148042	0.000000
5.149025	-0.000000
5.150008	-0.000000
5.150990	-0.000000
5.151973	-0.000000
5.152956	-0.000000
5.153939	0.000000
5.154921	0.000000
5.155904	0.000000
5.156887	-0.000000
5.157870	0.000000
5.158853	-0.000000
5.159835	0.000000
5.160818	0.000000
5.161801	0.000000
5.162784	-0.000000
5.163766	-0.000000
