0.000983	0.000000
0.001966	-0.000000
0.002948	0.000000
0.003931	0.000000
0.004914	-0.000000
0.005897	-0.000000
0.006879	-0.000000
0.007862	0.000000
0.008845	-0.000000
0.009828	-0.000000
0.010811	-0.000000
0.011793	-0.000000
0.012776	0.000000
0.013759	0.000000
0.014742	-0.000000
0.015724	-0.000000
0.016707	0.000000
0.017690	-0.000000
0.018673	0.000000
0.019656	0.000000
0.020638	0.000000
0.021621	0.000000
0.022604	0.000000
0.023587	-0.000000
0.024569	-0.000000
0.025552	-0.000000
0.026535	-0.000000
0.027518	0.000000
0.028500	-0.000000
0.029483	-0.000000
0.030466	0.000000
0.031449	0.000000
0.032432	0.000000
0.033414	0.000000
0.034397	-0.000000
0.035380	0.000000
0.036363	0.000000
0.037345	0.000000
0.038328	0.000000
0.039311	-0.000000
0.040294	-0.000000
0.041277	-0.000000
0.042259	-0.000000
0.043242	0.000000
0.044225	0.000000
0.045208	-0.000000
0.046190	-0.000000
0.047173	0.000000
0.048156	0.000000
0.049139	-0.000000
0.050122	-0.000000
0.051104	0.000000
0.052087	0.000000
0.053070	-0.000000
0.054053	0.000000
0.055035	-0.000000
0.056018	0.000000
0.057001	0.000000
0.057984	-0.000000
0.058967	0.000000
0.059949	0.000000
0.060932	-0.000000
0.061915	-0.000000
0.062898	-0.000000
0.063880	0.000000
0.064863	0.000000
0.065846	-0.000000
0.066829	0.000000
0.067812	-0.000000
0.068794	-0.000000
0.069777	0.000000
0.070760	0.000000
0.071743	0.000000
0.072725	-0.000000
0.073708	-0.000000
0.074691	0.000000
0.075674	-0.000000
0.076656	0.000000
0.077639	0.000000
0.078622	0.000000
0.079605	0.000000
0.080588	0.000000
0.081570	-0.000000
0.082553	0.000000
0.083536	0.000000
0.084519	-0.000000
0.085501	-0.000000
0.086484	-0.000000
0.087467	0.000000
0.088450	0.000000
0.089433	-0.000000
0.090415	-0.000000
0.091398	-0.000000
0.092381	0.000000
0.093364	0.000000
0.094346	-0.000000
0.095329	-0.000000
0.096312	0.000000
0.097295	0.000000
0.098278	-0.000000
0.099260	-0.000000
0.100243	0.000000
0.101226	-0.000000
0.102209	-0.000000
0.103191	0.000000
0.104174	0.000000
0.105157	0.000000
0.106140	0.000000
0.107123	-0.000000
0.108105	-0.000000
0.109088	-0.000000
0.110071	-0.000000
0.111054	-0.000000
0.112036	-0.000000
0.113019	-0.000000
0.114002	0.000000
0.114985	0.000000
0.115968	-0.000000
0.116950	-0.000000
0.117933	0.000000
0.118916	0.000000
0.119899	0.000000
0.120881	-0.000000
0.121864	-0.000000
0.122847	-0.000000
0.123830	-0.000000
0.124812	-0.000000
0.125795	0.000000
0.126778	0.000000
0.127761	0.000000
0.128744	-0.000000
0.129726	0.000000
0.130709	0.000000
0.131692	-0.000000
0.132675	-0.000000
0.133657	-0.000000
0.134640	0.000000
0.135623	-0.000000
0.136606	0.000000
0.137589	0.000000
0.138571	0.000000
0.139554	0.000000
0.140537	0.000000
0.141520	-0.000000
0.142502	-0.000000
0.143485	0.000000
0.144468	-0.000000
0.145451	0.000000
0.146434	0.000000
0.147416	-0.000000
0.148399	-0.000000
0.149382	-0.000000
0.150365	-0.000000
0.151347	-0.000000
0.152330	-0.000000
0.153313	0.000000
0.154296	-0.000000
0.155279	-0.000000
0.156261	-0.000000
0.157244	0.000000
0.158227	-0.000000
0.159210	-0.000000
0.160192	-0.000000
0.161175	-0.000000
0.162158	-0.000000
0.163141	0.000000
0.164124	0.000000
0.165106	0.000000
0.166089	-0.000000
0.167072	0.000000
0.168055	-0.000000
0.169037	-0.000000
0.170020	-0.000000
0.171003	-0.000000
0.171986	-0.000000
0.172969	-0.000000
0.173951	0.000000
0.174934	-0.000000
0.175917	0.000000
0.176900	0.000000
0.177882	-0.000000
0.178865	-0.000000
0.179848	-0.000000
0.180831	0.000000
0.181813	0.000000
0.182796	0.000000
0.183779	-0.000000
0.184762	-0.000000
0.185745	-0.000000
0.186727	0.000000
0.187710	-0.000000
0.188693	-0.000000
0.189676	-0.000000
0.190658	0.000000
0.191641	-0.000000
0.192624	-0.000000
0.193607	0.000000
0.194590	0.000000
0.195572	-0.000000
0.196555	0.000000
0.197538	-0.000000
0.198521	0.000000
0.199503	0.000000
0.200486	-0.000000
0.201469	-0.000000
0.202452	-0.000000
0.203435	0.000000
0.204417	-0.000000
0.205400	0.000000
0.206383	-0.000000
0.207366	-0.000000
0.208348	0.000000
0.209331	0.000000
0.210314	0.000000
0.211297	0.000000
0.212280	0.000000
0.213262	-0.000000
0.214245	-0.000000
0.215228	-0.000000
0.216211	0.000000
0.217193	-0.000000
0.218176	-0.000000
0.219159	-0.000000
0.220142	-0.000000
0.221125	-0.000000
0.222107	-0.000000
0.223090	0.000000
0.224073	0.000000
0.225056	0.000000
0.226038	-0.000000
0.227021	-0.000000
0.228004	-0.000000
0.228987	-0.000000
0.229969	0.000000
0.230952	0.000000
0.231935	0.000000
0.232918	-0.000000
0.233901	-0.000000
0.234883	0.000000
0.235866	0.000000
0.236849	0.000000
0.237832	0.000000
0.238814	-0.000000
0.239797	0.000000
0.240780	-0.000000
0.241763	-0.000000
0.242746	-0.000000
0.243728	-0.000000
0.244711	-0.000000
0.245694	-0.000000
0.246677	-0.000000
0.247659	-0.000000
0.248642	0.000000
0.249625	0.000000
0.250608	-0.000000
0.251591	0.000000
0.252573	0.000000
0.253556	0.000000
0.254539	0.000000
0.255522	0.000000
0.256504	0.000000
0.257487	0.000000
0.258470	0.000000
0.259453	0.000000
0.260436	0.000000
0.261418	0.000000
0.262401	0.000000
0.263384	0.000000
0.264367	0.000000
0.265349	0.000000
0.266332	0.000000
0.267315	0.000000
0.268298	0.000000
0.269281	0.000000
0.270263	0.000000
0.271246	0.000000
0.272229	0.000000
0.273212	0.000000
0.274194	0.000000
0.275177	0.000000
0.276160	0.000000
0.277143	0.000000
0.278125	0.000000
0.279108	0.000000
0.280091	0.000000
0.281074	0.000000
0.282057	0.000000
0.283039	0.000000
0.284022	0.000000
0.285005	0.000000
0.285988	0.000000
0.286962	0.000000
0.287937	0.000000
0.288912	0.000000
0.289887	0.000000
0.290862	0.000000
0.291836	0.000000
0.292811	0.000000
0.293786	0.000000
0.294761	0.000000
0.295736	0.000000
0.296710	0.000000
0.297685	0.000000
0.298660	0.000000
0.299635	0.000000
0.300610	0.000000
0.301584	0.000000
0.302559	0.000000
0.303534	0.000000
0.304509	0.000000
0.305484	0.000000
0.306458	0.000000
0.307433	0.000001
0.308408	0.000001
0.309383	0.000001
0.310357	0.000001
0.311332	0.000001
0.312307	0.000001
0.313282	0.000001
0.314257	0.000001
0.315231	0.000001
0.316206	0.000001
0.317181	0.000001
0.318156	0.000001
0.319131	0.000002
0.320105	0.000002
0.321080	0.000002
0.322055	0.000002
0.323030	0.000002
0.324005	0.000003
0.324979	0.000003
0.325954	0.000003
0.326929	0.000003
0.327904	0.000004
0.328879	0.000004
0.329853	0.000004
0.330828	0.000005
0.331803	0.000005
0.332778	0.000006
0.333753	0.000006
0.334727	0.000007
0.335702	0.000008
0.336677	0.000009
0.337652	0.000009
0.338626	0.000010
0.339601	0.000011
0.340576	0.000012
0.341551	0.000014
0.342526	0.000015
0.343500	0.000016
0.344475	0.000018
0.345450	0.000020
0.346425	0.000022
0.347400	0.000024
0.348374	0.000026
0.349349	0.000029
0.350324	0.000032
0.351299	0.000035
0.352274	0.000038
0.353248	0.000042
0.354223	0.000047
0.355198	0.000051
0.356173	0.000057
0.357148	0.000062
0.358122	0.000069
0.359097	0.000076
0.360072	0.000084
0.361047	0.000093
0.362021	0.000103
0.362996	0.000114
0.363971	0.000127
0.364946	0.000141
0.365921	0.000156
0.366895	0.000174
0.367870	0.000195
0.368845	0.000218
0.369820	0.000245
0.370795	0.000276
0.371769	0.000313
0.372744	0.000356
0.373719	0.000407
0.374694	0.000469
0.375669	0.000546
0.376643	0.000644
0.377618	0.000773
0.378593	0.000949
0.379568	0.001202
0.380543	0.001579
0.381517	0.002136
0.382492	0.002778
0.383475	0.002798
0.384458	0.002525
0.385440	0.002260
0.386423	0.002102
0.387406	0.002020
0.388389	0.001983
0.389372	0.001972
0.390354	0.001977
0.391337	0.001992
0.392320	0.002014
0.393303	0.002041
0.394285	0.002071
0.395268	0.002104
0.396251	0.002139
0.397234	0.002175
0.398217	0.002212
0.399199	0.002250
0.400182	0.002289
0.401165	0.002328
0.402148	0.002368
0.403130	0.002408
0.404113	0.002449
0.405096	0.002490
0.406079	0.002531
0.407061	0.002572
0.408044	0.002613
0.409027	0.002654
0.410010	0.002695
0.410993	0.002736
0.411975	0.002777
0.412958	0.002819
0.413941	0.002860
0.414924	0.002901
0.415906	0.002942
0.416889	0.002983
0.417872	0.003024
0.418855	0.003065
0.419838	0.003105
0.420820	0.003146
0.421803	0.003187
0.422786	0.003227
0.423769	0.003267
0.424751	0.003308
0.425734	0.003348
0.426717	0.003388
0.427700	0.003427
0.428683	0.003467
0.429665	0.003507
0.430648	0.003546
0.431631	0.003585
0.432614	0.003624
0.433596	0.003663
0.434579	0.003702
0.435562	0.003741
0.436545	0.003779
0.437528	0.003818
0.438510	0.003856
0.439493	0.003894
0.440476	0.003932
0.441459	0.003969
0.442441	0.004007
0.443424	0.004044
0.444407	0.004081
0.445390	0.004118
0.446373	0.004155
0.447355	0.004191
0.448338	0.004228
0.449321	0.004264
0.450304	0.004300
0.451286	0.004336
0.452269	0.004371
0.453252	0.004407
0.454235	0.004442
0.455217	0.004477
0.456200	0.004512
0.457183	0.004546
0.458166	0.004581
0.459149	0.004615
0.460131	0.004649
0.461114	0.004683
0.462097	0.004716
0.463080	0.004750
0.464062	0.004783
0.465045	0.004816
0.466028	0.004849
0.467011	0.004881
0.467994	0.004913
0.468976	0.004945
0.469959	0.004977
0.470942	0.005009
0.471925	0.005040
0.472907	0.005071
0.473890	0.005102
0.474873	0.005133
0.475856	0.005163
0.476839	0.005194
0.477821	0.005224
0.478804	0.005253
0.479787	0.005283
0.480770	0.005312
0.481752	0.005341
0.482735	0.005370
0.483718	0.005399
0.484701	0.005427
0.485684	0.005455
0.486666	0.005483
0.487649	0.005511
0.488632	0.005538
0.489615	0.005565
0.490597	0.005592
0.491580	0.005619
0.492563	0.005645
0.493546	0.005671
0.494529	0.005697
0.495511	0.005723
0.496494	0.005748
0.497477	0.005774
0.498460	0.005798
0.499442	0.005823
0.500425	0.005847
0.501408	0.005872
0.502391	0.005896
0.503374	0.005919
0.504356	0.005943
0.505339	0.005966
0.506322	0.005989
0.507305	0.006011
0.508287	0.006034
0.509270	0.006056
0.510253	0.006078
0.511236	0.006099
0.512218	0.006121
0.513201	0.006142
0.514184	0.006162
0.515167	0.006183
0.516150	0.006203
0.517132	0.006223
0.518115	0.006243
0.519098	0.006263
0.520081	0.006282
0.521063	0.006301
0.522046	0.006320
0.523029	0.006338
0.524012	0.006356
0.524995	0.006374
0.525977	0.006392
0.526960	0.006409
0.527943	0.006426
0.528926	0.006443
0.529908	0.006460
0.530891	0.006476
0.531874	0.006493
0.532857	0.006508
0.533840	0.006524
0.534822	0.006539
0.535805	0.006554
0.536788	0.006569
0.537771	0.006584
0.538753	0.006598
0.539736	0.006612
0.540719	0.006626
0.541702	0.006639
0.542685	0.006652
0.543667	0.006665
0.544650	0.006678
0.545633	0.006690
0.546616	0.006703
0.547598	0.006715
0.548581	0.006726
0.549564	0.006738
0.550547	0.006749
0.551530	0.006760
0.552512	0.006770
0.553495	0.006781
0.554478	0.006791
0.555461	0.006800
0.556443	0.006810
0.557426	0.006819
0.558409	0.006828
0.559392	0.006837
0.560374	0.006846
0.561357	0.006854
0.562340	0.006862
0.563323	0.006870
0.564306	0.006877
0.565288	0.006885
0.566271	0.006892
0.567254	0.006899
0.568237	0.006905
0.569219	0.006911
0.570202	0.006917
0.571185	0.006923
0.572168	0.006929
0.573151	0.006934
0.574133	0.006939
0.575116	0.006944
0.576099	0.006948
0.577082	0.006953
0.578064	0.006957
0.579047	0.006961
0.580030	0.006964
0.581013	0.006967
0.581996	0.006971
0.582978	0.006973
0.583961	0.006976
0.584944	0.006978
0.585927	0.006981
0.586909	0.006982
0.587892	0.006984
0.588875	0.006986
0.589858	0.006987
0.590841	0.006988
0.591823	0.006988
0.592806	0.006989
0.593789	0.006989
0.594772	0.006989
0.595754	0.006989
0.596737	0.006989
0.597720	0.006988
0.598703	0.006987
0.599686	0.006986
0.600668	0.006985
0.601651	0.006983
0.602634	0.006982
0.603617	0.006980
0.604599	0.006978
0.605582	0.006975
0.606565	0.006973
0.607548	0.006970
0.608530	0.006967
0.609513	0.006964
0.610496	0.006960
0.611479	0.006957
0.612462	0.006953
0.613444	0.006949
0.614427	0.006944
0.615410	0.006940
0.616393	0.006935
0.617375	0.006930
0.618358	0.006925
0.619341	0.006920
0.620324	0.006915
0.621307	0.006909
0.622289	0.006903
0.623272	0.006897
0.624255	0.006891
0.625238	0.006884
0.626220	0.006878
0.627203	0.006871
0.628186	0.006864
0.629169	0.006857
0.630152	0.006849
0.631134	0.006842
0.632117	0.006834
0.633100	0.006826
0.634083	0.006818
0.635065	0.006810
0.636048	0.006802
0.637031	0.006793
0.638014	0.006784
0.638997	0.006775
0.639979	0.006766
0.640962	0.006757
0.641945	0.006747
0.642928	0.006738
0.643910	0.006728
0.644893	0.006718
0.645876	0.006708
0.646859	0.006698
0.647842	0.006687
0.648824	0.006677
0.649807	0.006666
0.650790	0.006655
0.651773	0.006644
0.652755	0.006633
0.653738	0.006622
0.654721	0.006610
0.655704	0.006598
0.656686	0.006587
0.657669	0.006575
0.658652	0.006563
0.659635	0.006550
0.660618	0.006538
0.661600	0.006526
0.662583	0.006513
0.663566	0.006500
0.664549	0.006487
0.665531	0.006474
0.666514	0.006461
0.667497	0.006448
0.668480	0.006435
0.669463	0.006421
0.670445	0.006407
0.671428	0.006394
0.672411	0.006380
0.673394	0.006366
0.674376	0.006352
0.675359	0.006337
0.676342	0.006323
0.677325	0.006309
0.678308	0.006294
0.679290	0.006279
0.680273	0.006265
0.681256	0.006250
0.682239	0.006235
0.683221	0.006219
0.684204	0.006204
0.685187	0.006189
0.686170	0.006173
0.687153	0.006158
0.688135	0.006142
0.689118	0.006127
0.690101	0.006111
0.691084	0.006095
0.692066	0.006079
0.693049	0.006063
0.694032	0.006047
0.695015	0.006030
0.695998	0.006014
0.696980	0.005998
0.697963	0.005981
0.698946	0.005964
0.699929	0.005948
0.700911	0.005931
0.701894	0.005914
0.702877	0.005897
0.703860	0.005880
0.704842	0.005863
0.705825	0.005846
0.706808	0.005829
0.707791	0.005811
0.708774	0.005794
0.709756	0.005777
0.710739	0.005759
0.711722	0.005742
0.712705	0.005724
0.713687	0.005706
0.714670	0.005688
0.715653	0.005671
0.716636	0.005653
0.717619	0.005635
0.718601	0.005617
0.719584	0.005599
0.720567	0.005581
0.721550	0.005563
0.722532	0.005544
0.723515	0.005526
0.724498	0.005508
0.725481	0.005490
0.726464	0.005471
0.727446	0.005453
0.728429	0.005434
0.729412	0.005416
0.730395	0.005397
0.731377	0.005379
0.732360	0.005360
0.733343	0.005341
0.734326	0.005323
0.735309	0.005304
0.736291	0.005285
0.737274	0.005266
0.738257	0.005247
0.739240	0.005229
0.740222	0.005210
0.741205	0.005191
0.742188	0.005172
0.743171	0.005153
0.744154	0.005134
0.745136	0.005115
0.746119	0.005096
0.747102	0.005077
0.748085	0.005057
0.749067	0.005038
0.750050	0.005019
0.751033	0.005000
0.752016	0.004981
0.752999	0.004962
0.753981	0.004942
0.754964	0.004923
0.755947	0.004904
0.756930	0.004885
0.757912	0.004865
0.758895	0.004846
0.759878	0.004827
0.760861	0.004808
0.761843	0.004788
0.762826	0.004769
0.763809	0.004750
0.764792	0.004730
0.765775	0.004711
0.766757	0.004692
0.767740	0.004672
0.768723	0.004653
0.769706	0.004634
0.770688	0.004614
0.771671	0.004595
0.772654	0.004576
0.773637	0.004556
0.774620	0.004537
0.775602	0.004518
0.776585	0.004498
0.777568	0.004479
0.778551	0.004460
0.779533	0.004440
0.780516	0.004421
0.781499	0.004402
0.782482	0.004383
0.783465	0.004363
0.784447	0.004344
0.785430	0.004325
0.786413	0.004306
0.787396	0.004286
0.788378	0.004267
0.789361	0.004248
0.790344	0.004229
0.791327	0.004210
0.792310	0.004191
0.793292	0.004171
0.794275	0.004152
0.795258	0.004133
0.796241	0.004114
0.797223	0.004095
0.798206	0.004076
0.799189	0.004057
0.800172	0.004038
0.801155	0.004019
0.802137	0.004000
0.803120	0.003981
0.804103	0.003962
0.805086	0.003944
0.806068	0.003925
0.807051	0.003906
0.808034	0.003887
0.809017	0.003868
0.809999	0.003850
0.810982	0.003831
0.811965	0.003812
0.812948	0.003794
0.813931	0.003775
0.814913	0.003756
0.815896	0.003738
0.816879	0.003719
0.817862	0.003701
0.818844	0.003682
0.819827	0.003664
0.820810	0.003645
0.821793	0.003627
0.822776	0.003609
0.823758	0.003590
0.824741	0.003572
0.825724	0.003554
0.826707	0.003536
0.827689	0.003518
0.828672	0.003499
0.829655	0.003481
0.830638	0.003463
0.831621	0.003445
0.832603	0.003427
0.833586	0.003409
0.834569	0.003391
0.835552	0.003374
0.836534	0.003356
0.837517	0.003338
0.838500	0.003320
0.839483	0.003302
0.840466	0.003285
0.841448	0.003267
0.842431	0.003249
0.843414	0.003232
0.844397	0.003214
0.845379	0.003197
0.846362	0.003179
0.847345	0.003162
0.848328	0.003145
0.849311	0.003127
0.850293	0.003110
0.851276	0.003093
0.852259	0.003076
0.853242	0.003059
0.854224	0.003041
0.855207	0.003024
0.856190	0.003007
0.857173	0.002990
0.858155	0.002974
0.859138	0.002957
0.860121	0.002940
0.861104	0.002923
0.862087	0.002906
0.863069	0.002890
0.864052	0.002873
0.865035	0.002856
0.866018	0.002840
0.867000	0.002823
0.867983	0.002807
0.868966	0.002790
0.869949	0.002774
0.870932	0.002757
0.871914	0.002741
0.872897	0.002725
0.873880	0.002709
0.874863	0.002693
0.875845	0.002676
0.876828	0.002660
0.877811	0.002644
0.878794	0.002628
0.879777	0.002612
0.880759	0.002596
0.881742	0.002581
0.882725	0.002565
0.883708	0.002549
0.884690	0.002533
0.885673	0.002518
0.886656	0.002502
0.887639	0.002487
0.888622	0.002471
0.889604	0.002456
0.890587	0.002440
0.891570	0.002425
0.892553	0.002409
0.893535	0.002394
0.894518	0.002379
0.895501	0.002364
0.896484	0.002348
0.897467	0.002333
0.898449	0.002318
0.899432	0.002303
0.900415	0.002288
0.901398	0.002273
0.902380	0.002259
0.903363	0.002244
0.904346	0.002229
0.905329	0.002214
0.906311	0.002200
0.907294	0.002185
0.908277	0.002170
0.909260	0.002156
0.910243	0.002141
0.911225	0.002127
0.912208	0.002112
0.913191	0.002098
0.914174	0.002084
0.915156	0.002069
0.916139	0.002055
0.917122	0.002041
0.918105	0.002027
0.919088	0.002013
0.920070	0.001999
0.921053	0.001985
0.922036	0.001971
0.923019	0.001957
0.924001	0.001943
0.924984	0.001929
0.925967	0.001915
0.926950	0.001902
0.927933	0.001888
0.928915	0.001874
0.929898	0.001861
0.930881	0.001847
0.931864	0.001834
0.932846	0.001820
0.933829	0.001807
0.934812	0.001793
0.935795	0.001780
0.936778	0.001767
0.937760	0.001753
0.938743	0.001740
0.939726	0.001727
0.940709	0.001714
0.941691	0.001701
0.942674	0.001688
0.943657	0.001675
0.944640	0.001662
0.945623	0.001649
0.946605	0.001636
0.947588	0.001623
0.948571	0.001610
0.949554	0.001598
0.950536	0.001585
0.951519	0.001572
0.952502	0.001559
0.953485	0.001547
0.954467	0.001534
0.955450	0.001522
0.956433	0.001509
0.957416	0.001497
0.958399	0.001484
0.959381	0.001472
0.960364	0.001460
0.961347	0.001447
0.962330	0.001435
0.963312	0.001423
0.964295	0.001411
0.965278	0.001399
0.966261	0.001387
0.967244	0.001375
0.968226	0.001363
0.969209	0.001351
0.970192	0.001339
0.971175	0.001327
0.972157	0.001315
0.973140	0.001303
0.974123	0.001291
0.975106	0.001279
0.976089	0.001268
0.977071	0.001256
0.978054	0.001244
0.979037	0.001233
0.980020	0.001221
0.981002	0.001209
0.981985	0.001198
0.982968	0.001186
0.983951	0.001175
0.984934	0.001164
0.985916	0.001152
0.986899	0.001141
0.987882	0.001129
0.988865	0.001118
0.989847	0.001107
0.990830	0.001096
0.991813	0.001084
0.992796	0.001073
0.993779	0.001062
0.994761	0.001051
0.995744	0.001040
0.996727	0.001029
0.997710	0.001018
0.998692	0.001007
0.999675	0.000996
1.000658	0.000985
1.001641	0.000974
1.002624	0.000963
1.003606	0.000952
1.004589	0.000941
1.005572	0.000931
1.006555	0.000920
1.007537	0.000909
1.008520	0.000898
1.009503	0.000888
1.010486	0.000877
1.011468	0.000866
1.012451	0.000856
1.013434	0.000845
1.014417	0.000835
1.015400	0.000824
1.016382	0.000814
1.017365	0.000803
1.018348	0.000793
1.019331	0.000782
1.020313	0.000772
1.021296	0.000762
1.022279	0.000751
1.023262	0.000741
1.024245	0.000731
1.025227	0.000720
1.026210	0.000710
1.027193	0.000700
1.028176	0.000689
1.029158	0.000679
1.030141	0.000669
1.031124	0.000659
1.032107	0.000649
1.033090	0.000639
1.034072	0.000629
1.035055	0.000618
1.036038	0.000608
1.037021	0.000598
1.038003	0.000588
1.038986	0.000578
1.039969	0.000568
1.040952	0.000558
1.041935	0.000548
1.042917	0.000538
1.043900	0.000528
1.044883	0.000519
1.045866	0.000509
1.046848	0.000499
1.047831	0.000489
1.048814	0.000479
1.049797	0.000469
1.050780	0.000459
1.051762	0.000450
1.052745	0.000440
1.053728	0.000430
1.054711	0.000420
1.055693	0.000411
1.056676	0.000401
1.057659	0.000391
1.058642	0.000381
1.059624	0.000372
1.060607	0.000362
1.061590	0.000352
1.062573	0.000343
1.063556	0.000333
1.064538	0.000323
1.065521	0.000314
1.066504	0.000304
1.067487	0.000295
1.068469	0.000285
1.069452	0.000275
1.070435	0.000266
1.071418	0.000256
1.072401	0.000247
1.073383	0.000237
1.074366	0.000228
1.075349	0.000218
1.076332	0.000208
1.077314	0.000199
1.078297	0.000189
1.079280	0.000180
1.080263	0.000170
1.081246	0.000161
1.082228	0.000151
1.083211	0.000142
1.084194	0.000132
1.085177	0.000123
1.086159	0.000113
1.087142	0.000104
1.088125	0.000095
1.089108	0.000085
1.090091	0.000076
1.091073	0.000066
1.092056	0.000057
1.093039	0.000047
1.094022	0.000038
1.095004	0.000028
1.095987	0.000019
1.096970	0.000009
1.097945	0.000014
1.098920	0.000019
1.099894	0.000023
1.100869	0.000028
1.101844	0.000033
1.102819	0.000038
1.103794	0.000042
1.104768	0.000047
1.105743	0.000052
1.106718	0.000057
1.107693	0.000061
1.108667	0.000066
1.109642	0.000071
1.110617	0.000076
1.111592	0.000081
1.112567	0.000085
1.113541	0.000090
1.114516	0.000095
1.115491	0.000100
1.116466	0.000105
1.117441	0.000109
1.118415	0.000114
1.119390	0.000119
1.120365	0.000124
1.121340	0.000129
1.122315	0.000134
1.123289	0.000138
1.124264	0.000143
1.125239	0.000148
1.126214	0.000153
1.127189	0.000158
1.128163	0.000163
1.129138	0.000168
1.130113	0.000173
1.131088	0.000177
1.132062	0.000182
1.133037	0.000187
1.134012	0.000192
1.134987	0.000197
1.135962	0.000202
1.136936	0.000207
1.137911	0.000212
1.138886	0.000217
1.139861	0.000222
1.140836	0.000226
1.141810	0.000231
1.142785	0.000236
1.143760	0.000241
1.144735	0.000246
1.145710	0.000251
1.146684	0.000256
1.147659	0.000261
1.148634	0.000266
1.149609	0.000271
1.150584	0.000276
1.151558	0.000281
1.152533	0.000286
1.153508	0.000291
1.154483	0.000295
1.155457	0.000300
1.156432	0.000305
1.157407	0.000310
1.158382	0.000315
1.159357	0.000320
1.160331	0.000325
1.161306	0.000330
1.162281	0.000335
1.163256	0.000340
1.164231	0.000345
1.165205	0.000350
1.166180	0.000355
1.167155	0.000360
1.168130	0.000365
1.169105	0.000370
1.170079	0.000375
1.171054	0.000379
1.172029	0.000384
1.173004	0.000389
1.173979	0.000394
1.174953	0.000399
1.175928	0.000404
1.176903	0.000409
1.177878	0.000414
1.178852	0.000419
1.179827	0.000424
1.180802	0.000429
1.181777	0.000434
1.182752	0.000438
1.183726	0.000443
1.184701	0.000448
1.185676	0.000453
1.186651	0.000458
1.187626	0.000463
1.188600	0.000468
1.189575	0.000473
1.190550	0.000478
1.191525	0.000482
1.192500	0.000487
1.193474	0.000492
1.194449	0.000497
1.195424	0.000502
1.196399	0.000507
1.197374	0.000512
1.198348	0.000516
1.199323	0.000521
1.200298	0.000526
1.201273	0.000531
1.202247	0.000536
1.203222	0.000541
1.204197	0.000545
1.205172	0.000550
1.206147	0.000555
1.207121	0.000560
1.208096	0.000565
1.209071	0.000569
1.210046	0.000574
1.211021	0.000579
1.211995	0.000584
1.212970	0.000588
1.213945	0.000593
1.214920	0.000598
1.215895	0.000603
1.216869	0.000607
1.217844	0.000612
1.218819	0.000617
1.219794	0.000621
1.220769	0.000626
1.221743	0.000631
1.222718	0.000635
1.223693	0.000640
1.224668	0.000645
1.225643	0.000649
1.226617	0.000654
1.227592	0.000658
1.228567	0.000663
1.229542	0.000668
1.230516	0.000672
1.231491	0.000677
1.232466	0.000681
1.233441	0.000686
1.234416	0.000690
1.235390	0.000695
1.236365	0.000699
1.237340	0.000704
1.238315	0.000708
1.239290	0.000713
1.240264	0.000717
1.241239	0.000722
1.242214	0.000726
1.243189	0.000731
1.244164	0.000735
1.245138	0.000739
1.246113	0.000744
1.247088	0.000748
1.248063	0.000753
1.249038	0.000757
1.250012	0.000761
1.250987	0.000766
1.251962	0.000770
1.252937	0.000774
1.253911	0.000778
1.254886	0.000783
1.255861	0.000787
1.256836	0.000791
1.257811	0.000795
1.258785	0.000800
1.259760	0.000804
1.260735	0.000808
1.261710	0.000812
1.262685	0.000816
1.263659	0.000820
1.264634	0.000824
1.265609	0.000828
1.266584	0.000832
1.267559	0.000836
1.268533	0.000840
1.269508	0.000844
1.270483	0.000848
1.271458	0.000852
1.272433	0.000856
1.273407	0.000860
1.274382	0.000864
1.275357	0.000868
1.276332	0.000872
1.277306	0.000876
1.278281	0.000880
1.279256	0.000883
1.280231	0.000887
1.281206	0.000891
1.282180	0.000895
1.283155	0.000898
1.284130	0.000902
1.285105	0.000906
1.286080	0.000909
1.287054	0.000913
1.288029	0.000917
1.289004	0.000920
1.289979	0.000924
1.290954	0.000927
1.291928	0.000931
1.292903	0.000934
1.293878	0.000938
1.294853	0.000941
1.295828	0.000945
1.296802	0.000948
1.297777	0.000952
1.298752	0.000955
1.299727	0.000958
1.300701	0.000962
1.301676	0.000965
1.302651	0.000968
1.303626	0.000971
1.304601	0.000975
1.305575	0.000978
1.306550	0.000981
1.307525	0.000984
1.308500	0.000987
1.309475	0.000990
1.310449	0.000993
1.311424	0.000996
1.312399	0.000999
1.313374	0.001002
1.314349	0.001005
1.315323	0.001008
1.316298	0.001011
1.317273	0.001014
1.318248	0.001016
1.319223	0.001019
1.320197	0.001022
1.321172	0.001025
1.322147	0.001027
1.323122	0.001030
1.324096	0.001033
1.325071	0.001035
1.326046	0.001038
1.327021	0.001040
1.327996	0.001043
1.328970	0.001045
1.329945	0.001048
1.330920	0.001050
1.331895	0.001053
1.332870	0.001055
1.333844	0.001057
1.334819	0.001060
1.335794	0.001062
1.336769	0.001064
1.337744	0.001066
1.338718	0.001068
1.339693	0.001070
1.340668	0.001072
1.341643	0.001075
1.342618	0.001077
1.343592	0.001078
1.344567	0.001080
1.345542	0.001082
1.346517	0.001084
1.347492	0.001086
1.348466	0.001088
1.349441	0.001090
1.350416	0.001091
1.351391	0.001093
1.352365	0.001095
1.353340	0.001096
1.354315	0.001098
1.355290	0.001099
1.356265	0.001101
1.357239	0.001102
1.358214	0.001104
1.359189	0.001105
1.360164	0.001106
1.361139	0.001108
1.362113	0.001109
1.363088	0.001110
1.364063	0.001111
1.365038	0.001112
1.366013	0.001113
1.366987	0.001114
1.367962	0.001115
1.368937	0.001116
1.369912	0.001117
1.370887	0.001118
1.371861	0.001119
1.372836	0.001120
1.373811	0.001121
1.374786	0.001121
1.375760	0.001122
1.376735	0.001123
1.377710	0.001123
1.378685	0.001124
1.379660	0.001124
1.380634	0.001125
1.381609	0.001125
1.382584	0.001126
1.383559	0.001126
1.384534	0.001126
1.385508	0.001126
1.386483	0.001127
1.387458	0.001127
1.388433	0.001127
1.389408	0.001127
1.390382	0.001127
1.391357	0.001127
1.392332	0.001127
1.393307	0.001127
1.394282	0.001126
1.395256	0.001126
1.396231	0.001126
1.397206	0.001126
1.398181	0.001125
1.399155	0.001125
1.400130	0.001124
1.401105	0.001124
1.402080	0.001123
1.403055	0.001123
1.404029	0.001122
1.405004	0.001121
1.405979	0.001121
1.406954	0.001120
1.407929	0.001119
1.408903	0.001118
1.409878	0.001117
1.410853	0.001116
1.411828	0.001115
1.412803	0.001114
1.413777	0.001113
1.414752	0.001111
1.415727	0.001110
1.416702	0.001109
1.417677	0.001108
1.418651	0.001106
1.419626	0.001105
1.420601	0.001103
1.421576	0.001102
1.422550	0.001100
1.423525	0.001098
1.424500	0.001097
1.425475	0.001095
1.426450	0.001093
1.427424	0.001091
1.428399	0.001089
1.429374	0.001087
1.430349	0.001085
1.431324	0.001083
1.432298	0.001081
1.433273	0.001079
1.434248	0.001076
1.435223	0.001074
1.436198	0.001072
1.437172	0.001069
1.438147	0.001067
1.439122	0.001064
1.440097	0.001062
1.441072	0.001059
1.442046	0.001056
1.443021	0.001054
1.443996	0.001051
1.444971	0.001048
1.445946	0.001045
1.446920	0.001042
1.447895	0.001039
1.448870	0.001036
1.449845	0.001033
1.450819	0.001030
1.451794	0.001027
1.452769	0.001023
1.453744	0.001020
1.454719	0.001017
1.455693	0.001013
1.456668	0.001010
1.457643	0.001006
1.458618	0.001002
1.459593	0.000999
1.460567	0.000995
1.461542	0.000991
1.462517	0.000987
1.463492	0.000983
1.464467	0.000979
1.465441	0.000975
1.466416	0.000971
1.467391	0.000967
1.468366	0.000963
1.469341	0.000959
1.470315	0.000954
1.471290	0.000950
1.472265	0.000945
1.473240	0.000941
1.474214	0.000936
1.475189	0.000932
1.476164	0.000927
1.477139	0.000922
1.478114	0.000918
1.479088	0.000913
1.480063	0.000908
1.481038	0.000903
1.482013	0.000898
1.482988	0.000893
1.483962	0.000888
1.484937	0.000882
1.485912	0.000877
1.486887	0.000872
1.487862	0.000866
1.488836	0.000861
1.489811	0.000855
1.490786	0.000850
1.491761	0.000844
1.492736	0.000839
1.493710	0.000833
1.494685	0.000827
1.495660	0.000821
1.496635	0.000815
1.497609	0.000809
1.498584	0.000803
1.499559	0.000797
1.500534	0.000791
1.501509	0.000785
1.502483	0.000779
1.503458	0.000772
1.504433	0.000766
1.505408	0.000759
1.506383	0.000753
1.507357	0.000746
1.508332	0.000740
1.509307	0.000733
1.510282	0.000726
1.511257	0.000719
1.512231	0.000712
1.513206	0.000705
1.514181	0.000698
1.515156	0.000691
1.516131	0.000684
1.517105	0.000677
1.518080	0.000670
1.519055	0.000662
1.520030	0.000655
1.521004	0.000648
1.521979	0.000640
1.522954	0.000633
1.523929	0.000625
1.524904	0.000617
1.525878	0.000609
1.526853	0.000602
1.527828	0.000594
1.528803	0.000586
1.529778	0.000578
1.530752	0.000570
1.531727	0.000561
1.532702	0.000553
1.533677	0.000545
1.534652	0.000537
1.535626	0.000528
1.536601	0.000520
1.537576	0.000511
1.538551	0.000503
1.539526	0.000494
1.540500	0.000485
1.541475	0.000476
1.542450	0.000467
1.543425	0.000458
1.544399	0.000449
1.545374	0.000440
1.546349	0.000431
1.547324	0.000422
1.548299	0.000413
1.549273	0.000403
1.550248	0.000394
1.551223	0.000384
1.552198	0.000375
1.553173	0.000365
1.554147	0.000355
1.555122	0.000346
1.556097	0.000336
1.557072	0.000326
1.558047	0.000316
1.559021	0.000306
1.559996	0.000295
1.560971	0.000285
1.561946	0.000275
1.562921	0.000264
1.563895	0.000254
1.564870	0.000243
1.565845	0.000233
1.566820	0.000222
1.567795	0.000211
1.568769	0.000200
1.569744	0.000189
1.570719	0.000178
1.571694	0.000167
1.572668	0.000156
1.573643	0.000144
1.574618	0.000133
1.575593	0.000121
1.576568	0.000109
1.577542	0.000098
1.578517	0.000086
1.579492	0.000074
1.580467	0.000062
1.581442	0.000050
1.582416	0.000037
1.583391	0.000025
1.584366	0.000013
1.585349	0.000026
1.586332	0.000038
1.587314	0.000051
1.588297	0.000064
1.589280	0.000077
1.590263	0.000089
1.591245	0.000102
1.592228	0.000115
1.593211	0.000128
1.594194	0.000140
1.595176	0.000153
1.596159	0.000166
1.597142	0.000179
1.598125	0.000192
1.599108	0.000205
1.600090	0.000217
1.601073	0.000230
1.602056	0.000243
1.603039	0.000256
1.604021	0.000269
1.605004	0.000282
1.605987	0.000295
1.606970	0.000308
1.607953	0.000321
1.608935	0.000334
1.609918	0.000347
1.610901	0.000360
1.611884	0.000373
1.612866	0.000386
1.613849	0.000399
1.614832	0.000413
1.615815	0.000426
1.616798	0.000439
1.617780	0.000452
1.618763	0.000466
1.619746	0.000479
1.620729	0.000492
1.621711	0.000506
1.622694	0.000519
1.623677	0.000532
1.624660	0.000546
1.625643	0.000559
1.626625	0.000573
1.627608	0.000587
1.628591	0.000600
1.629574	0.000614
1.630556	0.000628
1.631539	0.000641
1.632522	0.000655
1.633505	0.000669
1.634488	0.000683
1.635470	0.000697
1.636453	0.000711
1.637436	0.000725
1.638419	0.000739
1.639401	0.000753
1.640384	0.000767
1.641367	0.000781
1.642350	0.000796
1.643333	0.000810
1.644315	0.000825
1.645298	0.000839
1.646281	0.000853
1.647264	0.000868
1.648246	0.000883
1.649229	0.000897
1.650212	0.000912
1.651195	0.000927
1.652177	0.000942
1.653160	0.000957
1.654143	0.000972
1.655126	0.000987
1.656109	0.001002
1.657091	0.001017
1.658074	0.001032
1.659057	0.001048
1.660040	0.001063
1.661022	0.001079
1.662005	0.001094
1.662988	0.001110
1.663971	0.001126
1.664954	0.001141
1.665936	0.001157
1.666919	0.001173
1.667902	0.001189
1.668885	0.001205
1.669867	0.001221
1.670850	0.001238
1.671833	0.001254
1.672816	0.001271
1.673799	0.001287
1.674781	0.001304
1.675764	0.001321
1.676747	0.001337
1.677730	0.001354
1.678712	0.001371
1.679695	0.001388
1.680678	0.001406
1.681661	0.001423
1.682644	0.001440
1.683626	0.001458
1.684609	0.001475
1.685592	0.001493
1.686575	0.001511
1.687557	0.001529
1.688540	0.001547
1.689523	0.001565
1.690506	0.001583
1.691489	0.001602
1.692471	0.001620
1.693454	0.001639
1.694437	0.001658
1.695420	0.001676
1.696402	0.001695
1.697385	0.001715
1.698368	0.001734
1.699351	0.001753
1.700333	0.001773
1.701316	0.001792
1.702299	0.001812
1.703282	0.001832
1.704265	0.001852
1.705247	0.001872
1.706230	0.001892
1.707213	0.001913
1.708196	0.001933
1.709178	0.001954
1.710161	0.001975
1.711144	0.001996
1.712127	0.002017
1.713110	0.002038
1.714092	0.002060
1.715075	0.002081
1.716058	0.002103
1.717041	0.002125
1.718023	0.002147
1.719006	0.002169
1.719989	0.002192
1.720972	0.002214
1.721955	0.002237
1.722937	0.002260
1.723920	0.002283
1.724903	0.002306
1.725886	0.002330
1.726868	0.002353
1.727851	0.002377
1.728834	0.002401
1.729817	0.002425
1.730800	0.002450
1.731782	0.002474
1.732765	0.002499
1.733748	0.002524
1.734731	0.002549
1.735713	0.002574
1.736696	0.002600
1.737679	0.002625
1.738662	0.002651
1.739645	0.002678
1.740627	0.002704
1.741610	0.002731
1.742593	0.002757
1.743576	0.002784
1.744558	0.002812
1.745541	0.002839
1.746524	0.002867
1.747507	0.002895
1.748489	0.002923
1.749472	0.002951
1.750455	0.002980
1.751438	0.003009
1.752421	0.003038
1.753403	0.003067
1.754386	0.003097
1.755369	0.003127
1.756352	0.003157
1.757334	0.003187
1.758317	0.003218
1.759300	0.003249
1.760283	0.003280
1.761266	0.003312
1.762248	0.003343
1.763231	0.003376
1.764214	0.003408
1.765197	0.003440
1.766179	0.003473
1.767162	0.003507
1.768145	0.003540
1.769128	0.003574
1.770111	0.003608
1.771093	0.003642
1.772076	0.003677
1.773059	0.003712
1.774042	0.003748
1.775024	0.003783
1.776007	0.003819
1.776990	0.003856
1.777973	0.003893
1.778956	0.003930
1.779938	0.003967
1.780921	0.004005
1.781904	0.004043
1.782887	0.004081
1.783869	0.004120
1.784852	0.004160
1.785835	0.004199
1.786818	0.004239
1.787801	0.004280
1.788783	0.004320
1.789766	0.004361
1.790749	0.004403
1.791732	0.004445
1.792714	0.004487
1.793697	0.004530
1.794680	0.004573
1.795663	0.004617
1.796645	0.004661
1.797628	0.004706
1.798611	0.004751
1.799594	0.004796
1.800577	0.004842
1.801559	0.004888
1.802542	0.004935
1.803525	0.004982
1.804508	0.005030
1.805490	0.005078
1.806473	0.005127
1.807456	0.005176
1.808439	0.005226
1.809422	0.005276
1.810404	0.005327
1.811387	0.005378
1.812370	0.005430
1.813353	0.005483
1.814335	0.005536
1.815318	0.005589
1.816301	0.005643
1.817284	0.005698
1.818267	0.005753
1.819249	0.005809
1.820232	0.005865
1.821215	0.005922
1.822198	0.005980
1.823180	0.006038
1.824163	0.006097
1.825146	0.006157
1.826129	0.006217
1.827112	0.006278
1.828094	0.006339
1.829077	0.006401
1.830060	0.006464
1.831043	0.006528
1.832025	0.006592
1.833008	0.006657
1.833991	0.006723
1.834974	0.006789
1.835957	0.006856
1.836939	0.006924
1.837922	0.006993
1.838905	0.007062
1.839888	0.007133
1.840870	0.007204
1.841853	0.007276
1.842836	0.007348
1.843819	0.007422
1.844801	0.007496
1.845784	0.007572
1.846767	0.007648
1.847750	0.007725
1.848733	0.007803
1.849715	0.007882
1.850698	0.007962
1.851681	0.008042
1.852664	0.008124
1.853646	0.008207
1.854629	0.008290
1.855612	0.008375
1.856595	0.008461
1.857578	0.008547
1.858560	0.008635
1.859543	0.008724
1.860526	0.008814
1.861509	0.008905
1.862491	0.008997
1.863474	0.009090
1.864457	0.009185
1.865440	0.009280
1.866423	0.009377
1.867405	0.009475
1.868388	0.009574
1.869371	0.009675
1.870354	0.009777
1.871336	0.009880
1.872319	0.009984
1.873302	0.010090
1.874285	0.010197
1.875268	0.010305
1.876250	0.010415
1.877233	0.010526
1.878216	0.010638
1.879199	0.010753
1.880181	0.010868
1.881164	0.010985
1.882147	0.011104
1.883130	0.011224
1.884113	0.011346
1.885095	0.011469
1.886078	0.011594
1.887061	0.011721
1.888044	0.011849
1.889026	0.011979
1.890009	0.012111
1.890992	0.012245
1.891975	0.012380
1.892958	0.012517
1.893940	0.012657
1.894923	0.012798
1.895906	0.012941
1.896889	0.013086
1.897871	0.013233
1.898854	0.013382
1.899837	0.013533
1.900820	0.013686
1.901802	0.013842
1.902785	0.013999
1.903768	0.014159
1.904751	0.014321
1.905734	0.014486
1.906716	0.014652
1.907699	0.014821
1.908682	0.014993
1.909665	0.015167
1.910647	0.015344
1.911630	0.015523
1.912613	0.015705
1.913596	0.015889
1.914579	0.016076
1.915561	0.016266
1.916544	0.016459
1.917527	0.016655
1.918510	0.016853
1.919492	0.017055
1.920475	0.017259
1.921458	0.017466
1.922441	0.017677
1.923424	0.017891
1.924406	0.018108
1.925389	0.018329
1.926372	0.018553
1.927355	0.018780
1.928337	0.019011
1.929320	0.019245
1.930303	0.019483
1.931286	0.019724
1.932269	0.019970
1.933251	0.020219
1.934234	0.020472
1.935217	0.020729
1.936200	0.020990
1.937182	0.021255
1.938165	0.021524
1.939148	0.021798
1.940131	0.022075
1.941114	0.022358
1.942096	0.022644
1.943079	0.022936
1.944062	0.023231
1.945045	0.023532
1.946027	0.023837
1.947010	0.024147
1.947993	0.024463
1.948976	0.024783
1.949958	0.025108
1.950941	0.025438
1.951924	0.025774
1.952907	0.026115
1.953890	0.026461
1.954872	0.026813
1.955855	0.027170
1.956838	0.027533
1.957821	0.027902
1.958803	0.028276
1.959786	0.028656
1.960769	0.029042
1.961752	0.029434
1.962735	0.029832
1.963717	0.030236
1.964700	0.030646
1.965683	0.031062
1.966666	0.031485
1.967648	0.031913
1.968631	0.032348
1.969614	0.032789
1.970597	0.033236
1.971580	0.033689
1.972562	0.034148
1.973545	0.034614
1.974528	0.035086
1.975511	0.035563
1.976493	0.036047
1.977476	0.036537
1.978459	0.037032
1.979442	0.037533
1.980425	0.038040
1.981407	0.038552
1.982390	0.039070
1.983373	0.039593
1.984356	0.040121
1.985338	0.040653
1.986321	0.041190
1.987304	0.041732
1.988287	0.042277
1.989270	0.042827
1.990252	0.043380
1.991235	0.043936
1.992218	0.044495
1.993201	0.045057
1.994183	0.045621
1.995166	0.046188
1.996149	0.046756
1.997132	0.047325
1.998114	0.047896
1.999097	0.048467
2.000080	0.049039
2.001063	0.049611
2.002046	0.050182
2.003028	0.050753
2.004011	0.051323
2.004994	0.051892
2.005977	0.052459
2.006959	0.053024
2.007942	0.053587
2.008925	0.054148
2.009908	0.054706
2.010891	0.055262
2.011873	0.055814
2.012856	0.056363
2.013839	0.056908
2.014822	0.057449
2.015804	0.057987
2.016787	0.058521
2.017770	0.059050
2.018753	0.059576
2.019736	0.060097
2.020718	0.060613
2.021701	0.061125
2.022684	0.061632
2.023667	0.062135
2.024649	0.062633
2.025632	0.063126
2.026615	0.063615
2.027598	0.064098
2.028581	0.064577
2.029563	0.065050
2.030546	0.065519
2.031529	0.065983
2.032512	0.066442
2.033494	0.066895
2.034477	0.067344
2.035460	0.067788
2.036443	0.068227
2.037426	0.068662
2.038408	0.069091
2.039391	0.069515
2.040374	0.069934
2.041357	0.070349
2.042339	0.070758
2.043322	0.071163
2.044305	0.071563
2.045288	0.071958
2.046270	0.072350
2.047253	0.072736
2.048236	0.073117
2.049219	0.073493
2.050202	0.073863
2.051184	0.074228
2.052167	0.074588
2.053150	0.074944
2.054133	0.075295
2.055115	0.075641
2.056098	0.075985
2.057081	0.076324
2.058064	0.076660
2.059047	0.076993
2.060029	0.077321
2.061012	0.077644
2.061995	0.077962
2.062978	0.078274
2.063960	0.078581
2.064943	0.078883
2.065926	0.079179
2.066909	0.079470
2.067892	0.079757
2.068874	0.080039
2.069857	0.080317
2.070840	0.080591
2.071823	0.080862
2.072805	0.081131
2.073788	0.081396
2.074771	0.081660
2.075754	0.081922
2.076737	0.082181
2.077719	0.082436
2.078702	0.082686
2.079685	0.082930
2.080668	0.083169
2.081650	0.083402
2.082633	0.083630
2.083616	0.083852
2.084599	0.084070
2.085582	0.084282
2.086564	0.084490
2.087547	0.084694
2.088530	0.084893
2.089513	0.085088
2.090495	0.085278
2.091478	0.085465
2.092461	0.085648
2.093444	0.085828
2.094426	0.086004
2.095409	0.086178
2.096392	0.086349
2.097375	0.086517
2.098358	0.086685
2.099340	0.086851
2.100323	0.087017
2.101306	0.087182
2.102289	0.087343
2.103271	0.087499
2.104254	0.087649
2.105237	0.087792
2.106220	0.087930
2.107203	0.088063
2.108185	0.088190
2.109168	0.088313
2.110151	0.088430
2.111134	0.088543
2.112116	0.088652
2.113099	0.088756
2.114082	0.088856
2.115065	0.088952
2.116048	0.089044
2.117030	0.089132
2.118013	0.089215
2.118996	0.089295
2.119979	0.089371
2.120961	0.089442
2.121944	0.089510
2.122927	0.089575
2.123910	0.089635
2.124893	0.089692
2.125875	0.089745
2.126858	0.089794
2.127841	0.089839
2.128824	0.089881
2.129806	0.089920
2.130789	0.089955
2.131772	0.089988
2.132755	0.090017
2.133738	0.090044
2.134720	0.090069
2.135703	0.090093
2.136686	0.090118
2.137669	0.090143
2.138651	0.090170
2.139634	0.090193
2.140617	0.090209
2.141600	0.090218
2.142583	0.090220
2.143565	0.090216
2.144548	0.090206
2.145531	0.090191
2.146514	0.090171
2.147496	0.090147
2.148479	0.090118
2.149462	0.090084
2.150445	0.090046
2.151427	0.090004
2.152410	0.089958
2.153393	0.089907
2.154376	0.089852
2.155359	0.089793
2.156341	0.089730
2.157324	0.089663
2.158307	0.089592
2.159290	0.089516
2.160272	0.089437
2.161255	0.089354
2.162238	0.089266
2.163221	0.089175
2.164204	0.089079
2.165186	0.088979
2.166169	0.088876
2.167152	0.088768
2.168135	0.088656
2.169117	0.088540
2.170100	0.088420
2.171083	0.088296
2.172066	0.088168
2.173049	0.088036
2.174031	0.087900
2.175014	0.087760
2.175997	0.087615
2.176980	0.087467
2.177962	0.087314
2.178945	0.087157
2.179928	0.086997
2.180911	0.086831
2.181894	0.086662
2.182876	0.086489
2.183859	0.086311
2.184842	0.086130
2.185825	0.085944
2.186807	0.085754
2.187790	0.085560
2.188773	0.085361
2.189756	0.085159
2.190739	0.084952
2.191721	0.084741
2.192704	0.084526
2.193687	0.084307
2.194670	0.084084
2.195652	0.083857
2.196635	0.083626
2.197618	0.083392
2.198601	0.083156
2.199583	0.082917
2.200566	0.082679
2.201549	0.082445
2.202532	0.082217
2.203515	0.081979
2.204497	0.081730
2.205480	0.081472
2.206463	0.081206
2.207446	0.080933
2.208428	0.080654
2.209411	0.080369
2.210394	0.080078
2.211377	0.079782
2.212360	0.079481
2.213342	0.079174
2.214325	0.078862
2.215308	0.078545
2.216291	0.078223
2.217273	0.077896
2.218256	0.077563
2.219239	0.077226
2.220222	0.076883
2.221205	0.076535
2.222187	0.076182
2.223170	0.075824
2.224153	0.075461
2.225136	0.075092
2.226118	0.074718
2.227101	0.074339
2.228084	0.073955
2.229067	0.073565
2.230050	0.073170
2.231032	0.072769
2.232015	0.072363
2.232998	0.071952
2.233981	0.071535
2.234963	0.071113
2.235946	0.070685
2.236929	0.070251
2.237912	0.069812
2.238895	0.069367
2.239877	0.068917
2.240860	0.068460
2.241843	0.067998
2.242826	0.067530
2.243808	0.067056
2.244791	0.066577
2.245774	0.066091
2.246757	0.065599
2.247739	0.065101
2.248722	0.064597
2.249705	0.064087
2.250688	0.063571
2.251671	0.063048
2.252653	0.062519
2.253636	0.061984
2.254619	0.061442
2.255602	0.060893
2.256584	0.060338
2.257567	0.059776
2.258550	0.059208
2.259533	0.058633
2.260516	0.058051
2.261498	0.057462
2.262481	0.056866
2.263464	0.056263
2.264447	0.055653
2.265429	0.055035
2.266412	0.054410
2.267395	0.053778
2.268378	0.053139
2.269361	0.052491
2.270343	0.051836
2.271326	0.051174
2.272309	0.050503
2.273292	0.049824
2.274274	0.049138
2.275257	0.048443
2.276240	0.047739
2.277223	0.047027
2.278206	0.046307
2.279188	0.045578
2.280171	0.044840
2.281154	0.044093
2.282137	0.043336
2.283119	0.042571
2.284102	0.041795
2.285085	0.041010
2.286068	0.040215
2.287051	0.039409
2.288033	0.038593
2.289016	0.037766
2.289999	0.036927
2.290982	0.036076
2.291964	0.035213
2.292947	0.034336
2.293930	0.033444
2.294913	0.032534
2.295895	0.031605
2.296878	0.030656
2.297861	0.029705
2.298844	0.028748
2.299827	0.027781
2.300809	0.026801
2.301792	0.025806
2.302775	0.024794
2.303758	0.023768
2.304740	0.022737
2.305723	0.021706
2.306706	0.020679
2.307689	0.019660
2.308672	0.018654
2.309654	0.017661
2.310637	0.016683
2.311620	0.015720
2.312603	0.014771
2.313585	0.013835
2.314568	0.012912
2.315551	0.012001
2.316534	0.011101
2.317517	0.010211
2.318499	0.009330
2.319482	0.008458
2.320465	0.007592
2.321448	0.006733
2.322430	0.005879
2.323413	0.005030
2.324396	0.004186
2.325379	0.003345
2.326362	0.002506
2.327344	0.001670
2.328327	0.000834
2.329310	0.000000
2.330293	0.000000
2.331275	0.000000
2.332258	0.000000
2.333241	0.000000
2.334224	0.000000
2.335207	0.000000
2.336189	0.000000
2.337172	0.000000
2.338155	0.000000
2.339138	0.000000
2.340120	0.000000
2.341103	0.000000
2.342086	0.000000
2.343069	0.000000
2.344051	0.000000
2.345034	0.000000
2.346017	0.000000
2.347000	0.000000
2.347983	0.000000
2.348965	0.000000
2.349948	0.000000
2.350931	0.000000
2.351914	0.000000
2.352896	0.000000
2.353879	0.000000
2.354862	0.000000
2.355845	0.000000
2.356828	0.000000
2.357810	0.000000
2.358793	0.000000
2.359776	0.000000
2.360759	0.000000
2.361741	0.000000
2.362724	0.000000
2.363707	0.000000
2.364690	0.000000
2.365673	0.000000
2.366655	0.000000
2.367638	0.000000
2.368621	0.000000
2.369604	0.000000
2.370586	0.000000
2.371569	0.000000
2.372552	0.000000
2.373535	0.000000
2.374518	0.000000
2.375500	0.000000
2.376483	0.000000
2.377466	0.000000
2.378449	0.000000
2.379431	0.000000
2.380414	0.000000
2.381397	0.000000
2.382380	0.000000
2.383363	0.000000
2.384345	0.000000
2.385328	0.000000
2.386311	0.000000
2.387294	0.000000
2.388276	0.000000
2.389259	0.000000
2.390242	0.000000
2.391225	0.000000
2.392208	0.000000
2.393190	0.000000
2.394173	0.000000
2.395156	0.000000
2.396139	0.000000
2.397121	0.000000
2.398104	0.000000
2.399087	0.000000
2.400070	0.000000
2.401052	0.000000
2.402035	0.000000
2.403018	0.000000
2.404001	0.000000
2.404984	0.000000
2.405966	0.000000
2.406949	0.000000
2.407932	0.000000
2.408915	0.000000
2.409897	0.000000
2.410880	0.000000
2.411863	0.000000
2.412846	0.000000
2.413829	0.000000
2.414811	0.000000
2.415794	0.000000
2.416777	0.000000
2.417760	0.000000
2.418742	0.000000
2.419725	0.000000
2.420708	0.000000
2.421691	0.000000
2.422674	0.000000
2.423656	0.000000
2.424639	0.000000
2.425622	0.000000
2.426605	0.000000
2.427587	0.000000
2.428570	0.000000
2.429553	0.000000
2.430536	0.000000
2.431519	0.000000
2.432501	0.000000
2.433484	0.000000
2.434467	0.000000
2.435450	0.000000
2.436432	0.000000
2.437415	0.000000
2.438398	0.000000
2.439381	0.000000
2.440364	0.000000
2.441346	0.000000
2.442329	0.000000
2.443312	0.000000
2.444295	0.000000
2.445277	0.000000
2.446260	0.000000
2.447243	0.000000
2.448226	0.000000
2.449208	0.000000
2.450191	0.000000
2.451174	0.000000
2.452157	0.000000
2.453140	0.000000
2.454122	0.000000
2.455105	0.000000
2.456088	0.000000
2.457071	0.000000
2.458053	0.000000
2.459036	0.000000
2.460019	0.000000
2.461002	0.000000
2.461985	0.000000
2.462967	0.000000
2.463950	0.000000
2.464933	0.000000
2.465916	0.000000
2.466898	0.000000
2.467881	0.000000
2.468864	0.000000
2.469847	0.000000
2.470830	0.000000
2.471812	0.000000
2.472795	0.000000
2.473778	0.000000
2.474761	0.000000
2.475743	0.000000
2.476726	0.000000
2.477709	0.000000
2.478692	0.000000
2.479675	0.000000
2.480657	0.000000
2.481640	0.000000
2.482623	0.000000
2.483606	0.000000
2.484588	0.000000
2.485571	0.000000
2.486554	0.000000
2.487537	0.000000
2.488520	0.000000
2.489502	0.000000
2.490485	0.000000
2.491468	0.000000
2.492451	0.000000
2.493433	0.000000
2.494416	0.000000
2.495399	0.000000
2.496382	0.000000
2.497364	0.000000
2.498347	0.000000
2.499330	0.000000
2.500313	0.000000
2.501296	0.000000
2.502278	0.000000
2.503261	0.000000
2.504244	0.000000
2.505227	0.000000
2.506209	0.000000
2.507192	0.000000
2.508175	0.000000
2.509158	0.000000
2.510141	0.000000
2.511123	0.000000
2.512106	0.000000
2.513089	0.000000
2.514072	0.000000
2.515054	0.000000
2.516037	0.000000
2.517020	0.000000
2.518003	0.000000
2.518986	0.000000
2.519968	0.000000
2.520951	0.000000
2.521934	0.000000
2.522917	0.000000
2.523899	0.000000
2.524882	0.000000
2.525865	0.000000
2.526848	0.000000
2.527831	0.000000
2.528813	0.000000
2.529796	0.000000
2.530779	0.000000
2.531762	0.000000
2.532744	0.000000
2.533727	0.000000
2.534710	0.000000
2.535693	0.000000
2.536676	0.000000
2.537658	0.000000
2.538641	0.000000
2.539624	0.000000
2.540607	0.000000
2.541589	0.000000
2.542572	0.000000
2.543555	0.000000
2.544538	0.000000
2.545520	0.000000
2.546503	0.000000
2.547486	0.000000
2.548469	0.000000
2.549452	0.000000
2.550434	0.000000
2.551417	0.000000
2.552400	0.000000
2.553383	0.000000
2.554365	0.000000
2.555348	0.000000
2.556331	0.000000
2.557314	0.000000
2.558297	0.000000
2.559279	0.000000
2.560262	0.000000
2.561245	0.000000
2.562228	0.000000
2.563210	0.000000
2.564193	0.000000
2.565176	0.000000
2.566159	0.000000
2.567142	0.000000
2.568124	0.000000
2.569107	0.000000
2.570090	0.000000
2.571073	0.000000
2.572055	0.000000
2.573038	0.000000
2.574021	0.000000
2.575004	0.000000
2.575987	0.000000
2.576969	0.000000
2.577952	0.000000
2.578935	0.000000
2.579918	0.000000
2.580900	0.000000
2.581883	0.000000
2.582866	0.000000
2.583849	0.000000
2.584832	0.000000
2.585814	0.000000
2.586797	0.000000
2.587780	0.000000
2.588763	0.000000
2.589745	0.000000
2.590728	0.000000
2.591711	0.000000
2.592694	0.000000
2.593676	0.000000
2.594659	0.000000
2.595642	0.000000
2.596625	0.000000
2.597608	0.000000
2.598590	0.000000
2.599573	0.000000
2.600556	0.000000
2.601539	0.000000
2.602521	0.000000
2.603504	0.000000
2.604487	0.000000
2.605470	0.000000
2.606453	0.000000
2.607435	0.000000
2.608418	0.000000
2.609401	0.000000
2.610384	0.000000
2.611366	0.000000
2.612349	0.000000
2.613332	0.000000
2.614315	0.000000
2.615298	0.000000
2.616280	0.000000
2.617263	0.000000
2.618246	0.000000
2.619229	0.000000
2.620211	0.000000
2.621194	0.000000
2.622177	0.000000
2.623160	0.000000
2.624143	0.000000
2.625125	0.000000
2.626108	0.000000
2.627091	0.000000
2.628074	0.000000
2.629056	0.000000
2.630039	0.000000
2.631022	0.000000
2.632005	0.000000
2.632988	0.000000
2.633970	0.000000
2.634953	0.000000
2.635936	0.000000
2.636919	0.000000
2.637901	0.000000
2.638884	0.000000
2.639867	0.000000
2.640850	0.000000
2.641833	0.000000
2.642815	0.000000
2.643798	0.000000
2.644781	0.000000
2.645764	0.000000
2.646746	0.000000
2.647729	0.000000
2.648712	0.000000
2.649695	0.000000
2.650677	0.000000
2.651660	0.000000
2.652643	0.000000
2.653626	0.000000
2.654609	0.000000
2.655591	0.000000
2.656574	0.000000
2.657557	0.000000
2.658540	0.000000
2.659522	0.000000
2.660505	0.000000
2.661488	0.000000
2.662471	0.000000
2.663454	0.000000
2.664436	0.000000
2.665419	0.000000
2.666402	0.000000
2.667385	0.000000
2.668367	0.000000
2.669350	0.000000
2.670333	0.000000
2.671316	0.000000
2.672299	0.000000
2.673281	0.000000
2.674264	0.000000
2.675247	0.000000
2.676230	0.000000
2.677212	0.000000
2.678195	0.000000
2.679178	0.000000
2.680161	0.000000
2.681144	0.000000
2.682126	0.000000
2.683109	0.000000
2.684092	0.000000
2.685075	0.000000
2.686057	0.000000
2.687040	0.000000
2.688023	0.000000
2.689006	0.000000
2.689989	0.000000
2.690971	0.000000
2.691954	0.000000
2.692937	0.000000
2.693920	0.000000
2.694902	0.000000
2.695885	0.000000
2.696868	0.000000
2.697851	0.000000
2.698833	0.000000
2.699816	0.000000
2.700799	0.000000
2.701782	0.000000
2.702765	0.000000
2.703747	0.000000
2.704730	0.000000
2.705713	0.000000
2.706696	0.000000
2.707678	0.000000
2.708661	0.000000
2.709644	0.000000
2.710627	0.000000
2.711610	0.000000
2.712592	0.000000
2.713575	0.000000
2.714558	0.000000
2.715541	0.000000
2.716523	0.000000
2.717506	0.000000
2.718489	0.000000
2.719472	0.000000
2.720455	0.000000
2.721437	0.000000
2.722420	0.000000
2.723403	0.000000
2.724386	0.000000
2.725368	0.000000
2.726351	0.000000
2.727334	0.000000
2.728317	0.000000
2.729300	0.000000
2.730282	0.000000
2.731265	0.000000
2.732248	0.000000
2.733231	0.000000
2.734213	0.000000
2.735196	0.000000
2.736179	0.000000
2.737162	0.000000
2.738145	0.000000
2.739127	0.000000
2.740110	0.000000
2.741093	0.000000
2.742076	0.000000
2.743058	0.000000
2.744041	0.000000
2.745024	0.000000
2.746007	0.000000
2.746989	0.000000
2.747972	0.000000
2.748955	0.000000
2.749938	0.000000
2.750921	0.000000
2.751903	0.000000
2.752886	0.000000
2.753869	0.000000
2.754852	0.000000
2.755834	0.000000
2.756817	0.000000
2.757800	0.000000
2.758783	0.000000
2.759766	0.000000
2.760748	0.000000
2.761731	0.000000
2.762714	0.000000
2.763697	0.000000
2.764679	0.000000
2.765662	0.000000
2.766645	0.000000
2.767628	0.000000
2.768611	0.000000
2.769593	0.000000
2.770576	0.000000
2.771559	0.000000
2.772542	0.000000
2.773524	0.000000
2.774507	0.000000
2.775490	0.000000
2.776473	0.000000
2.777456	0.000000
2.778438	0.000000
2.779421	0.000000
2.780404	0.000000
2.781387	0.000000
2.782369	0.000000
2.783352	0.000000
2.784335	0.000000
2.785318	0.000000
2.786301	0.000000
2.787283	0.000000
2.788266	0.000000
2.789249	0.000000
2.790232	0.000000
2.791214	0.000000
2.792197	0.000000
2.793180	0.000000
2.794163	0.000000
2.795145	0.000000
2.796128	0.000000
2.797111	0.000000
2.798094	0.000000
2.799077	0.000000
2.800059	0.000000
2.801042	0.000000
2.802025	0.000000
2.803008	0.000000
2.803990	0.000000
2.804973	0.000000
2.805956	0.000000
2.806939	0.000000
2.807922	0.000000
2.808904	0.000000
2.809887	0.000000
2.810870	0.000000
2.811853	0.000000
2.812835	0.000000
2.813818	0.000000
2.814801	0.000000
2.815784	0.000000
2.816767	0.000000
2.817749	0.000000
2.818732	0.000000
2.819715	0.000000
2.820698	0.000000
2.821680	0.000000
2.822663	0.000000
2.823646	0.000000
2.824629	0.000000
2.825612	0.000000
2.826594	0.000000
2.827577	0.000000
2.828560	0.000000
2.829543	0.000000
2.830525	0.000000
2.831508	0.000000
2.832491	0.000000
2.833474	0.000000
2.834457	0.000000
2.835439	0.000000
2.836422	0.000834
2.837405	0.001670
2.838388	0.002506
2.839370	0.003345
2.840353	0.004186
2.841336	0.005030
2.842319	0.005879
2.843301	0.006733
2.844284	0.007592
2.845267	0.008458
2.846250	0.009330
2.847233	0.010211
2.848215	0.011101
2.849198	0.012001
2.850181	0.012912
2.851164	0.013835
2.852146	0.014771
2.853129	0.015720
2.854112	0.016683
2.855095	0.017661
2.856078	0.018654
2.857060	0.019660
2.858043	0.020679
2.859026	0.021706
2.860009	0.022737
2.860991	0.023768
2.861974	0.024794
2.862957	0.025806
2.863940	0.026801
2.864923	0.027781
2.865905	0.028748
2.866888	0.029705
2.867871	0.030656
2.868854	0.031605
2.869836	0.032534
2.870819	0.033444
2.871802	0.034336
2.872785	0.035213
2.873768	0.036076
2.874750	0.036927
2.875733	0.037766
2.876716	0.038593
2.877699	0.039409
2.878681	0.040215
2.879664	0.041010
2.880647	0.041795
2.881630	0.042571
2.882613	0.043336
2.883595	0.044093
2.884578	0.044840
2.885561	0.045578
2.886544	0.046307
2.887526	0.047027
2.888509	0.047739
2.889492	0.048443
2.890475	0.049138
2.891458	0.049824
2.892440	0.050503
2.893423	0.051174
2.894406	0.051836
2.895389	0.052491
2.896371	0.053139
2.897354	0.053778
2.898337	0.054410
2.899320	0.055035
2.900302	0.055653
2.901285	0.056263
2.902268	0.056866
2.903251	0.057462
2.904234	0.058051
2.905216	0.058633
2.906199	0.059208
2.907182	0.059776
2.908165	0.060338
2.909147	0.060893
2.910130	0.061442
2.911113	0.061984
2.912096	0.062519
2.913079	0.063048
2.914061	0.063571
2.915044	0.064087
2.916027	0.064597
2.917010	0.065101
2.917992	0.065599
2.918975	0.066091
2.919958	0.066577
2.920941	0.067056
2.921924	0.067530
2.922906	0.067998
2.923889	0.068460
2.924872	0.068917
2.925855	0.069367
2.926837	0.069812
2.927820	0.070251
2.928803	0.070685
2.929786	0.071113
2.930769	0.071535
2.931751	0.071952
2.932734	0.072363
2.933717	0.072769
2.934700	0.073170
2.935682	0.073565
2.936665	0.073955
2.937648	0.074339
2.938631	0.074718
2.939614	0.075092
2.940596	0.075461
2.941579	0.075824
2.942562	0.076182
2.943545	0.076535
2.944527	0.076883
2.945510	0.077226
2.946493	0.077563
2.947476	0.077896
2.948458	0.078223
2.949441	0.078545
2.950424	0.078862
2.951407	0.079174
2.952390	0.079481
2.953372	0.079782
2.954355	0.080078
2.955338	0.080369
2.956321	0.080654
2.957303	0.080933
2.958286	0.081206
2.959269	0.081472
2.960252	0.081730
2.961235	0.081979
2.962217	0.082217
2.963200	0.082445
2.964183	0.082679
2.965166	0.082917
2.966148	0.083156
2.967131	0.083392
2.968114	0.083626
2.969097	0.083857
2.970080	0.084084
2.971062	0.084307
2.972045	0.084526
2.973028	0.084741
2.974011	0.084952
2.974993	0.085159
2.975976	0.085361
2.976959	0.085560
2.977942	0.085754
2.978925	0.085944
2.979907	0.086130
2.980890	0.086311
2.981873	0.086489
2.982856	0.086662
2.983838	0.086831
2.984821	0.086997
2.985804	0.087157
2.986787	0.087314
2.987770	0.087467
2.988752	0.087615
2.989735	0.087760
2.990718	0.087900
2.991701	0.088036
2.992683	0.088168
2.993666	0.088296
2.994649	0.088420
2.995632	0.088540
2.996614	0.088656
2.997597	0.088768
2.998580	0.088876
2.999563	0.088979
3.000546	0.089079
3.001528	0.089175
3.002511	0.089266
3.003494	0.089354
3.004477	0.089437
3.005459	0.089516
3.006442	0.089592
3.007425	0.089663
3.008408	0.089730
3.009391	0.089793
3.010373	0.089852
3.011356	0.089907
3.012339	0.089958
3.013322	0.090004
3.014304	0.090046
3.015287	0.090084
3.016270	0.090118
3.017253	0.090147
3.018236	0.090171
3.019218	0.090191
3.020201	0.090206
3.021184	0.090216
3.022167	0.090220
3.023149	0.090218
3.024132	0.090209
3.025115	0.090193
3.026098	0.090170
3.027081	0.090143
3.028063	0.090118
3.029046	0.090093
3.030029	0.090069
3.031012	0.090044
3.031994	0.090017
3.032977	0.089988
3.033960	0.089955
3.034943	0.089920
3.035926	0.089881
3.036908	0.089839
3.037891	0.089794
3.038874	0.089745
3.039857	0.089692
3.040839	0.089635
3.041822	0.089575
3.042805	0.089510
3.043788	0.089442
3.044770	0.089371
3.045753	0.089295
3.046736	0.089215
3.047719	0.089132
3.048702	0.089044
3.049684	0.088952
3.050667	0.088856
3.051650	0.088756
3.052633	0.088652
3.053615	0.088543
3.054598	0.088430
3.055581	0.088313
3.056564	0.088190
3.057547	0.088063
3.058529	0.087930
3.059512	0.087792
3.060495	0.087649
3.061478	0.087499
3.062460	0.087343
3.063443	0.087182
3.064426	0.087017
3.065409	0.086851
3.066392	0.086685
3.067374	0.086517
3.068357	0.086349
3.069340	0.086178
3.070323	0.086004
3.071305	0.085828
3.072288	0.085648
3.073271	0.085465
3.074254	0.085278
3.075237	0.085088
3.076219	0.084893
3.077202	0.084694
3.078185	0.084490
3.079168	0.084282
3.080150	0.084070
3.081133	0.083852
3.082116	0.083630
3.083099	0.083402
3.084082	0.083169
3.085064	0.082930
3.086047	0.082686
3.087030	0.082436
3.088013	0.082181
3.088995	0.081922
3.089978	0.081660
3.090961	0.081396
3.091944	0.081131
3.092926	0.080862
3.093909	0.080591
3.094892	0.080317
3.095875	0.080039
3.096858	0.079757
3.097840	0.079470
3.098823	0.079179
3.099806	0.078883
3.100789	0.078581
3.101771	0.078274
3.102754	0.077962
3.103737	0.077644
3.104720	0.077321
3.105703	0.076993
3.106685	0.076660
3.107668	0.076324
3.108651	0.075985
3.109634	0.075641
3.110616	0.075295
3.111599	0.074944
3.112582	0.074588
3.113565	0.074228
3.114548	0.073863
3.115530	0.073493
3.116513	0.073117
3.117496	0.072736
3.118479	0.072350
3.119461	0.071958
3.120444	0.071563
3.121427	0.071163
3.122410	0.070758
3.123393	0.070349
3.124375	0.069934
3.125358	0.069515
3.126341	0.069091
3.127324	0.068662
3.128306	0.068227
3.129289	0.067788
3.130272	0.067344
3.131255	0.066895
3.132238	0.066442
3.133220	0.065983
3.134203	0.065519
3.135186	0.065050
3.136169	0.064577
3.137151	0.064098
3.138134	0.063615
3.139117	0.063126
3.140100	0.062633
3.141083	0.062135
3.142065	0.061632
3.143048	0.061125
3.144031	0.060613
3.145014	0.060097
3.145996	0.059576
3.146979	0.059050
3.147962	0.058521
3.148945	0.057987
3.149927	0.057449
3.150910	0.056908
3.151893	0.056363
3.152876	0.055814
3.153859	0.055262
3.154841	0.054706
3.155824	0.054148
3.156807	0.053587
3.157790	0.053024
3.158772	0.052459
3.159755	0.051892
3.160738	0.051323
3.161721	0.050753
3.162704	0.050182
3.163686	0.049611
3.164669	0.049039
3.165652	0.048467
3.166635	0.047896
3.167617	0.047325
3.168600	0.046756
3.169583	0.046188
3.170566	0.045621
3.171549	0.045057
3.172531	0.044495
3.173514	0.043936
3.174497	0.043380
3.175480	0.042827
3.176462	0.042277
3.177445	0.041732
3.178428	0.041190
3.179411	0.040653
3.180394	0.040121
3.181376	0.039593
3.182359	0.039070
3.183342	0.038552
3.184325	0.038040
3.185307	0.037533
3.186290	0.037032
3.187273	0.036537
3.188256	0.036047
3.189239	0.035563
3.190221	0.035086
3.191204	0.034614
3.192187	0.034148
3.193170	0.033689
3.194152	0.033236
3.195135	0.032789
3.196118	0.032348
3.197101	0.031913
3.198083	0.031485
3.199066	0.031062
3.200049	0.030646
3.201032	0.030236
3.202015	0.029832
3.202997	0.029434
3.203980	0.029042
3.204963	0.028656
3.205946	0.028276
3.206928	0.027902
3.207911	0.027533
3.208894	0.027170
3.209877	0.026813
3.210860	0.026461
3.211842	0.026115
3.212825	0.025774
3.213808	0.025438
3.214791	0.025108
3.215773	0.024783
3.216756	0.024463
3.217739	0.024147
3.218722	0.023837
3.219705	0.023532
3.220687	0.023231
3.221670	0.022936
3.222653	0.022644
3.223636	0.022358
3.224618	0.022075
3.225601	0.021798
3.226584	0.021524
3.227567	0.021255
3.228550	0.020990
3.229532	0.020729
3.230515	0.020472
3.231498	0.020219
3.232481	0.019970
3.233463	0.019724
3.234446	0.019483
3.235429	0.019245
3.236412	0.019011
3.237395	0.018780
3.238377	0.018553
3.239360	0.018329
3.240343	0.018108
3.241326	0.017891
3.242308	0.017677
3.243291	0.017466
3.244274	0.017259
3.245257	0.017055
3.246239	0.016853
3.247222	0.016655
3.248205	0.016459
3.249188	0.016266
3.250171	0.016076
3.251153	0.015889
3.252136	0.015705
3.253119	0.015523
3.254102	0.015344
3.255084	0.015167
3.256067	0.014993
3.257050	0.014821
3.258033	0.014652
3.259016	0.014486
3.259998	0.014321
3.260981	0.014159
3.261964	0.013999
3.262947	0.013842
3.263929	0.013686
3.264912	0.013533
3.265895	0.013382
3.266878	0.013233
3.267861	0.013086
3.268843	0.012941
3.269826	0.012798
3.270809	0.012657
3.271792	0.012517
3.272774	0.012380
3.273757	0.012245
3.274740	0.012111
3.275723	0.011979
3.276706	0.011849
3.277688	0.011721
3.278671	0.011594
3.279654	0.011469
3.280637	0.011346
3.281619	0.011224
3.282602	0.011104
3.283585	0.010985
3.284568	0.010868
3.285551	0.010753
3.286533	0.010638
3.287516	0.010526
3.288499	0.010415
3.289482	0.010305
3.290464	0.010197
3.291447	0.010090
3.292430	0.009984
3.293413	0.009880
3.294395	0.009777
3.295378	0.009675
3.296361	0.009574
3.297344	0.009475
3.298327	0.009377
3.299309	0.009280
3.300292	0.009185
3.301275	0.009090
3.302258	0.008997
3.303240	0.008905
3.304223	0.008814
3.305206	0.008724
3.306189	0.008635
3.307172	0.008547
3.308154	0.008461
3.309137	0.008375
3.310120	0.008290
3.311103	0.008207
3.312085	0.008124
3.313068	0.008042
3.314051	0.007962
3.315034	0.007882
3.316017	0.007803
3.316999	0.007725
3.317982	0.007648
3.318965	0.007572
3.319948	0.007496
3.320930	0.007422
3.321913	0.007348
3.322896	0.007276
3.323879	0.007204
3.324862	0.007133
3.325844	0.007062
3.326827	0.006993
3.327810	0.006924
3.328793	0.006856
3.329775	0.006789
3.330758	0.006723
3.331741	0.006657
3.332724	0.006592
3.333707	0.006528
3.334689	0.006464
3.335672	0.006401
3.336655	0.006339
3.337638	0.006278
3.338620	0.006217
3.339603	0.006157
3.340586	0.006097
3.341569	0.006038
3.342551	0.005980
3.343534	0.005922
3.344517	0.005865
3.345500	0.005809
3.346483	0.005753
3.347465	0.005698
3.348448	0.005643
3.349431	0.005589
3.350414	0.005536
3.351396	0.005483
3.352379	0.005430
3.353362	0.005378
3.354345	0.005327
3.355328	0.005276
3.356310	0.005226
3.357293	0.005176
3.358276	0.005127
3.359259	0.005078
3.360241	0.005030
3.361224	0.004982
3.362207	0.004935
3.363190	0.004888
3.364173	0.004842
3.365155	0.004796
3.366138	0.004751
3.367121	0.004706
3.368104	0.004661
3.369086	0.004617
3.370069	0.004573
3.371052	0.004530
3.372035	0.004487
3.373018	0.004445
3.374000	0.004403
3.374983	0.004361
3.375966	0.004320
3.376949	0.004280
3.377931	0.004239
3.378914	0.004199
3.379897	0.004160
3.380880	0.004120
3.381863	0.004081
3.382845	0.004043
3.383828	0.004005
3.384811	0.003967
3.385794	0.003930
3.386776	0.003893
3.387759	0.003856
3.388742	0.003819
3.389725	0.003783
3.390708	0.003748
3.391690	0.003712
3.392673	0.003677
3.393656	0.003642
3.394639	0.003608
3.395621	0.003574
3.396604	0.003540
3.397587	0.003507
3.398570	0.003473
3.399552	0.003440
3.400535	0.003408
3.401518	0.003376
3.402501	0.003343
3.403484	0.003312
3.404466	0.003280
3.405449	0.003249
3.406432	0.003218
3.407415	0.003187
3.408397	0.003157
3.409380	0.003127
3.410363	0.003097
3.411346	0.003067
3.412329	0.003038
3.413311	0.003009
3.414294	0.002980
3.415277	0.002951
3.416260	0.002923
3.417242	0.002895
3.418225	0.002867
3.419208	0.002839
3.420191	0.002812
3.421174	0.002784
3.422156	0.002757
3.423139	0.002731
3.424122	0.002704
3.425105	0.002678
3.426087	0.002651
3.427070	0.002625
3.428053	0.002600
3.429036	0.002574
3.430019	0.002549
3.431001	0.002524
3.431984	0.002499
3.432967	0.002474
3.433950	0.002450
3.434932	0.002425
3.435915	0.002401
3.436898	0.002377
3.437881	0.002353
3.438864	0.002330
3.439846	0.002306
3.440829	0.002283
3.441812	0.002260
3.442795	0.002237
3.443777	0.002214
3.444760	0.002192
3.445743	0.002169
3.446726	0.002147
3.447708	0.002125
3.448691	0.002103
3.449674	0.002081
3.450657	0.002060
3.451640	0.002038
3.452622	0.002017
3.453605	0.001996
3.454588	0.001975
3.455571	0.001954
3.456553	0.001933
3.457536	0.001913
3.458519	0.001892
3.459502	0.001872
3.460485	0.001852
3.461467	0.001832
3.462450	0.001812
3.463433	0.001792
3.464416	0.001773
3.465398	0.001753
3.466381	0.001734
3.467364	0.001715
3.468347	0.001695
3.469330	0.001676
3.470312	0.001658
3.471295	0.001639
3.472278	0.001620
3.473261	0.001602
3.474243	0.001583
3.475226	0.001565
3.476209	0.001547
3.477192	0.001529
3.478175	0.001511
3.479157	0.001493
3.480140	0.001475
3.481123	0.001458
3.482106	0.001440
3.483088	0.001423
3.484071	0.001406
3.485054	0.001388
3.486037	0.001371
3.487020	0.001354
3.488002	0.001337
3.488985	0.001321
3.489968	0.001304
3.490951	0.001287
3.491933	0.001271
3.492916	0.001254
3.493899	0.001238
3.494882	0.001221
3.495864	0.001205
3.496847	0.001189
3.497830	0.001173
3.498813	0.001157
3.499796	0.001141
3.500778	0.001126
3.501761	0.001110
3.502744	0.001094
3.503727	0.001079
3.504709	0.001063
3.505692	0.001048
3.506675	0.001032
3.507658	0.001017
3.508641	0.001002
3.509623	0.000987
3.510606	0.000972
3.511589	0.000957
3.512572	0.000942
3.513554	0.000927
3.514537	0.000912
3.515520	0.000897
3.516503	0.000883
3.517486	0.000868
3.518468	0.000853
3.519451	0.000839
3.520434	0.000825
3.521417	0.000810
3.522399	0.000796
3.523382	0.000781
3.524365	0.000767
3.525348	0.000753
3.526331	0.000739
3.527313	0.000725
3.528296	0.000711
3.529279	0.000697
3.530262	0.000683
3.531244	0.000669
3.532227	0.000655
3.533210	0.000641
3.534193	0.000628
3.535176	0.000614
3.536158	0.000600
3.537141	0.000587
3.538124	0.000573
3.539107	0.000559
3.540089	0.000546
3.541072	0.000532
3.542055	0.000519
3.543038	0.000506
3.544020	0.000492
3.545003	0.000479
3.545986	0.000466
3.546969	0.000452
3.547952	0.000439
3.548934	0.000426
3.549917	0.000413
3.550900	0.000399
3.551883	0.000386
3.552865	0.000373
3.553848	0.000360
3.554831	0.000347
3.555814	0.000334
3.556797	0.000321
3.557779	0.000308
3.558762	0.000295
3.559745	0.000282
3.560728	0.000269
3.561710	0.000256
3.562693	0.000243
3.563676	0.000230
3.564659	0.000217
3.565642	0.000205
3.566624	0.000192
3.567607	0.000179
3.568590	0.000166
3.569573	0.000153
3.570555	0.000140
3.571538	0.000128
3.572521	0.000115
3.573504	0.000102
3.574487	0.000089
3.575469	0.000077
3.576452	0.000064
3.577435	0.000051
3.578418	0.000038
3.579400	0.000026
3.580375	0.000013
3.581350	0.000025
3.582325	0.000037
3.583300	0.000050
3.584274	0.000062
3.585249	0.000074
3.586224	0.000086
3.587199	0.000098
3.588174	0.000109
3.589148	0.000121
3.590123	0.000133
3.591098	0.000144
3.592073	0.000156
3.593048	0.000167
3.594022	0.000178
3.594997	0.000189
3.595972	0.000200
3.596947	0.000211
3.597921	0.000222
3.598896	0.000233
3.599871	0.000243
3.600846	0.000254
3.601821	0.000264
3.602795	0.000275
3.603770	0.000285
3.604745	0.000295
3.605720	0.000306
3.606695	0.000316
3.607669	0.000326
3.608644	0.000336
3.609619	0.000346
3.610594	0.000355
3.611569	0.000365
3.612543	0.000375
3.613518	0.000384
3.614493	0.000394
3.615468	0.000403
3.616443	0.000413
3.617417	0.000422
3.618392	0.000431
3.619367	0.000440
3.620342	0.000449
3.621316	0.000458
3.622291	0.000467
3.623266	0.000476
3.624241	0.000485
3.625216	0.000494
3.626190	0.000503
3.627165	0.000511
3.628140	0.000520
3.629115	0.000528
3.630090	0.000537
3.631064	0.000545
3.632039	0.000553
3.633014	0.000561
3.633989	0.000570
3.634964	0.000578
3.635938	0.000586
3.636913	0.000594
3.637888	0.000602
3.638863	0.000609
3.639838	0.000617
3.640812	0.000625
3.641787	0.000633
3.642762	0.000640
3.643737	0.000648
3.644711	0.000655
3.645686	0.000662
3.646661	0.000670
3.647636	0.000677
3.648611	0.000684
3.649585	0.000691
3.650560	0.000698
3.651535	0.000705
3.652510	0.000712
3.653485	0.000719
3.654459	0.000726
3.655434	0.000733
3.656409	0.000740
3.657384	0.000746
3.658359	0.000753
3.659333	0.000759
3.660308	0.000766
3.661283	0.000772
3.662258	0.000779
3.663233	0.000785
3.664207	0.000791
3.665182	0.000797
3.666157	0.000803
3.667132	0.000809
3.668106	0.000815
3.669081	0.000821
3.670056	0.000827
3.671031	0.000833
3.672006	0.000839
3.672980	0.000844
3.673955	0.000850
3.674930	0.000855
3.675905	0.000861
3.676880	0.000866
3.677854	0.000872
3.678829	0.000877
3.679804	0.000882
3.680779	0.000888
3.681754	0.000893
3.682728	0.000898
3.683703	0.000903
3.684678	0.000908
3.685653	0.000913
3.686628	0.000918
3.687602	0.000922
3.688577	0.000927
3.689552	0.000932
3.690527	0.000936
3.691501	0.000941
3.692476	0.000945
3.693451	0.000950
3.694426	0.000954
3.695401	0.000959
3.696375	0.000963
3.697350	0.000967
3.698325	0.000971
3.699300	0.000975
3.700275	0.000979
3.701249	0.000983
3.702224	0.000987
3.703199	0.000991
3.704174	0.000995
3.705149	0.000999
3.706123	0.001002
3.707098	0.001006
3.708073	0.001010
3.709048	0.001013
3.710023	0.001017
3.710997	0.001020
3.711972	0.001023
3.712947	0.001027
3.713922	0.001030
3.714897	0.001033
3.715871	0.001036
3.716846	0.001039
3.717821	0.001042
3.718796	0.001045
3.719770	0.001048
3.720745	0.001051
3.721720	0.001054
3.722695	0.001056
3.723670	0.001059
3.724644	0.001062
3.725619	0.001064
3.726594	0.001067
3.727569	0.001069
3.728544	0.001072
3.729518	0.001074
3.730493	0.001076
3.731468	0.001079
3.732443	0.001081
3.733418	0.001083
3.734392	0.001085
3.735367	0.001087
3.736342	0.001089
3.737317	0.001091
3.738292	0.001093
3.739266	0.001095
3.740241	0.001097
3.741216	0.001098
3.742191	0.001100
3.743165	0.001102
3.744140	0.001103
3.745115	0.001105
3.746090	0.001106
3.747065	0.001108
3.748039	0.001109
3.749014	0.001110
3.749989	0.001111
3.750964	0.001113
3.751939	0.001114
3.752913	0.001115
3.753888	0.001116
3.754863	0.001117
3.755838	0.001118
3.756813	0.001119
3.757787	0.001120
3.758762	0.001121
3.759737	0.001121
3.760712	0.001122
3.761687	0.001123
3.762661	0.001123
3.763636	0.001124
3.764611	0.001124
3.765586	0.001125
3.766560	0.001125
3.767535	0.001126
3.768510	0.001126
3.769485	0.001126
3.770460	0.001126
3.771434	0.001127
3.772409	0.001127
3.773384	0.001127
3.774359	0.001127
3.775334	0.001127
3.776308	0.001127
3.777283	0.001127
3.778258	0.001127
3.779233	0.001126
3.780208	0.001126
3.781182	0.001126
3.782157	0.001126
3.783132	0.001125
3.784107	0.001125
3.785082	0.001124
3.786056	0.001124
3.787031	0.001123
3.788006	0.001123
3.788981	0.001122
3.789955	0.001121
3.790930	0.001121
3.791905	0.001120
3.792880	0.001119
3.793855	0.001118
3.794829	0.001117
3.795804	0.001116
3.796779	0.001115
3.797754	0.001114
3.798729	0.001113
3.799703	0.001112
3.800678	0.001111
3.801653	0.001110
3.802628	0.001109
3.803603	0.001108
3.804577	0.001106
3.805552	0.001105
3.806527	0.001104
3.807502	0.001102
3.808477	0.001101
3.809451	0.001099
3.810426	0.001098
3.811401	0.001096
3.812376	0.001095
3.813350	0.001093
3.814325	0.001091
3.815300	0.001090
3.816275	0.001088
3.817250	0.001086
3.818224	0.001084
3.819199	0.001082
3.820174	0.001080
3.821149	0.001078
3.822124	0.001077
3.823098	0.001075
3.824073	0.001072
3.825048	0.001070
3.826023	0.001068
3.826998	0.001066
3.827972	0.001064
3.828947	0.001062
3.829922	0.001060
3.830897	0.001057
3.831872	0.001055
3.832846	0.001053
3.833821	0.001050
3.834796	0.001048
3.835771	0.001045
3.836746	0.001043
3.837720	0.001040
3.838695	0.001038
3.839670	0.001035
3.840645	0.001033
3.841619	0.001030
3.842594	0.001027
3.843569	0.001025
3.844544	0.001022
3.845519	0.001019
3.846493	0.001016
3.847468	0.001014
3.848443	0.001011
3.849418	0.001008
3.850393	0.001005
3.851367	0.001002
3.852342	0.000999
3.853317	0.000996
3.854292	0.000993
3.855267	0.000990
3.856241	0.000987
3.857216	0.000984
3.858191	0.000981
3.859166	0.000978
3.860141	0.000975
3.861115	0.000971
3.862090	0.000968
3.863065	0.000965
3.864040	0.000962
3.865014	0.000958
3.865989	0.000955
3.866964	0.000952
3.867939	0.000948
3.868914	0.000945
3.869888	0.000941
3.870863	0.000938
3.871838	0.000934
3.872813	0.000931
3.873788	0.000927
3.874762	0.000924
3.875737	0.000920
3.876712	0.000917
3.877687	0.000913
3.878662	0.000909
3.879636	0.000906
3.880611	0.000902
3.881586	0.000898
3.882561	0.000895
3.883536	0.000891
3.884510	0.000887
3.885485	0.000883
3.886460	0.000880
3.887435	0.000876
3.888409	0.000872
3.889384	0.000868
3.890359	0.000864
3.891334	0.000860
3.892309	0.000856
3.893283	0.000852
3.894258	0.000848
3.895233	0.000844
3.896208	0.000840
3.897183	0.000836
3.898157	0.000832
3.899132	0.000828
3.900107	0.000824
3.901082	0.000820
3.902057	0.000816
3.903031	0.000812
3.904006	0.000808
3.904981	0.000804
3.905956	0.000800
3.906931	0.000795
3.907905	0.000791
3.908880	0.000787
3.909855	0.000783
3.910830	0.000778
3.911804	0.000774
3.912779	0.000770
3.913754	0.000766
3.914729	0.000761
3.915704	0.000757
3.916678	0.000753
3.917653	0.000748
3.918628	0.000744
3.919603	0.000739
3.920578	0.000735
3.921552	0.000731
3.922527	0.000726
3.923502	0.000722
3.924477	0.000717
3.925452	0.000713
3.926426	0.000708
3.927401	0.000704
3.928376	0.000699
3.929351	0.000695
3.930326	0.000690
3.931300	0.000686
3.932275	0.000681
3.933250	0.000677
3.934225	0.000672
3.935200	0.000668
3.936174	0.000663
3.937149	0.000658
3.938124	0.000654
3.939099	0.000649
3.940073	0.000645
3.941048	0.000640
3.942023	0.000635
3.942998	0.000631
3.943973	0.000626
3.944947	0.000621
3.945922	0.000617
3.946897	0.000612
3.947872	0.000607
3.948847	0.000603
3.949821	0.000598
3.950796	0.000593
3.951771	0.000588
3.952746	0.000584
3.953721	0.000579
3.954695	0.000574
3.955670	0.000569
3.956645	0.000565
3.957620	0.000560
3.958595	0.000555
3.959569	0.000550
3.960544	0.000545
3.961519	0.000541
3.962494	0.000536
3.963468	0.000531
3.964443	0.000526
3.965418	0.000521
3.966393	0.000516
3.967368	0.000512
3.968342	0.000507
3.969317	0.000502
3.970292	0.000497
3.971267	0.000492
3.972242	0.000487
3.973216	0.000482
3.974191	0.000478
3.975166	0.000473
3.976141	0.000468
3.977116	0.000463
3.978090	0.000458
3.979065	0.000453
3.980040	0.000448
3.981015	0.000443
3.981990	0.000438
3.982964	0.000434
3.983939	0.000429
3.984914	0.000424
3.985889	0.000419
3.986863	0.000414
3.987838	0.000409
3.988813	0.000404
3.989788	0.000399
3.990763	0.000394
3.991737	0.000389
3.992712	0.000384
3.993687	0.000379
3.994662	0.000375
3.995637	0.000370
3.996611	0.000365
3.997586	0.000360
3.998561	0.000355
3.999536	0.000350
4.000511	0.000345
4.001485	0.000340
4.002460	0.000335
4.003435	0.000330
4.004410	0.000325
4.005385	0.000320
4.006359	0.000315
4.007334	0.000310
4.008309	0.000305
4.009284	0.000300
4.010258	0.000295
4.011233	0.000291
4.012208	0.000286
4.013183	0.000281
4.014158	0.000276
4.015132	0.000271
4.016107	0.000266
4.017082	0.000261
4.018057	0.000256
4.019032	0.000251
4.020006	0.000246
4.020981	0.000241
4.021956	0.000236
4.022931	0.000231
4.023906	0.000226
4.024880	0.000222
4.025855	0.000217
4.026830	0.000212
4.027805	0.000207
4.028780	0.000202
4.029754	0.000197
4.030729	0.000192
4.031704	0.000187
4.032679	0.000182
4.033653	0.000177
4.034628	0.000173
4.035603	0.000168
4.036578	0.000163
4.037553	0.000158
4.038527	0.000153
4.039502	0.000148
4.040477	0.000143
4.041452	0.000138
4.042427	0.000134
4.043401	0.000129
4.044376	0.000124
4.045351	0.000119
4.046326	0.000114
4.047301	0.000109
4.048275	0.000105
4.049250	0.000100
4.050225	0.000095
4.051200	0.000090
4.052175	0.000085
4.053149	0.000081
4.054124	0.000076
4.055099	0.000071
4.056074	0.000066
4.057049	0.000061
4.058023	0.000057
4.058998	0.000052
4.059973	0.000047
4.060948	0.000042
4.061922	0.000038
4.062897	0.000033
4.063872	0.000028
4.064847	0.000023
4.065822	0.000019
4.066796	0.000014
4.067779	0.000009
4.068762	0.000019
4.069745	0.000028
4.070728	0.000038
4.071710	0.000047
4.072693	0.000057
4.073676	0.000066
4.074659	0.000076
4.075641	0.000085
4.076624	0.000095
4.077607	0.000104
4.078590	0.000113
4.079573	0.000123
4.080555	0.000132
4.081538	0.000142
4.082521	0.000151
4.083504	0.000161
4.084486	0.000170
4.085469	0.000180
4.086452	0.000189
4.087435	0.000199
4.088417	0.000208
4.089400	0.000218
4.090383	0.000228
4.091366	0.000237
4.092349	0.000247
4.093331	0.000256
4.094314	0.000266
4.095297	0.000275
4.096280	0.000285
4.097262	0.000295
4.098245	0.000304
4.099228	0.000314
4.100211	0.000323
4.101194	0.000333
4.102176	0.000343
4.103159	0.000352
4.104142	0.000362
4.105125	0.000372
4.106107	0.000381
4.107090	0.000391
4.108073	0.000401
4.109056	0.000411
4.110039	0.000420
4.111021	0.000430
4.112004	0.000440
4.112987	0.000450
4.113970	0.000459
4.114952	0.000469
4.115935	0.000479
4.116918	0.000489
4.117901	0.000499
4.118884	0.000509
4.119866	0.000519
4.120849	0.000528
4.121832	0.000538
4.122815	0.000548
4.123797	0.000558
4.124780	0.000568
4.125763	0.000578
4.126746	0.000588
4.127729	0.000598
4.128711	0.000608
4.129694	0.000618
4.130677	0.000629
4.131660	0.000639
4.132642	0.000649
4.133625	0.000659
4.134608	0.000669
4.135591	0.000679
4.136573	0.000689
4.137556	0.000700
4.138539	0.000710
4.139522	0.000720
4.140505	0.000731
4.141487	0.000741
4.142470	0.000751
4.143453	0.000762
4.144436	0.000772
4.145418	0.000782
4.146401	0.000793
4.147384	0.000803
4.148367	0.000814
4.149350	0.000824
4.150332	0.000835
4.151315	0.000845
4.152298	0.000856
4.153281	0.000866
4.154263	0.000877
4.155246	0.000888
4.156229	0.000898
4.157212	0.000909
4.158195	0.000920
4.159177	0.000931
4.160160	0.000941
4.161143	0.000952
4.162126	0.000963
4.163108	0.000974
4.164091	0.000985
4.165074	0.000996
4.166057	0.001007
4.167040	0.001018
4.168022	0.001029
4.169005	0.001040
4.169988	0.001051
4.170971	0.001062
4.171953	0.001073
4.172936	0.001084
4.173919	0.001096
4.174902	0.001107
4.175885	0.001118
4.176867	0.001129
4.177850	0.001141
4.178833	0.001152
4.179816	0.001164
4.180798	0.001175
4.181781	0.001186
4.182764	0.001198
4.183747	0.001209
4.184729	0.001221
4.185712	0.001233
4.186695	0.001244
4.187678	0.001256
4.188661	0.001268
4.189643	0.001279
4.190626	0.001291
4.191609	0.001303
4.192592	0.001315
4.193574	0.001327
4.194557	0.001339
4.195540	0.001351
4.196523	0.001363
4.197506	0.001375
4.198488	0.001387
4.199471	0.001399
4.200454	0.001411
4.201437	0.001423
4.202419	0.001435
4.203402	0.001447
4.204385	0.001460
4.205368	0.001472
4.206351	0.001484
4.207333	0.001497
4.208316	0.001509
4.209299	0.001522
4.210282	0.001534
4.211264	0.001547
4.212247	0.001559
4.213230	0.001572
4.214213	0.001585
4.215196	0.001598
4.216178	0.001610
4.217161	0.001623
4.218144	0.001636
4.219127	0.001649
4.220109	0.001662
4.221092	0.001675
4.222075	0.001688
4.223058	0.001701
4.224041	0.001714
4.225023	0.001727
4.226006	0.001740
4.226989	0.001753
4.227972	0.001767
4.228954	0.001780
4.229937	0.001793
4.230920	0.001807
4.231903	0.001820
4.232885	0.001834
4.233868	0.001847
4.234851	0.001861
4.235834	0.001874
4.236817	0.001888
4.237799	0.001902
4.238782	0.001915
4.239765	0.001929
4.240748	0.001943
4.241730	0.001957
4.242713	0.001971
4.243696	0.001985
4.244679	0.001999
4.245662	0.002013
4.246644	0.002027
4.247627	0.002041
4.248610	0.002055
4.249593	0.002069
4.250575	0.002084
4.251558	0.002098
4.252541	0.002112
4.253524	0.002127
4.254507	0.002141
4.255489	0.002156
4.256472	0.002170
4.257455	0.002185
4.258438	0.002200
4.259420	0.002214
4.260403	0.002229
4.261386	0.002244
4.262369	0.002259
4.263352	0.002273
4.264334	0.002288
4.265317	0.002303
4.266300	0.002318
4.267283	0.002333
4.268265	0.002348
4.269248	0.002364
4.270231	0.002379
4.271214	0.002394
4.272197	0.002409
4.273179	0.002425
4.274162	0.002440
4.275145	0.002456
4.276128	0.002471
4.277110	0.002487
4.278093	0.002502
4.279076	0.002518
4.280059	0.002533
4.281042	0.002549
4.282024	0.002565
4.283007	0.002581
4.283990	0.002596
4.284973	0.002612
4.285955	0.002628
4.286938	0.002644
4.287921	0.002660
4.288904	0.002676
4.289886	0.002693
4.290869	0.002709
4.291852	0.002725
4.292835	0.002741
4.293818	0.002757
4.294800	0.002774
4.295783	0.002790
4.296766	0.002807
4.297749	0.002823
4.298731	0.002840
4.299714	0.002856
4.300697	0.002873
4.301680	0.002890
4.302663	0.002906
4.303645	0.002923
4.304628	0.002940
4.305611	0.002957
4.306594	0.002974
4.307576	0.002990
4.308559	0.003007
4.309542	0.003024
4.310525	0.003041
4.311508	0.003059
4.312490	0.003076
4.313473	0.003093
4.314456	0.003110
4.315439	0.003127
4.316421	0.003145
4.317404	0.003162
4.318387	0.003179
4.319370	0.003197
4.320353	0.003214
4.321335	0.003232
4.322318	0.003249
4.323301	0.003267
4.324284	0.003285
4.325266	0.003302
4.326249	0.003320
4.327232	0.003338
4.328215	0.003356
4.329198	0.003374
4.330180	0.003391
4.331163	0.003409
4.332146	0.003427
4.333129	0.003445
4.334111	0.003463
4.335094	0.003481
4.336077	0.003499
4.337060	0.003518
4.338042	0.003536
4.339025	0.003554
4.340008	0.003572
4.340991	0.003590
4.341974	0.003609
4.342956	0.003627
4.343939	0.003645
4.344922	0.003664
4.345905	0.003682
4.346887	0.003701
4.347870	0.003719
4.348853	0.003738
4.349836	0.003756
4.350819	0.003775
4.351801	0.003794
4.352784	0.003812
4.353767	0.003831
4.354750	0.003850
4.355732	0.003868
4.356715	0.003887
4.357698	0.003906
4.358681	0.003925
4.359664	0.003944
4.360646	0.003962
4.361629	0.003981
4.362612	0.004000
4.363595	0.004019
4.364577	0.004038
4.365560	0.004057
4.366543	0.004076
4.367526	0.004095
4.368509	0.004114
4.369491	0.004133
4.370474	0.004152
4.371457	0.004171
4.372440	0.004191
4.373422	0.004210
4.374405	0.004229
4.375388	0.004248
4.376371	0.004267
4.377354	0.004286
4.378336	0.004306
4.379319	0.004325
4.380302	0.004344
4.381285	0.004363
4.382267	0.004383
4.383250	0.004402
4.384233	0.004421
4.385216	0.004440
4.386198	0.004460
4.387181	0.004479
4.388164	0.004498
4.389147	0.004518
4.390130	0.004537
4.391112	0.004556
4.392095	0.004576
4.393078	0.004595
4.394061	0.004614
4.395043	0.004634
4.396026	0.004653
4.397009	0.004672
4.397992	0.004692
4.398975	0.004711
4.399957	0.004730
4.400940	0.004750
4.401923	0.004769
4.402906	0.004788
4.403888	0.004808
4.404871	0.004827
4.405854	0.004846
4.406837	0.004865
4.407820	0.004885
4.408802	0.004904
4.409785	0.004923
4.410768	0.004942
4.411751	0.004962
4.412733	0.004981
4.413716	0.005000
4.414699	0.005019
4.415682	0.005038
4.416665	0.005057
4.417647	0.005077
4.418630	0.005096
4.419613	0.005115
4.420596	0.005134
4.421578	0.005153
4.422561	0.005172
4.423544	0.005191
4.424527	0.005210
4.425510	0.005229
4.426492	0.005247
4.427475	0.005266
4.428458	0.005285
4.429441	0.005304
4.430423	0.005323
4.431406	0.005341
4.432389	0.005360
4.433372	0.005379
4.434354	0.005397
4.435337	0.005416
4.436320	0.005434
4.437303	0.005453
4.438286	0.005471
4.439268	0.005490
4.440251	0.005508
4.441234	0.005526
4.442217	0.005544
4.443199	0.005563
4.444182	0.005581
4.445165	0.005599
4.446148	0.005617
4.447131	0.005635
4.448113	0.005653
4.449096	0.005671
4.450079	0.005688
4.451062	0.005706
4.452044	0.005724
4.453027	0.005742
4.454010	0.005759
4.454993	0.005777
4.455976	0.005794
4.456958	0.005811
4.457941	0.005829
4.458924	0.005846
4.459907	0.005863
4.460889	0.005880
4.461872	0.005897
4.462855	0.005914
4.463838	0.005931
4.464821	0.005948
4.465803	0.005964
4.466786	0.005981
4.467769	0.005998
4.468752	0.006014
4.469734	0.006030
4.470717	0.006047
4.471700	0.006063
4.472683	0.006079
4.473666	0.006095
4.474648	0.006111
4.475631	0.006127
4.476614	0.006142
4.477597	0.006158
4.478579	0.006173
4.479562	0.006189
4.480545	0.006204
4.481528	0.006219
4.482510	0.006235
4.483493	0.006250
4.484476	0.006265
4.485459	0.006279
4.486442	0.006294
4.487424	0.006309
4.488407	0.006323
4.489390	0.006337
4.490373	0.006352
4.491355	0.006366
4.492338	0.006380
4.493321	0.006394
4.494304	0.006407
4.495287	0.006421
4.496269	0.006435
4.497252	0.006448
4.498235	0.006461
4.499218	0.006474
4.500200	0.006487
4.501183	0.006500
4.502166	0.006513
4.503149	0.006526
4.504132	0.006538
4.505114	0.006550
4.506097	0.006563
4.507080	0.006575
4.508063	0.006587
4.509045	0.006598
4.510028	0.006610
4.511011	0.006622
4.511994	0.006633
4.512977	0.006644
4.513959	0.006655
4.514942	0.006666
4.515925	0.006677
4.516908	0.006687
4.517890	0.006698
4.518873	0.006708
4.519856	0.006718
4.520839	0.006728
4.521822	0.006738
4.522804	0.006747
4.523787	0.006757
4.524770	0.006766
4.525753	0.006775
4.526735	0.006784
4.527718	0.006793
4.528701	0.006802
4.529684	0.006810
4.530667	0.006818
4.531649	0.006826
4.532632	0.006834
4.533615	0.006842
4.534598	0.006849
4.535580	0.006857
4.536563	0.006864
4.537546	0.006871
4.538529	0.006878
4.539511	0.006884
4.540494	0.006891
4.541477	0.006897
4.542460	0.006903
4.543443	0.006909
4.544425	0.006915
4.545408	0.006920
4.546391	0.006925
4.547374	0.006930
4.548356	0.006935
4.549339	0.006940
4.550322	0.006944
4.551305	0.006949
4.552288	0.006953
4.553270	0.006957
4.554253	0.006960
4.555236	0.006964
4.556219	0.006967
4.557201	0.006970
4.558184	0.006973
4.559167	0.006975
4.560150	0.006978
4.561133	0.006980
4.562115	0.006982
4.563098	0.006983
4.564081	0.006985
4.565064	0.006986
4.566046	0.006987
4.567029	0.006988
4.568012	0.006989
4.568995	0.006989
4.569978	0.006989
4.570960	0.006989
4.571943	0.006989
4.572926	0.006988
4.573909	0.006988
4.574891	0.006987
4.575874	0.006986
4.576857	0.006984
4.577840	0.006982
4.578823	0.006981
4.579805	0.006978
4.580788	0.006976
4.581771	0.006973
4.582754	0.006971
4.583736	0.006967
4.584719	0.006964
4.585702	0.006961
4.586685	0.006957
4.587667	0.006953
4.588650	0.006948
4.589633	0.006944
4.590616	0.006939
4.591599	0.006934
4.592581	0.006929
4.593564	0.006923
4.594547	0.006917
4.595530	0.006911
4.596512	0.006905
4.597495	0.006899
4.598478	0.006892
4.599461	0.006885
4.600444	0.006877
4.601426	0.006870
4.602409	0.006862
4.603392	0.006854
4.604375	0.006846
4.605357	0.006837
4.606340	0.006828
4.607323	0.006819
4.608306	0.006810
4.609289	0.006800
4.610271	0.006791
4.611254	0.006781
4.612237	0.006770
4.613220	0.006760
4.614202	0.006749
4.615185	0.006738
4.616168	0.006726
4.617151	0.006715
4.618134	0.006703
4.619116	0.006690
4.620099	0.006678
4.621082	0.006665
4.622065	0.006652
4.623047	0.006639
4.624030	0.006626
4.625013	0.006612
4.625996	0.006598
4.626979	0.006584
4.627961	0.006569
4.628944	0.006554
4.629927	0.006539
4.630910	0.006524
4.631892	0.006508
4.632875	0.006493
4.633858	0.006476
4.634841	0.006460
4.635823	0.006443
4.636806	0.006426
4.637789	0.006409
4.638772	0.006392
4.639755	0.006374
4.640737	0.006356
4.641720	0.006338
4.642703	0.006320
4.643686	0.006301
4.644668	0.006282
4.645651	0.006263
4.646634	0.006243
4.647617	0.006223
4.648600	0.006203
4.649582	0.006183
4.650565	0.006162
4.651548	0.006142
4.652531	0.006121
4.653513	0.006099
4.654496	0.006078
4.655479	0.006056
4.656462	0.006034
4.657445	0.006011
4.658427	0.005989
4.659410	0.005966
4.660393	0.005943
4.661376	0.005919
4.662358	0.005896
4.663341	0.005872
4.664324	0.005847
4.665307	0.005823
4.666290	0.005798
4.667272	0.005774
4.668255	0.005748
4.669238	0.005723
4.670221	0.005697
4.671203	0.005671
4.672186	0.005645
4.673169	0.005619
4.674152	0.005592
4.675135	0.005565
4.676117	0.005538
4.677100	0.005511
4.678083	0.005483
4.679066	0.005455
4.680048	0.005427
4.681031	0.005399
4.682014	0.005370
4.682997	0.005341
4.683979	0.005312
4.684962	0.005283
4.685945	0.005253
4.686928	0.005224
4.687911	0.005194
4.688893	0.005163
4.689876	0.005133
4.690859	0.005102
4.691842	0.005071
4.692824	0.005040
4.693807	0.005009
4.694790	0.004977
4.695773	0.004945
4.696756	0.004913
4.697738	0.004881
4.698721	0.004849
4.699704	0.004816
4.700687	0.004783
4.701669	0.004750
4.702652	0.004716
4.703635	0.004683
4.704618	0.004649
4.705601	0.004615
4.706583	0.004581
4.707566	0.004546
4.708549	0.004512
4.709532	0.004477
4.710514	0.004442
4.711497	0.004407
4.712480	0.004371
4.713463	0.004336
4.714446	0.004300
4.715428	0.004264
4.716411	0.004228
4.717394	0.004191
4.718377	0.004155
4.719359	0.004118
4.720342	0.004081
4.721325	0.004044
4.722308	0.004007
4.723291	0.003969
4.724273	0.003932
4.725256	0.003894
4.726239	0.003856
4.727222	0.003818
4.728204	0.003779
4.729187	0.003741
4.730170	0.003702
4.731153	0.003663
4.732135	0.003624
4.733118	0.003585
4.734101	0.003546
4.735084	0.003507
4.736067	0.003467
4.737049	0.003427
4.738032	0.003388
4.739015	0.003348
4.739998	0.003308
4.740980	0.003267
4.741963	0.003227
4.742946	0.003187
4.743929	0.003146
4.744912	0.003105
4.745894	0.003065
4.746877	0.003024
4.747860	0.002983
4.748843	0.002942
4.749825	0.002901
4.750808	0.002860
4.751791	0.002819
4.752774	0.002777
4.753757	0.002736
4.754739	0.002695
4.755722	0.002654
4.756705	0.002613
4.757688	0.002572
4.758670	0.002531
4.759653	0.002490
4.760636	0.002449
4.761619	0.002408
4.762602	0.002368
4.763584	0.002328
4.764567	0.002289
4.765550	0.002250
4.766533	0.002212
4.767515	0.002175
4.768498	0.002139
4.769481	0.002104
4.770464	0.002071
4.771447	0.002041
4.772429	0.002014
4.773412	0.001992
4.774395	0.001977
4.775378	0.001972
4.776360	0.001983
4.777343	0.002020
4.778326	0.002102
4.779309	0.002260
4.780292	0.002525
4.781274	0.002798
4.782249	0.002778
4.783224	0.002136
4.784199	0.001579
4.785173	0.001202
4.786148	0.000949
4.787123	0.000773
4.788098	0.000644
4.789073	0.000546
4.790047	0.000469
4.791022	0.000407
4.791997	0.000356
4.792972	0.000313
4.793947	0.000276
4.794921	0.000245
4.795896	0.000218
4.796871	0.000195
4.797846	0.000174
4.798821	0.000156
4.799795	0.000141
4.800770	0.000127
4.801745	0.000114
4.802720	0.000103
4.803694	0.000093
4.804669	0.000084
4.805644	0.000076
4.806619	0.000069
4.807594	0.000062
4.808568	0.000057
4.809543	0.000051
4.810518	0.000047
4.811493	0.000042
4.812468	0.000038
4.813442	0.000035
4.814417	0.000032
4.815392	0.000029
4.816367	0.000026
4.817342	0.000024
4.818316	0.000022
4.819291	0.000020
4.820266	0.000018
4.821241	0.000016
4.822216	0.000015
4.823190	0.000014
4.824165	0.000012
4.825140	0.000011
4.826115	0.000010
4.827090	0.000009
4.828064	0.000009
4.829039	0.000008
4.830014	0.000007
4.830989	0.000006
4.831963	0.000006
4.832938	0.000005
4.833913	0.000005
4.834888	0.000004
4.835863	0.000004
4.836837	0.000004
4.837812	0.000003
4.838787	0.000003
4.839762	0.000003
4.840737	0.000003
4.841711	0.000002
4.842686	0.000002
4.843661	0.000002
4.844636	0.000002
4.845611	0.000002
4.846585	0.000001
4.847560	0.000001
4.848535	0.000001
4.849510	0.000001
4.850485	0.000001
4.851459	0.000001
4.852434	0.000001
4.853409	0.000001
4.854384	0.000001
4.855358	0.000001
4.856333	0.000001
4.857308	0.000001
4.858283	0.000000
4.859258	0.000000
4.860232	0.000000
4.861207	0.000000
4.862182	0.000000
4.863157	0.000000
4.864132	0.000000
4.865106	0.000000
4.866081	0.000000
4.867056	0.000000
4.868031	0.000000
4.869006	0.000000
4.869980	0.000000
4.870955	0.000000
4.871930	0.000000
4.872905	0.000000
4.873880	0.000000
4.874854	0.000000
4.875829	0.000000
4.876804	0.000000
4.877779	0.000000
4.878761	0.000000
4.879744	0.000000
4.880727	0.000000
4.881710	0.000000
4.882693	0.000000
4.883675	0.000000
4.884658	0.000000
4.885641	0.000000
4.886624	0.000000
4.887606	0.000000
4.888589	0.000000
4.889572	0.000000
4.890555	0.000000
4.891538	0.000000
4.892520	0.000000
4.893503	0.000000
4.894486	0.000000
4.895469	0.000000
4.896451	0.000000
4.897434	0.000000
4.898417	0.000000
4.899400	0.000000
4.900383	0.000000
4.901365	0.000000
4.902348	0.000000
4.903331	0.000000
4.904314	0.000000
4.905296	0.000000
4.906279	0.000000
4.907262	0.000000
4.908245	0.000000
4.909228	0.000000
4.910210	0.000000
4.911193	0.000000
4.912176	0.000000
4.913159	0.000000
4.914141	-0.000000
4.915124	0.000000
4.916107	0.000000
4.917090	-0.000000
4.918072	-0.000000
4.919055	-0.000000
4.920038	-0.000000
4.921021	-0.000000
4.922004	-0.000000
4.922986	-0.000000
4.923969	-0.000000
4.924952	0.000000
4.925935	-0.000000
4.926917	0.000000
4.927900	0.000000
4.928883	0.000000
4.929866	0.000000
4.930849	-0.000000
4.931831	-0.000000
4.932814	0.000000
4.933797	0.000000
4.934780	0.000000
4.935762	-0.000000
4.936745	-0.000000
4.937728	-0.000000
4.938711	-0.000000
4.939694	0.000000
4.940676	0.000000
4.941659	0.000000
4.942642	-0.000000
4.943625	-0.000000
4.944607	-0.000000
4.945590	-0.000000
4.946573	-0.000000
4.947556	-0.000000
4.948539	0.000000
4.949521	-0.000000
4.950504	-0.000000
4.951487	-0.000000
4.952470	0.000000
4.953452	0.000000
4.954435	0.000000
4.955418	0.000000
4.956401	0.000000
4.957384	-0.000000
4.958366	-0.000000
4.959349	0.000000
4.960332	-0.000000
4.961315	0.000000
4.962297	-0.000000
4.963280	-0.000000
4.964263	-0.000000
4.965246	0.000000
4.966228	0.000000
4.967211	-0.000000
4.968194	0.000000
4.969177	-0.000000
4.970160	0.000000
4.971142	0.000000
4.972125	-0.000000
4.973108	-0.000000
4.974091	0.000000
4.975073	-0.000000
4.976056	-0.000000
4.977039	-0.000000
4.978022	0.000000
4.979005	-0.000000
4.979987	-0.000000
4.980970	-0.000000
4.981953	0.000000
4.982936	0.000000
4.983918	0.000000
4.984901	-0.000000
4.985884	-0.000000
4.986867	-0.000000
4.987850	0.000000
4.988832	0.000000
4.989815	-0.000000
4.990798	0.000000
4.991781	-0.000000
4.992763	-0.000000
4.993746	-0.000000
4.994729	-0.000000
4.995712	-0.000000
4.996695	-0.000000
4.997677	0.000000
4.998660	-0.000000
4.999643	0.000000
5.000626	0.000000
5.001608	0.000000
5.002591	-0.000000
5.003574	-0.000000
5.004557	-0.000000
5.005540	-0.000000
5.006522	-0.000000
5.007505	0.000000
5.008488	-0.000000
5.009471	-0.000000
5.010453	-0.000000
5.011436	0.000000
5.012419	-0.000000
5.013402	-0.000000
5.014384	-0.000000
5.015367	-0.000000
5.016350	-0.000000
5.017333	-0.000000
5.018316	0.000000
5.019298	0.000000
5.020281	-0.000000
5.021264	0.000000
5.022247	-0.000000
5.023229	-0.000000
5.024212	0.000000
5.025195	0.000000
5.026178	0.000000
5.027161	0.000000
5.028143	0.000000
5.029126	-0.000000
5.030109	0.000000
5.031092	-0.000000
5.032074	-0.000000
5.033057	-0.000000
5.034040	0.000000
5.035023	0.000000
5.036006	-0.000000
5.036988	0.000000
5.037971	0.000000
5.038954	0.000000
5.039937	-0.000000
5.040919	-0.000000
5.041902	-0.000000
5.042885	-0.000000
5.043868	-0.000000
5.044851	0.000000
5.045833	0.000000
5.046816	0.000000
5.047799	-0.000000
5.048782	-0.000000
5.049764	0.000000
5.050747	0.000000
5.051730	-0.000000
5.052713	-0.000000
5.053696	-0.000000
5.054678	-0.000000
5.055661	-0.000000
5.056644	-0.000000
5.057627	-0.000000
5.058609	0.000000
5.059592	0.000000
5.060575	0.000000
5.061558	0.000000
5.062540	-0.000000
5.063523	-0.000000
5.064506	0.000000
5.065489	-0.000000
5.066472	-0.000000
5.067454	0.000000
5.068437	0.000000
5.069420	-0.000000
5.070403	-0.000000
5.071385	0.000000
5.072368	0.000000
5.073351	-0.000000
5.074334	-0.000000
5.075317	-0.000000
5.076299	0.000000
5.077282	0.000000
5.078265	-0.000000
5.079248	-0.000000
5.080230	-0.000000
5.081213	0.000000
5.082196	0.000000
5.083179	-0.000000
5.084162	0.000000
5.085144	0.000000
5.086127	0.000000
5.087110	0.000000
5.088093	0.000000
5.089075	-0.000000
5.090058	0.000000
5.091041	-0.000000
5.092024	-0.000000
5.093007	0.000000
5.093989	0.000000
5.094972	0.000000
5.095955	-0.000000
5.096938	-0.000000
5.097920	0.000000
5.098903	-0.000000
5.099886	0.000000
5.100869	0.000000
5.101852	-0.000000
5.102834	-0.000000
5.103817	-0.000000
5.104800	0.000000
5.105783	0.000000
5.106765	-0.000000
5.107748	0.000000
5.108731	0.000000
5.109714	-0.000000
5.110697	0.000000
5.111679	-0.000000
5.112662	0.000000
5.113645	0.000000
5.114628	-0.000000
5.115610	-0.000000
5.116593	0.000000
5.117576	0.000000
5.118559	-0.000000
5.119541	-0.000000
5.120524	0.000000
5.121507	0.000000
5.122490	-0.000000
5.123473	-0.000000
5.124455	-0.000000
5.125438	-0.000000
5.126421	0.000000
5.127404	0.000000
5.128386	0.000000
5.129369	0.000000
5.130352	-0.000000
5.131335	0.000000
5.132318	0.000000
5.133300	0.000000
5.134283	0.000000
5.135266	-0.000000
5.136249	-0.000000
5.137231	0.000000
5.138214	-0.000000
5.139197	-0.000000
5.140180	-0.000000
5.141163	-0.000000
5.142145	0.000000
5.143128	0.000000
5.144111	0.000000
5.145094	0.000000
5.146076	0.000000
5.147059	-0.000000
5.148042	0.000000
5.149025	-0.000000
5.150008	-0.000000
5.150990	0.000000
5.151973	0.000000
5.152956	-0.000000
5.153939	-0.000000
5.154921	-0.000000
5.155904	-0.000000
5.156887	0.000000
5.157870	-0.000000
5.158853	-0.000000
5.159835	-0.000000
5.160818	0.000000
5.161801	0.000000
5.162784	-0.000000
5.163766	0.000000
