0.000983	-0.000000
0.001966	-0.000000
0.002948	-0.000000
0.003931	-0.000000
0.004914	-0.000000
0.005897	-0.000000
0.006879	-0.000000
0.007862	-0.000000
0.008845	-0.000000
0.009828	-0.000000
0.010811	-0.000000
0.011793	-0.000000
0.012776	-0.000000
0.013759	0.000000
0.014742	-0.000000
0.015724	-0.000000
0.016707	0.000000
0.017690	-0.000000
0.018673	-0.000000
0.019656	-0.000000
0.020638	0.000000
0.021621	0.000000
0.022604	0.000000
0.023587	-0.000000
0.024569	0.000000
0.025552	0.000000
0.026535	-0.000000
0.027518	0.000000
0.028500	-0.000000
0.029483	-0.000000
0.030466	-0.000000
0.031449	-0.000000
0.032432	-0.000000
0.033414	-0.000000
0.034397	0.000000
0.035380	-0.000000
0.036363	-0.000000
0.037345	-0.000000
0.038328	-0.000000
0.039311	-0.000000
0.040294	-0.000000
0.041277	-0.000000
0.042259	-0.000000
0.043242	0.000000
0.044225	-0.000000
0.045208	-0.000000
0.046190	-0.000000
0.047173	0.000000
0.048156	-0.000000
0.049139	-0.000000
0.050122	0.000000
0.051104	-0.000000
0.052087	0.000000
0.053070	-0.000000
0.054053	-0.000000
0.055035	-0.000000
0.056018	-0.000000
0.057001	0.000000
0.057984	0.000000
0.058967	-0.000000
0.059949	0.000000
0.060932	-0.000000
0.061915	-0.000000
0.062898	0.000000
0.063880	-0.000000
0.064863	-0.000000
0.065846	-0.000000
0.066829	-0.000000
0.067812	0.000000
0.068794	-0.000000
0.069777	0.000000
0.070760	0.000000
0.071743	-0.000000
0.072725	-0.000000
0.073708	-0.000000
0.074691	0.000000
0.075674	-0.000000
0.076656	-0.000000
0.077639	-0.000000
0.078622	-0.000000
0.079605	-0.000000
0.080588	0.000000
0.081570	0.000000
0.082553	0.000000
0.083536	-0.000000
0.084519	0.000000
0.085501	-0.000000
0.086484	-0.000000
0.087467	0.000000
0.088450	-0.000000
0.089433	-0.000000
0.090415	0.000000
0.091398	-0.000000
0.092381	-0.000000
0.093364	0.000000
0.094346	-0.000000
0.095329	-0.000000
0.096312	-0.000000
0.097295	-0.000000
0.098278	-0.000000
0.099260	-0.000000
0.100243	0.000000
0.101226	-0.000000
0.102209	-0.000000
0.103191	-0.000000
0.104174	0.000000
0.105157	-0.000000
0.106140	0.000000
0.107123	-0.000000
0.108105	0.000000
0.109088	-0.000000
0.110071	-0.000000
0.111054	0.000000
0.112036	-0.000000
0.113019	-0.000000
0.114002	-0.000000
0.114985	-0.000000
0.115968	-0.000000
0.116950	-0.000000
0.117933	-0.000000
0.118916	0.000000
0.119899	-0.000000
0.120881	-0.000000
0.121864	-0.000000
0.122847	-0.000000
0.123830	-0.000000
0.124812	-0.000000
0.125795	0.000000
0.126778	-0.000000
0.127761	0.000000
0.128744	-0.000000
0.129726	0.000000
0.130709	0.000000
0.131692	0.000000
0.132675	0.000000
0.133657	0.000000
0.134640	0.000000
0.135623	-0.000000
0.136606	0.000000
0.137589	0.000000
0.138571	0.000000
0.139554	-0.000000
0.140537	-0.000000
0.141520	0.000000
0.142502	0.000000
0.143485	0.000000
0.144468	-0.000000
0.145451	0.000000
0.146434	-0.000000
0.147416	-0.000000
0.148399	0.000000
0.149382	0.000000
0.150365	0.000000
0.151347	-0.000000
0.152330	0.000000
0.153313	-0.000000
0.154296	0.000000
0.155279	-0.000000
0.156261	0.000000
0.157244	-0.000000
0.158227	-0.000000
0.159210	-0.000000
0.160192	-0.000000
0.161175	0.000000
0.162158	-0.000000
0.163141	0.000000
0.164124	0.000000
0.165106	0.000000
0.166089	-0.000000
0.167072	-0.000000
0.168055	-0.000000
0.169037	-0.000000
0.170020	0.000000
0.171003	0.000000
0.171986	-0.000000
0.172969	0.000000
0.173951	-0.000000
0.174934	-0.000000
0.175917	-0.000000
0.176900	0.000000
0.177882	0.000000
0.178865	0.000000
0.179848	-0.000000
0.180831	-0.000000
0.181813	0.000000
0.182796	0.000000
0.183779	-0.000000
0.184762	-0.000000
0.185745	-0.000000
0.186727	-0.000000
0.187710	-0.000000
0.188693	-0.000000
0.189676	-0.000000
0.190658	-0.000000
0.191641	-0.000000
0.192624	0.000000
0.193607	-0.000000
0.194590	0.000000
0.195572	-0.000000
0.196555	-0.000000
0.197538	0.000000
0.198521	0.000000
0.199503	-0.000000
0.200486	0.000000
0.201469	0.000000
0.202452	-0.000000
0.203435	-0.000000
0.204417	-0.000000
0.205400	-0.000000
0.206383	-0.000000
0.207366	-0.000000
0.208348	0.000000
0.209331	0.000000
0.210314	-0.000000
0.211297	-0.000000
0.212280	0.000000
0.213262	-0.000000
0.214245	-0.000000
0.215228	0.000000
0.216211	0.000000
0.217193	0.000000
0.218176	-0.000000
0.219159	0.000000
0.220142	-0.000000
0.221125	-0.000000
0.222107	0.000000
0.223090	0.000000
0.224073	0.000000
0.225056	0.000002
0.226038	0.000002
0.227021	0.000004
0.228004	0.000006
0.228987	0.000006
0.229969	0.000007
0.230952	0.000006
0.231935	0.000007
0.232918	0.000009
0.233901	0.000007
0.234883	0.000009
0.235866	0.000011
0.236849	0.000011
0.237832	0.000013
0.238814	0.000013
0.239797	0.000013
0.240780	0.000013
0.241763	0.000015
0.242746	0.000015
0.243728	0.000015
0.244711	0.000015
0.245694	0.000017
0.246677	0.000017
0.247659	0.000017
0.248642	0.000017
0.249625	0.000019
0.250608	0.000019
0.251591	0.000019
0.252573	0.000019
0.253556	0.000017
0.254539	0.000019
0.255522	0.000017
0.256504	0.000019
0.257487	0.000019
0.258470	0.000017
0.259453	0.000017
0.260436	0.000019
0.261418	0.000019
0.262401	0.000017
0.263384	0.000017
0.264367	0.000017
0.265349	0.000017
0.266332	0.000015
0.267315	0.000015
0.268298	0.000015
0.269281	0.000013
0.270263	0.000015
0.271246	0.000013
0.272229	0.000013
0.273212	0.000011
0.274194	0.000011
0.275177	0.000011
0.276160	0.000009
0.277143	0.000007
0.278125	0.000007
0.279108	0.000007
0.280091	0.000006
0.281074	0.000006
0.282057	0.000004
0.283039	0.000004
0.284022	0.000002
0.285005	0.000002
0.285988	0.000002
0.286962	0.000002
0.287937	0.000006
0.288912	0.000007
0.289887	0.000009
0.290862	0.000009
0.291836	0.000011
0.292811	0.000015
0.293786	0.000017
0.294761	0.000017
0.295736	0.000021
0.296710	0.000023
0.297685	0.000025
0.298660	0.000027
0.299635	0.000028
0.300610	0.000032
0.301584	0.000034
0.302559	0.000036
0.303534	0.000038
0.304509	0.000040
0.305484	0.000044
0.306458	0.000048
0.307433	0.000050
0.308408	0.000052
0.309383	0.000058
0.310357	0.000060
0.311332	0.000064
0.312307	0.000068
0.313282	0.000072
0.314257	0.000076
0.315231	0.000080
0.316206	0.000084
0.317181	0.000090
0.318156	0.000094
0.319131	0.000100
0.320105	0.000104
0.321080	0.000110
0.322055	0.000116
0.323030	0.000124
0.324005	0.000130
0.324979	0.000136
0.325954	0.000142
0.326929	0.000152
0.327904	0.000158
0.328879	0.000167
0.329853	0.000175
0.330828	0.000187
0.331803	0.000195
0.332778	0.000205
0.333753	0.000218
0.334727	0.000228
0.335702	0.000240
0.336677	0.000253
0.337652	0.000269
0.338626	0.000282
0.339601	0.000298
0.340576	0.000313
0.341551	0.000332
0.342526	0.000350
0.343500	0.000369
0.344475	0.000388
0.345450	0.000411
0.346425	0.000432
0.347400	0.000457
0.348374	0.000482
0.349349	0.000510
0.350324	0.000541
0.351299	0.000573
0.352274	0.000605
0.353248	0.000640
0.354223	0.000679
0.355198	0.000721
0.356173	0.000761
0.357148	0.000810
0.358122	0.000859
0.359097	0.000915
0.360072	0.000974
0.361047	0.001036
0.362021	0.001105
0.362996	0.001180
0.363971	0.001259
0.364946	0.001349
0.365921	0.001446
0.366895	0.001556
0.367870	0.001674
0.368845	0.001808
0.369820	0.001955
0.370795	0.002125
0.371769	0.002317
0.372744	0.002538
0.373719	0.002798
0.374694	0.003107
0.375669	0.003482
0.376643	0.003951
0.377618	0.004560
0.378593	0.005379
0.379568	0.006546
0.380543	0.008280
0.381517	0.010821
0.382492	0.013714
0.383475	0.013815
0.384458	0.012068
0.385440	0.010427
0.386423	0.009373
0.387406	0.008731
0.388389	0.008337
0.389372	0.008089
0.390354	0.007930
0.391337	0.007830
0.392320	0.007774
0.393303	0.007741
0.394285	0.007732
0.395268	0.007737
0.396251	0.007756
0.397234	0.007785
0.398217	0.007819
0.399199	0.007859
0.400182	0.007904
0.401165	0.007954
0.402148	0.008009
0.403130	0.008065
0.404113	0.008124
0.405096	0.008183
0.406079	0.008246
0.407061	0.008309
0.408044	0.008374
0.409027	0.008442
0.410010	0.008507
0.410993	0.008575
0.411975	0.008642
0.412958	0.008712
0.413941	0.008779
0.414924	0.008851
0.415906	0.008921
0.416889	0.008988
0.417872	0.009060
0.418855	0.009130
0.419838	0.009199
0.420820	0.009271
0.421803	0.009338
0.422786	0.009408
0.423769	0.009480
0.424751	0.009550
0.425734	0.009619
0.426717	0.009689
0.427700	0.009759
0.428683	0.009826
0.429665	0.009896
0.430648	0.009965
0.431631	0.010033
0.432614	0.010100
0.433596	0.010170
0.434579	0.010237
0.435562	0.010305
0.436545	0.010370
0.437528	0.010438
0.438510	0.010505
0.439493	0.010570
0.440476	0.010636
0.441459	0.010701
0.442441	0.010766
0.443424	0.010829
0.444407	0.010895
0.445390	0.010955
0.446373	0.011021
0.447355	0.011082
0.448338	0.011145
0.449321	0.011206
0.450304	0.011267
0.451286	0.011328
0.452269	0.011389
0.453252	0.011449
0.454235	0.011508
0.455217	0.011569
0.456200	0.011628
0.457183	0.011685
0.458166	0.011743
0.459149	0.011800
0.460131	0.011856
0.461114	0.011913
0.462097	0.011970
0.463080	0.012024
0.464062	0.012078
0.465045	0.012133
0.466028	0.012185
0.467011	0.012239
0.467994	0.012292
0.468976	0.012342
0.469959	0.012396
0.470942	0.012446
0.471925	0.012496
0.472907	0.012549
0.473890	0.012596
0.474873	0.012644
0.475856	0.012692
0.476839	0.012742
0.477821	0.012788
0.478804	0.012836
0.479787	0.012881
0.480770	0.012927
0.481752	0.012971
0.482735	0.013016
0.483718	0.013062
0.484701	0.013103
0.485684	0.013147
0.486666	0.013188
0.487649	0.013230
0.488632	0.013271
0.489615	0.013310
0.490597	0.013354
0.491580	0.013391
0.492563	0.013430
0.493546	0.013469
0.494529	0.013506
0.495511	0.013543
0.496494	0.013580
0.497477	0.013617
0.498460	0.013652
0.499442	0.013685
0.500425	0.013719
0.501408	0.013754
0.502391	0.013787
0.503374	0.013819
0.504356	0.013850
0.505339	0.013883
0.506322	0.013911
0.507305	0.013944
0.508287	0.013972
0.509270	0.014002
0.510253	0.014028
0.511236	0.014059
0.512218	0.014085
0.513201	0.014111
0.514184	0.014137
0.515167	0.014163
0.516150	0.014187
0.517132	0.014211
0.518115	0.014235
0.519098	0.014257
0.520081	0.014281
0.521063	0.014303
0.522046	0.014324
0.523029	0.014344
0.524012	0.014364
0.524995	0.014383
0.525977	0.014405
0.526960	0.014422
0.527943	0.014438
0.528926	0.014455
0.529908	0.014472
0.530891	0.014490
0.531874	0.014503
0.532857	0.014518
0.533840	0.014533
0.534822	0.014546
0.535805	0.014559
0.536788	0.014572
0.537771	0.014583
0.538753	0.014594
0.539736	0.014607
0.540719	0.014616
0.541702	0.014625
0.542685	0.014636
0.543667	0.014644
0.544650	0.014651
0.545633	0.014660
0.546616	0.014666
0.547598	0.014673
0.548581	0.014679
0.549564	0.014683
0.550547	0.014688
0.551530	0.014692
0.552512	0.014697
0.553495	0.014699
0.554478	0.014701
0.555461	0.014703
0.556443	0.014703
0.557426	0.014705
0.558409	0.014705
0.559392	0.014705
0.560374	0.014705
0.561357	0.014705
0.562340	0.014703
0.563323	0.014699
0.564306	0.014697
0.565288	0.014694
0.566271	0.014690
0.567254	0.014683
0.568237	0.014679
0.569219	0.014675
0.570202	0.014668
0.571185	0.014662
0.572168	0.014655
0.573151	0.014649
0.574133	0.014638
0.575116	0.014633
0.576099	0.014623
0.577082	0.014612
0.578064	0.014603
0.579047	0.014592
0.580030	0.014581
0.581013	0.014570
0.581996	0.014559
0.582978	0.014546
0.583961	0.014533
0.584944	0.014522
0.585927	0.014507
0.586909	0.014494
0.587892	0.014479
0.588875	0.014464
0.589858	0.014448
0.590841	0.014433
0.591823	0.014418
0.592806	0.014401
0.593789	0.014383
0.594772	0.014368
0.595754	0.014348
0.596737	0.014329
0.597720	0.014311
0.598703	0.014292
0.599686	0.014272
0.600668	0.014253
0.601651	0.014231
0.602634	0.014211
0.603617	0.014189
0.604599	0.014168
0.605582	0.014146
0.606565	0.014124
0.607548	0.014102
0.608530	0.014078
0.609513	0.014055
0.610496	0.014031
0.611479	0.014007
0.612462	0.013983
0.613444	0.013959
0.614427	0.013933
0.615410	0.013907
0.616393	0.013883
0.617375	0.013854
0.618358	0.013830
0.619341	0.013800
0.620324	0.013774
0.621307	0.013745
0.622289	0.013717
0.623272	0.013689
0.624255	0.013663
0.625238	0.013634
0.626220	0.013604
0.627203	0.013576
0.628186	0.013545
0.629169	0.013515
0.630152	0.013484
0.631134	0.013454
0.632117	0.013423
0.633100	0.013393
0.634083	0.013360
0.635065	0.013330
0.636048	0.013297
0.637031	0.013265
0.638014	0.013232
0.638997	0.013201
0.639979	0.013167
0.640962	0.013134
0.641945	0.013099
0.642928	0.013066
0.643910	0.013032
0.644893	0.012999
0.645876	0.012964
0.646859	0.012927
0.647842	0.012892
0.648824	0.012858
0.649807	0.012823
0.650790	0.012788
0.651773	0.012753
0.652755	0.012716
0.653738	0.012679
0.654721	0.012644
0.655704	0.012607
0.656686	0.012570
0.657669	0.012533
0.658652	0.012496
0.659635	0.012459
0.660618	0.012420
0.661600	0.012385
0.662583	0.012346
0.663566	0.012309
0.664549	0.012270
0.665531	0.012233
0.666514	0.012194
0.667497	0.012157
0.668480	0.012115
0.669463	0.012078
0.670445	0.012039
0.671428	0.012000
0.672411	0.011959
0.673394	0.011920
0.674376	0.011880
0.675359	0.011841
0.676342	0.011802
0.677325	0.011761
0.678308	0.011722
0.679290	0.011682
0.680273	0.011641
0.681256	0.011600
0.682239	0.011560
0.683221	0.011521
0.684204	0.011480
0.685187	0.011439
0.686170	0.011397
0.687153	0.011358
0.688135	0.011317
0.689118	0.011275
0.690101	0.011234
0.691084	0.011193
0.692066	0.011154
0.693049	0.011112
0.694032	0.011069
0.695015	0.011029
0.695998	0.010986
0.696980	0.010945
0.697963	0.010903
0.698946	0.010862
0.699929	0.010821
0.700911	0.010779
0.701894	0.010738
0.702877	0.010694
0.703860	0.010653
0.704842	0.010612
0.705825	0.010568
0.706808	0.010527
0.707791	0.010485
0.708774	0.010442
0.709756	0.010403
0.710739	0.010357
0.711722	0.010318
0.712705	0.010274
0.713687	0.010233
0.714670	0.010189
0.715653	0.010148
0.716636	0.010107
0.717619	0.010065
0.718601	0.010022
0.719584	0.009978
0.720567	0.009937
0.721550	0.009896
0.722532	0.009854
0.723515	0.009811
0.724498	0.009769
0.725481	0.009726
0.726464	0.009685
0.727446	0.009641
0.728429	0.009600
0.729412	0.009558
0.730395	0.009517
0.731377	0.009476
0.732360	0.009432
0.733343	0.009391
0.734326	0.009349
0.735309	0.009308
0.736291	0.009267
0.737274	0.009223
0.738257	0.009182
0.739240	0.009140
0.740222	0.009099
0.741205	0.009058
0.742188	0.009016
0.743171	0.008973
0.744154	0.008932
0.745136	0.008892
0.746119	0.008851
0.747102	0.008810
0.748085	0.008768
0.749067	0.008727
0.750050	0.008686
0.751033	0.008644
0.752016	0.008603
0.752999	0.008564
0.753981	0.008522
0.754964	0.008479
0.755947	0.008440
0.756930	0.008400
0.757912	0.008359
0.758895	0.008318
0.759878	0.008276
0.760861	0.008237
0.761843	0.008196
0.762826	0.008155
0.763809	0.008115
0.764792	0.008078
0.765775	0.008037
0.766757	0.007996
0.767740	0.007959
0.768723	0.007917
0.769706	0.007878
0.770688	0.007839
0.771671	0.007798
0.772654	0.007758
0.773637	0.007719
0.774620	0.007680
0.775602	0.007643
0.776585	0.007602
0.777568	0.007565
0.778551	0.007526
0.779533	0.007486
0.780516	0.007449
0.781499	0.007408
0.782482	0.007371
0.783465	0.007332
0.784447	0.007293
0.785430	0.007256
0.786413	0.007219
0.787396	0.007180
0.788378	0.007143
0.789361	0.007106
0.790344	0.007066
0.791327	0.007029
0.792310	0.006992
0.793292	0.006955
0.794275	0.006916
0.795258	0.006879
0.796241	0.006842
0.797223	0.006807
0.798206	0.006768
0.799189	0.006731
0.800172	0.006696
0.801155	0.006659
0.802137	0.006625
0.803120	0.006588
0.804103	0.006551
0.805086	0.006514
0.806068	0.006479
0.807051	0.006442
0.808034	0.006407
0.809017	0.006372
0.809999	0.006337
0.810982	0.006300
0.811965	0.006266
0.812948	0.006231
0.813931	0.006196
0.814913	0.006161
0.815896	0.006126
0.816879	0.006091
0.817862	0.006057
0.818844	0.006022
0.819827	0.005987
0.820810	0.005954
0.821793	0.005920
0.822776	0.005885
0.823758	0.005852
0.824741	0.005817
0.825724	0.005785
0.826707	0.005752
0.827689	0.005719
0.828672	0.005684
0.829655	0.005650
0.830638	0.005617
0.831621	0.005584
0.832603	0.005552
0.833586	0.005519
0.834569	0.005489
0.835552	0.005456
0.836534	0.005423
0.837517	0.005391
0.838500	0.005358
0.839483	0.005325
0.840466	0.005293
0.841448	0.005262
0.842431	0.005230
0.843414	0.005199
0.844397	0.005169
0.845379	0.005138
0.846362	0.005106
0.847345	0.005073
0.848328	0.005045
0.849311	0.005014
0.850293	0.004984
0.851276	0.004951
0.852259	0.004923
0.853242	0.004890
0.854224	0.004860
0.855207	0.004829
0.856190	0.004801
0.857173	0.004770
0.858155	0.004740
0.859138	0.004712
0.860121	0.004683
0.861104	0.004653
0.862087	0.004622
0.863069	0.004594
0.864052	0.004564
0.865035	0.004535
0.866018	0.004507
0.867000	0.004479
0.867983	0.004451
0.868966	0.004422
0.869949	0.004394
0.870932	0.004366
0.871914	0.004337
0.872897	0.004309
0.873880	0.004283
0.874863	0.004252
0.875845	0.004226
0.876828	0.004198
0.877811	0.004172
0.878794	0.004144
0.879777	0.004115
0.880759	0.004089
0.881742	0.004063
0.882725	0.004035
0.883708	0.004009
0.884690	0.003983
0.885673	0.003957
0.886656	0.003928
0.887639	0.003902
0.888622	0.003876
0.889604	0.003852
0.890587	0.003824
0.891570	0.003800
0.892553	0.003772
0.893535	0.003748
0.894518	0.003721
0.895501	0.003695
0.896484	0.003669
0.897467	0.003647
0.898449	0.003619
0.899432	0.003593
0.900415	0.003569
0.901398	0.003545
0.902380	0.003521
0.903363	0.003497
0.904346	0.003471
0.905329	0.003447
0.906311	0.003423
0.907294	0.003397
0.908277	0.003375
0.909260	0.003349
0.910243	0.003328
0.911225	0.003304
0.912208	0.003277
0.913191	0.003256
0.914174	0.003232
0.915156	0.003208
0.916139	0.003184
0.917122	0.003162
0.918105	0.003138
0.919088	0.003116
0.920070	0.003093
0.921053	0.003071
0.922036	0.003047
0.923019	0.003023
0.924001	0.003001
0.924984	0.002979
0.925967	0.002958
0.926950	0.002934
0.927933	0.002912
0.928915	0.002890
0.929898	0.002868
0.930881	0.002847
0.931864	0.002825
0.932846	0.002803
0.933829	0.002781
0.934812	0.002760
0.935795	0.002738
0.936778	0.002716
0.937760	0.002694
0.938743	0.002675
0.939726	0.002653
0.940709	0.002631
0.941691	0.002612
0.942674	0.002590
0.943657	0.002570
0.944640	0.002548
0.945623	0.002529
0.946605	0.002507
0.947588	0.002488
0.948571	0.002468
0.949554	0.002446
0.950536	0.002427
0.951519	0.002407
0.952502	0.002387
0.953485	0.002366
0.954467	0.002346
0.955450	0.002326
0.956433	0.002307
0.957416	0.002287
0.958399	0.002268
0.959381	0.002248
0.960364	0.002229
0.961347	0.002209
0.962330	0.002189
0.963312	0.002172
0.964295	0.002150
0.965278	0.002133
0.966261	0.002113
0.967244	0.002094
0.968226	0.002076
0.969209	0.002057
0.970192	0.002039
0.971175	0.002020
0.972157	0.002000
0.973140	0.001983
0.974123	0.001963
0.975106	0.001946
0.976089	0.001928
0.977071	0.001909
0.978054	0.001891
0.979037	0.001872
0.980020	0.001854
0.981002	0.001837
0.981985	0.001819
0.982968	0.001802
0.983951	0.001782
0.984934	0.001767
0.985916	0.001748
0.986899	0.001730
0.987882	0.001713
0.988865	0.001695
0.989847	0.001676
0.990830	0.001658
0.991813	0.001643
0.992796	0.001626
0.993779	0.001608
0.994761	0.001589
0.995744	0.001576
0.996727	0.001556
0.997710	0.001539
0.998692	0.001523
0.999675	0.001506
1.000658	0.001491
1.001641	0.001473
1.002624	0.001456
1.003606	0.001441
1.004589	0.001423
1.005572	0.001406
1.006555	0.001388
1.007537	0.001373
1.008520	0.001356
1.009503	0.001341
1.010486	0.001323
1.011468	0.001308
1.012451	0.001291
1.013434	0.001277
1.014417	0.001260
1.015400	0.001245
1.016382	0.001227
1.017365	0.001212
1.018348	0.001195
1.019331	0.001180
1.020313	0.001164
1.021296	0.001149
1.022279	0.001134
1.023262	0.001116
1.024245	0.001101
1.025227	0.001084
1.026210	0.001069
1.027193	0.001056
1.028176	0.001038
1.029158	0.001023
1.030141	0.001008
1.031124	0.000992
1.032107	0.000975
1.033090	0.000960
1.034072	0.000945
1.035055	0.000929
1.036038	0.000916
1.037021	0.000899
1.038003	0.000886
1.038986	0.000868
1.039969	0.000855
1.040952	0.000840
1.041935	0.000825
1.042917	0.000810
1.043900	0.000792
1.044883	0.000779
1.045866	0.000766
1.046848	0.000749
1.047831	0.000733
1.048814	0.000720
1.049797	0.000705
1.050780	0.000690
1.051762	0.000677
1.052745	0.000659
1.053728	0.000646
1.054711	0.000633
1.055693	0.000616
1.056676	0.000601
1.057659	0.000588
1.058642	0.000572
1.059624	0.000557
1.060607	0.000544
1.061590	0.000529
1.062573	0.000514
1.063556	0.000501
1.064538	0.000485
1.065521	0.000472
1.066504	0.000457
1.067487	0.000444
1.068469	0.000427
1.069452	0.000413
1.070435	0.000398
1.071418	0.000383
1.072401	0.000370
1.073383	0.000357
1.074366	0.000342
1.075349	0.000326
1.076332	0.000313
1.077314	0.000298
1.078297	0.000285
1.079280	0.000270
1.080263	0.000255
1.081246	0.000244
1.082228	0.000229
1.083211	0.000213
1.084194	0.000198
1.085177	0.000185
1.086159	0.000170
1.087142	0.000157
1.088125	0.000141
1.089108	0.000128
1.090091	0.000113
1.091073	0.000100
1.092056	0.000085
1.093039	0.000072
1.094022	0.000057
1.095004	0.000044
1.095987	0.000028
1.096970	0.000015
1.097945	0.000022
1.098920	0.000028
1.099894	0.000035
1.100869	0.000041
1.101844	0.000048
1.102819	0.000057
1.103794	0.000063
1.104768	0.000070
1.105743	0.000077
1.106718	0.000086
1.107693	0.000092
1.108667	0.000099
1.109642	0.000106
1.110617	0.000115
1.111592	0.000122
1.112567	0.000129
1.113541	0.000133
1.114516	0.000142
1.115491	0.000152
1.116466	0.000156
1.117441	0.000163
1.118415	0.000173
1.119390	0.000177
1.120365	0.000187
1.121340	0.000194
1.122315	0.000199
1.123289	0.000206
1.124264	0.000215
1.125239	0.000225
1.126214	0.000229
1.127189	0.000237
1.128163	0.000246
1.129138	0.000251
1.130113	0.000258
1.131088	0.000266
1.132062	0.000273
1.133037	0.000281
1.134012	0.000288
1.134987	0.000295
1.135962	0.000303
1.136936	0.000310
1.137911	0.000318
1.138886	0.000323
1.139861	0.000333
1.140836	0.000340
1.141810	0.000346
1.142785	0.000353
1.143760	0.000361
1.144735	0.000366
1.145710	0.000376
1.146684	0.000384
1.147659	0.000392
1.148634	0.000397
1.149609	0.000405
1.150584	0.000413
1.151558	0.000419
1.152533	0.000426
1.153508	0.000434
1.154483	0.000440
1.155457	0.000450
1.156432	0.000456
1.157407	0.000466
1.158382	0.000472
1.159357	0.000480
1.160331	0.000486
1.161306	0.000494
1.162281	0.000502
1.163256	0.000510
1.164231	0.000516
1.165205	0.000524
1.166180	0.000530
1.167155	0.000539
1.168130	0.000545
1.169105	0.000553
1.170079	0.000559
1.171054	0.000567
1.172029	0.000573
1.173004	0.000579
1.173979	0.000585
1.174953	0.000596
1.175928	0.000603
1.176903	0.000611
1.177878	0.000617
1.178852	0.000624
1.179827	0.000630
1.180802	0.000638
1.181777	0.000647
1.182752	0.000651
1.183726	0.000660
1.184701	0.000666
1.185676	0.000673
1.186651	0.000681
1.187626	0.000688
1.188600	0.000694
1.189575	0.000701
1.190550	0.000707
1.191525	0.000716
1.192500	0.000723
1.193474	0.000729
1.194449	0.000739
1.195424	0.000745
1.196399	0.000752
1.197374	0.000758
1.198348	0.000765
1.199323	0.000775
1.200298	0.000781
1.201273	0.000788
1.202247	0.000795
1.203222	0.000799
1.204197	0.000806
1.205172	0.000815
1.206147	0.000822
1.207121	0.000827
1.208096	0.000836
1.209071	0.000843
1.210046	0.000848
1.211021	0.000855
1.211995	0.000862
1.212970	0.000869
1.213945	0.000876
1.214920	0.000883
1.215895	0.000890
1.216869	0.000898
1.217844	0.000905
1.218819	0.000912
1.219794	0.000917
1.220769	0.000924
1.221743	0.000929
1.222718	0.000936
1.223693	0.000944
1.224668	0.000951
1.225643	0.000956
1.226617	0.000963
1.227592	0.000968
1.228567	0.000976
1.229542	0.000983
1.230516	0.000988
1.231491	0.000996
1.232466	0.001001
1.233441	0.001008
1.234416	0.001013
1.235390	0.001021
1.236365	0.001026
1.237340	0.001034
1.238315	0.001039
1.239290	0.001044
1.240264	0.001049
1.241239	0.001057
1.242214	0.001065
1.243189	0.001070
1.244164	0.001076
1.245138	0.001081
1.246113	0.001089
1.247088	0.001094
1.248063	0.001099
1.249038	0.001105
1.250012	0.001113
1.250987	0.001118
1.251962	0.001124
1.252937	0.001129
1.253911	0.001135
1.254886	0.001143
1.255861	0.001148
1.256836	0.001154
1.257811	0.001160
1.258785	0.001165
1.259760	0.001171
1.260735	0.001173
1.261710	0.001182
1.262685	0.001191
1.263659	0.001193
1.264634	0.001196
1.265609	0.001202
1.266584	0.001211
1.267559	0.001213
1.268533	0.001222
1.269508	0.001225
1.270483	0.001231
1.271458	0.001234
1.272433	0.001240
1.273407	0.001246
1.274382	0.001251
1.275357	0.001257
1.276332	0.001264
1.277306	0.001270
1.278281	0.001273
1.279256	0.001276
1.280231	0.001282
1.281206	0.001285
1.282180	0.001291
1.283155	0.001297
1.284130	0.001303
1.285105	0.001306
1.286080	0.001313
1.287054	0.001316
1.288029	0.001322
1.289004	0.001325
1.289979	0.001332
1.290954	0.001335
1.291928	0.001341
1.292903	0.001345
1.293878	0.001348
1.294853	0.001355
1.295828	0.001358
1.296802	0.001358
1.297777	0.001365
1.298752	0.001368
1.299727	0.001375
1.300701	0.001378
1.301676	0.001381
1.302651	0.001385
1.303626	0.001388
1.304601	0.001395
1.305575	0.001399
1.306550	0.001399
1.307525	0.001406
1.308500	0.001409
1.309475	0.001413
1.310449	0.001420
1.311424	0.001420
1.312399	0.001424
1.313374	0.001427
1.314349	0.001431
1.315323	0.001435
1.316298	0.001438
1.317273	0.001442
1.318248	0.001446
1.319223	0.001450
1.320197	0.001453
1.321172	0.001454
1.322147	0.001458
1.323122	0.001461
1.324096	0.001465
1.325071	0.001469
1.326046	0.001470
1.327021	0.001473
1.327996	0.001477
1.328970	0.001481
1.329945	0.001485
1.330920	0.001482
1.331895	0.001490
1.332870	0.001490
1.333844	0.001494
1.334819	0.001495
1.335794	0.001495
1.336769	0.001503
1.337744	0.001507
1.338718	0.001504
1.339693	0.001508
1.340668	0.001512
1.341643	0.001513
1.342618	0.001513
1.343592	0.001517
1.344567	0.001518
1.345542	0.001519
1.346517	0.001523
1.347492	0.001523
1.348466	0.001528
1.349441	0.001528
1.350416	0.001529
1.351391	0.001529
1.352365	0.001530
1.353340	0.001534
1.354315	0.001535
1.355290	0.001536
1.356265	0.001540
1.357239	0.001541
1.358214	0.001541
1.359189	0.001546
1.360164	0.001543
1.361139	0.001543
1.362113	0.001548
1.363088	0.001545
1.364063	0.001549
1.365038	0.001546
1.366013	0.001550
1.366987	0.001551
1.367962	0.001552
1.368937	0.001553
1.369912	0.001553
1.370887	0.001554
1.371861	0.001551
1.372836	0.001555
1.373811	0.001552
1.374786	0.001553
1.375760	0.001553
1.376735	0.001554
1.377710	0.001559
1.378685	0.001556
1.379660	0.001556
1.380634	0.001557
1.381609	0.001554
1.382584	0.001554
1.383559	0.001551
1.384534	0.001552
1.385508	0.001557
1.386483	0.001553
1.387458	0.001554
1.388433	0.001550
1.389408	0.001551
1.390382	0.001552
1.391357	0.001548
1.392332	0.001549
1.393307	0.001550
1.394282	0.001546
1.395256	0.001547
1.396231	0.001543
1.397206	0.001544
1.398181	0.001545
1.399155	0.001541
1.400130	0.001542
1.401105	0.001538
1.402080	0.001535
1.403055	0.001535
1.404029	0.001536
1.405004	0.001532
1.405979	0.001528
1.406954	0.001534
1.407929	0.001525
1.408903	0.001526
1.409878	0.001527
1.410853	0.001523
1.411828	0.001519
1.412803	0.001515
1.413777	0.001516
1.414752	0.001512
1.415727	0.001513
1.416702	0.001509
1.417677	0.001505
1.418651	0.001505
1.419626	0.001501
1.420601	0.001497
1.421576	0.001493
1.422550	0.001494
1.423525	0.001489
1.424500	0.001485
1.425475	0.001486
1.426450	0.001482
1.427424	0.001477
1.428399	0.001473
1.429374	0.001474
1.430349	0.001469
1.431324	0.001460
1.432298	0.001460
1.433273	0.001456
1.434248	0.001452
1.435223	0.001447
1.436198	0.001448
1.437172	0.001443
1.438147	0.001438
1.439122	0.001434
1.440097	0.001429
1.441072	0.001430
1.442046	0.001420
1.443021	0.001420
1.443996	0.001415
1.444971	0.001410
1.445946	0.001406
1.446920	0.001401
1.447895	0.001396
1.448870	0.001391
1.449845	0.001391
1.450819	0.001381
1.451794	0.001381
1.452769	0.001371
1.453744	0.001365
1.454719	0.001360
1.455693	0.001360
1.456668	0.001350
1.457643	0.001344
1.458618	0.001344
1.459593	0.001339
1.460567	0.001328
1.461542	0.001322
1.462517	0.001317
1.463492	0.001317
1.464467	0.001305
1.465441	0.001305
1.466416	0.001294
1.467391	0.001288
1.468366	0.001282
1.469341	0.001276
1.470315	0.001270
1.471290	0.001264
1.472265	0.001252
1.473240	0.001252
1.474214	0.001246
1.475189	0.001240
1.476164	0.001233
1.477139	0.001227
1.478114	0.001215
1.479088	0.001208
1.480063	0.001208
1.481038	0.001195
1.482013	0.001188
1.482988	0.001182
1.483962	0.001181
1.484937	0.001168
1.485912	0.001161
1.486887	0.001154
1.487862	0.001153
1.488836	0.001140
1.489811	0.001133
1.490786	0.001125
1.491761	0.001118
1.492736	0.001111
1.493710	0.001103
1.494685	0.001096
1.495660	0.001085
1.496635	0.001078
1.497609	0.001070
1.498584	0.001061
1.499559	0.001053
1.500534	0.001043
1.501509	0.001036
1.502483	0.001027
1.503458	0.001018
1.504433	0.001010
1.505408	0.001001
1.506383	0.000992
1.507357	0.000983
1.508332	0.000974
1.509307	0.000965
1.510282	0.000956
1.511257	0.000946
1.512231	0.000937
1.513206	0.000928
1.514181	0.000919
1.515156	0.000908
1.516131	0.000900
1.517105	0.000891
1.518080	0.000880
1.519055	0.000870
1.520030	0.000860
1.521004	0.000850
1.521979	0.000839
1.522954	0.000830
1.523929	0.000820
1.524904	0.000810
1.525878	0.000800
1.526853	0.000790
1.527828	0.000779
1.528803	0.000768
1.529778	0.000757
1.530752	0.000747
1.531727	0.000735
1.532702	0.000725
1.533677	0.000714
1.534652	0.000703
1.535626	0.000691
1.536601	0.000680
1.537576	0.000669
1.538551	0.000658
1.539526	0.000646
1.540500	0.000634
1.541475	0.000623
1.542450	0.000612
1.543425	0.000599
1.544399	0.000588
1.545374	0.000576
1.546349	0.000564
1.547324	0.000551
1.548299	0.000540
1.549273	0.000526
1.550248	0.000514
1.551223	0.000502
1.552198	0.000489
1.553173	0.000478
1.554147	0.000463
1.555122	0.000451
1.556097	0.000439
1.557072	0.000425
1.558047	0.000412
1.559021	0.000399
1.559996	0.000386
1.560971	0.000372
1.561946	0.000359
1.562921	0.000344
1.563895	0.000331
1.564870	0.000317
1.565845	0.000303
1.566820	0.000290
1.567795	0.000276
1.568769	0.000260
1.569744	0.000246
1.570719	0.000233
1.571694	0.000218
1.572668	0.000203
1.573643	0.000187
1.574618	0.000172
1.575593	0.000157
1.576568	0.000142
1.577542	0.000127
1.578517	0.000112
1.579492	0.000096
1.580467	0.000081
1.581442	0.000066
1.582416	0.000050
1.583391	0.000033
1.584366	0.000017
1.585349	0.000032
1.586332	0.000050
1.587314	0.000066
1.588297	0.000084
1.589280	0.000100
1.590263	0.000116
1.591245	0.000134
1.592228	0.000149
1.593211	0.000166
1.594194	0.000183
1.595176	0.000200
1.596159	0.000216
1.597142	0.000232
1.598125	0.000249
1.599108	0.000267
1.600090	0.000282
1.601073	0.000300
1.602056	0.000317
1.603039	0.000334
1.604021	0.000350
1.605004	0.000367
1.605987	0.000385
1.606970	0.000402
1.607953	0.000417
1.608935	0.000435
1.609918	0.000452
1.610901	0.000469
1.611884	0.000486
1.612866	0.000503
1.613849	0.000520
1.614832	0.000537
1.615815	0.000555
1.616798	0.000572
1.617780	0.000588
1.618763	0.000606
1.619746	0.000623
1.620729	0.000641
1.621711	0.000658
1.622694	0.000675
1.623677	0.000692
1.624660	0.000710
1.625643	0.000727
1.626625	0.000745
1.627608	0.000763
1.628591	0.000781
1.629574	0.000798
1.630556	0.000816
1.631539	0.000832
1.632522	0.000850
1.633505	0.000868
1.634488	0.000887
1.635470	0.000904
1.636453	0.000922
1.637436	0.000941
1.638419	0.000958
1.639401	0.000977
1.640384	0.000994
1.641367	0.001014
1.642350	0.001032
1.643333	0.001050
1.644315	0.001068
1.645298	0.001087
1.646281	0.001105
1.647264	0.001124
1.648246	0.001143
1.649229	0.001161
1.650212	0.001179
1.651195	0.001200
1.652177	0.001217
1.653160	0.001237
1.654143	0.001256
1.655126	0.001275
1.656109	0.001294
1.657091	0.001314
1.658074	0.001333
1.659057	0.001353
1.660040	0.001372
1.661022	0.001392
1.662005	0.001412
1.662988	0.001432
1.663971	0.001452
1.664954	0.001472
1.665936	0.001491
1.666919	0.001510
1.667902	0.001532
1.668885	0.001551
1.669867	0.001573
1.670850	0.001592
1.671833	0.001613
1.672816	0.001635
1.673799	0.001655
1.674781	0.001676
1.675764	0.001697
1.676747	0.001717
1.677730	0.001739
1.678712	0.001760
1.679695	0.001782
1.680678	0.001805
1.681661	0.001825
1.682644	0.001847
1.683626	0.001868
1.684609	0.001891
1.685592	0.001912
1.686575	0.001934
1.687557	0.001957
1.688540	0.001978
1.689523	0.002001
1.690506	0.002024
1.691489	0.002046
1.692471	0.002069
1.693454	0.002093
1.694437	0.002116
1.695420	0.002138
1.696402	0.002162
1.697385	0.002185
1.698368	0.002209
1.699351	0.002233
1.700333	0.002257
1.701316	0.002281
1.702299	0.002305
1.703282	0.002330
1.704265	0.002354
1.705247	0.002378
1.706230	0.002403
1.707213	0.002428
1.708196	0.002453
1.709178	0.002478
1.710161	0.002503
1.711144	0.002528
1.712127	0.002553
1.713110	0.002580
1.714092	0.002605
1.715075	0.002631
1.716058	0.002657
1.717041	0.002684
1.718023	0.002710
1.719006	0.002736
1.719989	0.002764
1.720972	0.002791
1.721955	0.002818
1.722937	0.002845
1.723920	0.002874
1.724903	0.002901
1.725886	0.002929
1.726868	0.002956
1.727851	0.002984
1.728834	0.003014
1.729817	0.003041
1.730800	0.003070
1.731782	0.003100
1.732765	0.003130
1.733748	0.003157
1.734731	0.003188
1.735713	0.003217
1.736696	0.003247
1.737679	0.003277
1.738662	0.003307
1.739645	0.003339
1.740627	0.003370
1.741610	0.003400
1.742593	0.003432
1.743576	0.003462
1.744558	0.003493
1.745541	0.003526
1.746524	0.003558
1.747507	0.003590
1.748489	0.003623
1.749472	0.003656
1.750455	0.003688
1.751438	0.003722
1.752421	0.003755
1.753403	0.003789
1.754386	0.003822
1.755369	0.003857
1.756352	0.003890
1.757334	0.003925
1.758317	0.003960
1.759300	0.003996
1.760283	0.004030
1.761266	0.004066
1.762248	0.004102
1.763231	0.004138
1.764214	0.004174
1.765197	0.004212
1.766179	0.004248
1.767162	0.004285
1.768145	0.004322
1.769128	0.004360
1.770111	0.004399
1.771093	0.004436
1.772076	0.004475
1.773059	0.004515
1.774042	0.004553
1.775024	0.004592
1.776007	0.004633
1.776990	0.004673
1.777973	0.004713
1.778956	0.004754
1.779938	0.004795
1.780921	0.004836
1.781904	0.004878
1.782887	0.004920
1.783869	0.004962
1.784852	0.005004
1.785835	0.005047
1.786818	0.005090
1.787801	0.005133
1.788783	0.005177
1.789766	0.005223
1.790749	0.005267
1.791732	0.005311
1.792714	0.005357
1.793697	0.005402
1.794680	0.005448
1.795663	0.005494
1.796645	0.005542
1.797628	0.005589
1.798611	0.005636
1.799594	0.005684
1.800577	0.005732
1.801559	0.005780
1.802542	0.005830
1.803525	0.005879
1.804508	0.005928
1.805490	0.005979
1.806473	0.006029
1.807456	0.006080
1.808439	0.006132
1.809422	0.006183
1.810404	0.006236
1.811387	0.006289
1.812370	0.006341
1.813353	0.006396
1.814335	0.006449
1.815318	0.006504
1.816301	0.006559
1.817284	0.006614
1.818267	0.006670
1.819249	0.006726
1.820232	0.006782
1.821215	0.006840
1.822198	0.006897
1.823180	0.006956
1.824163	0.007014
1.825146	0.007073
1.826129	0.007133
1.827112	0.007191
1.828094	0.007252
1.829077	0.007314
1.830060	0.007377
1.831043	0.007439
1.832025	0.007500
1.833008	0.007563
1.833991	0.007628
1.834974	0.007691
1.835957	0.007756
1.836939	0.007821
1.837922	0.007887
1.838905	0.007953
1.839888	0.008020
1.840870	0.008088
1.841853	0.008156
1.842836	0.008224
1.843819	0.008294
1.844801	0.008363
1.845784	0.008434
1.846767	0.008506
1.847750	0.008577
1.848733	0.008649
1.849715	0.008723
1.850698	0.008796
1.851681	0.008870
1.852664	0.008946
1.853646	0.009021
1.854629	0.009098
1.855612	0.009174
1.856595	0.009252
1.857578	0.009331
1.858560	0.009408
1.859543	0.009489
1.860526	0.009570
1.861509	0.009650
1.862491	0.009733
1.863474	0.009814
1.864457	0.009898
1.865440	0.009981
1.866423	0.010066
1.867405	0.010151
1.868388	0.010237
1.869371	0.010325
1.870354	0.010412
1.871336	0.010500
1.872319	0.010590
1.873302	0.010680
1.874285	0.010772
1.875268	0.010863
1.876250	0.010955
1.877233	0.011048
1.878216	0.011144
1.879199	0.011238
1.880181	0.011335
1.881164	0.011432
1.882147	0.011529
1.883130	0.011627
1.884113	0.011727
1.885095	0.011827
1.886078	0.011928
1.887061	0.012030
1.888044	0.012133
1.889026	0.012237
1.890009	0.012343
1.890992	0.012449
1.891975	0.012556
1.892958	0.012663
1.893940	0.012773
1.894923	0.012883
1.895906	0.012994
1.896889	0.013105
1.897871	0.013218
1.898854	0.013332
1.899837	0.013447
1.900820	0.013563
1.901802	0.013680
1.902785	0.013799
1.903768	0.013917
1.904751	0.014039
1.905734	0.014160
1.906716	0.014282
1.907699	0.014406
1.908682	0.014532
1.909665	0.014657
1.910647	0.014784
1.911630	0.014912
1.912613	0.015043
1.913596	0.015174
1.914579	0.015306
1.915561	0.015438
1.916544	0.015574
1.917527	0.015709
1.918510	0.015846
1.919492	0.015984
1.920475	0.016125
1.921458	0.016266
1.922441	0.016408
1.923424	0.016552
1.924406	0.016697
1.925389	0.016844
1.926372	0.016991
1.927355	0.017139
1.928337	0.017290
1.929320	0.017442
1.930303	0.017595
1.931286	0.017750
1.932269	0.017907
1.933251	0.018064
1.934234	0.018224
1.935217	0.018384
1.936200	0.018547
1.937182	0.018709
1.938165	0.018876
1.939148	0.019042
1.940131	0.019210
1.941114	0.019380
1.942096	0.019551
1.943079	0.019725
1.944062	0.019900
1.945045	0.020076
1.946027	0.020253
1.947010	0.020434
1.947993	0.020616
1.948976	0.020799
1.949958	0.020983
1.950941	0.021171
1.951924	0.021358
1.952907	0.021548
1.953890	0.021741
1.954872	0.021935
1.955855	0.022130
1.956838	0.022328
1.957821	0.022527
1.958803	0.022728
1.959786	0.022930
1.960769	0.023135
1.961752	0.023342
1.962735	0.023550
1.963717	0.023761
1.964700	0.023974
1.965683	0.024188
1.966666	0.024404
1.967648	0.024623
1.968631	0.024843
1.969614	0.025066
1.970597	0.025292
1.971580	0.025518
1.972562	0.025746
1.973545	0.025978
1.974528	0.026210
1.975511	0.026447
1.976493	0.026683
1.977476	0.026923
1.978459	0.027165
1.979442	0.027409
1.980425	0.027655
1.981407	0.027903
1.982390	0.028152
1.983373	0.028406
1.984356	0.028661
1.985338	0.028918
1.986321	0.029177
1.987304	0.029441
1.988287	0.029705
1.989270	0.029970
1.990252	0.030239
1.991235	0.030512
1.992218	0.030785
1.993201	0.031061
1.994183	0.031340
1.995166	0.031621
1.996149	0.031904
1.997132	0.032190
1.998114	0.032478
1.999097	0.032770
2.000080	0.033063
2.001063	0.033358
2.002046	0.033656
2.003028	0.033956
2.004011	0.034260
2.004994	0.034566
2.005977	0.034875
2.006959	0.035185
2.007942	0.035499
2.008925	0.035815
2.009908	0.036134
2.010891	0.036455
2.011873	0.036779
2.012856	0.037105
2.013839	0.037433
2.014822	0.037765
2.015804	0.038099
2.016787	0.038436
2.017770	0.038776
2.018753	0.039117
2.019736	0.039461
2.020718	0.039808
2.021701	0.040159
2.022684	0.040510
2.023667	0.040865
2.024649	0.041223
2.025632	0.041583
2.026615	0.041944
2.027598	0.042310
2.028581	0.042677
2.029563	0.043047
2.030546	0.043420
2.031529	0.043795
2.032512	0.044172
2.033494	0.044552
2.034477	0.044934
2.035460	0.045320
2.036443	0.045707
2.037426	0.046096
2.038408	0.046487
2.039391	0.046883
2.040374	0.047279
2.041357	0.047677
2.042339	0.048079
2.043322	0.048483
2.044305	0.048888
2.045288	0.049296
2.046270	0.049706
2.047253	0.050118
2.048236	0.050532
2.049219	0.050948
2.050202	0.051367
2.051184	0.051785
2.052167	0.052209
2.053150	0.052632
2.054133	0.053058
2.055115	0.053485
2.056098	0.053913
2.057081	0.054345
2.058064	0.054777
2.059047	0.055209
2.060029	0.055646
2.061012	0.056083
2.061995	0.056519
2.062978	0.056959
2.063960	0.057399
2.064943	0.057841
2.065926	0.058283
2.066909	0.058727
2.067892	0.059170
2.068874	0.059615
2.069857	0.060061
2.070840	0.060507
2.071823	0.060954
2.072805	0.061401
2.073788	0.061849
2.074771	0.062298
2.075754	0.062745
2.076737	0.063194
2.077719	0.063641
2.078702	0.064089
2.079685	0.064537
2.080668	0.064984
2.081650	0.065431
2.082633	0.065878
2.083616	0.066322
2.084599	0.066768
2.085582	0.067212
2.086564	0.067654
2.087547	0.068097
2.088530	0.068537
2.089513	0.068976
2.090495	0.069414
2.091478	0.069849
2.092461	0.070283
2.093444	0.070715
2.094426	0.071145
2.095409	0.071574
2.096392	0.071999
2.097375	0.072423
2.098358	0.072842
2.099340	0.073260
2.100323	0.073675
2.101306	0.074086
2.102289	0.074495
2.103271	0.074899
2.104254	0.075301
2.105237	0.075700
2.106220	0.076094
2.107203	0.076484
2.108185	0.076872
2.109168	0.077253
2.110151	0.077631
2.111134	0.078004
2.112116	0.078374
2.113099	0.078737
2.114082	0.079096
2.115065	0.079450
2.116048	0.079798
2.117030	0.080141
2.118013	0.080479
2.118996	0.080810
2.119979	0.081137
2.120961	0.081457
2.121944	0.081770
2.122927	0.082079
2.123910	0.082380
2.124893	0.082675
2.125875	0.082963
2.126858	0.083245
2.127841	0.083519
2.128824	0.083787
2.129806	0.084046
2.130789	0.084300
2.131772	0.084545
2.132755	0.084784
2.133738	0.085014
2.134720	0.085236
2.135703	0.085450
2.136686	0.085658
2.137669	0.085855
2.138651	0.086046
2.139634	0.086229
2.140617	0.086402
2.141600	0.086566
2.142583	0.086723
2.143565	0.086871
2.144548	0.087010
2.145531	0.087139
2.146514	0.087261
2.147496	0.087373
2.148479	0.087475
2.149462	0.087569
2.150445	0.087653
2.151427	0.087730
2.152410	0.087795
2.153393	0.087852
2.154376	0.087898
2.155359	0.087936
2.156341	0.087965
2.157324	0.087983
2.158307	0.087991
2.159290	0.087991
2.160272	0.087982
2.161255	0.087962
2.162238	0.087933
2.163221	0.087893
2.164204	0.087846
2.165186	0.087787
2.166169	0.087719
2.167152	0.087641
2.168135	0.087554
2.169117	0.087457
2.170100	0.087350
2.171083	0.087236
2.172066	0.087110
2.173049	0.086975
2.174031	0.086830
2.175014	0.086677
2.175997	0.086513
2.176980	0.086342
2.177962	0.086159
2.178945	0.085970
2.179928	0.085771
2.180911	0.085561
2.181894	0.085345
2.182876	0.085116
2.183859	0.084881
2.184842	0.084637
2.185825	0.084384
2.186807	0.084123
2.187790	0.083852
2.188773	0.083575
2.189756	0.083289
2.190739	0.082994
2.191721	0.082692
2.192704	0.082381
2.193687	0.082062
2.194670	0.081738
2.195652	0.081403
2.196635	0.081063
2.197618	0.080714
2.198601	0.080359
2.199583	0.079995
2.200566	0.079626
2.201549	0.079250
2.202532	0.078866
2.203515	0.078477
2.204497	0.078081
2.205480	0.077678
2.206463	0.077270
2.207446	0.076855
2.208428	0.076434
2.209411	0.076007
2.210394	0.075574
2.211377	0.075137
2.212360	0.074695
2.213342	0.074246
2.214325	0.073793
2.215308	0.073335
2.216291	0.072874
2.217273	0.072406
2.218256	0.071935
2.219239	0.071458
2.220222	0.070978
2.221205	0.070494
2.222187	0.070004
2.223170	0.069513
2.224153	0.069017
2.225136	0.068518
2.226118	0.068014
2.227101	0.067511
2.228084	0.067001
2.229067	0.066488
2.230050	0.065975
2.231032	0.065457
2.232015	0.064937
2.232998	0.064415
2.233981	0.063891
2.234963	0.063365
2.235946	0.062835
2.236929	0.062305
2.237912	0.061772
2.238895	0.061238
2.239877	0.060702
2.240860	0.060165
2.241843	0.059626
2.242826	0.059087
2.243808	0.058545
2.244791	0.058003
2.245774	0.057460
2.246757	0.056917
2.247739	0.056372
2.248722	0.055827
2.249705	0.055281
2.250688	0.054736
2.251671	0.054189
2.252653	0.053643
2.253636	0.053095
2.254619	0.052550
2.255602	0.052002
2.256584	0.051455
2.257567	0.050908
2.258550	0.050362
2.259533	0.049816
2.260516	0.049269
2.261498	0.048725
2.262481	0.048180
2.263464	0.047636
2.264447	0.047091
2.265429	0.046548
2.266412	0.046005
2.267395	0.045464
2.268378	0.044923
2.269361	0.044384
2.270343	0.043844
2.271326	0.043306
2.272309	0.042769
2.273292	0.042233
2.274274	0.041699
2.275257	0.041166
2.276240	0.040632
2.277223	0.040101
2.278206	0.039571
2.279188	0.039042
2.280171	0.038514
2.281154	0.037988
2.282137	0.037463
2.283119	0.036938
2.284102	0.036416
2.285085	0.035896
2.286068	0.035376
2.287051	0.034858
2.288033	0.034343
2.289016	0.033827
2.289999	0.033314
2.290982	0.032801
2.291964	0.032290
2.292947	0.031781
2.293930	0.031274
2.294913	0.030768
2.295895	0.030262
2.296878	0.029760
2.297861	0.029258
2.298844	0.028758
2.299827	0.028259
2.300809	0.027761
2.301792	0.027266
2.302775	0.026771
2.303758	0.026278
2.304740	0.025787
2.305723	0.025297
2.306706	0.024809
2.307689	0.024322
2.308672	0.023836
2.309654	0.023352
2.310637	0.022869
2.311620	0.022388
2.312603	0.021907
2.313585	0.021429
2.314568	0.020952
2.315551	0.020475
2.316534	0.020000
2.317517	0.019526
2.318499	0.019055
2.319482	0.018583
2.320465	0.018114
2.321448	0.017644
2.322430	0.017177
2.323413	0.016711
2.324396	0.016244
2.325379	0.015780
2.326362	0.015319
2.327344	0.014855
2.328327	0.014394
2.329310	0.013934
2.330293	0.013475
2.331275	0.013017
2.332258	0.012559
2.333241	0.012103
2.334224	0.011647
2.335207	0.011192
2.336189	0.010738
2.337172	0.010285
2.338155	0.009832
2.339138	0.009381
2.340120	0.008929
2.341103	0.008479
2.342086	0.008030
2.343069	0.007580
2.344051	0.007131
2.345034	0.006683
2.346017	0.006236
2.347000	0.005788
2.347983	0.005341
2.348965	0.004895
2.349948	0.004449
2.350931	0.004003
2.351914	0.003558
2.352896	0.003113
2.353879	0.002667
2.354862	0.002222
2.355845	0.001778
2.356828	0.001333
2.357810	0.000889
2.358793	0.000444
2.359776	-0.000000
2.360759	-0.000000
2.361741	0.000000
2.362724	0.000000
2.363707	-0.000000
2.364690	0.000000
2.365673	0.000000
2.366655	0.000000
2.367638	-0.000000
2.368621	0.000000
2.369604	0.000000
2.370586	-0.000000
2.371569	-0.000000
2.372552	-0.000000
2.373535	0.000000
2.374518	-0.000000
2.375500	0.000000
2.376483	-0.000000
2.377466	-0.000000
2.378449	-0.000000
2.379431	0.000000
2.380414	0.000000
2.381397	-0.000000
2.382380	0.000000
2.383363	0.000000
2.384345	-0.000000
2.385328	0.000000
2.386311	0.000000
2.387294	-0.000000
2.388276	0.000000
2.389259	0.000000
2.390242	-0.000000
2.391225	0.000000
2.392208	0.000000
2.393190	0.000000
2.394173	0.000000
2.395156	-0.000000
2.396139	-0.000000
2.397121	0.000000
2.398104	-0.000000
2.399087	-0.000000
2.400070	0.000000
2.401052	-0.000000
2.402035	0.000000
2.403018	-0.000000
2.404001	0.000000
2.404984	0.000000
2.405966	-0.000000
2.406949	0.000000
2.407932	0.000000
2.408915	-0.000000
2.409897	0.000000
2.410880	0.000000
2.411863	-0.000000
2.412846	-0.000000
2.413829	-0.000000
2.414811	0.000000
2.415794	-0.000000
2.416777	0.000000
2.417760	0.000000
2.418742	-0.000000
2.419725	0.000000
2.420708	-0.000000
2.421691	-0.000000
2.422674	0.000000
2.423656	0.000000
2.424639	0.000000
2.425622	-0.000000
2.426605	-0.000000
2.427587	-0.000000
2.428570	0.000000
2.429553	-0.000000
2.430536	0.000000
2.431519	0.000000
2.432501	-0.000000
2.433484	0.000000
2.434467	0.000000
2.435450	0.000000
2.436432	0.000000
2.437415	0.000000
2.438398	-0.000000
2.439381	-0.000000
2.440364	0.000000
2.441346	-0.000000
2.442329	-0.000000
2.443312	0.000000
2.444295	0.000000
2.445277	-0.000000
2.446260	0.000000
2.447243	-0.000000
2.448226	0.000000
2.449208	-0.000000
2.450191	0.000000
2.451174	-0.000000
2.452157	-0.000000
2.453140	0.000000
2.454122	0.000000
2.455105	-0.000000
2.456088	0.000000
2.457071	0.000000
2.458053	0.000000
2.459036	-0.000000
2.460019	-0.000000
2.461002	-0.000000
2.461985	-0.000000
2.462967	0.000000
2.463950	-0.000000
2.464933	-0.000000
2.465916	0.000000
2.466898	-0.000000
2.467881	-0.000000
2.468864	0.000000
2.469847	0.000000
2.470830	0.000000
2.471812	0.000000
2.472795	0.000000
2.473778	-0.000000
2.474761	0.000000
2.475743	0.000000
2.476726	-0.000000
2.477709	-0.000000
2.478692	-0.000000
2.479675	0.000000
2.480657	0.000000
2.481640	-0.000000
2.482623	0.000000
2.483606	-0.000000
2.484588	-0.000000
2.485571	0.000000
2.486554	-0.000000
2.487537	-0.000000
2.488520	0.000000
2.489502	-0.000000
2.490485	-0.000000
2.491468	-0.000000
2.492451	0.000000
2.493433	0.000000
2.494416	0.000000
2.495399	-0.000000
2.496382	-0.000000
2.497364	0.000000
2.498347	0.000000
2.499330	-0.000000
2.500313	-0.000000
2.501296	0.000000
2.502278	-0.000000
2.503261	0.000000
2.504244	0.000000
2.505227	0.000000
2.506209	0.000000
2.507192	0.000000
2.508175	-0.000000
2.509158	0.000000
2.510141	0.000000
2.511123	-0.000000
2.512106	0.000000
2.513089	-0.000000
2.514072	-0.000000
2.515054	0.000000
2.516037	0.000000
2.517020	-0.000000
2.518003	-0.000000
2.518986	-0.000000
2.519968	-0.000000
2.520951	-0.000000
2.521934	0.000000
2.522917	-0.000000
2.523899	-0.000000
2.524882	0.000000
2.525865	0.000000
2.526848	-0.000000
2.527831	-0.000000
2.528813	0.000000
2.529796	0.000000
2.530779	-0.000000
2.531762	0.000000
2.532744	0.000000
2.533727	0.000000
2.534710	0.000000
2.535693	0.000000
2.536676	0.000000
2.537658	0.000000
2.538641	0.000000
2.539624	0.000000
2.540607	0.000000
2.541589	-0.000000
2.542572	0.000000
2.543555	0.000000
2.544538	0.000000
2.545520	-0.000000
2.546503	-0.000000
2.547486	-0.000000
2.548469	-0.000000
2.549452	-0.000000
2.550434	-0.000000
2.551417	0.000000
2.552400	0.000000
2.553383	0.000000
2.554365	-0.000000
2.555348	-0.000000
2.556331	-0.000000
2.557314	0.000000
2.558297	0.000000
2.559279	0.000000
2.560262	0.000000
2.561245	-0.000000
2.562228	-0.000000
2.563210	0.000000
2.564193	0.000000
2.565176	-0.000000
2.566159	-0.000000
2.567142	-0.000000
2.568124	-0.000000
2.569107	0.000000
2.570090	-0.000000
2.571073	0.000000
2.572055	-0.000000
2.573038	0.000000
2.574021	-0.000000
2.575004	0.000000
2.575987	-0.000000
2.576969	0.000000
2.577952	-0.000000
2.578935	0.000000
2.579918	0.000000
2.580900	-0.000000
2.581883	0.000000
2.582866	0.000000
2.583849	-0.000000
2.584832	0.000000
2.585814	0.000000
2.586797	-0.000000
2.587780	0.000000
2.588763	-0.000000
2.589745	0.000000
2.590728	-0.000000
2.591711	0.000000
2.592694	-0.000000
2.593676	0.000000
2.594659	-0.000000
2.595642	0.000000
2.596625	-0.000000
2.597608	-0.000000
2.598590	-0.000000
2.599573	-0.000000
2.600556	0.000000
2.601539	0.000000
2.602521	-0.000000
2.603504	-0.000000
2.604487	0.000000
2.605470	0.000000
2.606453	0.000000
2.607435	0.000000
2.608418	-0.000000
2.609401	-0.000000
2.610384	-0.000000
2.611366	0.000000
2.612349	0.000000
2.613332	0.000000
2.614315	-0.000000
2.615298	-0.000000
2.616280	-0.000000
2.617263	-0.000000
2.618246	-0.000000
2.619229	-0.000000
2.620211	0.000000
2.621194	0.000000
2.622177	0.000000
2.623160	-0.000000
2.624143	0.000000
2.625125	0.000000
2.626108	0.000000
2.627091	0.000000
2.628074	0.000000
2.629056	0.000000
2.630039	0.000000
2.631022	0.000000
2.632005	0.000000
2.632988	0.000000
2.633970	-0.000000
2.634953	0.000000
2.635936	0.000000
2.636919	-0.000000
2.637901	-0.000000
2.638884	0.000000
2.639867	0.000000
2.640850	-0.000000
2.641833	-0.000000
2.642815	0.000000
2.643798	-0.000000
2.644781	-0.000000
2.645764	-0.000000
2.646746	-0.000000
2.647729	-0.000000
2.648712	0.000000
2.649695	0.000000
2.650677	-0.000000
2.651660	-0.000000
2.652643	0.000000
2.653626	-0.000000
2.654609	0.000000
2.655591	0.000000
2.656574	-0.000000
2.657557	0.000000
2.658540	0.000000
2.659522	0.000000
2.660505	0.000000
2.661488	0.000000
2.662471	-0.000000
2.663454	0.000000
2.664436	-0.000000
2.665419	-0.000000
2.666402	0.000000
2.667385	0.000000
2.668367	-0.000000
2.669350	-0.000000
2.670333	0.000000
2.671316	0.000000
2.672299	0.000000
2.673281	-0.000000
2.674264	-0.000000
2.675247	-0.000000
2.676230	0.000000
2.677212	-0.000000
2.678195	-0.000000
2.679178	0.000000
2.680161	-0.000000
2.681144	-0.000000
2.682126	0.000000
2.683109	-0.000000
2.684092	0.000000
2.685075	0.000000
2.686057	-0.000000
2.687040	-0.000000
2.688023	-0.000000
2.689006	0.000000
2.689989	0.000000
2.690971	-0.000000
2.691954	0.000000
2.692937	0.000000
2.693920	0.000000
2.694902	0.000000
2.695885	0.000000
2.696868	-0.000000
2.697851	-0.000000
2.698833	0.000000
2.699816	-0.000000
2.700799	-0.000000
2.701782	0.000000
2.702765	-0.000000
2.703747	-0.000000
2.704730	-0.000000
2.705713	-0.000000
2.706696	0.000000
2.707678	0.000000
2.708661	0.000000
2.709644	-0.000000
2.710627	0.000000
2.711610	0.000000
2.712592	-0.000000
2.713575	-0.000000
2.714558	0.000000
2.715541	-0.000000
2.716523	0.000000
2.717506	-0.000000
2.718489	0.000000
2.719472	-0.000000
2.720455	0.000000
2.721437	0.000000
2.722420	-0.000000
2.723403	-0.000000
2.724386	0.000000
2.725368	-0.000000
2.726351	-0.000000
2.727334	0.000000
2.728317	0.000000
2.729300	0.000000
2.730282	0.000000
2.731265	0.000000
2.732248	-0.000000
2.733231	0.000000
2.734213	0.000000
2.735196	-0.000000
2.736179	0.000000
2.737162	-0.000000
2.738145	-0.000000
2.739127	-0.000000
2.740110	0.000000
2.741093	0.000000
2.742076	0.000000
2.743058	-0.000000
2.744041	-0.000000
2.745024	0.000000
2.746007	-0.000000
2.746989	0.000000
2.747972	0.000000
2.748955	-0.000000
2.749938	0.000000
2.750921	-0.000000
2.751903	-0.000000
2.752886	-0.000000
2.753869	0.000000
2.754852	0.000000
2.755834	-0.000000
2.756817	0.000000
2.757800	0.000000
2.758783	-0.000000
2.759766	0.000000
2.760748	0.000000
2.761731	-0.000000
2.762714	0.000000
2.763697	-0.000000
2.764679	0.000000
2.765662	-0.000000
2.766645	-0.000000
2.767628	0.000000
2.768611	-0.000000
2.769593	-0.000000
2.770576	0.000000
2.771559	0.000000
2.772542	0.000000
2.773524	0.000000
2.774507	-0.000000
2.775490	0.000000
2.776473	0.000000
2.777456	-0.000000
2.778438	0.000000
2.779421	0.000000
2.780404	-0.000000
2.781387	0.000000
2.782369	0.000000
2.783352	-0.000000
2.784335	0.000000
2.785318	0.000000
2.786301	-0.000000
2.787283	-0.000000
2.788266	-0.000000
2.789249	0.000000
2.790232	-0.000000
2.791214	0.000000
2.792197	-0.000000
2.793180	-0.000000
2.794163	-0.000000
2.795145	0.000000
2.796128	0.000000
2.797111	-0.000000
2.798094	0.000000
2.799077	0.000000
2.800059	0.000000
2.801042	-0.000000
2.802025	0.000000
2.803008	0.000000
2.803990	-0.000000
2.804973	-0.000000
2.805956	0.000444
2.806939	0.000889
2.807922	0.001333
2.808904	0.001778
2.809887	0.002222
2.810870	0.002667
2.811853	0.003113
2.812835	0.003558
2.813818	0.004003
2.814801	0.004449
2.815784	0.004895
2.816767	0.005341
2.817749	0.005788
2.818732	0.006236
2.819715	0.006683
2.820698	0.007131
2.821680	0.007580
2.822663	0.008030
2.823646	0.008479
2.824629	0.008929
2.825612	0.009381
2.826594	0.009832
2.827577	0.010285
2.828560	0.010738
2.829543	0.011192
2.830525	0.011647
2.831508	0.012103
2.832491	0.012559
2.833474	0.013017
2.834457	0.013475
2.835439	0.013934
2.836422	0.014394
2.837405	0.014855
2.838388	0.015319
2.839370	0.015780
2.840353	0.016244
2.841336	0.016711
2.842319	0.017177
2.843301	0.017644
2.844284	0.018114
2.845267	0.018583
2.846250	0.019055
2.847233	0.019526
2.848215	0.020000
2.849198	0.020475
2.850181	0.020952
2.851164	0.021429
2.852146	0.021907
2.853129	0.022388
2.854112	0.022869
2.855095	0.023352
2.856078	0.023836
2.857060	0.024322
2.858043	0.024809
2.859026	0.025297
2.860009	0.025787
2.860991	0.026278
2.861974	0.026771
2.862957	0.027266
2.863940	0.027761
2.864923	0.028259
2.865905	0.028758
2.866888	0.029258
2.867871	0.029760
2.868854	0.030262
2.869836	0.030768
2.870819	0.031274
2.871802	0.031781
2.872785	0.032290
2.873768	0.032801
2.874750	0.033314
2.875733	0.033827
2.876716	0.034343
2.877699	0.034858
2.878681	0.035376
2.879664	0.035896
2.880647	0.036416
2.881630	0.036938
2.882613	0.037463
2.883595	0.037988
2.884578	0.038514
2.885561	0.039042
2.886544	0.039571
2.887526	0.040101
2.888509	0.040632
2.889492	0.041166
2.890475	0.041699
2.891458	0.042233
2.892440	0.042769
2.893423	0.043306
2.894406	0.043844
2.895389	0.044384
2.896371	0.044923
2.897354	0.045464
2.898337	0.046005
2.899320	0.046548
2.900302	0.047091
2.901285	0.047636
2.902268	0.048180
2.903251	0.048725
2.904234	0.049269
2.905216	0.049816
2.906199	0.050362
2.907182	0.050908
2.908165	0.051455
2.909147	0.052002
2.910130	0.052550
2.911113	0.053095
2.912096	0.053643
2.913079	0.054189
2.914061	0.054736
2.915044	0.055281
2.916027	0.055827
2.917010	0.056372
2.917992	0.056917
2.918975	0.057460
2.919958	0.058003
2.920941	0.058545
2.921924	0.059087
2.922906	0.059626
2.923889	0.060165
2.924872	0.060702
2.925855	0.061238
2.926837	0.061772
2.927820	0.062305
2.928803	0.062835
2.929786	0.063365
2.930769	0.063891
2.931751	0.064415
2.932734	0.064937
2.933717	0.065457
2.934700	0.065975
2.935682	0.066488
2.936665	0.067001
2.937648	0.067511
2.938631	0.068014
2.939614	0.068518
2.940596	0.069017
2.941579	0.069513
2.942562	0.070004
2.943545	0.070494
2.944527	0.070978
2.945510	0.071458
2.946493	0.071935
2.947476	0.072406
2.948458	0.072874
2.949441	0.073335
2.950424	0.073793
2.951407	0.074246
2.952390	0.074695
2.953372	0.075137
2.954355	0.075574
2.955338	0.076007
2.956321	0.076434
2.957303	0.076855
2.958286	0.077270
2.959269	0.077678
2.960252	0.078081
2.961235	0.078477
2.962217	0.078866
2.963200	0.079250
2.964183	0.079626
2.965166	0.079995
2.966148	0.080359
2.967131	0.080714
2.968114	0.081063
2.969097	0.081403
2.970080	0.081738
2.971062	0.082062
2.972045	0.082381
2.973028	0.082692
2.974011	0.082994
2.974993	0.083289
2.975976	0.083575
2.976959	0.083852
2.977942	0.084123
2.978925	0.084384
2.979907	0.084637
2.980890	0.084881
2.981873	0.085116
2.982856	0.085345
2.983838	0.085561
2.984821	0.085771
2.985804	0.085970
2.986787	0.086159
2.987770	0.086342
2.988752	0.086513
2.989735	0.086677
2.990718	0.086830
2.991701	0.086975
2.992683	0.087110
2.993666	0.087236
2.994649	0.087350
2.995632	0.087457
2.996614	0.087554
2.997597	0.087641
2.998580	0.087719
2.999563	0.087787
3.000546	0.087846
3.001528	0.087893
3.002511	0.087933
3.003494	0.087962
3.004477	0.087982
3.005459	0.087991
3.006442	0.087991
3.007425	0.087983
3.008408	0.087965
3.009391	0.087936
3.010373	0.087898
3.011356	0.087852
3.012339	0.087795
3.013322	0.087730
3.014304	0.087653
3.015287	0.087569
3.016270	0.087475
3.017253	0.087373
3.018236	0.087261
3.019218	0.087139
3.020201	0.087010
3.021184	0.086871
3.022167	0.086723
3.023149	0.086566
3.024132	0.086402
3.025115	0.086229
3.026098	0.086046
3.027081	0.085855
3.028063	0.085658
3.029046	0.085450
3.030029	0.085236
3.031012	0.085014
3.031994	0.084784
3.032977	0.084545
3.033960	0.084300
3.034943	0.084046
3.035926	0.083787
3.036908	0.083519
3.037891	0.083245
3.038874	0.082963
3.039857	0.082675
3.040839	0.082380
3.041822	0.082079
3.042805	0.081770
3.043788	0.081457
3.044770	0.081137
3.045753	0.080810
3.046736	0.080479
3.047719	0.080141
3.048702	0.079798
3.049684	0.079450
3.050667	0.079096
3.051650	0.078737
3.052633	0.078374
3.053615	0.078004
3.054598	0.077631
3.055581	0.077253
3.056564	0.076872
3.057547	0.076484
3.058529	0.076094
3.059512	0.075700
3.060495	0.075301
3.061478	0.074899
3.062460	0.074495
3.063443	0.074086
3.064426	0.073675
3.065409	0.073260
3.066392	0.072842
3.067374	0.072423
3.068357	0.071999
3.069340	0.071574
3.070323	0.071145
3.071305	0.070715
3.072288	0.070283
3.073271	0.069849
3.074254	0.069414
3.075237	0.068976
3.076219	0.068537
3.077202	0.068097
3.078185	0.067654
3.079168	0.067212
3.080150	0.066768
3.081133	0.066322
3.082116	0.065878
3.083099	0.065431
3.084082	0.064984
3.085064	0.064537
3.086047	0.064089
3.087030	0.063641
3.088013	0.063194
3.088995	0.062745
3.089978	0.062298
3.090961	0.061849
3.091944	0.061401
3.092926	0.060954
3.093909	0.060507
3.094892	0.060061
3.095875	0.059615
3.096858	0.059170
3.097840	0.058727
3.098823	0.058283
3.099806	0.057841
3.100789	0.057399
3.101771	0.056959
3.102754	0.056519
3.103737	0.056083
3.104720	0.055646
3.105703	0.055209
3.106685	0.054777
3.107668	0.054345
3.108651	0.053913
3.109634	0.053485
3.110616	0.053058
3.111599	0.052632
3.112582	0.052209
3.113565	0.051785
3.114548	0.051367
3.115530	0.050948
3.116513	0.050532
3.117496	0.050118
3.118479	0.049706
3.119461	0.049296
3.120444	0.048888
3.121427	0.048483
3.122410	0.048079
3.123393	0.047677
3.124375	0.047279
3.125358	0.046883
3.126341	0.046487
3.127324	0.046096
3.128306	0.045707
3.129289	0.045320
3.130272	0.044934
3.131255	0.044552
3.132238	0.044172
3.133220	0.043795
3.134203	0.043420
3.135186	0.043047
3.136169	0.042677
3.137151	0.042310
3.138134	0.041944
3.139117	0.041583
3.140100	0.041223
3.141083	0.040865
3.142065	0.040510
3.143048	0.040159
3.144031	0.039808
3.145014	0.039461
3.145996	0.039117
3.146979	0.038776
3.147962	0.038436
3.148945	0.038099
3.149927	0.037765
3.150910	0.037433
3.151893	0.037105
3.152876	0.036779
3.153859	0.036455
3.154841	0.036134
3.155824	0.035815
3.156807	0.035499
3.157790	0.035185
3.158772	0.034875
3.159755	0.034566
3.160738	0.034260
3.161721	0.033956
3.162704	0.033656
3.163686	0.033358
3.164669	0.033063
3.165652	0.032770
3.166635	0.032478
3.167617	0.032190
3.168600	0.031904
3.169583	0.031621
3.170566	0.031340
3.171549	0.031061
3.172531	0.030785
3.173514	0.030512
3.174497	0.030239
3.175480	0.029970
3.176462	0.029705
3.177445	0.029441
3.178428	0.029177
3.179411	0.028918
3.180394	0.028661
3.181376	0.028406
3.182359	0.028152
3.183342	0.027903
3.184325	0.027655
3.185307	0.027409
3.186290	0.027165
3.187273	0.026923
3.188256	0.026683
3.189239	0.026447
3.190221	0.026210
3.191204	0.025978
3.192187	0.025746
3.193170	0.025518
3.194152	0.025292
3.195135	0.025066
3.196118	0.024843
3.197101	0.024623
3.198083	0.024404
3.199066	0.024188
3.200049	0.023974
3.201032	0.023761
3.202015	0.023550
3.202997	0.023342
3.203980	0.023135
3.204963	0.022930
3.205946	0.022728
3.206928	0.022527
3.207911	0.022328
3.208894	0.022130
3.209877	0.021935
3.210860	0.021741
3.211842	0.021548
3.212825	0.021358
3.213808	0.021171
3.214791	0.020983
3.215773	0.020799
3.216756	0.020616
3.217739	0.020434
3.218722	0.020253
3.219705	0.020076
3.220687	0.019900
3.221670	0.019725
3.222653	0.019551
3.223636	0.019380
3.224618	0.019210
3.225601	0.019042
3.226584	0.018876
3.227567	0.018709
3.228550	0.018547
3.229532	0.018384
3.230515	0.018224
3.231498	0.018064
3.232481	0.017907
3.233463	0.017750
3.234446	0.017595
3.235429	0.017442
3.236412	0.017290
3.237395	0.017139
3.238377	0.016991
3.239360	0.016844
3.240343	0.016697
3.241326	0.016552
3.242308	0.016408
3.243291	0.016266
3.244274	0.016125
3.245257	0.015984
3.246239	0.015846
3.247222	0.015709
3.248205	0.015574
3.249188	0.015438
3.250171	0.015306
3.251153	0.015174
3.252136	0.015043
3.253119	0.014912
3.254102	0.014784
3.255084	0.014657
3.256067	0.014532
3.257050	0.014406
3.258033	0.014282
3.259016	0.014160
3.259998	0.014039
3.260981	0.013917
3.261964	0.013799
3.262947	0.013680
3.263929	0.013563
3.264912	0.013447
3.265895	0.013332
3.266878	0.013218
3.267861	0.013105
3.268843	0.012994
3.269826	0.012883
3.270809	0.012773
3.271792	0.012663
3.272774	0.012556
3.273757	0.012449
3.274740	0.012343
3.275723	0.012237
3.276706	0.012133
3.277688	0.012030
3.278671	0.011928
3.279654	0.011827
3.280637	0.011727
3.281619	0.011627
3.282602	0.011529
3.283585	0.011432
3.284568	0.011335
3.285551	0.011238
3.286533	0.011144
3.287516	0.011048
3.288499	0.010955
3.289482	0.010863
3.290464	0.010772
3.291447	0.010680
3.292430	0.010590
3.293413	0.010500
3.294395	0.010412
3.295378	0.010325
3.296361	0.010237
3.297344	0.010151
3.298327	0.010066
3.299309	0.009981
3.300292	0.009898
3.301275	0.009814
3.302258	0.009733
3.303240	0.009650
3.304223	0.009570
3.305206	0.009489
3.306189	0.009408
3.307172	0.009331
3.308154	0.009252
3.309137	0.009174
3.310120	0.009098
3.311103	0.009021
3.312085	0.008946
3.313068	0.008870
3.314051	0.008796
3.315034	0.008723
3.316017	0.008649
3.316999	0.008577
3.317982	0.008506
3.318965	0.008434
3.319948	0.008363
3.320930	0.008294
3.321913	0.008224
3.322896	0.008156
3.323879	0.008088
3.324862	0.008020
3.325844	0.007953
3.326827	0.007887
3.327810	0.007821
3.328793	0.007756
3.329775	0.007691
3.330758	0.007628
3.331741	0.007563
3.332724	0.007500
3.333707	0.007439
3.334689	0.007377
3.335672	0.007314
3.336655	0.007252
3.337638	0.007191
3.338620	0.007133
3.339603	0.007073
3.340586	0.007014
3.341569	0.006956
3.342551	0.006897
3.343534	0.006840
3.344517	0.006782
3.345500	0.006726
3.346483	0.006670
3.347465	0.006614
3.348448	0.006559
3.349431	0.006504
3.350414	0.006449
3.351396	0.006396
3.352379	0.006341
3.353362	0.006289
3.354345	0.006236
3.355328	0.006183
3.356310	0.006132
3.357293	0.006080
3.358276	0.006029
3.359259	0.005979
3.360241	0.005928
3.361224	0.005879
3.362207	0.005830
3.363190	0.005780
3.364173	0.005732
3.365155	0.005684
3.366138	0.005636
3.367121	0.005589
3.368104	0.005542
3.369086	0.005494
3.370069	0.005448
3.371052	0.005402
3.372035	0.005357
3.373018	0.005311
3.374000	0.005267
3.374983	0.005223
3.375966	0.005177
3.376949	0.005133
3.377931	0.005090
3.378914	0.005047
3.379897	0.005004
3.380880	0.004962
3.381863	0.004920
3.382845	0.004878
3.383828	0.004836
3.384811	0.004795
3.385794	0.004754
3.386776	0.004713
3.387759	0.004673
3.388742	0.004633
3.389725	0.004592
3.390708	0.004553
3.391690	0.004515
3.392673	0.004475
3.393656	0.004436
3.394639	0.004399
3.395621	0.004360
3.396604	0.004322
3.397587	0.004285
3.398570	0.004248
3.399552	0.004212
3.400535	0.004174
3.401518	0.004138
3.402501	0.004102
3.403484	0.004066
3.404466	0.004030
3.405449	0.003996
3.406432	0.003960
3.407415	0.003925
3.408397	0.003890
3.409380	0.003857
3.410363	0.003822
3.411346	0.003789
3.412329	0.003755
3.413311	0.003722
3.414294	0.003688
3.415277	0.003656
3.416260	0.003623
3.417242	0.003590
3.418225	0.003558
3.419208	0.003526
3.420191	0.003493
3.421174	0.003462
3.422156	0.003432
3.423139	0.003400
3.424122	0.003370
3.425105	0.003339
3.426087	0.003307
3.427070	0.003277
3.428053	0.003247
3.429036	0.003217
3.430019	0.003188
3.431001	0.003157
3.431984	0.003130
3.432967	0.003100
3.433950	0.003070
3.434932	0.003041
3.435915	0.003014
3.436898	0.002984
3.437881	0.002956
3.438864	0.002929
3.439846	0.002901
3.440829	0.002874
3.441812	0.002845
3.442795	0.002818
3.443777	0.002791
3.444760	0.002764
3.445743	0.002736
3.446726	0.002710
3.447708	0.002684
3.448691	0.002657
3.449674	0.002631
3.450657	0.002605
3.451640	0.002580
3.452622	0.002553
3.453605	0.002528
3.454588	0.002503
3.455571	0.002478
3.456553	0.002453
3.457536	0.002428
3.458519	0.002403
3.459502	0.002378
3.460485	0.002354
3.461467	0.002330
3.462450	0.002305
3.463433	0.002281
3.464416	0.002257
3.465398	0.002233
3.466381	0.002209
3.467364	0.002185
3.468347	0.002162
3.469330	0.002138
3.470312	0.002116
3.471295	0.002093
3.472278	0.002069
3.473261	0.002046
3.474243	0.002024
3.475226	0.002001
3.476209	0.001978
3.477192	0.001957
3.478175	0.001934
3.479157	0.001912
3.480140	0.001891
3.481123	0.001868
3.482106	0.001847
3.483088	0.001825
3.484071	0.001805
3.485054	0.001782
3.486037	0.001760
3.487020	0.001739
3.488002	0.001717
3.488985	0.001697
3.489968	0.001676
3.490951	0.001655
3.491933	0.001635
3.492916	0.001613
3.493899	0.001592
3.494882	0.001573
3.495864	0.001551
3.496847	0.001532
3.497830	0.001510
3.498813	0.001491
3.499796	0.001472
3.500778	0.001452
3.501761	0.001432
3.502744	0.001412
3.503727	0.001392
3.504709	0.001372
3.505692	0.001353
3.506675	0.001333
3.507658	0.001314
3.508641	0.001294
3.509623	0.001275
3.510606	0.001256
3.511589	0.001237
3.512572	0.001217
3.513554	0.001200
3.514537	0.001179
3.515520	0.001161
3.516503	0.001143
3.517486	0.001124
3.518468	0.001105
3.519451	0.001087
3.520434	0.001068
3.521417	0.001050
3.522399	0.001032
3.523382	0.001014
3.524365	0.000994
3.525348	0.000977
3.526331	0.000958
3.527313	0.000941
3.528296	0.000922
3.529279	0.000904
3.530262	0.000887
3.531244	0.000868
3.532227	0.000850
3.533210	0.000832
3.534193	0.000816
3.535176	0.000798
3.536158	0.000781
3.537141	0.000763
3.538124	0.000745
3.539107	0.000727
3.540089	0.000710
3.541072	0.000692
3.542055	0.000675
3.543038	0.000658
3.544020	0.000641
3.545003	0.000623
3.545986	0.000606
3.546969	0.000588
3.547952	0.000572
3.548934	0.000555
3.549917	0.000537
3.550900	0.000520
3.551883	0.000503
3.552865	0.000486
3.553848	0.000469
3.554831	0.000452
3.555814	0.000435
3.556797	0.000417
3.557779	0.000402
3.558762	0.000385
3.559745	0.000367
3.560728	0.000350
3.561710	0.000334
3.562693	0.000317
3.563676	0.000300
3.564659	0.000282
3.565642	0.000267
3.566624	0.000249
3.567607	0.000232
3.568590	0.000216
3.569573	0.000200
3.570555	0.000183
3.571538	0.000166
3.572521	0.000149
3.573504	0.000134
3.574487	0.000116
3.575469	0.000100
3.576452	0.000084
3.577435	0.000066
3.578418	0.000050
3.579400	0.000032
3.580375	0.000017
3.581350	0.000033
3.582325	0.000050
3.583300	0.000066
3.584274	0.000081
3.585249	0.000096
3.586224	0.000112
3.587199	0.000127
3.588174	0.000142
3.589148	0.000157
3.590123	0.000172
3.591098	0.000187
3.592073	0.000203
3.593048	0.000218
3.594022	0.000233
3.594997	0.000246
3.595972	0.000260
3.596947	0.000276
3.597921	0.000290
3.598896	0.000303
3.599871	0.000317
3.600846	0.000331
3.601821	0.000344
3.602795	0.000359
3.603770	0.000372
3.604745	0.000386
3.605720	0.000399
3.606695	0.000412
3.607669	0.000425
3.608644	0.000439
3.609619	0.000451
3.610594	0.000463
3.611569	0.000478
3.612543	0.000489
3.613518	0.000502
3.614493	0.000514
3.615468	0.000526
3.616443	0.000540
3.617417	0.000551
3.618392	0.000564
3.619367	0.000576
3.620342	0.000588
3.621316	0.000599
3.622291	0.000612
3.623266	0.000623
3.624241	0.000634
3.625216	0.000646
3.626190	0.000658
3.627165	0.000669
3.628140	0.000680
3.629115	0.000691
3.630090	0.000703
3.631064	0.000714
3.632039	0.000725
3.633014	0.000735
3.633989	0.000747
3.634964	0.000757
3.635938	0.000768
3.636913	0.000779
3.637888	0.000790
3.638863	0.000800
3.639838	0.000810
3.640812	0.000820
3.641787	0.000830
3.642762	0.000839
3.643737	0.000850
3.644711	0.000860
3.645686	0.000870
3.646661	0.000880
3.647636	0.000891
3.648611	0.000900
3.649585	0.000908
3.650560	0.000919
3.651535	0.000928
3.652510	0.000937
3.653485	0.000946
3.654459	0.000956
3.655434	0.000965
3.656409	0.000974
3.657384	0.000983
3.658359	0.000992
3.659333	0.001001
3.660308	0.001010
3.661283	0.001018
3.662258	0.001027
3.663233	0.001036
3.664207	0.001043
3.665182	0.001053
3.666157	0.001061
3.667132	0.001070
3.668106	0.001078
3.669081	0.001085
3.670056	0.001096
3.671031	0.001103
3.672006	0.001111
3.672980	0.001118
3.673955	0.001125
3.674930	0.001133
3.675905	0.001140
3.676880	0.001153
3.677854	0.001154
3.678829	0.001161
3.679804	0.001168
3.680779	0.001181
3.681754	0.001182
3.682728	0.001188
3.683703	0.001195
3.684678	0.001208
3.685653	0.001208
3.686628	0.001215
3.687602	0.001227
3.688577	0.001233
3.689552	0.001240
3.690527	0.001246
3.691501	0.001252
3.692476	0.001252
3.693451	0.001264
3.694426	0.001270
3.695401	0.001276
3.696375	0.001282
3.697350	0.001288
3.698325	0.001294
3.699300	0.001305
3.700275	0.001305
3.701249	0.001317
3.702224	0.001317
3.703199	0.001322
3.704174	0.001328
3.705149	0.001339
3.706123	0.001344
3.707098	0.001344
3.708073	0.001350
3.709048	0.001360
3.710023	0.001360
3.710997	0.001365
3.711972	0.001371
3.712947	0.001381
3.713922	0.001381
3.714897	0.001391
3.715871	0.001391
3.716846	0.001396
3.717821	0.001401
3.718796	0.001406
3.719770	0.001410
3.720745	0.001415
3.721720	0.001420
3.722695	0.001420
3.723670	0.001430
3.724644	0.001429
3.725619	0.001434
3.726594	0.001438
3.727569	0.001443
3.728544	0.001448
3.729518	0.001447
3.730493	0.001452
3.731468	0.001456
3.732443	0.001460
3.733418	0.001460
3.734392	0.001469
3.735367	0.001474
3.736342	0.001473
3.737317	0.001477
3.738292	0.001482
3.739266	0.001486
3.740241	0.001485
3.741216	0.001489
3.742191	0.001494
3.743165	0.001493
3.744140	0.001497
3.745115	0.001501
3.746090	0.001505
3.747065	0.001505
3.748039	0.001509
3.749014	0.001513
3.749989	0.001512
3.750964	0.001516
3.751939	0.001515
3.752913	0.001519
3.753888	0.001523
3.754863	0.001527
3.755838	0.001526
3.756813	0.001525
3.757787	0.001534
3.758762	0.001528
3.759737	0.001532
3.760712	0.001536
3.761687	0.001535
3.762661	0.001535
3.763636	0.001538
3.764611	0.001542
3.765586	0.001541
3.766560	0.001545
3.767535	0.001544
3.768510	0.001543
3.769485	0.001547
3.770460	0.001546
3.771434	0.001550
3.772409	0.001549
3.773384	0.001548
3.774359	0.001552
3.775334	0.001551
3.776308	0.001550
3.777283	0.001554
3.778258	0.001553
3.779233	0.001557
3.780208	0.001552
3.781182	0.001551
3.782157	0.001554
3.783132	0.001554
3.784107	0.001557
3.785082	0.001556
3.786056	0.001556
3.787031	0.001559
3.788006	0.001554
3.788981	0.001553
3.789955	0.001553
3.790930	0.001552
3.791905	0.001555
3.792880	0.001551
3.793855	0.001554
3.794829	0.001553
3.795804	0.001553
3.796779	0.001552
3.797754	0.001551
3.798729	0.001550
3.799703	0.001546
3.800678	0.001549
3.801653	0.001545
3.802628	0.001548
3.803603	0.001543
3.804577	0.001543
3.805552	0.001546
3.806527	0.001541
3.807502	0.001541
3.808477	0.001540
3.809451	0.001536
3.810426	0.001535
3.811401	0.001534
3.812376	0.001530
3.813350	0.001529
3.814325	0.001529
3.815300	0.001528
3.816275	0.001528
3.817250	0.001523
3.818224	0.001523
3.819199	0.001519
3.820174	0.001518
3.821149	0.001517
3.822124	0.001513
3.823098	0.001513
3.824073	0.001512
3.825048	0.001508
3.826023	0.001504
3.826998	0.001507
3.827972	0.001503
3.828947	0.001495
3.829922	0.001495
3.830897	0.001494
3.831872	0.001490
3.832846	0.001490
3.833821	0.001482
3.834796	0.001485
3.835771	0.001481
3.836746	0.001477
3.837720	0.001473
3.838695	0.001470
3.839670	0.001469
3.840645	0.001465
3.841619	0.001461
3.842594	0.001458
3.843569	0.001454
3.844544	0.001453
3.845519	0.001450
3.846493	0.001446
3.847468	0.001442
3.848443	0.001438
3.849418	0.001435
3.850393	0.001431
3.851367	0.001427
3.852342	0.001424
3.853317	0.001420
3.854292	0.001420
3.855267	0.001413
3.856241	0.001409
3.857216	0.001406
3.858191	0.001399
3.859166	0.001399
3.860141	0.001395
3.861115	0.001388
3.862090	0.001385
3.863065	0.001381
3.864040	0.001378
3.865014	0.001375
3.865989	0.001368
3.866964	0.001365
3.867939	0.001358
3.868914	0.001358
3.869888	0.001355
3.870863	0.001348
3.871838	0.001345
3.872813	0.001341
3.873788	0.001335
3.874762	0.001332
3.875737	0.001325
3.876712	0.001322
3.877687	0.001316
3.878662	0.001313
3.879636	0.001306
3.880611	0.001303
3.881586	0.001297
3.882561	0.001291
3.883536	0.001285
3.884510	0.001282
3.885485	0.001276
3.886460	0.001273
3.887435	0.001270
3.888409	0.001264
3.889384	0.001257
3.890359	0.001251
3.891334	0.001246
3.892309	0.001240
3.893283	0.001234
3.894258	0.001231
3.895233	0.001225
3.896208	0.001222
3.897183	0.001213
3.898157	0.001211
3.899132	0.001202
3.900107	0.001196
3.901082	0.001193
3.902057	0.001191
3.903031	0.001182
3.904006	0.001173
3.904981	0.001171
3.905956	0.001165
3.906931	0.001160
3.907905	0.001154
3.908880	0.001148
3.909855	0.001143
3.910830	0.001135
3.911804	0.001129
3.912779	0.001124
3.913754	0.001118
3.914729	0.001113
3.915704	0.001105
3.916678	0.001099
3.917653	0.001094
3.918628	0.001089
3.919603	0.001081
3.920578	0.001076
3.921552	0.001070
3.922527	0.001065
3.923502	0.001057
3.924477	0.001049
3.925452	0.001044
3.926426	0.001039
3.927401	0.001034
3.928376	0.001026
3.929351	0.001021
3.930326	0.001013
3.931300	0.001008
3.932275	0.001001
3.933250	0.000996
3.934225	0.000988
3.935200	0.000983
3.936174	0.000976
3.937149	0.000968
3.938124	0.000963
3.939099	0.000956
3.940073	0.000951
3.941048	0.000944
3.942023	0.000936
3.942998	0.000929
3.943973	0.000924
3.944947	0.000917
3.945922	0.000912
3.946897	0.000905
3.947872	0.000898
3.948847	0.000890
3.949821	0.000883
3.950796	0.000876
3.951771	0.000869
3.952746	0.000862
3.953721	0.000855
3.954695	0.000848
3.955670	0.000843
3.956645	0.000836
3.957620	0.000827
3.958595	0.000822
3.959569	0.000815
3.960544	0.000806
3.961519	0.000799
3.962494	0.000795
3.963468	0.000788
3.964443	0.000781
3.965418	0.000775
3.966393	0.000765
3.967368	0.000758
3.968342	0.000752
3.969317	0.000745
3.970292	0.000739
3.971267	0.000729
3.972242	0.000723
3.973216	0.000716
3.974191	0.000707
3.975166	0.000701
3.976141	0.000694
3.977116	0.000688
3.978090	0.000681
3.979065	0.000673
3.980040	0.000666
3.981015	0.000660
3.981990	0.000651
3.982964	0.000647
3.983939	0.000638
3.984914	0.000630
3.985889	0.000624
3.986863	0.000617
3.987838	0.000611
3.988813	0.000603
3.989788	0.000596
3.990763	0.000585
3.991737	0.000579
3.992712	0.000573
3.993687	0.000567
3.994662	0.000559
3.995637	0.000553
3.996611	0.000545
3.997586	0.000539
3.998561	0.000530
3.999536	0.000524
4.000511	0.000516
4.001485	0.000510
4.002460	0.000502
4.003435	0.000494
4.004410	0.000486
4.005385	0.000480
4.006359	0.000472
4.007334	0.000466
4.008309	0.000456
4.009284	0.000450
4.010258	0.000440
4.011233	0.000434
4.012208	0.000426
4.013183	0.000419
4.014158	0.000413
4.015132	0.000405
4.016107	0.000397
4.017082	0.000392
4.018057	0.000384
4.019032	0.000376
4.020006	0.000366
4.020981	0.000361
4.021956	0.000353
4.022931	0.000346
4.023906	0.000340
4.024880	0.000333
4.025855	0.000323
4.026830	0.000318
4.027805	0.000310
4.028780	0.000303
4.029754	0.000295
4.030729	0.000288
4.031704	0.000281
4.032679	0.000273
4.033653	0.000266
4.034628	0.000258
4.035603	0.000251
4.036578	0.000246
4.037553	0.000237
4.038527	0.000229
4.039502	0.000225
4.040477	0.000215
4.041452	0.000206
4.042427	0.000199
4.043401	0.000194
4.044376	0.000187
4.045351	0.000177
4.046326	0.000173
4.047301	0.000163
4.048275	0.000156
4.049250	0.000152
4.050225	0.000142
4.051200	0.000133
4.052175	0.000129
4.053149	0.000122
4.054124	0.000115
4.055099	0.000106
4.056074	0.000099
4.057049	0.000092
4.058023	0.000086
4.058998	0.000077
4.059973	0.000070
4.060948	0.000063
4.061922	0.000057
4.062897	0.000048
4.063872	0.000041
4.064847	0.000035
4.065822	0.000028
4.066796	0.000022
4.067779	0.000015
4.068762	0.000028
4.069745	0.000044
4.070728	0.000057
4.071710	0.000072
4.072693	0.000085
4.073676	0.000100
4.074659	0.000113
4.075641	0.000128
4.076624	0.000141
4.077607	0.000157
4.078590	0.000170
4.079573	0.000185
4.080555	0.000198
4.081538	0.000213
4.082521	0.000229
4.083504	0.000244
4.084486	0.000255
4.085469	0.000270
4.086452	0.000285
4.087435	0.000298
4.088417	0.000313
4.089400	0.000326
4.090383	0.000342
4.091366	0.000357
4.092349	0.000370
4.093331	0.000383
4.094314	0.000398
4.095297	0.000413
4.096280	0.000427
4.097262	0.000444
4.098245	0.000457
4.099228	0.000472
4.100211	0.000485
4.101194	0.000501
4.102176	0.000514
4.103159	0.000529
4.104142	0.000544
4.105125	0.000557
4.106107	0.000572
4.107090	0.000588
4.108073	0.000601
4.109056	0.000616
4.110039	0.000633
4.111021	0.000646
4.112004	0.000659
4.112987	0.000677
4.113970	0.000690
4.114952	0.000705
4.115935	0.000720
4.116918	0.000733
4.117901	0.000749
4.118884	0.000766
4.119866	0.000779
4.120849	0.000792
4.121832	0.000810
4.122815	0.000825
4.123797	0.000840
4.124780	0.000855
4.125763	0.000868
4.126746	0.000886
4.127729	0.000899
4.128711	0.000916
4.129694	0.000929
4.130677	0.000945
4.131660	0.000960
4.132642	0.000975
4.133625	0.000992
4.134608	0.001008
4.135591	0.001023
4.136573	0.001038
4.137556	0.001056
4.138539	0.001069
4.139522	0.001084
4.140505	0.001101
4.141487	0.001116
4.142470	0.001134
4.143453	0.001149
4.144436	0.001164
4.145418	0.001180
4.146401	0.001195
4.147384	0.001212
4.148367	0.001227
4.149350	0.001245
4.150332	0.001260
4.151315	0.001277
4.152298	0.001291
4.153281	0.001308
4.154263	0.001323
4.155246	0.001341
4.156229	0.001356
4.157212	0.001373
4.158195	0.001388
4.159177	0.001406
4.160160	0.001423
4.161143	0.001441
4.162126	0.001456
4.163108	0.001473
4.164091	0.001491
4.165074	0.001506
4.166057	0.001523
4.167040	0.001539
4.168022	0.001556
4.169005	0.001576
4.169988	0.001589
4.170971	0.001608
4.171953	0.001626
4.172936	0.001643
4.173919	0.001658
4.174902	0.001676
4.175885	0.001695
4.176867	0.001713
4.177850	0.001730
4.178833	0.001748
4.179816	0.001767
4.180798	0.001782
4.181781	0.001802
4.182764	0.001819
4.183747	0.001837
4.184729	0.001854
4.185712	0.001872
4.186695	0.001891
4.187678	0.001909
4.188661	0.001928
4.189643	0.001946
4.190626	0.001963
4.191609	0.001983
4.192592	0.002000
4.193574	0.002020
4.194557	0.002039
4.195540	0.002057
4.196523	0.002076
4.197506	0.002094
4.198488	0.002113
4.199471	0.002133
4.200454	0.002150
4.201437	0.002172
4.202419	0.002189
4.203402	0.002209
4.204385	0.002229
4.205368	0.002248
4.206351	0.002268
4.207333	0.002287
4.208316	0.002307
4.209299	0.002326
4.210282	0.002346
4.211264	0.002366
4.212247	0.002387
4.213230	0.002407
4.214213	0.002427
4.215196	0.002446
4.216178	0.002468
4.217161	0.002488
4.218144	0.002507
4.219127	0.002529
4.220109	0.002548
4.221092	0.002570
4.222075	0.002590
4.223058	0.002612
4.224041	0.002631
4.225023	0.002653
4.226006	0.002675
4.226989	0.002694
4.227972	0.002716
4.228954	0.002738
4.229937	0.002760
4.230920	0.002781
4.231903	0.002803
4.232885	0.002825
4.233868	0.002847
4.234851	0.002868
4.235834	0.002890
4.236817	0.002912
4.237799	0.002934
4.238782	0.002958
4.239765	0.002979
4.240748	0.003001
4.241730	0.003023
4.242713	0.003047
4.243696	0.003071
4.244679	0.003093
4.245662	0.003116
4.246644	0.003138
4.247627	0.003162
4.248610	0.003184
4.249593	0.003208
4.250575	0.003232
4.251558	0.003256
4.252541	0.003277
4.253524	0.003304
4.254507	0.003328
4.255489	0.003349
4.256472	0.003375
4.257455	0.003397
4.258438	0.003423
4.259420	0.003447
4.260403	0.003471
4.261386	0.003497
4.262369	0.003521
4.263352	0.003545
4.264334	0.003569
4.265317	0.003593
4.266300	0.003619
4.267283	0.003647
4.268265	0.003669
4.269248	0.003695
4.270231	0.003721
4.271214	0.003748
4.272197	0.003772
4.273179	0.003800
4.274162	0.003824
4.275145	0.003852
4.276128	0.003876
4.277110	0.003902
4.278093	0.003928
4.279076	0.003957
4.280059	0.003983
4.281042	0.004009
4.282024	0.004035
4.283007	0.004063
4.283990	0.004089
4.284973	0.004115
4.285955	0.004144
4.286938	0.004172
4.287921	0.004198
4.288904	0.004226
4.289886	0.004252
4.290869	0.004283
4.291852	0.004309
4.292835	0.004337
4.293818	0.004366
4.294800	0.004394
4.295783	0.004422
4.296766	0.004451
4.297749	0.004479
4.298731	0.004507
4.299714	0.004535
4.300697	0.004564
4.301680	0.004594
4.302663	0.004622
4.303645	0.004653
4.304628	0.004683
4.305611	0.004712
4.306594	0.004740
4.307576	0.004770
4.308559	0.004801
4.309542	0.004829
4.310525	0.004860
4.311508	0.004890
4.312490	0.004923
4.313473	0.004951
4.314456	0.004984
4.315439	0.005014
4.316421	0.005045
4.317404	0.005073
4.318387	0.005106
4.319370	0.005138
4.320353	0.005169
4.321335	0.005199
4.322318	0.005230
4.323301	0.005262
4.324284	0.005293
4.325266	0.005325
4.326249	0.005358
4.327232	0.005391
4.328215	0.005423
4.329198	0.005456
4.330180	0.005489
4.331163	0.005519
4.332146	0.005552
4.333129	0.005584
4.334111	0.005617
4.335094	0.005650
4.336077	0.005684
4.337060	0.005719
4.338042	0.005752
4.339025	0.005785
4.340008	0.005817
4.340991	0.005852
4.341974	0.005885
4.342956	0.005920
4.343939	0.005954
4.344922	0.005987
4.345905	0.006022
4.346887	0.006057
4.347870	0.006091
4.348853	0.006126
4.349836	0.006161
4.350819	0.006196
4.351801	0.006231
4.352784	0.006266
4.353767	0.006300
4.354750	0.006337
4.355732	0.006372
4.356715	0.006407
4.357698	0.006442
4.358681	0.006479
4.359664	0.006514
4.360646	0.006551
4.361629	0.006588
4.362612	0.006625
4.363595	0.006659
4.364577	0.006696
4.365560	0.006731
4.366543	0.006768
4.367526	0.006807
4.368509	0.006842
4.369491	0.006879
4.370474	0.006916
4.371457	0.006955
4.372440	0.006992
4.373422	0.007029
4.374405	0.007066
4.375388	0.007106
4.376371	0.007143
4.377354	0.007180
4.378336	0.007219
4.379319	0.007256
4.380302	0.007293
4.381285	0.007332
4.382267	0.007371
4.383250	0.007408
4.384233	0.007449
4.385216	0.007486
4.386198	0.007526
4.387181	0.007565
4.388164	0.007602
4.389147	0.007643
4.390130	0.007680
4.391112	0.007719
4.392095	0.007758
4.393078	0.007798
4.394061	0.007839
4.395043	0.007878
4.396026	0.007917
4.397009	0.007959
4.397992	0.007996
4.398975	0.008037
4.399957	0.008078
4.400940	0.008115
4.401923	0.008155
4.402906	0.008196
4.403888	0.008237
4.404871	0.008276
4.405854	0.008318
4.406837	0.008359
4.407820	0.008400
4.408802	0.008440
4.409785	0.008479
4.410768	0.008522
4.411751	0.008564
4.412733	0.008603
4.413716	0.008644
4.414699	0.008686
4.415682	0.008727
4.416665	0.008768
4.417647	0.008810
4.418630	0.008851
4.419613	0.008892
4.420596	0.008932
4.421578	0.008973
4.422561	0.009016
4.423544	0.009058
4.424527	0.009099
4.425510	0.009140
4.426492	0.009182
4.427475	0.009223
4.428458	0.009267
4.429441	0.009308
4.430423	0.009349
4.431406	0.009391
4.432389	0.009432
4.433372	0.009476
4.434354	0.009517
4.435337	0.009558
4.436320	0.009600
4.437303	0.009641
4.438286	0.009685
4.439268	0.009726
4.440251	0.009769
4.441234	0.009811
4.442217	0.009854
4.443199	0.009896
4.444182	0.009937
4.445165	0.009978
4.446148	0.010022
4.447131	0.010065
4.448113	0.010107
4.449096	0.010148
4.450079	0.010189
4.451062	0.010233
4.452044	0.010274
4.453027	0.010318
4.454010	0.010357
4.454993	0.010403
4.455976	0.010442
4.456958	0.010485
4.457941	0.010527
4.458924	0.010568
4.459907	0.010612
4.460889	0.010653
4.461872	0.010694
4.462855	0.010738
4.463838	0.010779
4.464821	0.010821
4.465803	0.010862
4.466786	0.010903
4.467769	0.010945
4.468752	0.010986
4.469734	0.011029
4.470717	0.011069
4.471700	0.011112
4.472683	0.011154
4.473666	0.011193
4.474648	0.011234
4.475631	0.011275
4.476614	0.011317
4.477597	0.011358
4.478579	0.011397
4.479562	0.011439
4.480545	0.011480
4.481528	0.011521
4.482510	0.011560
4.483493	0.011600
4.484476	0.011641
4.485459	0.011682
4.486442	0.011722
4.487424	0.011761
4.488407	0.011802
4.489390	0.011841
4.490373	0.011880
4.491355	0.011920
4.492338	0.011959
4.493321	0.012000
4.494304	0.012039
4.495287	0.012078
4.496269	0.012115
4.497252	0.012157
4.498235	0.012194
4.499218	0.012233
4.500200	0.012270
4.501183	0.012309
4.502166	0.012346
4.503149	0.012385
4.504132	0.012420
4.505114	0.012459
4.506097	0.012496
4.507080	0.012533
4.508063	0.012570
4.509045	0.012607
4.510028	0.012644
4.511011	0.012679
4.511994	0.012716
4.512977	0.012753
4.513959	0.012788
4.514942	0.012823
4.515925	0.012858
4.516908	0.012892
4.517890	0.012927
4.518873	0.012964
4.519856	0.012999
4.520839	0.013032
4.521822	0.013066
4.522804	0.013099
4.523787	0.013134
4.524770	0.013167
4.525753	0.013201
4.526735	0.013232
4.527718	0.013265
4.528701	0.013297
4.529684	0.013330
4.530667	0.013360
4.531649	0.013393
4.532632	0.013423
4.533615	0.013454
4.534598	0.013484
4.535580	0.013515
4.536563	0.013545
4.537546	0.013576
4.538529	0.013604
4.539511	0.013634
4.540494	0.013663
4.541477	0.013689
4.542460	0.013717
4.543443	0.013745
4.544425	0.013774
4.545408	0.013800
4.546391	0.013830
4.547374	0.013854
4.548356	0.013883
4.549339	0.013907
4.550322	0.013933
4.551305	0.013959
4.552288	0.013983
4.553270	0.014007
4.554253	0.014031
4.555236	0.014055
4.556219	0.014078
4.557201	0.014102
4.558184	0.014124
4.559167	0.014146
4.560150	0.014168
4.561133	0.014189
4.562115	0.014211
4.563098	0.014231
4.564081	0.014253
4.565064	0.014272
4.566046	0.014292
4.567029	0.014311
4.568012	0.014329
4.568995	0.014348
4.569978	0.014368
4.570960	0.014383
4.571943	0.014401
4.572926	0.014418
4.573909	0.014433
4.574891	0.014448
4.575874	0.014464
4.576857	0.014479
4.577840	0.014494
4.578823	0.014507
4.579805	0.014522
4.580788	0.014533
4.581771	0.014546
4.582754	0.014559
4.583736	0.014570
4.584719	0.014581
4.585702	0.014592
4.586685	0.014603
4.587667	0.014612
4.588650	0.014623
4.589633	0.014633
4.590616	0.014638
4.591599	0.014649
4.592581	0.014655
4.593564	0.014662
4.594547	0.014668
4.595530	0.014675
4.596512	0.014679
4.597495	0.014683
4.598478	0.014690
4.599461	0.014694
4.600444	0.014697
4.601426	0.014699
4.602409	0.014703
4.603392	0.014705
4.604375	0.014705
4.605357	0.014705
4.606340	0.014705
4.607323	0.014705
4.608306	0.014703
4.609289	0.014703
4.610271	0.014701
4.611254	0.014699
4.612237	0.014697
4.613220	0.014692
4.614202	0.014688
4.615185	0.014683
4.616168	0.014679
4.617151	0.014673
4.618134	0.014666
4.619116	0.014660
4.620099	0.014651
4.621082	0.014644
4.622065	0.014636
4.623047	0.014625
4.624030	0.014616
4.625013	0.014607
4.625996	0.014594
4.626979	0.014583
4.627961	0.014572
4.628944	0.014559
4.629927	0.014546
4.630910	0.014533
4.631892	0.014518
4.632875	0.014503
4.633858	0.014490
4.634841	0.014472
4.635823	0.014455
4.636806	0.014438
4.637789	0.014422
4.638772	0.014405
4.639755	0.014383
4.640737	0.014364
4.641720	0.014344
4.642703	0.014324
4.643686	0.014303
4.644668	0.014281
4.645651	0.014257
4.646634	0.014235
4.647617	0.014211
4.648600	0.014187
4.649582	0.014163
4.650565	0.014137
4.651548	0.014111
4.652531	0.014085
4.653513	0.014059
4.654496	0.014028
4.655479	0.014002
4.656462	0.013972
4.657445	0.013944
4.658427	0.013911
4.659410	0.013883
4.660393	0.013850
4.661376	0.013819
4.662358	0.013787
4.663341	0.013754
4.664324	0.013719
4.665307	0.013685
4.666290	0.013652
4.667272	0.013617
4.668255	0.013580
4.669238	0.013543
4.670221	0.013506
4.671203	0.013469
4.672186	0.013430
4.673169	0.013391
4.674152	0.013354
4.675135	0.013310
4.676117	0.013271
4.677100	0.013230
4.678083	0.013188
4.679066	0.013147
4.680048	0.013103
4.681031	0.013062
4.682014	0.013016
4.682997	0.012971
4.683979	0.012927
4.684962	0.012881
4.685945	0.012836
4.686928	0.012788
4.687911	0.012742
4.688893	0.012692
4.689876	0.012644
4.690859	0.012596
4.691842	0.012549
4.692824	0.012496
4.693807	0.012446
4.694790	0.012396
4.695773	0.012342
4.696756	0.012292
4.697738	0.012239
4.698721	0.012185
4.699704	0.012133
4.700687	0.012078
4.701669	0.012024
4.702652	0.011970
4.703635	0.011913
4.704618	0.011856
4.705601	0.011800
4.706583	0.011743
4.707566	0.011685
4.708549	0.011628
4.709532	0.011569
4.710514	0.011508
4.711497	0.011449
4.712480	0.011389
4.713463	0.011328
4.714446	0.011267
4.715428	0.011206
4.716411	0.011145
4.717394	0.011082
4.718377	0.011021
4.719359	0.010955
4.720342	0.010895
4.721325	0.010829
4.722308	0.010766
4.723291	0.010701
4.724273	0.010636
4.725256	0.010570
4.726239	0.010505
4.727222	0.010438
4.728204	0.010370
4.729187	0.010305
4.730170	0.010237
4.731153	0.010170
4.732135	0.010100
4.733118	0.010033
4.734101	0.009965
4.735084	0.009896
4.736067	0.009826
4.737049	0.009759
4.738032	0.009689
4.739015	0.009619
4.739998	0.009550
4.740980	0.009480
4.741963	0.009408
4.742946	0.009338
4.743929	0.009271
4.744912	0.009199
4.745894	0.009130
4.746877	0.009060
4.747860	0.008988
4.748843	0.008921
4.749825	0.008851
4.750808	0.008779
4.751791	0.008712
4.752774	0.008642
4.753757	0.008575
4.754739	0.008507
4.755722	0.008442
4.756705	0.008374
4.757688	0.008309
4.758670	0.008246
4.759653	0.008183
4.760636	0.008124
4.761619	0.008065
4.762602	0.008009
4.763584	0.007954
4.764567	0.007904
4.765550	0.007859
4.766533	0.007819
4.767515	0.007785
4.768498	0.007756
4.769481	0.007737
4.770464	0.007732
4.771447	0.007741
4.772429	0.007774
4.773412	0.007830
4.774395	0.007930
4.775378	0.008089
4.776360	0.008337
4.777343	0.008731
4.778326	0.009373
4.779309	0.010427
4.780292	0.012068
4.781274	0.013815
4.782249	0.013714
4.783224	0.010821
4.784199	0.008280
4.785173	0.006546
4.786148	0.005379
4.787123	0.004560
4.788098	0.003951
4.789073	0.003482
4.790047	0.003107
4.791022	0.002798
4.791997	0.002538
4.792972	0.002317
4.793947	0.002125
4.794921	0.001955
4.795896	0.001808
4.796871	0.001674
4.797846	0.001556
4.798821	0.001446
4.799795	0.001349
4.800770	0.001259
4.801745	0.001180
4.802720	0.001105
4.803694	0.001036
4.804669	0.000974
4.805644	0.000915
4.806619	0.000859
4.807594	0.000810
4.808568	0.000761
4.809543	0.000721
4.810518	0.000679
4.811493	0.000640
4.812468	0.000605
4.813442	0.000573
4.814417	0.000541
4.815392	0.000510
4.816367	0.000482
4.817342	0.000457
4.818316	0.000432
4.819291	0.000411
4.820266	0.000388
4.821241	0.000369
4.822216	0.000350
4.823190	0.000332
4.824165	0.000313
4.825140	0.000298
4.826115	0.000282
4.827090	0.000269
4.828064	0.000253
4.829039	0.000240
4.830014	0.000228
4.830989	0.000218
4.831963	0.000205
4.832938	0.000195
4.833913	0.000187
4.834888	0.000175
4.835863	0.000167
4.836837	0.000158
4.837812	0.000152
4.838787	0.000142
4.839762	0.000136
4.840737	0.000130
4.841711	0.000124
4.842686	0.000116
4.843661	0.000110
4.844636	0.000104
4.845611	0.000100
4.846585	0.000094
4.847560	0.000090
4.848535	0.000084
4.849510	0.000080
4.850485	0.000076
4.851459	0.000072
4.852434	0.000068
4.853409	0.000064
4.854384	0.000060
4.855358	0.000058
4.856333	0.000052
4.857308	0.000050
4.858283	0.000048
4.859258	0.000044
4.860232	0.000040
4.861207	0.000038
4.862182	0.000036
4.863157	0.000034
4.864132	0.000032
4.865106	0.000028
4.866081	0.000027
4.867056	0.000025
4.868031	0.000023
4.869006	0.000021
4.869980	0.000017
4.870955	0.000017
4.871930	0.000015
4.872905	0.000011
4.873880	0.000009
4.874854	0.000009
4.875829	0.000007
4.876804	0.000006
4.877779	0.000002
4.878761	0.000002
4.879744	0.000002
4.880727	0.000002
4.881710	0.000004
4.882693	0.000004
4.883675	0.000006
4.884658	0.000006
4.885641	0.000007
4.886624	0.000007
4.887606	0.000007
4.888589	0.000009
4.889572	0.000011
4.890555	0.000011
4.891538	0.000011
4.892520	0.000013
4.893503	0.000013
4.894486	0.000015
4.895469	0.000013
4.896451	0.000015
4.897434	0.000015
4.898417	0.000015
4.899400	0.000017
4.900383	0.000017
4.901365	0.000017
4.902348	0.000017
4.903331	0.000019
4.904314	0.000019
4.905296	0.000017
4.906279	0.000017
4.907262	0.000019
4.908245	0.000019
4.909228	0.000017
4.910210	0.000019
4.911193	0.000017
4.912176	0.000019
4.913159	0.000019
4.914141	0.000019
4.915124	0.000019
4.916107	0.000017
4.917090	0.000017
4.918072	0.000017
4.919055	0.000017
4.920038	0.000015
4.921021	0.000015
4.922004	0.000015
4.922986	0.000015
4.923969	0.000013
4.924952	0.000013
4.925935	0.000013
4.926917	0.000013
4.927900	0.000011
4.928883	0.000011
4.929866	0.000009
4.930849	0.000007
4.931831	0.000009
4.932814	0.000007
4.933797	0.000006
4.934780	0.000007
4.935762	0.000006
4.936745	0.000006
4.937728	0.000004
4.938711	0.000002
4.939694	0.000002
4.940676	0.000000
4.941659	0.000000
4.942642	0.000000
4.943625	-0.000000
4.944607	-0.000000
4.945590	0.000000
4.946573	-0.000000
4.947556	0.000000
4.948539	0.000000
4.949521	0.000000
4.950504	-0.000000
4.951487	-0.000000
4.952470	0.000000
4.953452	-0.000000
4.954435	-0.000000
4.955418	0.000000
4.956401	0.000000
4.957384	-0.000000
4.958366	-0.000000
4.959349	-0.000000
4.960332	-0.000000
4.961315	-0.000000
4.962297	-0.000000
4.963280	0.000000
4.964263	0.000000
4.965246	-0.000000
4.966228	0.000000
4.967211	0.000000
4.968194	-0.000000
4.969177	-0.000000
4.970160	0.000000
4.971142	-0.000000
4.972125	0.000000
4.973108	-0.000000
4.974091	-0.000000
4.975073	-0.000000
4.976056	-0.000000
4.977039	-0.000000
4.978022	-0.000000
4.979005	-0.000000
4.979987	-0.000000
4.980970	-0.000000
4.981953	0.000000
4.982936	0.000000
4.983918	-0.000000
4.984901	-0.000000
4.985884	0.000000
4.986867	0.000000
4.987850	0.000000
4.988832	-0.000000
4.989815	-0.000000
4.990798	-0.000000
4.991781	0.000000
4.992763	-0.000000
4.993746	0.000000
4.994729	0.000000
4.995712	-0.000000
4.996695	-0.000000
4.997677	-0.000000
4.998660	-0.000000
4.999643	0.000000
5.000626	0.000000
5.001608	0.000000
5.002591	-0.000000
5.003574	0.000000
5.004557	-0.000000
5.005540	-0.000000
5.006522	-0.000000
5.007505	-0.000000
5.008488	0.000000
5.009471	-0.000000
5.010453	0.000000
5.011436	-0.000000
5.012419	0.000000
5.013402	-0.000000
5.014384	0.000000
5.015367	0.000000
5.016350	0.000000
5.017333	-0.000000
5.018316	-0.000000
5.019298	0.000000
5.020281	-0.000000
5.021264	0.000000
5.022247	0.000000
5.023229	0.000000
5.024212	-0.000000
5.025195	-0.000000
5.026178	0.000000
5.027161	0.000000
5.028143	0.000000
5.029126	-0.000000
5.030109	0.000000
5.031092	0.000000
5.032074	0.000000
5.033057	0.000000
5.034040	0.000000
5.035023	0.000000
5.036006	-0.000000
5.036988	0.000000
5.037971	-0.000000
5.038954	0.000000
5.039937	-0.000000
5.040919	-0.000000
5.041902	-0.000000
5.042885	-0.000000
5.043868	-0.000000
5.044851	-0.000000
5.045833	0.000000
5.046816	-0.000000
5.047799	-0.000000
5.048782	-0.000000
5.049764	-0.000000
5.050747	-0.000000
5.051730	-0.000000
5.052713	-0.000000
5.053696	0.000000
5.054678	-0.000000
5.055661	-0.000000
5.056644	0.000000
5.057627	-0.000000
5.058609	0.000000
5.059592	-0.000000
5.060575	0.000000
5.061558	-0.000000
5.062540	-0.000000
5.063523	-0.000000
5.064506	0.000000
5.065489	-0.000000
5.066472	-0.000000
5.067454	-0.000000
5.068437	-0.000000
5.069420	-0.000000
5.070403	-0.000000
5.071385	0.000000
5.072368	-0.000000
5.073351	-0.000000
5.074334	0.000000
5.075317	-0.000000
5.076299	-0.000000
5.077282	0.000000
5.078265	-0.000000
5.079248	-0.000000
5.080230	0.000000
5.081213	-0.000000
5.082196	0.000000
5.083179	0.000000
5.084162	0.000000
5.085144	-0.000000
5.086127	-0.000000
5.087110	-0.000000
5.088093	-0.000000
5.089075	-0.000000
5.090058	0.000000
5.091041	-0.000000
5.092024	-0.000000
5.093007	-0.000000
5.093989	0.000000
5.094972	0.000000
5.095955	-0.000000
5.096938	0.000000
5.097920	-0.000000
5.098903	-0.000000
5.099886	-0.000000
5.100869	-0.000000
5.101852	0.000000
5.102834	-0.000000
5.103817	-0.000000
5.104800	0.000000
5.105783	-0.000000
5.106765	0.000000
5.107748	0.000000
5.108731	-0.000000
5.109714	-0.000000
5.110697	-0.000000
5.111679	-0.000000
5.112662	0.000000
5.113645	-0.000000
5.114628	0.000000
5.115610	-0.000000
5.116593	-0.000000
5.117576	0.000000
5.118559	-0.000000
5.119541	-0.000000
5.120524	-0.000000
5.121507	0.000000
5.122490	-0.000000
5.123473	-0.000000
5.124455	-0.000000
5.125438	-0.000000
5.126421	-0.000000
5.127404	-0.000000
5.128386	-0.000000
5.129369	-0.000000
5.130352	0.000000
5.131335	-0.000000
5.132318	-0.000000
5.133300	-0.000000
5.134283	-0.000000
5.135266	-0.000000
5.136249	-0.000000
5.137231	0.000000
5.138214	-0.000000
5.139197	0.000000
5.140180	0.000000
5.141163	-0.000000
5.142145	0.000000
5.143128	0.000000
5.144111	0.000000
5.145094	-0.000000
5.146076	-0.000000
5.147059	-0.000000
5.148042	0.000000
5.149025	-0.000000
5.150008	-0.000000
5.150990	0.000000
5.151973	-0.000000
5.152956	-0.000000
5.153939	-0.000000
5.154921	-0.000000
5.155904	-0.000000
5.156887	-0.000000
5.157870	-0.000000
5.158853	-0.000000
5.159835	-0.000000
5.160818	-0.000000
5.161801	-0.000000
5.162784	-0.000000
5.163766	-0.000000
