0.000983	0.000000
0.001966	-0.000000
0.002948	-0.000000
0.003931	0.000000
0.004914	0.000000
0.005897	0.000000
0.006879	0.000000
0.007862	0.000000
0.008845	0.000000
0.009828	0.000000
0.010811	-0.000000
0.011793	0.000000
0.012776	0.000000
0.013759	-0.000000
0.014742	0.000000
0.015724	-0.000000
0.016707	-0.000000
0.017690	0.000000
0.018673	-0.000000
0.019656	0.000000
0.020638	-0.000000
0.021621	0.000000
0.022604	0.000000
0.023587	0.000000
0.024569	0.000000
0.025552	-0.000000
0.026535	0.000000
0.027518	0.000000
0.028500	-0.000000
0.029483	0.000000
0.030466	-0.000000
0.031449	-0.000000
0.032432	0.000000
0.033414	-0.000000
0.034397	0.000000
0.035380	0.000000
0.036363	0.000000
0.037345	-0.000000
0.038328	0.000000
0.039311	-0.000000
0.040294	-0.000000
0.041277	-0.000000
0.042259	0.000000
0.043242	-0.000000
0.044225	-0.000000
0.045208	-0.000000
0.046190	-0.000000
0.047173	-0.000000
0.048156	-0.000000
0.049139	0.000000
0.050122	-0.000000
0.051104	-0.000000
0.052087	-0.000000
0.053070	-0.000000
0.054053	-0.000000
0.055035	0.000000
0.056018	0.000000
0.057001	0.000000
0.057984	0.000000
0.058967	0.000000
0.059949	0.000000
0.060932	-0.000000
0.061915	-0.000000
0.062898	-0.000000
0.063880	-0.000000
0.064863	0.000000
0.065846	0.000000
0.066829	-0.000000
0.067812	0.000000
0.068794	0.000000
0.069777	-0.000000
0.070760	0.000000
0.071743	-0.000000
0.072725	0.000000
0.073708	0.000000
0.074691	-0.000000
0.075674	-0.000000
0.076656	0.000000
0.077639	0.000000
0.078622	-0.000000
0.079605	-0.000000
0.080588	0.000000
0.081570	0.000000
0.082553	-0.000000
0.083536	-0.000000
0.084519	-0.000000
0.085501	0.000000
0.086484	0.000000
0.087467	0.000000
0.088450	-0.000000
0.089433	0.000000
0.090415	-0.000000
0.091398	-0.000000
0.092381	-0.000000
0.093364	-0.000000
0.094346	0.000000
0.095329	-0.000000
0.096312	-0.000000
0.097295	-0.000000
0.098278	-0.000000
0.099260	0.000000
0.100243	-0.000000
0.101226	-0.000000
0.102209	0.000000
0.103191	0.000000
0.104174	0.000000
0.105157	-0.000000
0.106140	-0.000000
0.107123	0.000000
0.108105	-0.000000
0.109088	-0.000000
0.110071	-0.000000
0.111054	-0.000000
0.112036	-0.000000
0.113019	-0.000000
0.114002	-0.000000
0.114985	-0.000000
0.115968	-0.000000
0.116950	0.000000
0.117933	-0.000000
0.118916	-0.000000
0.119899	0.000000
0.120881	0.000000
0.121864	-0.000000
0.122847	-0.000000
0.123830	0.000000
0.124812	0.000000
0.125795	0.000000
0.126778	-0.000000
0.127761	-0.000000
0.128744	-0.000000
0.129726	0.000000
0.130709	0.000000
0.131692	-0.000000
0.132675	-0.000000
0.133657	-0.000000
0.134640	-0.000000
0.135623	-0.000000
0.136606	-0.000000
0.137589	-0.000000
0.138571	-0.000000
0.139554	-0.000000
0.140537	-0.000000
0.141520	-0.000000
0.142502	-0.000000
0.143485	0.000000
0.144468	-0.000000
0.145451	0.000000
0.146434	0.000000
0.147416	-0.000000
0.148399	0.000000
0.149382	-0.000000
0.150365	-0.000000
0.151347	-0.000000
0.152330	-0.000000
0.153313	-0.000000
0.154296	0.000000
0.155279	-0.000000
0.156261	0.000000
0.157244	-0.000000
0.158227	-0.000000
0.159210	-0.000000
0.160192	0.000000
0.161175	0.000000
0.162158	0.000000
0.163141	-0.000000
0.164124	-0.000000
0.165106	0.000000
0.166089	0.000000
0.167072	0.000000
0.168055	-0.000000
0.169037	0.000000
0.170020	0.000000
0.171003	-0.000000
0.171986	-0.000000
0.172969	0.000000
0.173951	0.000000
0.174934	-0.000000
0.175917	-0.000000
0.176900	-0.000000
0.177882	-0.000000
0.178865	-0.000000
0.179848	0.000000
0.180831	-0.000000
0.181813	-0.000000
0.182796	0.000000
0.183779	-0.000000
0.184762	0.000000
0.185745	-0.000000
0.186727	-0.000000
0.187710	-0.000000
0.188693	0.000000
0.189676	0.000000
0.190658	-0.000000
0.191641	0.000000
0.192624	0.000000
0.193607	-0.000000
0.194590	-0.000000
0.195572	-0.000000
0.196555	0.000000
0.197538	-0.000000
0.198521	0.000000
0.199503	0.000000
0.200486	0.000000
0.201469	-0.000000
0.202452	0.000000
0.203435	-0.000000
0.204417	-0.000000
0.205400	0.000000
0.206383	0.000000
0.207366	-0.000000
0.208348	0.000000
0.209331	0.000000
0.210314	0.000000
0.211297	-0.000000
0.212280	0.000000
0.213262	-0.000000
0.214245	-0.000000
0.215228	0.000000
0.216211	-0.000000
0.217193	-0.000000
0.218176	-0.000000
0.219159	0.000000
0.220142	0.000000
0.221125	0.000000
0.222107	0.000000
0.223090	-0.000000
0.224073	-0.000000
0.225056	-0.000000
0.226038	0.000000
0.227021	0.000000
0.228004	0.000000
0.228987	0.000000
0.229969	0.000000
0.230952	0.000000
0.231935	0.000000
0.232918	0.000000
0.233901	-0.000000
0.234883	-0.000000
0.235866	-0.000000
0.236849	-0.000000
0.237832	0.000000
0.238814	0.000000
0.239797	0.000000
0.240780	0.000000
0.241763	0.000000
0.242746	0.000000
0.243728	-0.000000
0.244711	0.000000
0.245694	0.000000
0.246677	0.000000
0.247659	0.000000
0.248642	-0.000000
0.249625	-0.000000
0.250608	-0.000000
0.251591	0.000000
0.252573	0.000000
0.253556	-0.000000
0.254539	-0.000000
0.255522	0.000000
0.256504	0.000000
0.257487	0.000000
0.258470	0.000000
0.259453	-0.000000
0.260436	-0.000000
0.261418	-0.000000
0.262401	0.000000
0.263384	-0.000000
0.264367	-0.000000
0.265349	0.000000
0.266332	0.000000
0.267315	0.000000
0.268298	0.000000
0.269281	-0.000000
0.270263	-0.000000
0.271246	0.000000
0.272229	-0.000000
0.273212	0.000000
0.274194	0.000000
0.275177	-0.000000
0.276160	-0.000000
0.277143	-0.000000
0.278125	-0.000000
0.279108	0.000000
0.280091	0.000000
0.281074	-0.000000
0.282057	0.000000
0.283039	-0.000000
0.284022	0.000000
0.285005	-0.000000
0.285988	-0.000000
0.286962	-0.000000
0.287937	-0.000000
0.288912	-0.000000
0.289887	-0.000000
0.290862	0.000000
0.291836	-0.000000
0.292811	-0.000000
0.293786	-0.000000
0.294761	0.000000
0.295736	-0.000000
0.296710	0.000000
0.297685	-0.000000
0.298660	-0.000000
0.299635	-0.000000
0.300610	-0.000000
0.301584	0.000000
0.302559	-0.000000
0.303534	-0.000000
0.304509	-0.000000
0.305484	0.000000
0.306458	-0.000000
0.307433	0.000000
0.308408	-0.000000
0.309383	0.000000
0.310357	-0.000000
0.311332	-0.000000
0.312307	0.000000
0.313282	0.000000
0.314257	0.000000
0.315231	-0.000000
0.316206	-0.000000
0.317181	-0.000000
0.318156	0.000000
0.319131	0.000000
0.320105	-0.000000
0.321080	0.000000
0.322055	-0.000000
0.323030	-0.000000
0.324005	-0.000000
0.324979	-0.000000
0.325954	0.000000
0.326929	0.000000
0.327904	-0.000000
0.328879	-0.000000
0.329853	-0.000000
0.330828	-0.000000
0.331803	-0.000000
0.332778	0.000000
0.333753	0.000000
0.334727	0.000000
0.335702	0.000000
0.336677	0.000000
0.337652	-0.000000
0.338626	-0.000000
0.339601	0.000000
0.340576	0.000000
0.341551	-0.000000
0.342526	-0.000000
0.343500	-0.000000
0.344475	-0.000000
0.345450	-0.000000
0.346425	0.000000
0.347400	-0.000000
0.348374	0.000000
0.349349	0.000000
0.350324	-0.000000
0.351299	0.000000
0.352274	0.000000
0.353248	0.000000
0.354223	-0.000000
0.355198	0.000000
0.356173	0.000000
0.357148	0.000000
0.358122	0.000000
0.359097	-0.000000
0.360072	0.000000
0.361047	0.000000
0.362021	0.000000
0.362996	0.000000
0.363971	-0.000000
0.364946	0.000000
0.365921	0.000000
0.366895	0.000000
0.367870	0.000000
0.368845	-0.000000
0.369820	0.000000
0.370795	-0.000000
0.371769	-0.000000
0.372744	-0.000000
0.373719	-0.000000
0.374694	0.000000
0.375669	0.000000
0.376643	0.000000
0.377618	0.000000
0.378593	0.000000
0.379568	-0.000000
0.380543	-0.000000
0.381517	0.000000
0.382492	0.000000
0.383475	0.000000
0.384458	0.000000
0.385440	0.000000
0.386423	-0.000000
0.387406	-0.000000
0.388389	0.000000
0.389372	0.000000
0.390354	-0.000000
0.391337	-0.000000
0.392320	-0.000000
0.393303	-0.000000
0.394285	-0.000000
0.395268	-0.000000
0.396251	0.000000
0.397234	-0.000000
0.398217	0.000000
0.399199	0.000000
0.400182	0.000000
0.401165	0.000000
0.402148	-0.000000
0.403130	-0.000000
0.404113	-0.000000
0.405096	0.000000
0.406079	0.000000
0.407061	-0.000000
0.408044	-0.000000
0.409027	0.000000
0.410010	-0.000000
0.410993	-0.000000
0.411975	0.000000
0.412958	-0.000000
0.413941	0.000000
0.414924	0.000000
0.415906	-0.000000
0.416889	-0.000000
0.417872	-0.000000
0.418855	-0.000000
0.419838	-0.000000
0.420820	-0.000000
0.421803	-0.000000
0.422786	-0.000000
0.423769	-0.000000
0.424751	0.000000
0.425734	0.000000
0.426717	0.000000
0.427700	0.000000
0.428683	-0.000000
0.429665	0.000000
0.430648	0.000000
0.431631	0.000000
0.432614	-0.000000
0.433596	0.000000
0.434579	0.000000
0.435562	-0.000000
0.436545	-0.000000
0.437528	0.000000
0.438510	0.000000
0.439493	0.000000
0.440476	-0.000000
0.441459	-0.000000
0.442441	0.000000
0.443424	0.000000
0.444407	0.000000
0.445390	0.000000
0.446373	-0.000000
0.447355	0.000000
0.448338	0.000000
0.449321	-0.000000
0.450304	-0.000000
0.451286	-0.000000
0.452269	-0.000000
0.453252	0.000000
0.454235	0.000000
0.455217	0.000000
0.456200	-0.000000
0.457183	-0.000000
0.458166	0.000000
0.459149	0.000000
0.460131	0.000000
0.461114	0.000000
0.462097	0.000000
0.463080	-0.000000
0.464062	0.000000
0.465045	-0.000000
0.466028	-0.000000
0.467011	0.000000
0.467994	0.000000
0.468976	-0.000000
0.469959	-0.000000
0.470942	-0.000000
0.471925	-0.000000
0.472907	-0.000000
0.473890	0.000000
0.474873	0.000000
0.475856	-0.000000
0.476839	-0.000000
0.477821	-0.000000
0.478804	0.000000
0.479787	0.000000
0.480770	-0.000000
0.481752	-0.000000
0.482735	0.000000
0.483718	0.000000
0.484701	0.000000
0.485684	-0.000000
0.486666	-0.000000
0.487649	0.000000
0.488632	0.000000
0.489615	-0.000000
0.490597	-0.000000
0.491580	-0.000000
0.492563	-0.000000
0.493546	-0.000000
0.494529	-0.000000
0.495511	-0.000000
0.496494	0.000000
0.497477	0.000000
0.498460	-0.000000
0.499442	-0.000000
0.500425	-0.000000
0.501408	-0.000000
0.502391	0.000000
0.503374	0.000000
0.504356	-0.000000
0.505339	-0.000000
0.506322	0.000000
0.507305	0.000000
0.508287	-0.000000
0.509270	-0.000000
0.510253	0.000034
0.511236	0.000068
0.512218	0.000103
0.513201	0.000137
0.514184	0.000171
0.515167	0.000205
0.516150	0.000239
0.517132	0.000273
0.518115	0.000307
0.519098	0.000342
0.520081	0.000376
0.521063	0.000410
0.522046	0.000444
0.523029	0.000478
0.524012	0.000512
0.524995	0.000546
0.525977	0.000580
0.526960	0.000613
0.527943	0.000647
0.528926	0.000681
0.529908	0.000715
0.530891	0.000749
0.531874	0.000782
0.532857	0.000816
0.533840	0.000850
0.534822	0.000883
0.535805	0.000917
0.536788	0.000950
0.537771	0.000984
0.538753	0.001017
0.539736	0.001050
0.540719	0.001083
0.541702	0.001117
0.542685	0.001150
0.543667	0.001183
0.544650	0.001216
0.545633	0.001249
0.546616	0.001282
0.547598	0.001314
0.548581	0.001347
0.549564	0.001380
0.550547	0.001412
0.551530	0.001445
0.552512	0.001477
0.553495	0.001509
0.554478	0.001542
0.555461	0.001574
0.556443	0.001606
0.557426	0.001638
0.558409	0.001670
0.559392	0.001701
0.560374	0.001733
0.561357	0.001765
0.562340	0.001796
0.563323	0.001828
0.564306	0.001859
0.565288	0.001890
0.566271	0.001921
0.567254	0.001952
0.568237	0.001983
0.569219	0.002014
0.570202	0.002044
0.571185	0.002075
0.572168	0.002105
0.573151	0.002136
0.574133	0.002166
0.575116	0.002196
0.576099	0.002226
0.577082	0.002256
0.578064	0.002286
0.579047	0.002315
0.580030	0.002345
0.581013	0.002374
0.581996	0.002403
0.582978	0.002432
0.583961	0.002461
0.584944	0.002490
0.585927	0.002519
0.586909	0.002547
0.587892	0.002576
0.588875	0.002604
0.589858	0.002632
0.590841	0.002660
0.591823	0.002688
0.592806	0.002716
0.593789	0.002743
0.594772	0.002771
0.595754	0.002798
0.596737	0.002825
0.597720	0.002852
0.598703	0.002879
0.599686	0.002905
0.600668	0.002932
0.601651	0.002958
0.602634	0.002984
0.603617	0.003010
0.604599	0.003036
0.605582	0.003062
0.606565	0.003087
0.607548	0.003113
0.608530	0.003138
0.609513	0.003163
0.610496	0.003188
0.611479	0.003213
0.612462	0.003237
0.613444	0.003262
0.614427	0.003286
0.615410	0.003310
0.616393	0.003334
0.617375	0.003357
0.618358	0.003381
0.619341	0.003404
0.620324	0.003427
0.621307	0.003450
0.622289	0.003473
0.623272	0.003496
0.624255	0.003518
0.625238	0.003540
0.626220	0.003563
0.627203	0.003584
0.628186	0.003606
0.629169	0.003628
0.630152	0.003649
0.631134	0.003670
0.632117	0.003691
0.633100	0.003712
0.634083	0.003733
0.635065	0.003753
0.636048	0.003773
0.637031	0.003793
0.638014	0.003813
0.638997	0.003833
0.639979	0.003852
0.640962	0.003871
0.641945	0.003891
0.642928	0.003909
0.643910	0.003928
0.644893	0.003947
0.645876	0.003965
0.646859	0.003983
0.647842	0.004001
0.648824	0.004019
0.649807	0.004036
0.650790	0.004053
0.651773	0.004070
0.652755	0.004087
0.653738	0.004104
0.654721	0.004121
0.655704	0.004137
0.656686	0.004153
0.657669	0.004169
0.658652	0.004185
0.659635	0.004200
0.660618	0.004215
0.661600	0.004231
0.662583	0.004245
0.663566	0.004260
0.664549	0.004275
0.665531	0.004289
0.666514	0.004303
0.667497	0.004317
0.668480	0.004331
0.669463	0.004344
0.670445	0.004357
0.671428	0.004370
0.672411	0.004383
0.673394	0.004396
0.674376	0.004409
0.675359	0.004421
0.676342	0.004433
0.677325	0.004445
0.678308	0.004456
0.679290	0.004468
0.680273	0.004479
0.681256	0.004490
0.682239	0.004501
0.683221	0.004512
0.684204	0.004522
0.685187	0.004532
0.686170	0.004542
0.687153	0.004552
0.688135	0.004562
0.689118	0.004571
0.690101	0.004580
0.691084	0.004589
0.692066	0.004598
0.693049	0.004607
0.694032	0.004615
0.695015	0.004623
0.695998	0.004631
0.696980	0.004639
0.697963	0.004647
0.698946	0.004654
0.699929	0.004662
0.700911	0.004669
0.701894	0.004675
0.702877	0.004682
0.703860	0.004688
0.704842	0.004695
0.705825	0.004701
0.706808	0.004707
0.707791	0.004712
0.708774	0.004718
0.709756	0.004723
0.710739	0.004728
0.711722	0.004733
0.712705	0.004737
0.713687	0.004742
0.714670	0.004746
0.715653	0.004750
0.716636	0.004754
0.717619	0.004758
0.718601	0.004761
0.719584	0.004765
0.720567	0.004768
0.721550	0.004771
0.722532	0.004773
0.723515	0.004776
0.724498	0.004778
0.725481	0.004781
0.726464	0.004783
0.727446	0.004784
0.728429	0.004786
0.729412	0.004788
0.730395	0.004789
0.731377	0.004790
0.732360	0.004791
0.733343	0.004792
0.734326	0.004792
0.735309	0.004793
0.736291	0.004793
0.737274	0.004793
0.738257	0.004793
0.739240	0.004792
0.740222	0.004792
0.741205	0.004791
0.742188	0.004790
0.743171	0.004789
0.744154	0.004788
0.745136	0.004787
0.746119	0.004785
0.747102	0.004784
0.748085	0.004782
0.749067	0.004780
0.750050	0.004777
0.751033	0.004775
0.752016	0.004773
0.752999	0.004770
0.753981	0.004767
0.754964	0.004764
0.755947	0.004761
0.756930	0.004758
0.757912	0.004754
0.758895	0.004750
0.759878	0.004747
0.760861	0.004743
0.761843	0.004739
0.762826	0.004734
0.763809	0.004730
0.764792	0.004725
0.765775	0.004721
0.766757	0.004716
0.767740	0.004711
0.768723	0.004706
0.769706	0.004700
0.770688	0.004695
0.771671	0.004689
0.772654	0.004683
0.773637	0.004678
0.774620	0.004672
0.775602	0.004665
0.776585	0.004659
0.777568	0.004653
0.778551	0.004646
0.779533	0.004639
0.780516	0.004632
0.781499	0.004626
0.782482	0.004618
0.783465	0.004611
0.784447	0.004604
0.785430	0.004596
0.786413	0.004589
0.787396	0.004581
0.788378	0.004573
0.789361	0.004565
0.790344	0.004557
0.791327	0.004549
0.792310	0.004540
0.793292	0.004532
0.794275	0.004523
0.795258	0.004514
0.796241	0.004505
0.797223	0.004496
0.798206	0.004487
0.799189	0.004478
0.800172	0.004469
0.801155	0.004459
0.802137	0.004450
0.803120	0.004440
0.804103	0.004430
0.805086	0.004421
0.806068	0.004411
0.807051	0.004401
0.808034	0.004390
0.809017	0.004380
0.809999	0.004370
0.810982	0.004359
0.811965	0.004349
0.812948	0.004338
0.813931	0.004327
0.814913	0.004316
0.815896	0.004305
0.816879	0.004294
0.817862	0.004283
0.818844	0.004272
0.819827	0.004260
0.820810	0.004249
0.821793	0.004237
0.822776	0.004226
0.823758	0.004214
0.824741	0.004202
0.825724	0.004190
0.826707	0.004178
0.827689	0.004166
0.828672	0.004154
0.829655	0.004142
0.830638	0.004130
0.831621	0.004117
0.832603	0.004105
0.833586	0.004092
0.834569	0.004080
0.835552	0.004067
0.836534	0.004054
0.837517	0.004041
0.838500	0.004029
0.839483	0.004016
0.840466	0.004003
0.841448	0.003989
0.842431	0.003976
0.843414	0.003963
0.844397	0.003950
0.845379	0.003936
0.846362	0.003923
0.847345	0.003909
0.848328	0.003896
0.849311	0.003882
0.850293	0.003868
0.851276	0.003855
0.852259	0.003841
0.853242	0.003827
0.854224	0.003813
0.855207	0.003799
0.856190	0.003785
0.857173	0.003771
0.858155	0.003757
0.859138	0.003743
0.860121	0.003728
0.861104	0.003714
0.862087	0.003700
0.863069	0.003685
0.864052	0.003671
0.865035	0.003657
0.866018	0.003642
0.867000	0.003627
0.867983	0.003613
0.868966	0.003598
0.869949	0.003583
0.870932	0.003569
0.871914	0.003554
0.872897	0.003539
0.873880	0.003524
0.874863	0.003509
0.875845	0.003494
0.876828	0.003479
0.877811	0.003464
0.878794	0.003449
0.879777	0.003434
0.880759	0.003419
0.881742	0.003404
0.882725	0.003389
0.883708	0.003373
0.884690	0.003358
0.885673	0.003343
0.886656	0.003328
0.887639	0.003312
0.888622	0.003297
0.889604	0.003282
0.890587	0.003266
0.891570	0.003251
0.892553	0.003235
0.893535	0.003220
0.894518	0.003204
0.895501	0.003189
0.896484	0.003173
0.897467	0.003157
0.898449	0.003142
0.899432	0.003126
0.900415	0.003111
0.901398	0.003095
0.902380	0.003079
0.903363	0.003064
0.904346	0.003048
0.905329	0.003032
0.906311	0.003016
0.907294	0.003001
0.908277	0.002985
0.909260	0.002969
0.910243	0.002953
0.911225	0.002937
0.912208	0.002921
0.913191	0.002906
0.914174	0.002890
0.915156	0.002874
0.916139	0.002858
0.917122	0.002842
0.918105	0.002826
0.919088	0.002810
0.920070	0.002794
0.921053	0.002778
0.922036	0.002762
0.923019	0.002747
0.924001	0.002731
0.924984	0.002715
0.925967	0.002699
0.926950	0.002683
0.927933	0.002667
0.928915	0.002651
0.929898	0.002635
0.930881	0.002619
0.931864	0.002603
0.932846	0.002587
0.933829	0.002571
0.934812	0.002555
0.935795	0.002539
0.936778	0.002523
0.937760	0.002507
0.938743	0.002491
0.939726	0.002475
0.940709	0.002459
0.941691	0.002443
0.942674	0.002427
0.943657	0.002411
0.944640	0.002395
0.945623	0.002379
0.946605	0.002363
0.947588	0.002347
0.948571	0.002331
0.949554	0.002315
0.950536	0.002299
0.951519	0.002283
0.952502	0.002267
0.953485	0.002251
0.954467	0.002235
0.955450	0.002219
0.956433	0.002203
0.957416	0.002187
0.958399	0.002171
0.959381	0.002155
0.960364	0.002139
0.961347	0.002123
0.962330	0.002107
0.963312	0.002091
0.964295	0.002075
0.965278	0.002059
0.966261	0.002044
0.967244	0.002028
0.968226	0.002012
0.969209	0.001996
0.970192	0.001980
0.971175	0.001964
0.972157	0.001948
0.973140	0.001933
0.974123	0.001917
0.975106	0.001901
0.976089	0.001885
0.977071	0.001869
0.978054	0.001853
0.979037	0.001838
0.980020	0.001822
0.981002	0.001806
0.981985	0.001790
0.982968	0.001775
0.983951	0.001759
0.984934	0.001743
0.985916	0.001727
0.986899	0.001712
0.987882	0.001696
0.988865	0.001680
0.989847	0.001665
0.990830	0.001649
0.991813	0.001633
0.992796	0.001618
0.993779	0.001602
0.994761	0.001586
0.995744	0.001571
0.996727	0.001555
0.997710	0.001540
0.998692	0.001524
0.999675	0.001509
1.000658	0.001493
1.001641	0.001477
1.002624	0.001462
1.003606	0.001446
1.004589	0.001431
1.005572	0.001415
1.006555	0.001400
1.007537	0.001384
1.008520	0.001369
1.009503	0.001354
1.010486	0.001338
1.011468	0.001323
1.012451	0.001307
1.013434	0.001292
1.014417	0.001276
1.015400	0.001261
1.016382	0.001246
1.017365	0.001230
1.018348	0.001215
1.019331	0.001200
1.020313	0.001184
1.021296	0.001169
1.022279	0.001154
1.023262	0.001138
1.024245	0.001123
1.025227	0.001108
1.026210	0.001093
1.027193	0.001077
1.028176	0.001062
1.029158	0.001047
1.030141	0.001032
1.031124	0.001016
1.032107	0.001001
1.033090	0.000986
1.034072	0.000971
1.035055	0.000956
1.036038	0.000941
1.037021	0.000925
1.038003	0.000910
1.038986	0.000895
1.039969	0.000880
1.040952	0.000865
1.041935	0.000850
1.042917	0.000835
1.043900	0.000820
1.044883	0.000805
1.045866	0.000789
1.046848	0.000774
1.047831	0.000759
1.048814	0.000744
1.049797	0.000729
1.050780	0.000714
1.051762	0.000699
1.052745	0.000684
1.053728	0.000669
1.054711	0.000654
1.055693	0.000639
1.056676	0.000624
1.057659	0.000609
1.058642	0.000594
1.059624	0.000579
1.060607	0.000564
1.061590	0.000550
1.062573	0.000535
1.063556	0.000520
1.064538	0.000505
1.065521	0.000490
1.066504	0.000475
1.067487	0.000460
1.068469	0.000445
1.069452	0.000430
1.070435	0.000415
1.071418	0.000400
1.072401	0.000386
1.073383	0.000371
1.074366	0.000356
1.075349	0.000341
1.076332	0.000326
1.077314	0.000311
1.078297	0.000296
1.079280	0.000282
1.080263	0.000267
1.081246	0.000252
1.082228	0.000237
1.083211	0.000222
1.084194	0.000207
1.085177	0.000193
1.086159	0.000178
1.087142	0.000163
1.088125	0.000148
1.089108	0.000133
1.090091	0.000118
1.091073	0.000104
1.092056	0.000089
1.093039	0.000074
1.094022	0.000059
1.095004	0.000044
1.095987	0.000030
1.096970	0.000015
1.097945	0.000022
1.098920	0.000029
1.099894	0.000037
1.100869	0.000044
1.101844	0.000052
1.102819	0.000059
1.103794	0.000067
1.104768	0.000074
1.105743	0.000081
1.106718	0.000089
1.107693	0.000096
1.108667	0.000104
1.109642	0.000111
1.110617	0.000119
1.111592	0.000126
1.112567	0.000134
1.113541	0.000141
1.114516	0.000149
1.115491	0.000157
1.116466	0.000164
1.117441	0.000172
1.118415	0.000179
1.119390	0.000187
1.120365	0.000195
1.121340	0.000202
1.122315	0.000210
1.123289	0.000218
1.124264	0.000225
1.125239	0.000233
1.126214	0.000241
1.127189	0.000248
1.128163	0.000256
1.129138	0.000264
1.130113	0.000272
1.131088	0.000279
1.132062	0.000287
1.133037	0.000295
1.134012	0.000303
1.134987	0.000310
1.135962	0.000318
1.136936	0.000326
1.137911	0.000334
1.138886	0.000342
1.139861	0.000350
1.140836	0.000357
1.141810	0.000365
1.142785	0.000373
1.143760	0.000381
1.144735	0.000389
1.145710	0.000397
1.146684	0.000405
1.147659	0.000413
1.148634	0.000421
1.149609	0.000429
1.150584	0.000437
1.151558	0.000445
1.152533	0.000453
1.153508	0.000461
1.154483	0.000469
1.155457	0.000477
1.156432	0.000485
1.157407	0.000493
1.158382	0.000501
1.159357	0.000509
1.160331	0.000517
1.161306	0.000525
1.162281	0.000533
1.163256	0.000541
1.164231	0.000549
1.165205	0.000557
1.166180	0.000565
1.167155	0.000574
1.168130	0.000582
1.169105	0.000590
1.170079	0.000598
1.171054	0.000606
1.172029	0.000614
1.173004	0.000623
1.173979	0.000631
1.174953	0.000639
1.175928	0.000647
1.176903	0.000655
1.177878	0.000664
1.178852	0.000672
1.179827	0.000680
1.180802	0.000688
1.181777	0.000697
1.182752	0.000705
1.183726	0.000713
1.184701	0.000721
1.185676	0.000730
1.186651	0.000738
1.187626	0.000746
1.188600	0.000755
1.189575	0.000763
1.190550	0.000771
1.191525	0.000780
1.192500	0.000788
1.193474	0.000796
1.194449	0.000805
1.195424	0.000813
1.196399	0.000821
1.197374	0.000830
1.198348	0.000838
1.199323	0.000847
1.200298	0.000855
1.201273	0.000863
1.202247	0.000872
1.203222	0.000880
1.204197	0.000889
1.205172	0.000897
1.206147	0.000905
1.207121	0.000914
1.208096	0.000922
1.209071	0.000931
1.210046	0.000939
1.211021	0.000948
1.211995	0.000956
1.212970	0.000965
1.213945	0.000973
1.214920	0.000981
1.215895	0.000990
1.216869	0.000998
1.217844	0.001007
1.218819	0.001015
1.219794	0.001024
1.220769	0.001032
1.221743	0.001041
1.222718	0.001049
1.223693	0.001058
1.224668	0.001066
1.225643	0.001075
1.226617	0.001083
1.227592	0.001092
1.228567	0.001100
1.229542	0.001109
1.230516	0.001117
1.231491	0.001126
1.232466	0.001134
1.233441	0.001143
1.234416	0.001151
1.235390	0.001160
1.236365	0.001168
1.237340	0.001177
1.238315	0.001185
1.239290	0.001194
1.240264	0.001202
1.241239	0.001211
1.242214	0.001219
1.243189	0.001228
1.244164	0.001236
1.245138	0.001245
1.246113	0.001253
1.247088	0.001262
1.248063	0.001270
1.249038	0.001279
1.250012	0.001287
1.250987	0.001296
1.251962	0.001304
1.252937	0.001312
1.253911	0.001321
1.254886	0.001329
1.255861	0.001338
1.256836	0.001346
1.257811	0.001355
1.258785	0.001363
1.259760	0.001371
1.260735	0.001380
1.261710	0.001388
1.262685	0.001397
1.263659	0.001405
1.264634	0.001413
1.265609	0.001422
1.266584	0.001430
1.267559	0.001438
1.268533	0.001447
1.269508	0.001455
1.270483	0.001463
1.271458	0.001471
1.272433	0.001480
1.273407	0.001488
1.274382	0.001496
1.275357	0.001504
1.276332	0.001513
1.277306	0.001521
1.278281	0.001529
1.279256	0.001537
1.280231	0.001545
1.281206	0.001554
1.282180	0.001562
1.283155	0.001570
1.284130	0.001578
1.285105	0.001586
1.286080	0.001594
1.287054	0.001602
1.288029	0.001610
1.289004	0.001618
1.289979	0.001626
1.290954	0.001634
1.291928	0.001642
1.292903	0.001650
1.293878	0.001658
1.294853	0.001666
1.295828	0.001673
1.296802	0.001681
1.297777	0.001689
1.298752	0.001697
1.299727	0.001705
1.300701	0.001712
1.301676	0.001720
1.302651	0.001728
1.303626	0.001735
1.304601	0.001743
1.305575	0.001751
1.306550	0.001758
1.307525	0.001766
1.308500	0.001773
1.309475	0.001781
1.310449	0.001788
1.311424	0.001796
1.312399	0.001803
1.313374	0.001810
1.314349	0.001818
1.315323	0.001825
1.316298	0.001832
1.317273	0.001839
1.318248	0.001847
1.319223	0.001854
1.320197	0.001861
1.321172	0.001868
1.322147	0.001875
1.323122	0.001882
1.324096	0.001889
1.325071	0.001896
1.326046	0.001903
1.327021	0.001909
1.327996	0.001916
1.328970	0.001923
1.329945	0.001930
1.330920	0.001936
1.331895	0.001943
1.332870	0.001950
1.333844	0.001956
1.334819	0.001963
1.335794	0.001969
1.336769	0.001975
1.337744	0.001982
1.338718	0.001988
1.339693	0.001994
1.340668	0.002001
1.341643	0.002007
1.342618	0.002013
1.343592	0.002019
1.344567	0.002025
1.345542	0.002031
1.346517	0.002037
1.347492	0.002042
1.348466	0.002048
1.349441	0.002054
1.350416	0.002060
1.351391	0.002065
1.352365	0.002071
1.353340	0.002076
1.354315	0.002082
1.355290	0.002087
1.356265	0.002092
1.357239	0.002097
1.358214	0.002103
1.359189	0.002108
1.360164	0.002113
1.361139	0.002118
1.362113	0.002123
1.363088	0.002127
1.364063	0.002132
1.365038	0.002137
1.366013	0.002141
1.366987	0.002146
1.367962	0.002151
1.368937	0.002155
1.369912	0.002159
1.370887	0.002164
1.371861	0.002168
1.372836	0.002172
1.373811	0.002176
1.374786	0.002180
1.375760	0.002184
1.376735	0.002188
1.377710	0.002191
1.378685	0.002195
1.379660	0.002198
1.380634	0.002202
1.381609	0.002205
1.382584	0.002209
1.383559	0.002212
1.384534	0.002215
1.385508	0.002218
1.386483	0.002221
1.387458	0.002224
1.388433	0.002227
1.389408	0.002230
1.390382	0.002232
1.391357	0.002235
1.392332	0.002237
1.393307	0.002239
1.394282	0.002242
1.395256	0.002244
1.396231	0.002246
1.397206	0.002248
1.398181	0.002250
1.399155	0.002252
1.400130	0.002253
1.401105	0.002255
1.402080	0.002256
1.403055	0.002258
1.404029	0.002259
1.405004	0.002260
1.405979	0.002261
1.406954	0.002262
1.407929	0.002263
1.408903	0.002264
1.409878	0.002264
1.410853	0.002265
1.411828	0.002265
1.412803	0.002266
1.413777	0.002266
1.414752	0.002266
1.415727	0.002266
1.416702	0.002266
1.417677	0.002266
1.418651	0.002265
1.419626	0.002265
1.420601	0.002264
1.421576	0.002263
1.422550	0.002263
1.423525	0.002262
1.424500	0.002261
1.425475	0.002260
1.426450	0.002258
1.427424	0.002257
1.428399	0.002255
1.429374	0.002254
1.430349	0.002252
1.431324	0.002250
1.432298	0.002248
1.433273	0.002246
1.434248	0.002243
1.435223	0.002241
1.436198	0.002238
1.437172	0.002236
1.438147	0.002233
1.439122	0.002230
1.440097	0.002227
1.441072	0.002224
1.442046	0.002220
1.443021	0.002217
1.443996	0.002213
1.444971	0.002210
1.445946	0.002206
1.446920	0.002202
1.447895	0.002198
1.448870	0.002193
1.449845	0.002189
1.450819	0.002184
1.451794	0.002180
1.452769	0.002175
1.453744	0.002170
1.454719	0.002165
1.455693	0.002160
1.456668	0.002154
1.457643	0.002149
1.458618	0.002143
1.459593	0.002137
1.460567	0.002131
1.461542	0.002125
1.462517	0.002119
1.463492	0.002112
1.464467	0.002106
1.465441	0.002099
1.466416	0.002092
1.467391	0.002085
1.468366	0.002078
1.469341	0.002071
1.470315	0.002063
1.471290	0.002056
1.472265	0.002048
1.473240	0.002040
1.474214	0.002032
1.475189	0.002024
1.476164	0.002015
1.477139	0.002007
1.478114	0.001998
1.479088	0.001989
1.480063	0.001980
1.481038	0.001971
1.482013	0.001962
1.482988	0.001952
1.483962	0.001942
1.484937	0.001933
1.485912	0.001923
1.486887	0.001913
1.487862	0.001902
1.488836	0.001892
1.489811	0.001881
1.490786	0.001871
1.491761	0.001860
1.492736	0.001849
1.493710	0.001837
1.494685	0.001826
1.495660	0.001814
1.496635	0.001803
1.497609	0.001791
1.498584	0.001779
1.499559	0.001766
1.500534	0.001754
1.501509	0.001742
1.502483	0.001729
1.503458	0.001716
1.504433	0.001703
1.505408	0.001690
1.506383	0.001676
1.507357	0.001663
1.508332	0.001649
1.509307	0.001635
1.510282	0.001621
1.511257	0.001607
1.512231	0.001593
1.513206	0.001578
1.514181	0.001563
1.515156	0.001548
1.516131	0.001533
1.517105	0.001518
1.518080	0.001503
1.519055	0.001487
1.520030	0.001471
1.521004	0.001456
1.521979	0.001439
1.522954	0.001423
1.523929	0.001407
1.524904	0.001390
1.525878	0.001373
1.526853	0.001357
1.527828	0.001339
1.528803	0.001322
1.529778	0.001305
1.530752	0.001287
1.531727	0.001269
1.532702	0.001251
1.533677	0.001233
1.534652	0.001215
1.535626	0.001196
1.536601	0.001178
1.537576	0.001159
1.538551	0.001140
1.539526	0.001120
1.540500	0.001101
1.541475	0.001081
1.542450	0.001062
1.543425	0.001042
1.544399	0.001022
1.545374	0.001001
1.546349	0.000981
1.547324	0.000960
1.548299	0.000939
1.549273	0.000918
1.550248	0.000897
1.551223	0.000876
1.552198	0.000854
1.553173	0.000832
1.554147	0.000810
1.555122	0.000788
1.556097	0.000766
1.557072	0.000743
1.558047	0.000721
1.559021	0.000698
1.559996	0.000675
1.560971	0.000651
1.561946	0.000628
1.562921	0.000604
1.563895	0.000580
1.564870	0.000556
1.565845	0.000532
1.566820	0.000507
1.567795	0.000483
1.568769	0.000458
1.569744	0.000433
1.570719	0.000407
1.571694	0.000382
1.572668	0.000356
1.573643	0.000330
1.574618	0.000304
1.575593	0.000277
1.576568	0.000251
1.577542	0.000224
1.578517	0.000197
1.579492	0.000169
1.580467	0.000142
1.581442	0.000114
1.582416	0.000086
1.583391	0.000057
1.584366	0.000029
1.585349	0.000058
1.586332	0.000088
1.587314	0.000117
1.588297	0.000146
1.589280	0.000175
1.590263	0.000205
1.591245	0.000234
1.592228	0.000263
1.593211	0.000293
1.594194	0.000322
1.595176	0.000351
1.596159	0.000381
1.597142	0.000410
1.598125	0.000440
1.599108	0.000469
1.600090	0.000499
1.601073	0.000528
1.602056	0.000558
1.603039	0.000588
1.604021	0.000618
1.605004	0.000648
1.605987	0.000677
1.606970	0.000707
1.607953	0.000737
1.608935	0.000768
1.609918	0.000798
1.610901	0.000828
1.611884	0.000858
1.612866	0.000889
1.613849	0.000919
1.614832	0.000950
1.615815	0.000981
1.616798	0.001011
1.617780	0.001042
1.618763	0.001073
1.619746	0.001104
1.620729	0.001136
1.621711	0.001167
1.622694	0.001198
1.623677	0.001230
1.624660	0.001261
1.625643	0.001293
1.626625	0.001325
1.627608	0.001357
1.628591	0.001389
1.629574	0.001422
1.630556	0.001454
1.631539	0.001487
1.632522	0.001519
1.633505	0.001552
1.634488	0.001585
1.635470	0.001618
1.636453	0.001652
1.637436	0.001685
1.638419	0.001719
1.639401	0.001753
1.640384	0.001787
1.641367	0.001821
1.642350	0.001855
1.643333	0.001890
1.644315	0.001924
1.645298	0.001959
1.646281	0.001994
1.647264	0.002030
1.648246	0.002065
1.649229	0.002101
1.650212	0.002137
1.651195	0.002173
1.652177	0.002210
1.653160	0.002246
1.654143	0.002283
1.655126	0.002320
1.656109	0.002357
1.657091	0.002395
1.658074	0.002433
1.659057	0.002471
1.660040	0.002509
1.661022	0.002548
1.662005	0.002586
1.662988	0.002626
1.663971	0.002665
1.664954	0.002705
1.665936	0.002744
1.666919	0.002785
1.667902	0.002825
1.668885	0.002866
1.669867	0.002907
1.670850	0.002949
1.671833	0.002990
1.672816	0.003032
1.673799	0.003075
1.674781	0.003117
1.675764	0.003160
1.676747	0.003204
1.677730	0.003248
1.678712	0.003292
1.679695	0.003336
1.680678	0.003381
1.681661	0.003426
1.682644	0.003472
1.683626	0.003517
1.684609	0.003564
1.685592	0.003610
1.686575	0.003658
1.687557	0.003705
1.688540	0.003753
1.689523	0.003801
1.690506	0.003850
1.691489	0.003899
1.692471	0.003949
1.693454	0.003999
1.694437	0.004050
1.695420	0.004101
1.696402	0.004152
1.697385	0.004204
1.698368	0.004257
1.699351	0.004310
1.700333	0.004363
1.701316	0.004417
1.702299	0.004471
1.703282	0.004526
1.704265	0.004582
1.705247	0.004638
1.706230	0.004695
1.707213	0.004752
1.708196	0.004810
1.709178	0.004868
1.710161	0.004927
1.711144	0.004986
1.712127	0.005047
1.713110	0.005107
1.714092	0.005169
1.715075	0.005231
1.716058	0.005293
1.717041	0.005357
1.718023	0.005421
1.719006	0.005485
1.719989	0.005551
1.720972	0.005617
1.721955	0.005684
1.722937	0.005751
1.723920	0.005819
1.724903	0.005888
1.725886	0.005958
1.726868	0.006029
1.727851	0.006100
1.728834	0.006172
1.729817	0.006245
1.730800	0.006319
1.731782	0.006393
1.732765	0.006469
1.733748	0.006545
1.734731	0.006622
1.735713	0.006700
1.736696	0.006779
1.737679	0.006859
1.738662	0.006940
1.739645	0.007022
1.740627	0.007105
1.741610	0.007189
1.742593	0.007273
1.743576	0.007359
1.744558	0.007446
1.745541	0.007534
1.746524	0.007623
1.747507	0.007713
1.748489	0.007805
1.749472	0.007897
1.750455	0.007990
1.751438	0.008085
1.752421	0.008181
1.753403	0.008278
1.754386	0.008376
1.755369	0.008476
1.756352	0.008577
1.757334	0.008679
1.758317	0.008783
1.759300	0.008888
1.760283	0.008994
1.761266	0.009101
1.762248	0.009211
1.763231	0.009321
1.764214	0.009433
1.765197	0.009547
1.766179	0.009662
1.767162	0.009778
1.768145	0.009896
1.769128	0.010016
1.770111	0.010138
1.771093	0.010261
1.772076	0.010386
1.773059	0.010512
1.774042	0.010640
1.775024	0.010771
1.776007	0.010902
1.776990	0.011036
1.777973	0.011172
1.778956	0.011310
1.779938	0.011449
1.780921	0.011591
1.781904	0.011735
1.782887	0.011881
1.783869	0.012029
1.784852	0.012179
1.785835	0.012331
1.786818	0.012486
1.787801	0.012643
1.788783	0.012802
1.789766	0.012964
1.790749	0.013128
1.791732	0.013294
1.792714	0.013463
1.793697	0.013635
1.794680	0.013809
1.795663	0.013987
1.796645	0.014166
1.797628	0.014349
1.798611	0.014534
1.799594	0.014723
1.800577	0.014914
1.801559	0.015109
1.802542	0.015306
1.803525	0.015507
1.804508	0.015711
1.805490	0.015918
1.806473	0.016129
1.807456	0.016343
1.808439	0.016560
1.809422	0.016781
1.810404	0.017006
1.811387	0.017234
1.812370	0.017467
1.813353	0.017703
1.814335	0.017943
1.815318	0.018187
1.816301	0.018436
1.817284	0.018688
1.818267	0.018945
1.819249	0.019207
1.820232	0.019472
1.821215	0.019743
1.822198	0.020018
1.823180	0.020298
1.824163	0.020583
1.825146	0.020873
1.826129	0.021168
1.827112	0.021468
1.828094	0.021773
1.829077	0.022084
1.830060	0.022401
1.831043	0.022723
1.832025	0.023051
1.833008	0.023385
1.833991	0.023725
1.834974	0.024071
1.835957	0.024424
1.836939	0.024783
1.837922	0.025148
1.838905	0.025521
1.839888	0.025900
1.840870	0.026286
1.841853	0.026679
1.842836	0.027080
1.843819	0.027488
1.844801	0.027903
1.845784	0.028327
1.846767	0.028758
1.847750	0.029197
1.848733	0.029644
1.849715	0.030099
1.850698	0.030563
1.851681	0.031036
1.852664	0.031517
1.853646	0.032007
1.854629	0.032506
1.855612	0.033014
1.856595	0.033531
1.857578	0.034058
1.858560	0.034594
1.859543	0.035140
1.860526	0.035695
1.861509	0.036260
1.862491	0.036835
1.863474	0.037419
1.864457	0.038014
1.865440	0.038618
1.866423	0.039233
1.867405	0.039857
1.868388	0.040491
1.869371	0.041135
1.870354	0.041789
1.871336	0.042452
1.872319	0.043125
1.873302	0.043807
1.874285	0.044498
1.875268	0.045199
1.876250	0.045908
1.877233	0.046625
1.878216	0.047350
1.879199	0.048084
1.880181	0.048824
1.881164	0.049572
1.882147	0.050326
1.883130	0.051087
1.884113	0.051852
1.885095	0.052623
1.886078	0.053398
1.887061	0.054178
1.888044	0.054960
1.889026	0.055745
1.890009	0.056533
1.890992	0.057322
1.891975	0.058112
1.892958	0.058902
1.893940	0.059692
1.894923	0.060481
1.895906	0.061268
1.896889	0.062054
1.897871	0.062837
1.898854	0.063617
1.899837	0.064394
1.900820	0.065167
1.901802	0.065935
1.902785	0.066699
1.903768	0.067457
1.904751	0.068210
1.905734	0.068957
1.906716	0.069698
1.907699	0.070432
1.908682	0.071160
1.909665	0.071881
1.910647	0.072594
1.911630	0.073301
1.912613	0.074000
1.913596	0.074691
1.914579	0.075375
1.915561	0.076051
1.916544	0.076719
1.917527	0.077379
1.918510	0.078032
1.919492	0.078676
1.920475	0.079313
1.921458	0.079942
1.922441	0.080562
1.923424	0.081175
1.924406	0.081779
1.925389	0.082376
1.926372	0.082966
1.927355	0.083548
1.928337	0.084121
1.929320	0.084686
1.930303	0.085242
1.931286	0.085790
1.932269	0.086329
1.933251	0.086861
1.934234	0.087385
1.935217	0.087903
1.936200	0.088414
1.937182	0.088919
1.938165	0.089417
1.939148	0.089908
1.940131	0.090390
1.941114	0.090863
1.942096	0.091327
1.943079	0.091782
1.944062	0.092229
1.945045	0.092667
1.946027	0.093097
1.947010	0.093521
1.947993	0.093937
1.948976	0.094347
1.949958	0.094753
1.950941	0.095153
1.951924	0.095550
1.952907	0.095942
1.953890	0.096329
1.954872	0.096710
1.955855	0.097081
1.956838	0.097444
1.957821	0.097798
1.958803	0.098142
1.959786	0.098478
1.960769	0.098805
1.961752	0.099124
1.962735	0.099435
1.963717	0.099739
1.964700	0.100035
1.965683	0.100325
1.966666	0.100608
1.967648	0.100884
1.968631	0.101155
1.969614	0.101420
1.970597	0.101680
1.971580	0.101937
1.972562	0.102190
1.973545	0.102441
1.974528	0.102690
1.975511	0.102936
1.976493	0.103176
1.977476	0.103409
1.978459	0.103632
1.979442	0.103845
1.980425	0.104050
1.981407	0.104245
1.982390	0.104432
1.983373	0.104612
1.984356	0.104783
1.985338	0.104947
1.986321	0.105104
1.987304	0.105253
1.988287	0.105396
1.989270	0.105531
1.990252	0.105660
1.991235	0.105782
1.992218	0.105897
1.993201	0.106006
1.994183	0.106108
1.995166	0.106204
1.996149	0.106293
1.997132	0.106376
1.998114	0.106453
1.999097	0.106524
2.000080	0.106588
2.001063	0.106647
2.002046	0.106699
2.003028	0.106746
2.004011	0.106788
2.004994	0.106824
2.005977	0.106857
2.006959	0.106885
2.007942	0.106911
2.008925	0.106937
2.009908	0.106963
2.010891	0.106990
2.011873	0.107010
2.012856	0.107020
2.013839	0.107019
2.014822	0.107008
2.015804	0.106987
2.016787	0.106957
2.017770	0.106919
2.018753	0.106873
2.019736	0.106819
2.020718	0.106758
2.021701	0.106689
2.022684	0.106613
2.023667	0.106530
2.024649	0.106440
2.025632	0.106343
2.026615	0.106240
2.027598	0.106129
2.028581	0.106011
2.029563	0.105887
2.030546	0.105755
2.031529	0.105617
2.032512	0.105472
2.033494	0.105321
2.034477	0.105162
2.035460	0.104997
2.036443	0.104825
2.037426	0.104646
2.038408	0.104460
2.039391	0.104267
2.040374	0.104068
2.041357	0.103862
2.042339	0.103648
2.043322	0.103428
2.044305	0.103201
2.045288	0.102968
2.046270	0.102727
2.047253	0.102479
2.048236	0.102224
2.049219	0.101963
2.050202	0.101694
2.051184	0.101418
2.052167	0.101136
2.053150	0.100846
2.054133	0.100549
2.055115	0.100245
2.056098	0.099934
2.057081	0.099615
2.058064	0.099290
2.059047	0.098957
2.060029	0.098617
2.061012	0.098270
2.061995	0.097915
2.062978	0.097554
2.063960	0.097185
2.064943	0.096808
2.065926	0.096425
2.066909	0.096034
2.067892	0.095636
2.068874	0.095231
2.069857	0.094819
2.070840	0.094401
2.071823	0.093978
2.072805	0.093550
2.073788	0.093120
2.074771	0.092693
2.075754	0.092271
2.076737	0.091837
2.077719	0.091387
2.078702	0.090922
2.079685	0.090445
2.080668	0.089956
2.081650	0.089457
2.082633	0.088948
2.083616	0.088429
2.084599	0.087901
2.085582	0.087363
2.086564	0.086816
2.087547	0.086259
2.088530	0.085694
2.089513	0.085119
2.090495	0.084535
2.091478	0.083942
2.092461	0.083339
2.093444	0.082727
2.094426	0.082106
2.095409	0.081475
2.096392	0.080834
2.097375	0.080184
2.098358	0.079525
2.099340	0.078855
2.100323	0.078176
2.101306	0.077487
2.102289	0.076788
2.103271	0.076079
2.104254	0.075359
2.105237	0.074630
2.106220	0.073890
2.107203	0.073139
2.108185	0.072378
2.109168	0.071606
2.110151	0.070824
2.111134	0.070030
2.112116	0.069225
2.113099	0.068410
2.114082	0.067582
2.115065	0.066744
2.116048	0.065893
2.117030	0.065031
2.118013	0.064157
2.118996	0.063271
2.119979	0.062372
2.120961	0.061461
2.121944	0.060538
2.122927	0.059601
2.123910	0.058651
2.124893	0.057688
2.125875	0.056711
2.126858	0.055720
2.127841	0.054715
2.128824	0.053695
2.129806	0.052660
2.130789	0.051609
2.131772	0.050542
2.132755	0.049458
2.133738	0.048356
2.134720	0.047233
2.135703	0.046087
2.136686	0.044916
2.137669	0.043720
2.138651	0.042521
2.139634	0.041316
2.140617	0.040099
2.141600	0.038867
2.142583	0.037616
2.143565	0.036344
2.144548	0.035051
2.145531	0.033733
2.146514	0.032390
2.147496	0.031026
2.148479	0.029652
2.149462	0.028270
2.150445	0.026885
2.151427	0.025505
2.152410	0.024136
2.153393	0.022782
2.154376	0.021447
2.155359	0.020132
2.156341	0.018837
2.157324	0.017562
2.158307	0.016306
2.159290	0.015068
2.160272	0.013847
2.161255	0.012641
2.162238	0.011450
2.163221	0.010270
2.164204	0.009102
2.165186	0.007943
2.166169	0.006793
2.167152	0.005650
2.168135	0.004513
2.169117	0.003381
2.170100	0.002252
2.171083	0.001125
2.172066	0.000000
2.173049	0.000000
2.174031	0.000000
2.175014	0.000000
2.175997	0.000000
2.176980	0.000000
2.177962	0.000000
2.178945	0.000000
2.179928	0.000000
2.180911	0.000000
2.181894	0.000000
2.182876	0.000000
2.183859	0.000000
2.184842	0.000000
2.185825	0.000000
2.186807	0.000000
2.187790	0.000000
2.188773	0.000000
2.189756	0.000000
2.190739	0.000000
2.191721	0.000000
2.192704	0.000000
2.193687	0.000000
2.194670	0.000000
2.195652	0.000000
2.196635	0.000000
2.197618	0.000000
2.198601	0.000000
2.199583	0.000000
2.200566	0.000000
2.201549	0.000000
2.202532	0.000000
2.203515	0.000000
2.204497	0.000000
2.205480	0.000000
2.206463	0.000000
2.207446	0.000000
2.208428	0.000000
2.209411	0.000000
2.210394	0.000000
2.211377	0.000000
2.212360	0.000000
2.213342	0.000000
2.214325	0.000000
2.215308	0.000000
2.216291	0.000000
2.217273	0.000000
2.218256	0.000000
2.219239	0.000000
2.220222	0.000000
2.221205	0.000000
2.222187	0.000000
2.223170	0.000000
2.224153	0.000000
2.225136	0.000000
2.226118	0.000000
2.227101	0.000000
2.228084	0.000000
2.229067	0.000000
2.230050	0.000000
2.231032	0.000000
2.232015	0.000000
2.232998	0.000000
2.233981	0.000000
2.234963	0.000000
2.235946	0.000000
2.236929	0.000000
2.237912	0.000000
2.238895	0.000000
2.239877	0.000000
2.240860	0.000000
2.241843	0.000000
2.242826	0.000000
2.243808	0.000000
2.244791	0.000000
2.245774	0.000000
2.246757	0.000000
2.247739	0.000000
2.248722	0.000000
2.249705	0.000000
2.250688	0.000000
2.251671	0.000000
2.252653	0.000000
2.253636	0.000000
2.254619	0.000000
2.255602	0.000000
2.256584	0.000000
2.257567	0.000000
2.258550	0.000000
2.259533	0.000000
2.260516	0.000000
2.261498	0.000000
2.262481	0.000000
2.263464	0.000000
2.264447	0.000000
2.265429	0.000000
2.266412	0.000000
2.267395	0.000000
2.268378	0.000000
2.269361	0.000000
2.270343	0.000000
2.271326	0.000000
2.272309	0.000000
2.273292	0.000000
2.274274	0.000000
2.275257	0.000000
2.276240	0.000000
2.277223	0.000000
2.278206	0.000000
2.279188	0.000000
2.280171	0.000000
2.281154	0.000000
2.282137	0.000000
2.283119	0.000000
2.284102	0.000000
2.285085	0.000000
2.286068	0.000000
2.287051	0.000000
2.288033	0.000000
2.289016	0.000000
2.289999	0.000000
2.290982	0.000000
2.291964	0.000000
2.292947	0.000000
2.293930	0.000000
2.294913	0.000000
2.295895	0.000000
2.296878	0.000000
2.297861	0.000000
2.298844	0.000000
2.299827	0.000000
2.300809	0.000000
2.301792	0.000000
2.302775	0.000000
2.303758	0.000000
2.304740	0.000000
2.305723	0.000000
2.306706	0.000000
2.307689	0.000000
2.308672	0.000000
2.309654	0.000000
2.310637	0.000000
2.311620	0.000000
2.312603	0.000000
2.313585	0.000000
2.314568	0.000000
2.315551	0.000000
2.316534	0.000000
2.317517	0.000000
2.318499	0.000000
2.319482	0.000000
2.320465	0.000000
2.321448	0.000000
2.322430	0.000000
2.323413	0.000000
2.324396	0.000000
2.325379	0.000000
2.326362	0.000000
2.327344	0.000000
2.328327	0.000000
2.329310	0.000000
2.330293	0.000000
2.331275	0.000000
2.332258	0.000000
2.333241	0.000000
2.334224	0.000000
2.335207	0.000000
2.336189	0.000000
2.337172	0.000000
2.338155	0.000000
2.339138	0.000000
2.340120	0.000000
2.341103	0.000000
2.342086	0.000000
2.343069	0.000000
2.344051	0.000000
2.345034	0.000000
2.346017	0.000000
2.347000	0.000000
2.347983	0.000000
2.348965	0.000000
2.349948	0.000000
2.350931	0.000000
2.351914	0.000000
2.352896	0.000000
2.353879	0.000000
2.354862	0.000000
2.355845	0.000000
2.356828	0.000000
2.357810	0.000000
2.358793	0.000000
2.359776	0.000000
2.360759	-0.000000
2.361741	0.000000
2.362724	0.000000
2.363707	0.000000
2.364690	0.000000
2.365673	-0.000000
2.366655	0.000000
2.367638	0.000000
2.368621	0.000000
2.369604	0.000000
2.370586	0.000000
2.371569	0.000000
2.372552	0.000000
2.373535	-0.000000
2.374518	0.000000
2.375500	0.000000
2.376483	0.000000
2.377466	0.000000
2.378449	0.000000
2.379431	-0.000000
2.380414	-0.000000
2.381397	0.000000
2.382380	-0.000000
2.383363	-0.000000
2.384345	-0.000000
2.385328	-0.000000
2.386311	-0.000000
2.387294	-0.000000
2.388276	0.000000
2.389259	-0.000000
2.390242	0.000000
2.391225	-0.000000
2.392208	-0.000000
2.393190	-0.000000
2.394173	0.000000
2.395156	-0.000000
2.396139	-0.000000
2.397121	0.000000
2.398104	0.000000
2.399087	-0.000000
2.400070	-0.000000
2.401052	0.000000
2.402035	-0.000000
2.403018	0.000000
2.404001	-0.000000
2.404984	0.000000
2.405966	-0.000000
2.406949	0.000000
2.407932	0.000000
2.408915	-0.000000
2.409897	0.000000
2.410880	0.000000
2.411863	0.000000
2.412846	0.000000
2.413829	-0.000000
2.414811	-0.000000
2.415794	0.000000
2.416777	-0.000000
2.417760	0.000000
2.418742	0.000000
2.419725	0.000000
2.420708	-0.000000
2.421691	-0.000000
2.422674	0.000000
2.423656	-0.000000
2.424639	0.000000
2.425622	0.000000
2.426605	0.000000
2.427587	0.000000
2.428570	0.000000
2.429553	0.000000
2.430536	0.000000
2.431519	0.000000
2.432501	-0.000000
2.433484	0.000000
2.434467	0.000000
2.435450	-0.000000
2.436432	0.000000
2.437415	0.000000
2.438398	-0.000000
2.439381	0.000000
2.440364	0.000000
2.441346	-0.000000
2.442329	-0.000000
2.443312	-0.000000
2.444295	-0.000000
2.445277	-0.000000
2.446260	0.000000
2.447243	0.000000
2.448226	0.000000
2.449208	-0.000000
2.450191	-0.000000
2.451174	0.000000
2.452157	0.000000
2.453140	-0.000000
2.454122	0.000000
2.455105	0.000000
2.456088	0.000000
2.457071	0.000000
2.458053	-0.000000
2.459036	0.000000
2.460019	0.000000
2.461002	0.000000
2.461985	0.000000
2.462967	0.000000
2.463950	-0.000000
2.464933	-0.000000
2.465916	-0.000000
2.466898	-0.000000
2.467881	0.000000
2.468864	0.000000
2.469847	0.000000
2.470830	-0.000000
2.471812	0.000000
2.472795	-0.000000
2.473778	-0.000000
2.474761	-0.000000
2.475743	-0.000000
2.476726	-0.000000
2.477709	0.000000
2.478692	0.000000
2.479675	0.000000
2.480657	-0.000000
2.481640	-0.000000
2.482623	-0.000000
2.483606	0.000000
2.484588	0.000000
2.485571	0.000000
2.486554	0.000000
2.487537	0.000000
2.488520	0.000000
2.489502	0.000000
2.490485	-0.000000
2.491468	-0.000000
2.492451	0.000000
2.493433	-0.000000
2.494416	0.000000
2.495399	0.000000
2.496382	0.000000
2.497364	0.000000
2.498347	-0.000000
2.499330	-0.000000
2.500313	0.000000
2.501296	0.000000
2.502278	0.000000
2.503261	0.000000
2.504244	-0.000000
2.505227	-0.000000
2.506209	-0.000000
2.507192	-0.000000
2.508175	-0.000000
2.509158	0.000000
2.510141	0.000000
2.511123	0.000000
2.512106	-0.000000
2.513089	-0.000000
2.514072	-0.000000
2.515054	0.000000
2.516037	0.000000
2.517020	0.000000
2.518003	0.000000
2.518986	0.000000
2.519968	0.000000
2.520951	0.000000
2.521934	-0.000000
2.522917	-0.000000
2.523899	0.000000
2.524882	0.000000
2.525865	0.000000
2.526848	0.000000
2.527831	0.000000
2.528813	0.000000
2.529796	0.000000
2.530779	0.000000
2.531762	0.000000
2.532744	-0.000000
2.533727	0.000000
2.534710	0.000000
2.535693	0.000000
2.536676	0.000000
2.537658	-0.000000
2.538641	-0.000000
2.539624	-0.000000
2.540607	0.000000
2.541589	-0.000000
2.542572	-0.000000
2.543555	0.000000
2.544538	0.000000
2.545520	0.000000
2.546503	-0.000000
2.547486	-0.000000
2.548469	0.000000
2.549452	-0.000000
2.550434	0.000000
2.551417	0.000000
2.552400	0.000000
2.553383	-0.000000
2.554365	0.000000
2.555348	-0.000000
2.556331	0.000000
2.557314	0.000000
2.558297	-0.000000
2.559279	0.000000
2.560262	0.000000
2.561245	0.000000
2.562228	0.000000
2.563210	0.000000
2.564193	0.000000
2.565176	-0.000000
2.566159	0.000000
2.567142	-0.000000
2.568124	-0.000000
2.569107	-0.000000
2.570090	-0.000000
2.571073	0.000000
2.572055	0.000000
2.573038	0.000000
2.574021	0.000000
2.575004	0.000000
2.575987	0.000000
2.576969	0.000000
2.577952	0.000000
2.578935	0.000000
2.579918	-0.000000
2.580900	0.000000
2.581883	0.000000
2.582866	0.000000
2.583849	0.000000
2.584832	-0.000000
2.585814	0.000000
2.586797	0.000000
2.587780	0.000000
2.588763	0.000000
2.589745	0.000000
2.590728	0.000000
2.591711	0.000000
2.592694	0.000000
2.593676	0.000000
2.594659	-0.000000
2.595642	-0.000000
2.596625	-0.000000
2.597608	-0.000000
2.598590	0.000000
2.599573	-0.000000
2.600556	0.000000
2.601539	0.000000
2.602521	0.000000
2.603504	0.000000
2.604487	0.000000
2.605470	0.000000
2.606453	-0.000000
2.607435	0.000000
2.608418	0.000000
2.609401	-0.000000
2.610384	0.000000
2.611366	-0.000000
2.612349	0.000000
2.613332	0.000000
2.614315	0.000000
2.615298	-0.000000
2.616280	0.000000
2.617263	-0.000000
2.618246	-0.000000
2.619229	0.000000
2.620211	0.000000
2.621194	0.000000
2.622177	-0.000000
2.623160	-0.000000
2.624143	0.000000
2.625125	-0.000000
2.626108	-0.000000
2.627091	-0.000000
2.628074	0.000000
2.629056	0.000000
2.630039	0.000000
2.631022	0.000000
2.632005	-0.000000
2.632988	0.000000
2.633970	0.000000
2.634953	0.000000
2.635936	0.000000
2.636919	0.000000
2.637901	0.000000
2.638884	0.000000
2.639867	0.000000
2.640850	0.000000
2.641833	-0.000000
2.642815	-0.000000
2.643798	0.000000
2.644781	0.000000
2.645764	0.000000
2.646746	0.000000
2.647729	0.000000
2.648712	0.000000
2.649695	0.000000
2.650677	-0.000000
2.651660	-0.000000
2.652643	-0.000000
2.653626	0.000000
2.654609	0.000000
2.655591	0.000000
2.656574	-0.000000
2.657557	-0.000000
2.658540	-0.000000
2.659522	-0.000000
2.660505	-0.000000
2.661488	0.000000
2.662471	0.000000
2.663454	0.000000
2.664436	0.000000
2.665419	-0.000000
2.666402	-0.000000
2.667385	0.000000
2.668367	0.000000
2.669350	0.000000
2.670333	0.000000
2.671316	-0.000000
2.672299	0.000000
2.673281	-0.000000
2.674264	-0.000000
2.675247	0.000000
2.676230	0.000000
2.677212	0.000000
2.678195	0.000000
2.679178	0.000000
2.680161	0.000000
2.681144	0.000000
2.682126	-0.000000
2.683109	-0.000000
2.684092	-0.000000
2.685075	0.000000
2.686057	0.000000
2.687040	0.000000
2.688023	-0.000000
2.689006	-0.000000
2.689989	-0.000000
2.690971	-0.000000
2.691954	-0.000000
2.692937	0.000000
2.693920	-0.000000
2.694902	0.000000
2.695885	0.000000
2.696868	0.000000
2.697851	-0.000000
2.698833	-0.000000
2.699816	-0.000000
2.700799	-0.000000
2.701782	0.000000
2.702765	0.000000
2.703747	0.000000
2.704730	0.000000
2.705713	0.000000
2.706696	-0.000000
2.707678	0.000000
2.708661	0.000000
2.709644	0.000000
2.710627	0.000000
2.711610	-0.000000
2.712592	0.000000
2.713575	0.000000
2.714558	-0.000000
2.715541	-0.000000
2.716523	0.000000
2.717506	0.000000
2.718489	0.000000
2.719472	-0.000000
2.720455	-0.000000
2.721437	-0.000000
2.722420	-0.000000
2.723403	-0.000000
2.724386	0.000000
2.725368	0.000000
2.726351	-0.000000
2.727334	0.000000
2.728317	0.000000
2.729300	-0.000000
2.730282	0.000000
2.731265	0.000000
2.732248	-0.000000
2.733231	0.000000
2.734213	0.000000
2.735196	0.000000
2.736179	0.000000
2.737162	0.000000
2.738145	0.000000
2.739127	0.000000
2.740110	0.000000
2.741093	-0.000000
2.742076	0.000000
2.743058	-0.000000
2.744041	-0.000000
2.745024	0.000000
2.746007	0.000000
2.746989	0.000000
2.747972	-0.000000
2.748955	0.000000
2.749938	-0.000000
2.750921	-0.000000
2.751903	0.000000
2.752886	0.000000
2.753869	0.000000
2.754852	0.000000
2.755834	-0.000000
2.756817	0.000000
2.757800	0.000000
2.758783	-0.000000
2.759766	0.000000
2.760748	-0.000000
2.761731	0.000000
2.762714	-0.000000
2.763697	0.000000
2.764679	-0.000000
2.765662	-0.000000
2.766645	0.000000
2.767628	0.000000
2.768611	-0.000000
2.769593	-0.000000
2.770576	0.000000
2.771559	-0.000000
2.772542	-0.000000
2.773524	-0.000000
2.774507	0.000000
2.775490	-0.000000
2.776473	0.000000
2.777456	-0.000000
2.778438	-0.000000
2.779421	-0.000000
2.780404	-0.000000
2.781387	-0.000000
2.782369	-0.000000
2.783352	0.000000
2.784335	-0.000000
2.785318	-0.000000
2.786301	0.000000
2.787283	0.000000
2.788266	0.000000
2.789249	0.000000
2.790232	0.000000
2.791214	-0.000000
2.792197	0.000000
2.793180	0.000000
2.794163	0.000000
2.795145	0.000000
2.796128	0.000000
2.797111	0.000000
2.798094	0.000000
2.799077	-0.000000
2.800059	0.000000
2.801042	0.000000
2.802025	0.000000
2.803008	0.000000
2.803990	-0.000000
2.804973	0.000000
2.805956	0.000000
2.806939	0.000000
2.807922	0.000000
2.808904	0.000000
2.809887	0.000000
2.810870	0.000000
2.811853	0.000000
2.812835	0.000000
2.813818	0.000000
2.814801	0.000000
2.815784	0.000000
2.816767	0.000000
2.817749	0.000000
2.818732	0.000000
2.819715	0.000000
2.820698	0.000000
2.821680	0.000000
2.822663	0.000000
2.823646	0.000000
2.824629	0.000000
2.825612	0.000000
2.826594	0.000000
2.827577	0.000000
2.828560	0.000000
2.829543	0.000000
2.830525	0.000000
2.831508	0.000000
2.832491	0.000000
2.833474	0.000000
2.834457	0.000000
2.835439	0.000000
2.836422	0.000000
2.837405	0.000000
2.838388	0.000000
2.839370	0.000000
2.840353	0.000000
2.841336	0.000000
2.842319	0.000000
2.843301	0.000000
2.844284	0.000000
2.845267	0.000000
2.846250	0.000000
2.847233	0.000000
2.848215	0.000000
2.849198	0.000000
2.850181	0.000000
2.851164	0.000000
2.852146	0.000000
2.853129	0.000000
2.854112	0.000000
2.855095	0.000000
2.856078	0.000000
2.857060	0.000000
2.858043	0.000000
2.859026	0.000000
2.860009	0.000000
2.860991	0.000000
2.861974	0.000000
2.862957	0.000000
2.863940	0.000000
2.864923	0.000000
2.865905	0.000000
2.866888	0.000000
2.867871	0.000000
2.868854	0.000000
2.869836	0.000000
2.870819	0.000000
2.871802	0.000000
2.872785	0.000000
2.873768	0.000000
2.874750	0.000000
2.875733	0.000000
2.876716	0.000000
2.877699	0.000000
2.878681	0.000000
2.879664	0.000000
2.880647	0.000000
2.881630	0.000000
2.882613	0.000000
2.883595	0.000000
2.884578	0.000000
2.885561	0.000000
2.886544	0.000000
2.887526	0.000000
2.888509	0.000000
2.889492	0.000000
2.890475	0.000000
2.891458	0.000000
2.892440	0.000000
2.893423	0.000000
2.894406	0.000000
2.895389	0.000000
2.896371	0.000000
2.897354	0.000000
2.898337	0.000000
2.899320	0.000000
2.900302	0.000000
2.901285	0.000000
2.902268	0.000000
2.903251	0.000000
2.904234	0.000000
2.905216	0.000000
2.906199	0.000000
2.907182	0.000000
2.908165	0.000000
2.909147	0.000000
2.910130	0.000000
2.911113	0.000000
2.912096	0.000000
2.913079	0.000000
2.914061	0.000000
2.915044	0.000000
2.916027	0.000000
2.917010	0.000000
2.917992	0.000000
2.918975	0.000000
2.919958	0.000000
2.920941	0.000000
2.921924	0.000000
2.922906	0.000000
2.923889	0.000000
2.924872	0.000000
2.925855	0.000000
2.926837	0.000000
2.927820	0.000000
2.928803	0.000000
2.929786	0.000000
2.930769	0.000000
2.931751	0.000000
2.932734	0.000000
2.933717	0.000000
2.934700	0.000000
2.935682	0.000000
2.936665	0.000000
2.937648	0.000000
2.938631	0.000000
2.939614	0.000000
2.940596	0.000000
2.941579	0.000000
2.942562	0.000000
2.943545	0.000000
2.944527	0.000000
2.945510	0.000000
2.946493	0.000000
2.947476	0.000000
2.948458	0.000000
2.949441	0.000000
2.950424	0.000000
2.951407	0.000000
2.952390	0.000000
2.953372	0.000000
2.954355	0.000000
2.955338	0.000000
2.956321	0.000000
2.957303	0.000000
2.958286	0.000000
2.959269	0.000000
2.960252	0.000000
2.961235	0.000000
2.962217	0.000000
2.963200	0.000000
2.964183	0.000000
2.965166	0.000000
2.966148	0.000000
2.967131	0.000000
2.968114	0.000000
2.969097	0.000000
2.970080	0.000000
2.971062	0.000000
2.972045	0.000000
2.973028	0.000000
2.974011	0.000000
2.974993	0.000000
2.975976	0.000000
2.976959	0.000000
2.977942	0.000000
2.978925	0.000000
2.979907	0.000000
2.980890	0.000000
2.981873	0.000000
2.982856	0.000000
2.983838	0.000000
2.984821	0.000000
2.985804	0.000000
2.986787	0.000000
2.987770	0.000000
2.988752	0.000000
2.989735	0.000000
2.990718	0.000000
2.991701	0.000000
2.992683	0.000000
2.993666	0.001125
2.994649	0.002252
2.995632	0.003381
2.996614	0.004513
2.997597	0.005650
2.998580	0.006793
2.999563	0.007943
3.000546	0.009102
3.001528	0.010270
3.002511	0.011450
3.003494	0.012641
3.004477	0.013847
3.005459	0.015068
3.006442	0.016306
3.007425	0.017562
3.008408	0.018837
3.009391	0.020132
3.010373	0.021447
3.011356	0.022782
3.012339	0.024136
3.013322	0.025505
3.014304	0.026885
3.015287	0.028270
3.016270	0.029652
3.017253	0.031026
3.018236	0.032390
3.019218	0.033733
3.020201	0.035051
3.021184	0.036344
3.022167	0.037616
3.023149	0.038867
3.024132	0.040099
3.025115	0.041316
3.026098	0.042521
3.027081	0.043720
3.028063	0.044916
3.029046	0.046087
3.030029	0.047233
3.031012	0.048356
3.031994	0.049458
3.032977	0.050542
3.033960	0.051609
3.034943	0.052660
3.035926	0.053695
3.036908	0.054715
3.037891	0.055720
3.038874	0.056711
3.039857	0.057688
3.040839	0.058651
3.041822	0.059601
3.042805	0.060538
3.043788	0.061461
3.044770	0.062372
3.045753	0.063271
3.046736	0.064157
3.047719	0.065031
3.048702	0.065893
3.049684	0.066744
3.050667	0.067582
3.051650	0.068410
3.052633	0.069225
3.053615	0.070030
3.054598	0.070824
3.055581	0.071606
3.056564	0.072378
3.057547	0.073139
3.058529	0.073890
3.059512	0.074630
3.060495	0.075359
3.061478	0.076079
3.062460	0.076788
3.063443	0.077487
3.064426	0.078176
3.065409	0.078855
3.066392	0.079525
3.067374	0.080184
3.068357	0.080834
3.069340	0.081475
3.070323	0.082106
3.071305	0.082727
3.072288	0.083339
3.073271	0.083942
3.074254	0.084535
3.075237	0.085119
3.076219	0.085694
3.077202	0.086259
3.078185	0.086816
3.079168	0.087363
3.080150	0.087901
3.081133	0.088429
3.082116	0.088948
3.083099	0.089457
3.084082	0.089956
3.085064	0.090445
3.086047	0.090922
3.087030	0.091387
3.088013	0.091837
3.088995	0.092271
3.089978	0.092693
3.090961	0.093120
3.091944	0.093550
3.092926	0.093978
3.093909	0.094401
3.094892	0.094819
3.095875	0.095231
3.096858	0.095636
3.097840	0.096034
3.098823	0.096425
3.099806	0.096808
3.100789	0.097185
3.101771	0.097554
3.102754	0.097915
3.103737	0.098270
3.104720	0.098617
3.105703	0.098957
3.106685	0.099290
3.107668	0.099615
3.108651	0.099934
3.109634	0.100245
3.110616	0.100549
3.111599	0.100846
3.112582	0.101136
3.113565	0.101418
3.114548	0.101694
3.115530	0.101963
3.116513	0.102224
3.117496	0.102479
3.118479	0.102727
3.119461	0.102968
3.120444	0.103201
3.121427	0.103428
3.122410	0.103648
3.123393	0.103862
3.124375	0.104068
3.125358	0.104267
3.126341	0.104460
3.127324	0.104646
3.128306	0.104825
3.129289	0.104997
3.130272	0.105162
3.131255	0.105321
3.132238	0.105472
3.133220	0.105617
3.134203	0.105755
3.135186	0.105887
3.136169	0.106011
3.137151	0.106129
3.138134	0.106240
3.139117	0.106343
3.140100	0.106440
3.141083	0.106530
3.142065	0.106613
3.143048	0.106689
3.144031	0.106758
3.145014	0.106819
3.145996	0.106873
3.146979	0.106919
3.147962	0.106957
3.148945	0.106987
3.149927	0.107008
3.150910	0.107019
3.151893	0.107020
3.152876	0.107010
3.153859	0.106990
3.154841	0.106963
3.155824	0.106937
3.156807	0.106911
3.157790	0.106885
3.158772	0.106857
3.159755	0.106824
3.160738	0.106788
3.161721	0.106746
3.162704	0.106699
3.163686	0.106647
3.164669	0.106588
3.165652	0.106524
3.166635	0.106453
3.167617	0.106376
3.168600	0.106293
3.169583	0.106204
3.170566	0.106108
3.171549	0.106006
3.172531	0.105897
3.173514	0.105782
3.174497	0.105660
3.175480	0.105531
3.176462	0.105396
3.177445	0.105253
3.178428	0.105104
3.179411	0.104947
3.180394	0.104783
3.181376	0.104612
3.182359	0.104432
3.183342	0.104245
3.184325	0.104050
3.185307	0.103845
3.186290	0.103632
3.187273	0.103409
3.188256	0.103176
3.189239	0.102936
3.190221	0.102690
3.191204	0.102441
3.192187	0.102190
3.193170	0.101937
3.194152	0.101680
3.195135	0.101420
3.196118	0.101155
3.197101	0.100884
3.198083	0.100608
3.199066	0.100325
3.200049	0.100035
3.201032	0.099739
3.202015	0.099435
3.202997	0.099124
3.203980	0.098805
3.204963	0.098478
3.205946	0.098142
3.206928	0.097798
3.207911	0.097444
3.208894	0.097081
3.209877	0.096710
3.210860	0.096329
3.211842	0.095942
3.212825	0.095550
3.213808	0.095153
3.214791	0.094753
3.215773	0.094347
3.216756	0.093937
3.217739	0.093521
3.218722	0.093097
3.219705	0.092667
3.220687	0.092229
3.221670	0.091782
3.222653	0.091327
3.223636	0.090863
3.224618	0.090390
3.225601	0.089908
3.226584	0.089417
3.227567	0.088919
3.228550	0.088414
3.229532	0.087903
3.230515	0.087385
3.231498	0.086861
3.232481	0.086329
3.233463	0.085790
3.234446	0.085242
3.235429	0.084686
3.236412	0.084121
3.237395	0.083548
3.238377	0.082966
3.239360	0.082376
3.240343	0.081779
3.241326	0.081175
3.242308	0.080562
3.243291	0.079942
3.244274	0.079313
3.245257	0.078676
3.246239	0.078032
3.247222	0.077379
3.248205	0.076719
3.249188	0.076051
3.250171	0.075375
3.251153	0.074691
3.252136	0.074000
3.253119	0.073301
3.254102	0.072594
3.255084	0.071881
3.256067	0.071160
3.257050	0.070432
3.258033	0.069698
3.259016	0.068957
3.259998	0.068210
3.260981	0.067457
3.261964	0.066699
3.262947	0.065935
3.263929	0.065167
3.264912	0.064394
3.265895	0.063617
3.266878	0.062837
3.267861	0.062054
3.268843	0.061268
3.269826	0.060481
3.270809	0.059692
3.271792	0.058902
3.272774	0.058112
3.273757	0.057322
3.274740	0.056533
3.275723	0.055745
3.276706	0.054960
3.277688	0.054178
3.278671	0.053398
3.279654	0.052623
3.280637	0.051852
3.281619	0.051087
3.282602	0.050326
3.283585	0.049572
3.284568	0.048824
3.285551	0.048084
3.286533	0.047350
3.287516	0.046625
3.288499	0.045908
3.289482	0.045199
3.290464	0.044498
3.291447	0.043807
3.292430	0.043125
3.293413	0.042452
3.294395	0.041789
3.295378	0.041135
3.296361	0.040491
3.297344	0.039857
3.298327	0.039233
3.299309	0.038618
3.300292	0.038014
3.301275	0.037419
3.302258	0.036835
3.303240	0.036260
3.304223	0.035695
3.305206	0.035140
3.306189	0.034594
3.307172	0.034058
3.308154	0.033531
3.309137	0.033014
3.310120	0.032506
3.311103	0.032007
3.312085	0.031517
3.313068	0.031036
3.314051	0.030563
3.315034	0.030099
3.316017	0.029644
3.316999	0.029197
3.317982	0.028758
3.318965	0.028327
3.319948	0.027903
3.320930	0.027488
3.321913	0.027080
3.322896	0.026679
3.323879	0.026286
3.324862	0.025900
3.325844	0.025521
3.326827	0.025148
3.327810	0.024783
3.328793	0.024424
3.329775	0.024071
3.330758	0.023725
3.331741	0.023385
3.332724	0.023051
3.333707	0.022723
3.334689	0.022401
3.335672	0.022084
3.336655	0.021773
3.337638	0.021468
3.338620	0.021168
3.339603	0.020873
3.340586	0.020583
3.341569	0.020298
3.342551	0.020018
3.343534	0.019743
3.344517	0.019472
3.345500	0.019207
3.346483	0.018945
3.347465	0.018688
3.348448	0.018436
3.349431	0.018187
3.350414	0.017943
3.351396	0.017703
3.352379	0.017467
3.353362	0.017234
3.354345	0.017006
3.355328	0.016781
3.356310	0.016560
3.357293	0.016343
3.358276	0.016129
3.359259	0.015918
3.360241	0.015711
3.361224	0.015507
3.362207	0.015306
3.363190	0.015109
3.364173	0.014914
3.365155	0.014723
3.366138	0.014534
3.367121	0.014349
3.368104	0.014166
3.369086	0.013987
3.370069	0.013809
3.371052	0.013635
3.372035	0.013463
3.373018	0.013294
3.374000	0.013128
3.374983	0.012964
3.375966	0.012802
3.376949	0.012643
3.377931	0.012486
3.378914	0.012331
3.379897	0.012179
3.380880	0.012029
3.381863	0.011881
3.382845	0.011735
3.383828	0.011591
3.384811	0.011449
3.385794	0.011310
3.386776	0.011172
3.387759	0.011036
3.388742	0.010902
3.389725	0.010771
3.390708	0.010640
3.391690	0.010512
3.392673	0.010386
3.393656	0.010261
3.394639	0.010138
3.395621	0.010016
3.396604	0.009896
3.397587	0.009778
3.398570	0.009662
3.399552	0.009547
3.400535	0.009433
3.401518	0.009321
3.402501	0.009211
3.403484	0.009101
3.404466	0.008994
3.405449	0.008888
3.406432	0.008783
3.407415	0.008679
3.408397	0.008577
3.409380	0.008476
3.410363	0.008376
3.411346	0.008278
3.412329	0.008181
3.413311	0.008085
3.414294	0.007990
3.415277	0.007897
3.416260	0.007805
3.417242	0.007713
3.418225	0.007623
3.419208	0.007534
3.420191	0.007446
3.421174	0.007359
3.422156	0.007273
3.423139	0.007189
3.424122	0.007105
3.425105	0.007022
3.426087	0.006940
3.427070	0.006859
3.428053	0.006779
3.429036	0.006700
3.430019	0.006622
3.431001	0.006545
3.431984	0.006469
3.432967	0.006393
3.433950	0.006319
3.434932	0.006245
3.435915	0.006172
3.436898	0.006100
3.437881	0.006029
3.438864	0.005958
3.439846	0.005888
3.440829	0.005819
3.441812	0.005751
3.442795	0.005684
3.443777	0.005617
3.444760	0.005551
3.445743	0.005485
3.446726	0.005421
3.447708	0.005357
3.448691	0.005293
3.449674	0.005231
3.450657	0.005169
3.451640	0.005107
3.452622	0.005047
3.453605	0.004986
3.454588	0.004927
3.455571	0.004868
3.456553	0.004810
3.457536	0.004752
3.458519	0.004695
3.459502	0.004638
3.460485	0.004582
3.461467	0.004526
3.462450	0.004471
3.463433	0.004417
3.464416	0.004363
3.465398	0.004310
3.466381	0.004257
3.467364	0.004204
3.468347	0.004152
3.469330	0.004101
3.470312	0.004050
3.471295	0.003999
3.472278	0.003949
3.473261	0.003899
3.474243	0.003850
3.475226	0.003801
3.476209	0.003753
3.477192	0.003705
3.478175	0.003658
3.479157	0.003610
3.480140	0.003564
3.481123	0.003517
3.482106	0.003472
3.483088	0.003426
3.484071	0.003381
3.485054	0.003336
3.486037	0.003292
3.487020	0.003248
3.488002	0.003204
3.488985	0.003160
3.489968	0.003117
3.490951	0.003075
3.491933	0.003032
3.492916	0.002990
3.493899	0.002949
3.494882	0.002907
3.495864	0.002866
3.496847	0.002825
3.497830	0.002785
3.498813	0.002744
3.499796	0.002705
3.500778	0.002665
3.501761	0.002626
3.502744	0.002586
3.503727	0.002548
3.504709	0.002509
3.505692	0.002471
3.506675	0.002433
3.507658	0.002395
3.508641	0.002357
3.509623	0.002320
3.510606	0.002283
3.511589	0.002246
3.512572	0.002210
3.513554	0.002173
3.514537	0.002137
3.515520	0.002101
3.516503	0.002065
3.517486	0.002030
3.518468	0.001994
3.519451	0.001959
3.520434	0.001924
3.521417	0.001890
3.522399	0.001855
3.523382	0.001821
3.524365	0.001787
3.525348	0.001753
3.526331	0.001719
3.527313	0.001685
3.528296	0.001652
3.529279	0.001618
3.530262	0.001585
3.531244	0.001552
3.532227	0.001519
3.533210	0.001487
3.534193	0.001454
3.535176	0.001422
3.536158	0.001389
3.537141	0.001357
3.538124	0.001325
3.539107	0.001293
3.540089	0.001261
3.541072	0.001230
3.542055	0.001198
3.543038	0.001167
3.544020	0.001136
3.545003	0.001104
3.545986	0.001073
3.546969	0.001042
3.547952	0.001011
3.548934	0.000981
3.549917	0.000950
3.550900	0.000919
3.551883	0.000889
3.552865	0.000858
3.553848	0.000828
3.554831	0.000798
3.555814	0.000768
3.556797	0.000737
3.557779	0.000707
3.558762	0.000677
3.559745	0.000648
3.560728	0.000618
3.561710	0.000588
3.562693	0.000558
3.563676	0.000528
3.564659	0.000499
3.565642	0.000469
3.566624	0.000440
3.567607	0.000410
3.568590	0.000381
3.569573	0.000351
3.570555	0.000322
3.571538	0.000293
3.572521	0.000263
3.573504	0.000234
3.574487	0.000205
3.575469	0.000175
3.576452	0.000146
3.577435	0.000117
3.578418	0.000088
3.579400	0.000058
3.580375	0.000029
3.581350	0.000057
3.582325	0.000086
3.583300	0.000114
3.584274	0.000142
3.585249	0.000169
3.586224	0.000197
3.587199	0.000224
3.588174	0.000251
3.589148	0.000277
3.590123	0.000304
3.591098	0.000330
3.592073	0.000356
3.593048	0.000382
3.594022	0.000407
3.594997	0.000433
3.595972	0.000458
3.596947	0.000483
3.597921	0.000507
3.598896	0.000532
3.599871	0.000556
3.600846	0.000580
3.601821	0.000604
3.602795	0.000628
3.603770	0.000651
3.604745	0.000675
3.605720	0.000698
3.606695	0.000721
3.607669	0.000743
3.608644	0.000766
3.609619	0.000788
3.610594	0.000810
3.611569	0.000832
3.612543	0.000854
3.613518	0.000876
3.614493	0.000897
3.615468	0.000918
3.616443	0.000939
3.617417	0.000960
3.618392	0.000981
3.619367	0.001001
3.620342	0.001022
3.621316	0.001042
3.622291	0.001062
3.623266	0.001081
3.624241	0.001101
3.625216	0.001120
3.626190	0.001140
3.627165	0.001159
3.628140	0.001178
3.629115	0.001196
3.630090	0.001215
3.631064	0.001233
3.632039	0.001251
3.633014	0.001269
3.633989	0.001287
3.634964	0.001305
3.635938	0.001322
3.636913	0.001339
3.637888	0.001357
3.638863	0.001373
3.639838	0.001390
3.640812	0.001407
3.641787	0.001423
3.642762	0.001439
3.643737	0.001456
3.644711	0.001471
3.645686	0.001487
3.646661	0.001503
3.647636	0.001518
3.648611	0.001533
3.649585	0.001548
3.650560	0.001563
3.651535	0.001578
3.652510	0.001593
3.653485	0.001607
3.654459	0.001621
3.655434	0.001635
3.656409	0.001649
3.657384	0.001663
3.658359	0.001676
3.659333	0.001690
3.660308	0.001703
3.661283	0.001716
3.662258	0.001729
3.663233	0.001742
3.664207	0.001754
3.665182	0.001766
3.666157	0.001779
3.667132	0.001791
3.668106	0.001803
3.669081	0.001814
3.670056	0.001826
3.671031	0.001837
3.672006	0.001849
3.672980	0.001860
3.673955	0.001871
3.674930	0.001881
3.675905	0.001892
3.676880	0.001902
3.677854	0.001913
3.678829	0.001923
3.679804	0.001933
3.680779	0.001942
3.681754	0.001952
3.682728	0.001962
3.683703	0.001971
3.684678	0.001980
3.685653	0.001989
3.686628	0.001998
3.687602	0.002007
3.688577	0.002015
3.689552	0.002024
3.690527	0.002032
3.691501	0.002040
3.692476	0.002048
3.693451	0.002056
3.694426	0.002063
3.695401	0.002071
3.696375	0.002078
3.697350	0.002085
3.698325	0.002092
3.699300	0.002099
3.700275	0.002106
3.701249	0.002112
3.702224	0.002119
3.703199	0.002125
3.704174	0.002131
3.705149	0.002137
3.706123	0.002143
3.707098	0.002149
3.708073	0.002154
3.709048	0.002160
3.710023	0.002165
3.710997	0.002170
3.711972	0.002175
3.712947	0.002180
3.713922	0.002184
3.714897	0.002189
3.715871	0.002193
3.716846	0.002198
3.717821	0.002202
3.718796	0.002206
3.719770	0.002210
3.720745	0.002213
3.721720	0.002217
3.722695	0.002220
3.723670	0.002224
3.724644	0.002227
3.725619	0.002230
3.726594	0.002233
3.727569	0.002236
3.728544	0.002238
3.729518	0.002241
3.730493	0.002243
3.731468	0.002246
3.732443	0.002248
3.733418	0.002250
3.734392	0.002252
3.735367	0.002254
3.736342	0.002255
3.737317	0.002257
3.738292	0.002258
3.739266	0.002260
3.740241	0.002261
3.741216	0.002262
3.742191	0.002263
3.743165	0.002263
3.744140	0.002264
3.745115	0.002265
3.746090	0.002265
3.747065	0.002266
3.748039	0.002266
3.749014	0.002266
3.749989	0.002266
3.750964	0.002266
3.751939	0.002266
3.752913	0.002265
3.753888	0.002265
3.754863	0.002264
3.755838	0.002264
3.756813	0.002263
3.757787	0.002262
3.758762	0.002261
3.759737	0.002260
3.760712	0.002259
3.761687	0.002258
3.762661	0.002256
3.763636	0.002255
3.764611	0.002253
3.765586	0.002252
3.766560	0.002250
3.767535	0.002248
3.768510	0.002246
3.769485	0.002244
3.770460	0.002242
3.771434	0.002239
3.772409	0.002237
3.773384	0.002235
3.774359	0.002232
3.775334	0.002230
3.776308	0.002227
3.777283	0.002224
3.778258	0.002221
3.779233	0.002218
3.780208	0.002215
3.781182	0.002212
3.782157	0.002209
3.783132	0.002205
3.784107	0.002202
3.785082	0.002198
3.786056	0.002195
3.787031	0.002191
3.788006	0.002188
3.788981	0.002184
3.789955	0.002180
3.790930	0.002176
3.791905	0.002172
3.792880	0.002168
3.793855	0.002164
3.794829	0.002159
3.795804	0.002155
3.796779	0.002151
3.797754	0.002146
3.798729	0.002141
3.799703	0.002137
3.800678	0.002132
3.801653	0.002127
3.802628	0.002123
3.803603	0.002118
3.804577	0.002113
3.805552	0.002108
3.806527	0.002103
3.807502	0.002097
3.808477	0.002092
3.809451	0.002087
3.810426	0.002082
3.811401	0.002076
3.812376	0.002071
3.813350	0.002065
3.814325	0.002060
3.815300	0.002054
3.816275	0.002048
3.817250	0.002042
3.818224	0.002037
3.819199	0.002031
3.820174	0.002025
3.821149	0.002019
3.822124	0.002013
3.823098	0.002007
3.824073	0.002001
3.825048	0.001994
3.826023	0.001988
3.826998	0.001982
3.827972	0.001975
3.828947	0.001969
3.829922	0.001963
3.830897	0.001956
3.831872	0.001950
3.832846	0.001943
3.833821	0.001936
3.834796	0.001930
3.835771	0.001923
3.836746	0.001916
3.837720	0.001909
3.838695	0.001903
3.839670	0.001896
3.840645	0.001889
3.841619	0.001882
3.842594	0.001875
3.843569	0.001868
3.844544	0.001861
3.845519	0.001854
3.846493	0.001847
3.847468	0.001839
3.848443	0.001832
3.849418	0.001825
3.850393	0.001818
3.851367	0.001810
3.852342	0.001803
3.853317	0.001796
3.854292	0.001788
3.855267	0.001781
3.856241	0.001773
3.857216	0.001766
3.858191	0.001758
3.859166	0.001751
3.860141	0.001743
3.861115	0.001735
3.862090	0.001728
3.863065	0.001720
3.864040	0.001712
3.865014	0.001705
3.865989	0.001697
3.866964	0.001689
3.867939	0.001681
3.868914	0.001673
3.869888	0.001666
3.870863	0.001658
3.871838	0.001650
3.872813	0.001642
3.873788	0.001634
3.874762	0.001626
3.875737	0.001618
3.876712	0.001610
3.877687	0.001602
3.878662	0.001594
3.879636	0.001586
3.880611	0.001578
3.881586	0.001570
3.882561	0.001562
3.883536	0.001554
3.884510	0.001545
3.885485	0.001537
3.886460	0.001529
3.887435	0.001521
3.888409	0.001513
3.889384	0.001504
3.890359	0.001496
3.891334	0.001488
3.892309	0.001480
3.893283	0.001471
3.894258	0.001463
3.895233	0.001455
3.896208	0.001447
3.897183	0.001438
3.898157	0.001430
3.899132	0.001422
3.900107	0.001413
3.901082	0.001405
3.902057	0.001397
3.903031	0.001388
3.904006	0.001380
3.904981	0.001371
3.905956	0.001363
3.906931	0.001355
3.907905	0.001346
3.908880	0.001338
3.909855	0.001329
3.910830	0.001321
3.911804	0.001312
3.912779	0.001304
3.913754	0.001296
3.914729	0.001287
3.915704	0.001279
3.916678	0.001270
3.917653	0.001262
3.918628	0.001253
3.919603	0.001245
3.920578	0.001236
3.921552	0.001228
3.922527	0.001219
3.923502	0.001211
3.924477	0.001202
3.925452	0.001194
3.926426	0.001185
3.927401	0.001177
3.928376	0.001168
3.929351	0.001160
3.930326	0.001151
3.931300	0.001143
3.932275	0.001134
3.933250	0.001126
3.934225	0.001117
3.935200	0.001109
3.936174	0.001100
3.937149	0.001092
3.938124	0.001083
3.939099	0.001075
3.940073	0.001066
3.941048	0.001058
3.942023	0.001049
3.942998	0.001041
3.943973	0.001032
3.944947	0.001024
3.945922	0.001015
3.946897	0.001007
3.947872	0.000998
3.948847	0.000990
3.949821	0.000981
3.950796	0.000973
3.951771	0.000965
3.952746	0.000956
3.953721	0.000948
3.954695	0.000939
3.955670	0.000931
3.956645	0.000922
3.957620	0.000914
3.958595	0.000905
3.959569	0.000897
3.960544	0.000889
3.961519	0.000880
3.962494	0.000872
3.963468	0.000863
3.964443	0.000855
3.965418	0.000847
3.966393	0.000838
3.967368	0.000830
3.968342	0.000821
3.969317	0.000813
3.970292	0.000805
3.971267	0.000796
3.972242	0.000788
3.973216	0.000780
3.974191	0.000771
3.975166	0.000763
3.976141	0.000755
3.977116	0.000746
3.978090	0.000738
3.979065	0.000730
3.980040	0.000721
3.981015	0.000713
3.981990	0.000705
3.982964	0.000697
3.983939	0.000688
3.984914	0.000680
3.985889	0.000672
3.986863	0.000664
3.987838	0.000655
3.988813	0.000647
3.989788	0.000639
3.990763	0.000631
3.991737	0.000623
3.992712	0.000614
3.993687	0.000606
3.994662	0.000598
3.995637	0.000590
3.996611	0.000582
3.997586	0.000574
3.998561	0.000565
3.999536	0.000557
4.000511	0.000549
4.001485	0.000541
4.002460	0.000533
4.003435	0.000525
4.004410	0.000517
4.005385	0.000509
4.006359	0.000501
4.007334	0.000493
4.008309	0.000485
4.009284	0.000477
4.010258	0.000469
4.011233	0.000461
4.012208	0.000453
4.013183	0.000445
4.014158	0.000437
4.015132	0.000429
4.016107	0.000421
4.017082	0.000413
4.018057	0.000405
4.019032	0.000397
4.020006	0.000389
4.020981	0.000381
4.021956	0.000373
4.022931	0.000365
4.023906	0.000357
4.024880	0.000350
4.025855	0.000342
4.026830	0.000334
4.027805	0.000326
4.028780	0.000318
4.029754	0.000310
4.030729	0.000303
4.031704	0.000295
4.032679	0.000287
4.033653	0.000279
4.034628	0.000272
4.035603	0.000264
4.036578	0.000256
4.037553	0.000248
4.038527	0.000241
4.039502	0.000233
4.040477	0.000225
4.041452	0.000218
4.042427	0.000210
4.043401	0.000202
4.044376	0.000195
4.045351	0.000187
4.046326	0.000179
4.047301	0.000172
4.048275	0.000164
4.049250	0.000157
4.050225	0.000149
4.051200	0.000141
4.052175	0.000134
4.053149	0.000126
4.054124	0.000119
4.055099	0.000111
4.056074	0.000104
4.057049	0.000096
4.058023	0.000089
4.058998	0.000081
4.059973	0.000074
4.060948	0.000067
4.061922	0.000059
4.062897	0.000052
4.063872	0.000044
4.064847	0.000037
4.065822	0.000029
4.066796	0.000022
4.067779	0.000015
4.068762	0.000030
4.069745	0.000044
4.070728	0.000059
4.071710	0.000074
4.072693	0.000089
4.073676	0.000104
4.074659	0.000118
4.075641	0.000133
4.076624	0.000148
4.077607	0.000163
4.078590	0.000178
4.079573	0.000193
4.080555	0.000207
4.081538	0.000222
4.082521	0.000237
4.083504	0.000252
4.084486	0.000267
4.085469	0.000282
4.086452	0.000296
4.087435	0.000311
4.088417	0.000326
4.089400	0.000341
4.090383	0.000356
4.091366	0.000371
4.092349	0.000386
4.093331	0.000400
4.094314	0.000415
4.095297	0.000430
4.096280	0.000445
4.097262	0.000460
4.098245	0.000475
4.099228	0.000490
4.100211	0.000505
4.101194	0.000520
4.102176	0.000535
4.103159	0.000550
4.104142	0.000564
4.105125	0.000579
4.106107	0.000594
4.107090	0.000609
4.108073	0.000624
4.109056	0.000639
4.110039	0.000654
4.111021	0.000669
4.112004	0.000684
4.112987	0.000699
4.113970	0.000714
4.114952	0.000729
4.115935	0.000744
4.116918	0.000759
4.117901	0.000774
4.118884	0.000789
4.119866	0.000805
4.120849	0.000820
4.121832	0.000835
4.122815	0.000850
4.123797	0.000865
4.124780	0.000880
4.125763	0.000895
4.126746	0.000910
4.127729	0.000925
4.128711	0.000941
4.129694	0.000956
4.130677	0.000971
4.131660	0.000986
4.132642	0.001001
4.133625	0.001016
4.134608	0.001032
4.135591	0.001047
4.136573	0.001062
4.137556	0.001077
4.138539	0.001093
4.139522	0.001108
4.140505	0.001123
4.141487	0.001138
4.142470	0.001154
4.143453	0.001169
4.144436	0.001184
4.145418	0.001200
4.146401	0.001215
4.147384	0.001230
4.148367	0.001246
4.149350	0.001261
4.150332	0.001276
4.151315	0.001292
4.152298	0.001307
4.153281	0.001323
4.154263	0.001338
4.155246	0.001354
4.156229	0.001369
4.157212	0.001384
4.158195	0.001400
4.159177	0.001415
4.160160	0.001431
4.161143	0.001446
4.162126	0.001462
4.163108	0.001477
4.164091	0.001493
4.165074	0.001509
4.166057	0.001524
4.167040	0.001540
4.168022	0.001555
4.169005	0.001571
4.169988	0.001586
4.170971	0.001602
4.171953	0.001618
4.172936	0.001633
4.173919	0.001649
4.174902	0.001665
4.175885	0.001680
4.176867	0.001696
4.177850	0.001712
4.178833	0.001727
4.179816	0.001743
4.180798	0.001759
4.181781	0.001775
4.182764	0.001790
4.183747	0.001806
4.184729	0.001822
4.185712	0.001838
4.186695	0.001853
4.187678	0.001869
4.188661	0.001885
4.189643	0.001901
4.190626	0.001917
4.191609	0.001933
4.192592	0.001948
4.193574	0.001964
4.194557	0.001980
4.195540	0.001996
4.196523	0.002012
4.197506	0.002028
4.198488	0.002044
4.199471	0.002059
4.200454	0.002075
4.201437	0.002091
4.202419	0.002107
4.203402	0.002123
4.204385	0.002139
4.205368	0.002155
4.206351	0.002171
4.207333	0.002187
4.208316	0.002203
4.209299	0.002219
4.210282	0.002235
4.211264	0.002251
4.212247	0.002267
4.213230	0.002283
4.214213	0.002299
4.215196	0.002315
4.216178	0.002331
4.217161	0.002347
4.218144	0.002363
4.219127	0.002379
4.220109	0.002395
4.221092	0.002411
4.222075	0.002427
4.223058	0.002443
4.224041	0.002459
4.225023	0.002475
4.226006	0.002491
4.226989	0.002507
4.227972	0.002523
4.228954	0.002539
4.229937	0.002555
4.230920	0.002571
4.231903	0.002587
4.232885	0.002603
4.233868	0.002619
4.234851	0.002635
4.235834	0.002651
4.236817	0.002667
4.237799	0.002683
4.238782	0.002699
4.239765	0.002715
4.240748	0.002731
4.241730	0.002747
4.242713	0.002762
4.243696	0.002778
4.244679	0.002794
4.245662	0.002810
4.246644	0.002826
4.247627	0.002842
4.248610	0.002858
4.249593	0.002874
4.250575	0.002890
4.251558	0.002906
4.252541	0.002921
4.253524	0.002937
4.254507	0.002953
4.255489	0.002969
4.256472	0.002985
4.257455	0.003001
4.258438	0.003016
4.259420	0.003032
4.260403	0.003048
4.261386	0.003064
4.262369	0.003079
4.263352	0.003095
4.264334	0.003111
4.265317	0.003126
4.266300	0.003142
4.267283	0.003157
4.268265	0.003173
4.269248	0.003189
4.270231	0.003204
4.271214	0.003220
4.272197	0.003235
4.273179	0.003251
4.274162	0.003266
4.275145	0.003282
4.276128	0.003297
4.277110	0.003312
4.278093	0.003328
4.279076	0.003343
4.280059	0.003358
4.281042	0.003373
4.282024	0.003389
4.283007	0.003404
4.283990	0.003419
4.284973	0.003434
4.285955	0.003449
4.286938	0.003464
4.287921	0.003479
4.288904	0.003494
4.289886	0.003509
4.290869	0.003524
4.291852	0.003539
4.292835	0.003554
4.293818	0.003569
4.294800	0.003583
4.295783	0.003598
4.296766	0.003613
4.297749	0.003627
4.298731	0.003642
4.299714	0.003657
4.300697	0.003671
4.301680	0.003685
4.302663	0.003700
4.303645	0.003714
4.304628	0.003728
4.305611	0.003743
4.306594	0.003757
4.307576	0.003771
4.308559	0.003785
4.309542	0.003799
4.310525	0.003813
4.311508	0.003827
4.312490	0.003841
4.313473	0.003855
4.314456	0.003868
4.315439	0.003882
4.316421	0.003896
4.317404	0.003909
4.318387	0.003923
4.319370	0.003936
4.320353	0.003950
4.321335	0.003963
4.322318	0.003976
4.323301	0.003989
4.324284	0.004003
4.325266	0.004016
4.326249	0.004029
4.327232	0.004041
4.328215	0.004054
4.329198	0.004067
4.330180	0.004080
4.331163	0.004092
4.332146	0.004105
4.333129	0.004117
4.334111	0.004130
4.335094	0.004142
4.336077	0.004154
4.337060	0.004166
4.338042	0.004178
4.339025	0.004190
4.340008	0.004202
4.340991	0.004214
4.341974	0.004226
4.342956	0.004237
4.343939	0.004249
4.344922	0.004260
4.345905	0.004272
4.346887	0.004283
4.347870	0.004294
4.348853	0.004305
4.349836	0.004316
4.350819	0.004327
4.351801	0.004338
4.352784	0.004349
4.353767	0.004359
4.354750	0.004370
4.355732	0.004380
4.356715	0.004390
4.357698	0.004401
4.358681	0.004411
4.359664	0.004421
4.360646	0.004430
4.361629	0.004440
4.362612	0.004450
4.363595	0.004459
4.364577	0.004469
4.365560	0.004478
4.366543	0.004487
4.367526	0.004496
4.368509	0.004505
4.369491	0.004514
4.370474	0.004523
4.371457	0.004532
4.372440	0.004540
4.373422	0.004549
4.374405	0.004557
4.375388	0.004565
4.376371	0.004573
4.377354	0.004581
4.378336	0.004589
4.379319	0.004596
4.380302	0.004604
4.381285	0.004611
4.382267	0.004618
4.383250	0.004626
4.384233	0.004632
4.385216	0.004639
4.386198	0.004646
4.387181	0.004653
4.388164	0.004659
4.389147	0.004665
4.390130	0.004672
4.391112	0.004678
4.392095	0.004683
4.393078	0.004689
4.394061	0.004695
4.395043	0.004700
4.396026	0.004706
4.397009	0.004711
4.397992	0.004716
4.398975	0.004721
4.399957	0.004725
4.400940	0.004730
4.401923	0.004734
4.402906	0.004739
4.403888	0.004743
4.404871	0.004747
4.405854	0.004750
4.406837	0.004754
4.407820	0.004758
4.408802	0.004761
4.409785	0.004764
4.410768	0.004767
4.411751	0.004770
4.412733	0.004773
4.413716	0.004775
4.414699	0.004777
4.415682	0.004780
4.416665	0.004782
4.417647	0.004784
4.418630	0.004785
4.419613	0.004787
4.420596	0.004788
4.421578	0.004789
4.422561	0.004790
4.423544	0.004791
4.424527	0.004792
4.425510	0.004792
4.426492	0.004793
4.427475	0.004793
4.428458	0.004793
4.429441	0.004793
4.430423	0.004792
4.431406	0.004792
4.432389	0.004791
4.433372	0.004790
4.434354	0.004789
4.435337	0.004788
4.436320	0.004786
4.437303	0.004784
4.438286	0.004783
4.439268	0.004781
4.440251	0.004778
4.441234	0.004776
4.442217	0.004773
4.443199	0.004771
4.444182	0.004768
4.445165	0.004765
4.446148	0.004761
4.447131	0.004758
4.448113	0.004754
4.449096	0.004750
4.450079	0.004746
4.451062	0.004742
4.452044	0.004737
4.453027	0.004733
4.454010	0.004728
4.454993	0.004723
4.455976	0.004718
4.456958	0.004712
4.457941	0.004707
4.458924	0.004701
4.459907	0.004695
4.460889	0.004688
4.461872	0.004682
4.462855	0.004675
4.463838	0.004669
4.464821	0.004662
4.465803	0.004654
4.466786	0.004647
4.467769	0.004639
4.468752	0.004631
4.469734	0.004623
4.470717	0.004615
4.471700	0.004607
4.472683	0.004598
4.473666	0.004589
4.474648	0.004580
4.475631	0.004571
4.476614	0.004562
4.477597	0.004552
4.478579	0.004542
4.479562	0.004532
4.480545	0.004522
4.481528	0.004512
4.482510	0.004501
4.483493	0.004490
4.484476	0.004479
4.485459	0.004468
4.486442	0.004456
4.487424	0.004445
4.488407	0.004433
4.489390	0.004421
4.490373	0.004409
4.491355	0.004396
4.492338	0.004383
4.493321	0.004370
4.494304	0.004357
4.495287	0.004344
4.496269	0.004331
4.497252	0.004317
4.498235	0.004303
4.499218	0.004289
4.500200	0.004275
4.501183	0.004260
4.502166	0.004245
4.503149	0.004231
4.504132	0.004215
4.505114	0.004200
4.506097	0.004185
4.507080	0.004169
4.508063	0.004153
4.509045	0.004137
4.510028	0.004121
4.511011	0.004104
4.511994	0.004087
4.512977	0.004070
4.513959	0.004053
4.514942	0.004036
4.515925	0.004019
4.516908	0.004001
4.517890	0.003983
4.518873	0.003965
4.519856	0.003947
4.520839	0.003928
4.521822	0.003909
4.522804	0.003891
4.523787	0.003871
4.524770	0.003852
4.525753	0.003833
4.526735	0.003813
4.527718	0.003793
4.528701	0.003773
4.529684	0.003753
4.530667	0.003733
4.531649	0.003712
4.532632	0.003691
4.533615	0.003670
4.534598	0.003649
4.535580	0.003628
4.536563	0.003606
4.537546	0.003584
4.538529	0.003563
4.539511	0.003540
4.540494	0.003518
4.541477	0.003496
4.542460	0.003473
4.543443	0.003450
4.544425	0.003427
4.545408	0.003404
4.546391	0.003381
4.547374	0.003357
4.548356	0.003334
4.549339	0.003310
4.550322	0.003286
4.551305	0.003262
4.552288	0.003237
4.553270	0.003213
4.554253	0.003188
4.555236	0.003163
4.556219	0.003138
4.557201	0.003113
4.558184	0.003087
4.559167	0.003062
4.560150	0.003036
4.561133	0.003010
4.562115	0.002984
4.563098	0.002958
4.564081	0.002932
4.565064	0.002905
4.566046	0.002879
4.567029	0.002852
4.568012	0.002825
4.568995	0.002798
4.569978	0.002771
4.570960	0.002743
4.571943	0.002716
4.572926	0.002688
4.573909	0.002660
4.574891	0.002632
4.575874	0.002604
4.576857	0.002576
4.577840	0.002547
4.578823	0.002519
4.579805	0.002490
4.580788	0.002461
4.581771	0.002432
4.582754	0.002403
4.583736	0.002374
4.584719	0.002345
4.585702	0.002315
4.586685	0.002286
4.587667	0.002256
4.588650	0.002226
4.589633	0.002196
4.590616	0.002166
4.591599	0.002136
4.592581	0.002105
4.593564	0.002075
4.594547	0.002044
4.595530	0.002014
4.596512	0.001983
4.597495	0.001952
4.598478	0.001921
4.599461	0.001890
4.600444	0.001859
4.601426	0.001828
4.602409	0.001796
4.603392	0.001765
4.604375	0.001733
4.605357	0.001701
4.606340	0.001670
4.607323	0.001638
4.608306	0.001606
4.609289	0.001574
4.610271	0.001542
4.611254	0.001509
4.612237	0.001477
4.613220	0.001445
4.614202	0.001412
4.615185	0.001380
4.616168	0.001347
4.617151	0.001314
4.618134	0.001282
4.619116	0.001249
4.620099	0.001216
4.621082	0.001183
4.622065	0.001150
4.623047	0.001117
4.624030	0.001083
4.625013	0.001050
4.625996	0.001017
4.626979	0.000984
4.627961	0.000950
4.628944	0.000917
4.629927	0.000883
4.630910	0.000850
4.631892	0.000816
4.632875	0.000782
4.633858	0.000749
4.634841	0.000715
4.635823	0.000681
4.636806	0.000647
4.637789	0.000613
4.638772	0.000580
4.639755	0.000546
4.640737	0.000512
4.641720	0.000478
4.642703	0.000444
4.643686	0.000410
4.644668	0.000376
4.645651	0.000342
4.646634	0.000307
4.647617	0.000273
4.648600	0.000239
4.649582	0.000205
4.650565	0.000171
4.651548	0.000137
4.652531	0.000103
4.653513	0.000068
4.654496	0.000034
4.655479	-0.000000
4.656462	-0.000000
4.657445	0.000000
4.658427	0.000000
4.659410	-0.000000
4.660393	-0.000000
4.661376	0.000000
4.662358	0.000000
4.663341	-0.000000
4.664324	-0.000000
4.665307	-0.000000
4.666290	-0.000000
4.667272	0.000000
4.668255	0.000000
4.669238	-0.000000
4.670221	-0.000000
4.671203	-0.000000
4.672186	-0.000000
4.673169	-0.000000
4.674152	-0.000000
4.675135	-0.000000
4.676117	0.000000
4.677100	0.000000
4.678083	-0.000000
4.679066	-0.000000
4.680048	0.000000
4.681031	0.000000
4.682014	0.000000
4.682997	-0.000000
4.683979	-0.000000
4.684962	0.000000
4.685945	0.000000
4.686928	-0.000000
4.687911	-0.000000
4.688893	-0.000000
4.689876	0.000000
4.690859	0.000000
4.691842	-0.000000
4.692824	-0.000000
4.693807	-0.000000
4.694790	-0.000000
4.695773	-0.000000
4.696756	0.000000
4.697738	0.000000
4.698721	-0.000000
4.699704	-0.000000
4.700687	0.000000
4.701669	-0.000000
4.702652	0.000000
4.703635	0.000000
4.704618	0.000000
4.705601	0.000000
4.706583	0.000000
4.707566	-0.000000
4.708549	-0.000000
4.709532	0.000000
4.710514	0.000000
4.711497	0.000000
4.712480	-0.000000
4.713463	-0.000000
4.714446	-0.000000
4.715428	-0.000000
4.716411	0.000000
4.717394	0.000000
4.718377	-0.000000
4.719359	0.000000
4.720342	0.000000
4.721325	0.000000
4.722308	0.000000
4.723291	-0.000000
4.724273	-0.000000
4.725256	0.000000
4.726239	0.000000
4.727222	0.000000
4.728204	-0.000000
4.729187	-0.000000
4.730170	0.000000
4.731153	0.000000
4.732135	-0.000000
4.733118	0.000000
4.734101	0.000000
4.735084	0.000000
4.736067	-0.000000
4.737049	0.000000
4.738032	0.000000
4.739015	0.000000
4.739998	0.000000
4.740980	-0.000000
4.741963	-0.000000
4.742946	-0.000000
4.743929	-0.000000
4.744912	-0.000000
4.745894	-0.000000
4.746877	-0.000000
4.747860	-0.000000
4.748843	-0.000000
4.749825	0.000000
4.750808	0.000000
4.751791	-0.000000
4.752774	0.000000
4.753757	-0.000000
4.754739	-0.000000
4.755722	0.000000
4.756705	-0.000000
4.757688	-0.000000
4.758670	0.000000
4.759653	0.000000
4.760636	-0.000000
4.761619	-0.000000
4.762602	-0.000000
4.763584	0.000000
4.764567	0.000000
4.765550	0.000000
4.766533	0.000000
4.767515	-0.000000
4.768498	0.000000
4.769481	-0.000000
4.770464	-0.000000
4.771447	-0.000000
4.772429	-0.000000
4.773412	-0.000000
4.774395	-0.000000
4.775378	0.000000
4.776360	0.000000
4.777343	-0.000000
4.778326	-0.000000
4.779309	0.000000
4.780292	0.000000
4.781274	0.000000
4.782249	0.000000
4.783224	0.000000
4.784199	-0.000000
4.785173	-0.000000
4.786148	0.000000
4.787123	0.000000
4.788098	0.000000
4.789073	0.000000
4.790047	0.000000
4.791022	-0.000000
4.791997	-0.000000
4.792972	-0.000000
4.793947	-0.000000
4.794921	0.000000
4.795896	-0.000000
4.796871	0.000000
4.797846	0.000000
4.798821	0.000000
4.799795	0.000000
4.800770	-0.000000
4.801745	0.000000
4.802720	0.000000
4.803694	0.000000
4.804669	0.000000
4.805644	-0.000000
4.806619	0.000000
4.807594	0.000000
4.808568	0.000000
4.809543	0.000000
4.810518	-0.000000
4.811493	0.000000
4.812468	0.000000
4.813442	0.000000
4.814417	-0.000000
4.815392	0.000000
4.816367	0.000000
4.817342	-0.000000
4.818316	0.000000
4.819291	-0.000000
4.820266	-0.000000
4.821241	-0.000000
4.822216	-0.000000
4.823190	-0.000000
4.824165	0.000000
4.825140	0.000000
4.826115	-0.000000
4.827090	-0.000000
4.828064	0.000000
4.829039	0.000000
4.830014	0.000000
4.830989	0.000000
4.831963	0.000000
4.832938	-0.000000
4.833913	-0.000000
4.834888	-0.000000
4.835863	-0.000000
4.836837	-0.000000
4.837812	0.000000
4.838787	0.000000
4.839762	-0.000000
4.840737	-0.000000
4.841711	-0.000000
4.842686	-0.000000
4.843661	0.000000
4.844636	-0.000000
4.845611	0.000000
4.846585	0.000000
4.847560	-0.000000
4.848535	-0.000000
4.849510	-0.000000
4.850485	0.000000
4.851459	0.000000
4.852434	0.000000
4.853409	-0.000000
4.854384	-0.000000
4.855358	0.000000
4.856333	-0.000000
4.857308	0.000000
4.858283	-0.000000
4.859258	0.000000
4.860232	-0.000000
4.861207	-0.000000
4.862182	-0.000000
4.863157	0.000000
4.864132	-0.000000
4.865106	-0.000000
4.866081	-0.000000
4.867056	-0.000000
4.868031	0.000000
4.869006	-0.000000
4.869980	0.000000
4.870955	-0.000000
4.871930	-0.000000
4.872905	-0.000000
4.873880	0.000000
4.874854	-0.000000
4.875829	-0.000000
4.876804	-0.000000
4.877779	-0.000000
4.878761	-0.000000
4.879744	-0.000000
4.880727	0.000000
4.881710	-0.000000
4.882693	0.000000
4.883675	-0.000000
4.884658	0.000000
4.885641	0.000000
4.886624	-0.000000
4.887606	-0.000000
4.888589	-0.000000
4.889572	-0.000000
4.890555	0.000000
4.891538	0.000000
4.892520	-0.000000
4.893503	0.000000
4.894486	-0.000000
4.895469	-0.000000
4.896451	0.000000
4.897434	0.000000
4.898417	0.000000
4.899400	0.000000
4.900383	-0.000000
4.901365	-0.000000
4.902348	0.000000
4.903331	-0.000000
4.904314	-0.000000
4.905296	-0.000000
4.906279	0.000000
4.907262	0.000000
4.908245	0.000000
4.909228	0.000000
4.910210	-0.000000
4.911193	-0.000000
4.912176	0.000000
4.913159	0.000000
4.914141	-0.000000
4.915124	-0.000000
4.916107	-0.000000
4.917090	0.000000
4.918072	0.000000
4.919055	0.000000
4.920038	0.000000
4.921021	-0.000000
4.922004	0.000000
4.922986	0.000000
4.923969	0.000000
4.924952	0.000000
4.925935	0.000000
4.926917	0.000000
4.927900	-0.000000
4.928883	-0.000000
4.929866	-0.000000
4.930849	-0.000000
4.931831	0.000000
4.932814	0.000000
4.933797	0.000000
4.934780	0.000000
4.935762	0.000000
4.936745	0.000000
4.937728	0.000000
4.938711	0.000000
4.939694	-0.000000
4.940676	-0.000000
4.941659	-0.000000
4.942642	0.000000
4.943625	0.000000
4.944607	0.000000
4.945590	0.000000
4.946573	-0.000000
4.947556	-0.000000
4.948539	-0.000000
4.949521	0.000000
4.950504	-0.000000
4.951487	-0.000000
4.952470	0.000000
4.953452	-0.000000
4.954435	0.000000
4.955418	0.000000
4.956401	0.000000
4.957384	-0.000000
4.958366	0.000000
4.959349	0.000000
4.960332	-0.000000
4.961315	-0.000000
4.962297	0.000000
4.963280	-0.000000
4.964263	0.000000
4.965246	0.000000
4.966228	0.000000
4.967211	-0.000000
4.968194	0.000000
4.969177	-0.000000
4.970160	-0.000000
4.971142	-0.000000
4.972125	0.000000
4.973108	0.000000
4.974091	-0.000000
4.975073	0.000000
4.976056	0.000000
4.977039	-0.000000
4.978022	-0.000000
4.979005	-0.000000
4.979987	0.000000
4.980970	-0.000000
4.981953	0.000000
4.982936	-0.000000
4.983918	-0.000000
4.984901	0.000000
4.985884	-0.000000
4.986867	-0.000000
4.987850	-0.000000
4.988832	-0.000000
4.989815	-0.000000
4.990798	0.000000
4.991781	0.000000
4.992763	-0.000000
4.993746	-0.000000
4.994729	0.000000
4.995712	0.000000
4.996695	-0.000000
4.997677	0.000000
4.998660	0.000000
4.999643	0.000000
5.000626	-0.000000
5.001608	-0.000000
5.002591	0.000000
5.003574	0.000000
5.004557	0.000000
5.005540	-0.000000
5.006522	-0.000000
5.007505	-0.000000
5.008488	0.000000
5.009471	-0.000000
5.010453	0.000000
5.011436	-0.000000
5.012419	-0.000000
5.013402	-0.000000
5.014384	-0.000000
5.015367	-0.000000
5.016350	0.000000
5.017333	-0.000000
5.018316	0.000000
5.019298	0.000000
5.020281	-0.000000
5.021264	0.000000
5.022247	-0.000000
5.023229	-0.000000
5.024212	-0.000000
5.025195	-0.000000
5.026178	-0.000000
5.027161	-0.000000
5.028143	-0.000000
5.029126	-0.000000
5.030109	-0.000000
5.031092	-0.000000
5.032074	-0.000000
5.033057	-0.000000
5.034040	0.000000
5.035023	0.000000
5.036006	-0.000000
5.036988	-0.000000
5.037971	-0.000000
5.038954	0.000000
5.039937	0.000000
5.040919	0.000000
5.041902	-0.000000
5.042885	-0.000000
5.043868	0.000000
5.044851	0.000000
5.045833	-0.000000
5.046816	-0.000000
5.047799	0.000000
5.048782	-0.000000
5.049764	-0.000000
5.050747	-0.000000
5.051730	-0.000000
5.052713	-0.000000
5.053696	-0.000000
5.054678	-0.000000
5.055661	-0.000000
5.056644	-0.000000
5.057627	0.000000
5.058609	-0.000000
5.059592	-0.000000
5.060575	0.000000
5.061558	0.000000
5.062540	0.000000
5.063523	-0.000000
5.064506	-0.000000
5.065489	0.000000
5.066472	-0.000000
5.067454	-0.000000
5.068437	-0.000000
5.069420	-0.000000
5.070403	0.000000
5.071385	-0.000000
5.072368	-0.000000
5.073351	-0.000000
5.074334	-0.000000
5.075317	0.000000
5.076299	-0.000000
5.077282	0.000000
5.078265	0.000000
5.079248	0.000000
5.080230	-0.000000
5.081213	-0.000000
5.082196	-0.000000
5.083179	0.000000
5.084162	0.000000
5.085144	-0.000000
5.086127	-0.000000
5.087110	0.000000
5.088093	0.000000
5.089075	-0.000000
5.090058	-0.000000
5.091041	0.000000
5.092024	0.000000
5.093007	-0.000000
5.093989	0.000000
5.094972	-0.000000
5.095955	0.000000
5.096938	0.000000
5.097920	-0.000000
5.098903	0.000000
5.099886	0.000000
5.100869	-0.000000
5.101852	-0.000000
5.102834	-0.000000
5.103817	-0.000000
5.104800	0.000000
5.105783	0.000000
5.106765	0.000000
5.107748	0.000000
5.108731	0.000000
5.109714	0.000000
5.110697	-0.000000
5.111679	-0.000000
5.112662	-0.000000
5.113645	-0.000000
5.114628	-0.000000
5.115610	0.000000
5.116593	-0.000000
5.117576	-0.000000
5.118559	-0.000000
5.119541	-0.000000
5.120524	-0.000000
5.121507	-0.000000
5.122490	0.000000
5.123473	-0.000000
5.124455	-0.000000
5.125438	-0.000000
5.126421	0.000000
5.127404	-0.000000
5.128386	0.000000
5.129369	0.000000
5.130352	0.000000
5.131335	-0.000000
5.132318	0.000000
5.133300	-0.000000
5.134283	-0.000000
5.135266	0.000000
5.136249	-0.000000
5.137231	0.000000
5.138214	0.000000
5.139197	-0.000000
5.140180	0.000000
5.141163	0.000000
5.142145	0.000000
5.143128	0.000000
5.144111	-0.000000
5.145094	0.000000
5.146076	-0.000000
5.147059	0.000000
5.148042	-0.000000
5.149025	-0.000000
5.150008	0.000000
5.150990	-0.000000
5.151973	0.000000
5.152956	0.000000
5.153939	-0.000000
5.154921	0.000000
5.155904	0.000000
5.156887	0.000000
5.157870	0.000000
5.158853	0.000000
5.159835	0.000000
5.160818	0.000000
5.161801	-0.000000
5.162784	-0.000000
5.163766	0.000000
