0.000983	0.000000
0.001966	-0.000000
0.002948	-0.000000
0.003931	-0.000000
0.004914	0.000000
0.005897	-0.000000
0.006879	-0.000000
0.007862	-0.000000
0.008845	-0.000000
0.009828	-0.000000
0.010811	0.000000
0.011793	-0.000000
0.012776	-0.000000
0.013759	0.000000
0.014742	0.000000
0.015724	0.000000
0.016707	0.000000
0.017690	-0.000000
0.018673	-0.000000
0.019656	0.000000
0.020638	-0.000000
0.021621	-0.000000
0.022604	-0.000000
0.023587	0.000000
0.024569	0.000000
0.025552	0.000000
0.026535	-0.000000
0.027518	0.000000
0.028500	-0.000000
0.029483	0.000000
0.030466	0.000000
0.031449	-0.000000
0.032432	0.000000
0.033414	0.000000
0.034397	-0.000000
0.035380	0.000000
0.036363	0.000000
0.037345	0.000000
0.038328	0.000000
0.039311	-0.000000
0.040294	0.000000
0.041277	-0.000000
0.042259	0.000000
0.043242	0.000000
0.044225	0.000000
0.045208	0.000000
0.046190	-0.000000
0.047173	0.000000
0.048156	0.000000
0.049139	0.000000
0.050122	-0.000000
0.051104	-0.000000
0.052087	0.000000
0.053070	-0.000000
0.054053	-0.000000
0.055035	0.000000
0.056018	-0.000000
0.057001	-0.000000
0.057984	-0.000000
0.058967	0.000000
0.059949	-0.000000
0.060932	-0.000000
0.061915	-0.000000
0.062898	0.000000
0.063880	0.000000
0.064863	-0.000000
0.065846	0.000000
0.066829	-0.000000
0.067812	0.000000
0.068794	0.000000
0.069777	0.000000
0.070760	0.000000
0.071743	0.000000
0.072725	0.000000
0.073708	-0.000000
0.074691	0.000000
0.075674	-0.000000
0.076656	0.000000
0.077639	-0.000000
0.078622	-0.000000
0.079605	0.000000
0.080588	-0.000000
0.081570	0.000000
0.082553	0.000000
0.083536	-0.000000
0.084519	0.000000
0.085501	0.000000
0.086484	-0.000000
0.087467	-0.000000
0.088450	0.000000
0.089433	0.000000
0.090415	-0.000000
0.091398	0.000000
0.092381	-0.000000
0.093364	-0.000000
0.094346	0.000000
0.095329	0.000000
0.096312	-0.000000
0.097295	-0.000000
0.098278	-0.000000
0.099260	0.000000
0.100243	0.000000
0.101226	0.000000
0.102209	-0.000000
0.103191	0.000000
0.104174	0.000000
0.105157	-0.000000
0.106140	0.000000
0.107123	-0.000000
0.108105	-0.000000
0.109088	0.000000
0.110071	0.000000
0.111054	-0.000000
0.112036	0.000000
0.113019	0.000000
0.114002	-0.000000
0.114985	0.000000
0.115968	0.000000
0.116950	0.000000
0.117933	0.000000
0.118916	-0.000000
0.119899	-0.000000
0.120881	-0.000000
0.121864	0.000000
0.122847	-0.000000
0.123830	0.000000
0.124812	0.000000
0.125795	0.000000
0.126778	-0.000000
0.127761	-0.000000
0.128744	-0.000000
0.129726	-0.000000
0.130709	0.000000
0.131692	-0.000000
0.132675	0.000000
0.133657	-0.000000
0.134640	-0.000000
0.135623	-0.000000
0.136606	0.000000
0.137589	-0.000000
0.138571	0.000000
0.139554	-0.000000
0.140537	-0.000000
0.141520	0.000000
0.142502	0.000000
0.143485	0.000000
0.144468	0.000000
0.145451	0.000000
0.146434	-0.000000
0.147416	-0.000000
0.148399	-0.000000
0.149382	0.000000
0.150365	-0.000000
0.151347	0.000000
0.152330	0.000000
0.153313	-0.000000
0.154296	0.000000
0.155279	-0.000000
0.156261	-0.000000
0.157244	0.000000
0.158227	-0.000000
0.159210	-0.000000
0.160192	0.000000
0.161175	0.000000
0.162158	-0.000000
0.163141	0.000000
0.164124	-0.000000
0.165106	0.000000
0.166089	-0.000000
0.167072	-0.000000
0.168055	-0.000000
0.169037	-0.000000
0.170020	0.000000
0.171003	-0.000000
0.171986	-0.000000
0.172969	-0.000000
0.173951	-0.000000
0.174934	-0.000000
0.175917	-0.000000
0.176900	0.000000
0.177882	0.000000
0.178865	0.000000
0.179848	-0.000000
0.180831	-0.000000
0.181813	0.000000
0.182796	0.000000
0.183779	-0.000000
0.184762	-0.000000
0.185745	-0.000000
0.186727	-0.000000
0.187710	0.000000
0.188693	-0.000000
0.189676	0.000000
0.190658	0.000000
0.191641	-0.000000
0.192624	-0.000000
0.193607	-0.000000
0.194590	0.000000
0.195572	-0.000000
0.196555	0.000000
0.197538	-0.000000
0.198521	-0.000000
0.199503	-0.000000
0.200486	-0.000000
0.201469	-0.000000
0.202452	0.000000
0.203435	-0.000000
0.204417	-0.000000
0.205400	0.000000
0.206383	0.000000
0.207366	-0.000000
0.208348	0.000000
0.209331	0.000000
0.210314	-0.000000
0.211297	-0.000000
0.212280	-0.000000
0.213262	0.000000
0.214245	0.000000
0.215228	-0.000000
0.216211	0.000000
0.217193	0.000000
0.218176	0.000000
0.219159	-0.000000
0.220142	0.000000
0.221125	0.000000
0.222107	-0.000000
0.223090	-0.000000
0.224073	0.000000
0.225056	0.000000
0.226038	-0.000000
0.227021	-0.000000
0.228004	-0.000000
0.228987	-0.000000
0.229969	-0.000000
0.230952	-0.000000
0.231935	-0.000000
0.232918	0.000000
0.233901	0.000000
0.234883	-0.000000
0.235866	-0.000000
0.236849	0.000000
0.237832	-0.000000
0.238814	-0.000000
0.239797	0.000000
0.240780	-0.000000
0.241763	-0.000000
0.242746	-0.000000
0.243728	0.000000
0.244711	-0.000000
0.245694	-0.000000
0.246677	0.000000
0.247659	0.000000
0.248642	-0.000000
0.249625	0.000000
0.250608	-0.000000
0.251591	-0.000000
0.252573	0.000000
0.253556	-0.000000
0.254539	0.000000
0.255522	0.000000
0.256504	-0.000000
0.257487	-0.000000
0.258470	-0.000000
0.259453	-0.000000
0.260436	0.000000
0.261418	-0.000000
0.262401	0.000000
0.263384	-0.000000
0.264367	-0.000000
0.265349	0.000000
0.266332	-0.000000
0.267315	-0.000000
0.268298	-0.000000
0.269281	0.000000
0.270263	-0.000000
0.271246	0.000000
0.272229	0.000000
0.273212	0.000000
0.274194	-0.000000
0.275177	0.000000
0.276160	0.000000
0.277143	0.000000
0.278125	0.000000
0.279108	0.000000
0.280091	0.000000
0.281074	-0.000000
0.282057	0.000000
0.283039	0.000000
0.284022	-0.000000
0.285005	-0.000000
0.285988	0.000000
0.286962	0.000000
0.287937	0.000000
0.288912	0.000000
0.289887	0.000000
0.290862	0.000000
0.291836	-0.000000
0.292811	0.000000
0.293786	0.000000
0.294761	-0.000000
0.295736	-0.000000
0.296710	0.000000
0.297685	0.000000
0.298660	0.000000
0.299635	0.000000
0.300610	-0.000000
0.301584	0.000000
0.302559	0.000000
0.303534	0.000000
0.304509	-0.000000
0.305484	0.000000
0.306458	0.000000
0.307433	0.000000
0.308408	0.000000
0.309383	0.000000
0.310357	0.000000
0.311332	0.000000
0.312307	-0.000000
0.313282	0.000000
0.314257	-0.000000
0.315231	-0.000000
0.316206	0.000000
0.317181	0.000000
0.318156	-0.000000
0.319131	-0.000000
0.320105	0.000000
0.321080	0.000000
0.322055	0.000000
0.323030	0.000000
0.324005	-0.000000
0.324979	0.000000
0.325954	0.000000
0.326929	0.000000
0.327904	0.000000
0.328879	0.000000
0.329853	-0.000000
0.330828	0.000000
0.331803	-0.000000
0.332778	0.000000
0.333753	0.000000
0.334727	-0.000000
0.335702	-0.000000
0.336677	0.000000
0.337652	0.000000
0.338626	0.000000
0.339601	-0.000000
0.340576	-0.000000
0.341551	0.000000
0.342526	0.000000
0.343500	-0.000000
0.344475	-0.000000
0.345450	0.000000
0.346425	-0.000000
0.347400	-0.000000
0.348374	0.000000
0.349349	-0.000000
0.350324	0.000000
0.351299	-0.000000
0.352274	0.000000
0.353248	-0.000000
0.354223	-0.000000
0.355198	0.000000
0.356173	0.000000
0.357148	0.000000
0.358122	-0.000000
0.359097	-0.000000
0.360072	-0.000000
0.361047	0.000000
0.362021	0.000000
0.362996	0.000000
0.363971	0.000000
0.364946	-0.000000
0.365921	0.000000
0.366895	0.000000
0.367870	-0.000000
0.368845	-0.000000
0.369820	0.000000
0.370795	-0.000000
0.371769	0.000000
0.372744	0.000000
0.373719	0.000000
0.374694	0.000000
0.375669	-0.000000
0.376643	0.000000
0.377618	0.000000
0.378593	0.000000
0.379568	0.000000
0.380543	-0.000000
0.381517	0.000000
0.382492	-0.000000
0.383475	-0.000000
0.384458	0.000000
0.385440	0.000000
0.386423	0.000000
0.387406	-0.000000
0.388389	-0.000000
0.389372	-0.000000
0.390354	0.000000
0.391337	-0.000000
0.392320	-0.000000
0.393303	-0.000000
0.394285	-0.000000
0.395268	-0.000000
0.396251	-0.000000
0.397234	-0.000000
0.398217	0.000000
0.399199	0.000000
0.400182	-0.000000
0.401165	0.000000
0.402148	-0.000000
0.403130	0.000000
0.404113	0.000000
0.405096	0.000000
0.406079	0.000000
0.407061	-0.000000
0.408044	-0.000000
0.409027	-0.000000
0.410010	0.000000
0.410993	-0.000000
0.411975	0.000000
0.412958	0.000000
0.413941	0.000000
0.414924	-0.000000
0.415906	0.000000
0.416889	0.000000
0.417872	-0.000000
0.418855	0.000000
0.419838	0.000000
0.420820	0.000000
0.421803	0.000000
0.422786	0.000000
0.423769	0.000000
0.424751	-0.000000
0.425734	-0.000000
0.426717	-0.000000
0.427700	-0.000000
0.428683	-0.000000
0.429665	0.000000
0.430648	0.000000
0.431631	0.000000
0.432614	-0.000000
0.433596	0.000000
0.434579	0.000000
0.435562	0.000000
0.436545	0.000000
0.437528	-0.000000
0.438510	-0.000000
0.439493	-0.000000
0.440476	0.000000
0.441459	0.000000
0.442441	-0.000000
0.443424	0.000000
0.444407	-0.000000
0.445390	-0.000000
0.446373	-0.000000
0.447355	-0.000000
0.448338	0.000000
0.449321	-0.000000
0.450304	-0.000000
0.451286	0.000000
0.452269	0.000000
0.453252	-0.000000
0.454235	0.000000
0.455217	-0.000000
0.456200	0.000000
0.457183	-0.000000
0.458166	-0.000000
0.459149	0.000000
0.460131	0.000000
0.461114	-0.000000
0.462097	0.000000
0.463080	0.000000
0.464062	0.000000
0.465045	-0.000000
0.466028	0.000000
0.467011	-0.000000
0.467994	0.000000
0.468976	0.000000
0.469959	-0.000000
0.470942	-0.000000
0.471925	0.000000
0.472907	-0.000000
0.473890	-0.000000
0.474873	-0.000000
0.475856	-0.000000
0.476839	-0.000000
0.477821	-0.000000
0.478804	0.000000
0.479787	0.000000
0.480770	0.000000
0.481752	0.000000
0.482735	-0.000000
0.483718	-0.000000
0.484701	0.000000
0.485684	0.000000
0.486666	0.000000
0.487649	-0.000000
0.488632	-0.000000
0.489615	0.000000
0.490597	0.000000
0.491580	-0.000000
0.492563	0.000000
0.493546	-0.000000
0.494529	0.000000
0.495511	-0.000000
0.496494	-0.000000
0.497477	0.000000
0.498460	-0.000000
0.499442	-0.000000
0.500425	-0.000000
0.501408	-0.000000
0.502391	-0.000000
0.503374	0.000000
0.504356	-0.000000
0.505339	-0.000000
0.506322	-0.000000
0.507305	-0.000000
0.508287	0.000000
0.509270	0.000000
0.510253	-0.000000
0.511236	-0.000000
0.512218	-0.000000
0.513201	0.000000
0.514184	0.000000
0.515167	-0.000000
0.516150	0.000000
0.517132	-0.000000
0.518115	0.000000
0.519098	0.000000
0.520081	-0.000000
0.521063	0.000000
0.522046	-0.000000
0.523029	-0.000000
0.524012	0.000000
0.524995	0.000000
0.525977	-0.000000
0.526960	-0.000000
0.527943	0.000000
0.528926	0.000000
0.529908	0.000000
0.530891	-0.000000
0.531874	-0.000000
0.532857	-0.000000
0.533840	-0.000000
0.534822	0.000000
0.535805	0.000000
0.536788	0.000000
0.537771	-0.000000
0.538753	-0.000000
0.539736	-0.000000
0.540719	0.000000
0.541702	0.000000
0.542685	-0.000000
0.543667	-0.000000
0.544650	-0.000000
0.545633	-0.000000
0.546616	-0.000000
0.547598	0.000000
0.548581	0.000000
0.549564	-0.000000
0.550547	-0.000000
0.551530	0.000000
0.552512	-0.000000
0.553495	0.000000
0.554478	0.000000
0.555461	0.000000
0.556443	0.000000
0.557426	0.000000
0.558409	0.000000
0.559392	-0.000000
0.560374	0.000000
0.561357	-0.000000
0.562340	-0.000000
0.563323	0.000000
0.564306	-0.000000
0.565288	0.000000
0.566271	-0.000000
0.567254	0.000000
0.568237	0.000000
0.569219	0.000000
0.570202	-0.000000
0.571185	0.000000
0.572168	-0.000000
0.573151	-0.000000
0.574133	0.000000
0.575116	-0.000000
0.576099	0.000000
0.577082	0.000000
0.578064	-0.000000
0.579047	0.000000
0.580030	-0.000000
0.581013	-0.000000
0.581996	-0.000000
0.582978	-0.000000
0.583961	0.000000
0.584944	-0.000000
0.585927	-0.000000
0.586909	0.000000
0.587892	0.000000
0.588875	0.000000
0.589858	0.000000
0.590841	-0.000000
0.591823	-0.000000
0.592806	0.000000
0.593789	0.000000
0.594772	0.000000
0.595754	-0.000000
0.596737	-0.000000
0.597720	-0.000000
0.598703	-0.000000
0.599686	-0.000000
0.600668	0.000000
0.601651	0.000000
0.602634	0.000000
0.603617	-0.000000
0.604599	0.000000
0.605582	-0.000000
0.606565	-0.000000
0.607548	0.000000
0.608530	-0.000000
0.609513	-0.000000
0.610496	0.000000
0.611479	0.000000
0.612462	0.000000
0.613444	0.000000
0.614427	0.000000
0.615410	0.000000
0.616393	-0.000000
0.617375	-0.000000
0.618358	0.000000
0.619341	0.000000
0.620324	0.000000
0.621307	0.000000
0.622289	-0.000000
0.623272	-0.000000
0.624255	-0.000000
0.625238	-0.000000
0.626220	0.000000
0.627203	-0.000000
0.628186	0.000026
0.629169	0.000052
0.630152	0.000078
0.631134	0.000105
0.632117	0.000131
0.633100	0.000157
0.634083	0.000183
0.635065	0.000209
0.636048	0.000235
0.637031	0.000261
0.638014	0.000287
0.638997	0.000313
0.639979	0.000340
0.640962	0.000366
0.641945	0.000392
0.642928	0.000417
0.643910	0.000443
0.644893	0.000469
0.645876	0.000495
0.646859	0.000521
0.647842	0.000547
0.648824	0.000573
0.649807	0.000598
0.650790	0.000624
0.651773	0.000650
0.652755	0.000675
0.653738	0.000701
0.654721	0.000726
0.655704	0.000752
0.656686	0.000777
0.657669	0.000803
0.658652	0.000828
0.659635	0.000853
0.660618	0.000879
0.661600	0.000904
0.662583	0.000929
0.663566	0.000954
0.664549	0.000979
0.665531	0.001004
0.666514	0.001029
0.667497	0.001054
0.668480	0.001078
0.669463	0.001103
0.670445	0.001128
0.671428	0.001152
0.672411	0.001177
0.673394	0.001201
0.674376	0.001225
0.675359	0.001250
0.676342	0.001274
0.677325	0.001298
0.678308	0.001322
0.679290	0.001346
0.680273	0.001370
0.681256	0.001393
0.682239	0.001417
0.683221	0.001441
0.684204	0.001464
0.685187	0.001487
0.686170	0.001511
0.687153	0.001534
0.688135	0.001557
0.689118	0.001580
0.690101	0.001603
0.691084	0.001626
0.692066	0.001649
0.693049	0.001671
0.694032	0.001694
0.695015	0.001716
0.695998	0.001738
0.696980	0.001761
0.697963	0.001783
0.698946	0.001805
0.699929	0.001826
0.700911	0.001848
0.701894	0.001870
0.702877	0.001891
0.703860	0.001913
0.704842	0.001934
0.705825	0.001955
0.706808	0.001976
0.707791	0.001997
0.708774	0.002018
0.709756	0.002039
0.710739	0.002059
0.711722	0.002080
0.712705	0.002100
0.713687	0.002120
0.714670	0.002140
0.715653	0.002160
0.716636	0.002180
0.717619	0.002199
0.718601	0.002219
0.719584	0.002238
0.720567	0.002258
0.721550	0.002277
0.722532	0.002296
0.723515	0.002314
0.724498	0.002333
0.725481	0.002352
0.726464	0.002370
0.727446	0.002388
0.728429	0.002407
0.729412	0.002425
0.730395	0.002442
0.731377	0.002460
0.732360	0.002478
0.733343	0.002495
0.734326	0.002512
0.735309	0.002529
0.736291	0.002546
0.737274	0.002563
0.738257	0.002580
0.739240	0.002596
0.740222	0.002613
0.741205	0.002629
0.742188	0.002645
0.743171	0.002661
0.744154	0.002677
0.745136	0.002692
0.746119	0.002708
0.747102	0.002723
0.748085	0.002738
0.749067	0.002753
0.750050	0.002768
0.751033	0.002782
0.752016	0.002797
0.752999	0.002811
0.753981	0.002825
0.754964	0.002839
0.755947	0.002853
0.756930	0.002867
0.757912	0.002880
0.758895	0.002894
0.759878	0.002907
0.760861	0.002920
0.761843	0.002933
0.762826	0.002945
0.763809	0.002958
0.764792	0.002970
0.765775	0.002982
0.766757	0.002994
0.767740	0.003006
0.768723	0.003018
0.769706	0.003029
0.770688	0.003041
0.771671	0.003052
0.772654	0.003063
0.773637	0.003074
0.774620	0.003084
0.775602	0.003095
0.776585	0.003105
0.777568	0.003115
0.778551	0.003125
0.779533	0.003135
0.780516	0.003145
0.781499	0.003154
0.782482	0.003164
0.783465	0.003173
0.784447	0.003182
0.785430	0.003190
0.786413	0.003199
0.787396	0.003208
0.788378	0.003216
0.789361	0.003224
0.790344	0.003232
0.791327	0.003240
0.792310	0.003247
0.793292	0.003255
0.794275	0.003262
0.795258	0.003269
0.796241	0.003276
0.797223	0.003283
0.798206	0.003289
0.799189	0.003295
0.800172	0.003302
0.801155	0.003308
0.802137	0.003314
0.803120	0.003319
0.804103	0.003325
0.805086	0.003330
0.806068	0.003335
0.807051	0.003340
0.808034	0.003345
0.809017	0.003350
0.809999	0.003354
0.810982	0.003359
0.811965	0.003363
0.812948	0.003367
0.813931	0.003371
0.814913	0.003374
0.815896	0.003378
0.816879	0.003381
0.817862	0.003384
0.818844	0.003387
0.819827	0.003390
0.820810	0.003393
0.821793	0.003395
0.822776	0.003398
0.823758	0.003400
0.824741	0.003402
0.825724	0.003404
0.826707	0.003405
0.827689	0.003407
0.828672	0.003408
0.829655	0.003409
0.830638	0.003410
0.831621	0.003411
0.832603	0.003412
0.833586	0.003412
0.834569	0.003413
0.835552	0.003413
0.836534	0.003413
0.837517	0.003413
0.838500	0.003413
0.839483	0.003412
0.840466	0.003412
0.841448	0.003411
0.842431	0.003410
0.843414	0.003409
0.844397	0.003408
0.845379	0.003406
0.846362	0.003405
0.847345	0.003403
0.848328	0.003401
0.849311	0.003399
0.850293	0.003397
0.851276	0.003395
0.852259	0.003393
0.853242	0.003390
0.854224	0.003387
0.855207	0.003384
0.856190	0.003381
0.857173	0.003378
0.858155	0.003375
0.859138	0.003372
0.860121	0.003368
0.861104	0.003364
0.862087	0.003360
0.863069	0.003356
0.864052	0.003352
0.865035	0.003348
0.866018	0.003343
0.867000	0.003339
0.867983	0.003334
0.868966	0.003329
0.869949	0.003324
0.870932	0.003319
0.871914	0.003314
0.872897	0.003308
0.873880	0.003303
0.874863	0.003297
0.875845	0.003291
0.876828	0.003285
0.877811	0.003279
0.878794	0.003273
0.879777	0.003266
0.880759	0.003260
0.881742	0.003253
0.882725	0.003247
0.883708	0.003240
0.884690	0.003233
0.885673	0.003226
0.886656	0.003218
0.887639	0.003211
0.888622	0.003203
0.889604	0.003196
0.890587	0.003188
0.891570	0.003180
0.892553	0.003172
0.893535	0.003164
0.894518	0.003156
0.895501	0.003148
0.896484	0.003139
0.897467	0.003130
0.898449	0.003122
0.899432	0.003113
0.900415	0.003104
0.901398	0.003095
0.902380	0.003086
0.903363	0.003077
0.904346	0.003067
0.905329	0.003058
0.906311	0.003048
0.907294	0.003039
0.908277	0.003029
0.909260	0.003019
0.910243	0.003009
0.911225	0.002999
0.912208	0.002988
0.913191	0.002978
0.914174	0.002968
0.915156	0.002957
0.916139	0.002947
0.917122	0.002936
0.918105	0.002925
0.919088	0.002914
0.920070	0.002903
0.921053	0.002892
0.922036	0.002881
0.923019	0.002869
0.924001	0.002858
0.924984	0.002847
0.925967	0.002835
0.926950	0.002823
0.927933	0.002812
0.928915	0.002800
0.929898	0.002788
0.930881	0.002776
0.931864	0.002764
0.932846	0.002751
0.933829	0.002739
0.934812	0.002727
0.935795	0.002714
0.936778	0.002702
0.937760	0.002689
0.938743	0.002676
0.939726	0.002664
0.940709	0.002651
0.941691	0.002638
0.942674	0.002625
0.943657	0.002612
0.944640	0.002598
0.945623	0.002585
0.946605	0.002572
0.947588	0.002558
0.948571	0.002545
0.949554	0.002531
0.950536	0.002518
0.951519	0.002504
0.952502	0.002490
0.953485	0.002476
0.954467	0.002462
0.955450	0.002448
0.956433	0.002434
0.957416	0.002420
0.958399	0.002406
0.959381	0.002392
0.960364	0.002378
0.961347	0.002363
0.962330	0.002349
0.963312	0.002334
0.964295	0.002320
0.965278	0.002305
0.966261	0.002290
0.967244	0.002276
0.968226	0.002261
0.969209	0.002246
0.970192	0.002231
0.971175	0.002216
0.972157	0.002201
0.973140	0.002186
0.974123	0.002171
0.975106	0.002155
0.976089	0.002140
0.977071	0.002125
0.978054	0.002109
0.979037	0.002094
0.980020	0.002078
0.981002	0.002063
0.981985	0.002047
0.982968	0.002032
0.983951	0.002016
0.984934	0.002000
0.985916	0.001985
0.986899	0.001969
0.987882	0.001953
0.988865	0.001937
0.989847	0.001921
0.990830	0.001905
0.991813	0.001889
0.992796	0.001873
0.993779	0.001857
0.994761	0.001841
0.995744	0.001824
0.996727	0.001808
0.997710	0.001792
0.998692	0.001775
0.999675	0.001759
1.000658	0.001743
1.001641	0.001726
1.002624	0.001710
1.003606	0.001693
1.004589	0.001676
1.005572	0.001660
1.006555	0.001643
1.007537	0.001627
1.008520	0.001610
1.009503	0.001593
1.010486	0.001576
1.011468	0.001559
1.012451	0.001543
1.013434	0.001526
1.014417	0.001509
1.015400	0.001492
1.016382	0.001475
1.017365	0.001458
1.018348	0.001441
1.019331	0.001424
1.020313	0.001407
1.021296	0.001390
1.022279	0.001372
1.023262	0.001355
1.024245	0.001338
1.025227	0.001321
1.026210	0.001304
1.027193	0.001286
1.028176	0.001269
1.029158	0.001252
1.030141	0.001234
1.031124	0.001217
1.032107	0.001199
1.033090	0.001182
1.034072	0.001165
1.035055	0.001147
1.036038	0.001130
1.037021	0.001112
1.038003	0.001095
1.038986	0.001077
1.039969	0.001059
1.040952	0.001042
1.041935	0.001024
1.042917	0.001007
1.043900	0.000989
1.044883	0.000971
1.045866	0.000954
1.046848	0.000936
1.047831	0.000918
1.048814	0.000900
1.049797	0.000883
1.050780	0.000865
1.051762	0.000847
1.052745	0.000829
1.053728	0.000811
1.054711	0.000794
1.055693	0.000776
1.056676	0.000758
1.057659	0.000740
1.058642	0.000722
1.059624	0.000704
1.060607	0.000686
1.061590	0.000668
1.062573	0.000651
1.063556	0.000633
1.064538	0.000615
1.065521	0.000597
1.066504	0.000579
1.067487	0.000561
1.068469	0.000543
1.069452	0.000525
1.070435	0.000507
1.071418	0.000489
1.072401	0.000471
1.073383	0.000453
1.074366	0.000435
1.075349	0.000416
1.076332	0.000398
1.077314	0.000380
1.078297	0.000362
1.079280	0.000344
1.080263	0.000326
1.081246	0.000308
1.082228	0.000290
1.083211	0.000272
1.084194	0.000254
1.085177	0.000236
1.086159	0.000218
1.087142	0.000199
1.088125	0.000181
1.089108	0.000163
1.090091	0.000145
1.091073	0.000127
1.092056	0.000109
1.093039	0.000091
1.094022	0.000073
1.095004	0.000054
1.095987	0.000036
1.096970	0.000018
1.097945	0.000027
1.098920	0.000036
1.099894	0.000045
1.100869	0.000054
1.101844	0.000063
1.102819	0.000072
1.103794	0.000081
1.104768	0.000091
1.105743	0.000100
1.106718	0.000109
1.107693	0.000118
1.108667	0.000127
1.109642	0.000137
1.110617	0.000146
1.111592	0.000155
1.112567	0.000164
1.113541	0.000174
1.114516	0.000183
1.115491	0.000192
1.116466	0.000202
1.117441	0.000211
1.118415	0.000220
1.119390	0.000230
1.120365	0.000239
1.121340	0.000249
1.122315	0.000258
1.123289	0.000268
1.124264	0.000277
1.125239	0.000287
1.126214	0.000296
1.127189	0.000306
1.128163	0.000315
1.129138	0.000325
1.130113	0.000335
1.131088	0.000344
1.132062	0.000354
1.133037	0.000364
1.134012	0.000373
1.134987	0.000383
1.135962	0.000393
1.136936	0.000403
1.137911	0.000413
1.138886	0.000423
1.139861	0.000432
1.140836	0.000442
1.141810	0.000452
1.142785	0.000462
1.143760	0.000472
1.144735	0.000482
1.145710	0.000492
1.146684	0.000502
1.147659	0.000512
1.148634	0.000523
1.149609	0.000533
1.150584	0.000543
1.151558	0.000553
1.152533	0.000563
1.153508	0.000574
1.154483	0.000584
1.155457	0.000594
1.156432	0.000605
1.157407	0.000615
1.158382	0.000625
1.159357	0.000636
1.160331	0.000646
1.161306	0.000657
1.162281	0.000667
1.163256	0.000678
1.164231	0.000689
1.165205	0.000699
1.166180	0.000710
1.167155	0.000721
1.168130	0.000731
1.169105	0.000742
1.170079	0.000753
1.171054	0.000764
1.172029	0.000774
1.173004	0.000785
1.173979	0.000796
1.174953	0.000807
1.175928	0.000818
1.176903	0.000829
1.177878	0.000840
1.178852	0.000851
1.179827	0.000863
1.180802	0.000874
1.181777	0.000885
1.182752	0.000896
1.183726	0.000907
1.184701	0.000919
1.185676	0.000930
1.186651	0.000941
1.187626	0.000953
1.188600	0.000964
1.189575	0.000976
1.190550	0.000987
1.191525	0.000999
1.192500	0.001010
1.193474	0.001022
1.194449	0.001034
1.195424	0.001045
1.196399	0.001057
1.197374	0.001069
1.198348	0.001081
1.199323	0.001093
1.200298	0.001105
1.201273	0.001116
1.202247	0.001128
1.203222	0.001140
1.204197	0.001153
1.205172	0.001165
1.206147	0.001177
1.207121	0.001189
1.208096	0.001201
1.209071	0.001213
1.210046	0.001226
1.211021	0.001238
1.211995	0.001250
1.212970	0.001263
1.213945	0.001275
1.214920	0.001288
1.215895	0.001300
1.216869	0.001313
1.217844	0.001326
1.218819	0.001338
1.219794	0.001351
1.220769	0.001364
1.221743	0.001376
1.222718	0.001389
1.223693	0.001402
1.224668	0.001415
1.225643	0.001428
1.226617	0.001441
1.227592	0.001454
1.228567	0.001467
1.229542	0.001480
1.230516	0.001493
1.231491	0.001507
1.232466	0.001520
1.233441	0.001533
1.234416	0.001546
1.235390	0.001560
1.236365	0.001573
1.237340	0.001587
1.238315	0.001600
1.239290	0.001614
1.240264	0.001627
1.241239	0.001641
1.242214	0.001655
1.243189	0.001668
1.244164	0.001682
1.245138	0.001696
1.246113	0.001710
1.247088	0.001724
1.248063	0.001737
1.249038	0.001751
1.250012	0.001765
1.250987	0.001779
1.251962	0.001794
1.252937	0.001808
1.253911	0.001822
1.254886	0.001836
1.255861	0.001850
1.256836	0.001865
1.257811	0.001879
1.258785	0.001893
1.259760	0.001908
1.260735	0.001922
1.261710	0.001937
1.262685	0.001951
1.263659	0.001966
1.264634	0.001980
1.265609	0.001995
1.266584	0.002010
1.267559	0.002024
1.268533	0.002039
1.269508	0.002054
1.270483	0.002069
1.271458	0.002084
1.272433	0.002098
1.273407	0.002113
1.274382	0.002128
1.275357	0.002143
1.276332	0.002158
1.277306	0.002174
1.278281	0.002189
1.279256	0.002204
1.280231	0.002219
1.281206	0.002234
1.282180	0.002250
1.283155	0.002265
1.284130	0.002280
1.285105	0.002295
1.286080	0.002311
1.287054	0.002326
1.288029	0.002342
1.289004	0.002357
1.289979	0.002373
1.290954	0.002388
1.291928	0.002404
1.292903	0.002419
1.293878	0.002435
1.294853	0.002451
1.295828	0.002466
1.296802	0.002482
1.297777	0.002498
1.298752	0.002514
1.299727	0.002529
1.300701	0.002545
1.301676	0.002561
1.302651	0.002577
1.303626	0.002593
1.304601	0.002609
1.305575	0.002624
1.306550	0.002640
1.307525	0.002656
1.308500	0.002672
1.309475	0.002688
1.310449	0.002704
1.311424	0.002720
1.312399	0.002736
1.313374	0.002752
1.314349	0.002768
1.315323	0.002784
1.316298	0.002801
1.317273	0.002817
1.318248	0.002833
1.319223	0.002849
1.320197	0.002865
1.321172	0.002881
1.322147	0.002897
1.323122	0.002913
1.324096	0.002929
1.325071	0.002945
1.326046	0.002962
1.327021	0.002978
1.327996	0.002994
1.328970	0.003010
1.329945	0.003026
1.330920	0.003042
1.331895	0.003058
1.332870	0.003074
1.333844	0.003090
1.334819	0.003106
1.335794	0.003122
1.336769	0.003139
1.337744	0.003155
1.338718	0.003171
1.339693	0.003187
1.340668	0.003203
1.341643	0.003218
1.342618	0.003234
1.343592	0.003250
1.344567	0.003266
1.345542	0.003282
1.346517	0.003298
1.347492	0.003314
1.348466	0.003329
1.349441	0.003345
1.350416	0.003361
1.351391	0.003377
1.352365	0.003392
1.353340	0.003408
1.354315	0.003423
1.355290	0.003439
1.356265	0.003454
1.357239	0.003470
1.358214	0.003485
1.359189	0.003500
1.360164	0.003516
1.361139	0.003531
1.362113	0.003546
1.363088	0.003561
1.364063	0.003576
1.365038	0.003591
1.366013	0.003606
1.366987	0.003621
1.367962	0.003636
1.368937	0.003650
1.369912	0.003665
1.370887	0.003679
1.371861	0.003694
1.372836	0.003708
1.373811	0.003723
1.374786	0.003737
1.375760	0.003751
1.376735	0.003765
1.377710	0.003779
1.378685	0.003793
1.379660	0.003807
1.380634	0.003820
1.381609	0.003834
1.382584	0.003847
1.383559	0.003861
1.384534	0.003874
1.385508	0.003887
1.386483	0.003900
1.387458	0.003913
1.388433	0.003926
1.389408	0.003939
1.390382	0.003951
1.391357	0.003964
1.392332	0.003976
1.393307	0.003988
1.394282	0.004000
1.395256	0.004012
1.396231	0.004024
1.397206	0.004036
1.398181	0.004047
1.399155	0.004058
1.400130	0.004070
1.401105	0.004081
1.402080	0.004091
1.403055	0.004102
1.404029	0.004113
1.405004	0.004123
1.405979	0.004133
1.406954	0.004143
1.407929	0.004153
1.408903	0.004163
1.409878	0.004172
1.410853	0.004182
1.411828	0.004191
1.412803	0.004200
1.413777	0.004209
1.414752	0.004217
1.415727	0.004226
1.416702	0.004234
1.417677	0.004242
1.418651	0.004250
1.419626	0.004257
1.420601	0.004264
1.421576	0.004272
1.422550	0.004278
1.423525	0.004285
1.424500	0.004292
1.425475	0.004298
1.426450	0.004304
1.427424	0.004309
1.428399	0.004315
1.429374	0.004320
1.430349	0.004325
1.431324	0.004330
1.432298	0.004334
1.433273	0.004339
1.434248	0.004343
1.435223	0.004346
1.436198	0.004350
1.437172	0.004353
1.438147	0.004356
1.439122	0.004358
1.440097	0.004361
1.441072	0.004363
1.442046	0.004364
1.443021	0.004366
1.443996	0.004367
1.444971	0.004368
1.445946	0.004368
1.446920	0.004369
1.447895	0.004369
1.448870	0.004368
1.449845	0.004367
1.450819	0.004366
1.451794	0.004365
1.452769	0.004363
1.453744	0.004361
1.454719	0.004359
1.455693	0.004356
1.456668	0.004353
1.457643	0.004350
1.458618	0.004346
1.459593	0.004342
1.460567	0.004338
1.461542	0.004333
1.462517	0.004328
1.463492	0.004322
1.464467	0.004317
1.465441	0.004310
1.466416	0.004304
1.467391	0.004297
1.468366	0.004289
1.469341	0.004282
1.470315	0.004273
1.471290	0.004265
1.472265	0.004256
1.473240	0.004247
1.474214	0.004237
1.475189	0.004227
1.476164	0.004216
1.477139	0.004205
1.478114	0.004194
1.479088	0.004182
1.480063	0.004170
1.481038	0.004157
1.482013	0.004144
1.482988	0.004131
1.483962	0.004117
1.484937	0.004103
1.485912	0.004088
1.486887	0.004073
1.487862	0.004057
1.488836	0.004041
1.489811	0.004025
1.490786	0.004008
1.491761	0.003990
1.492736	0.003972
1.493710	0.003954
1.494685	0.003935
1.495660	0.003916
1.496635	0.003896
1.497609	0.003876
1.498584	0.003856
1.499559	0.003834
1.500534	0.003813
1.501509	0.003791
1.502483	0.003768
1.503458	0.003745
1.504433	0.003722
1.505408	0.003698
1.506383	0.003674
1.507357	0.003649
1.508332	0.003623
1.509307	0.003597
1.510282	0.003571
1.511257	0.003544
1.512231	0.003517
1.513206	0.003489
1.514181	0.003461
1.515156	0.003432
1.516131	0.003403
1.517105	0.003373
1.518080	0.003342
1.519055	0.003312
1.520030	0.003280
1.521004	0.003248
1.521979	0.003216
1.522954	0.003183
1.523929	0.003150
1.524904	0.003116
1.525878	0.003082
1.526853	0.003047
1.527828	0.003011
1.528803	0.002976
1.529778	0.002939
1.530752	0.002902
1.531727	0.002865
1.532702	0.002827
1.533677	0.002789
1.534652	0.002750
1.535626	0.002710
1.536601	0.002670
1.537576	0.002630
1.538551	0.002589
1.539526	0.002547
1.540500	0.002505
1.541475	0.002462
1.542450	0.002419
1.543425	0.002376
1.544399	0.002332
1.545374	0.002287
1.546349	0.002242
1.547324	0.002196
1.548299	0.002150
1.549273	0.002103
1.550248	0.002056
1.551223	0.002008
1.552198	0.001960
1.553173	0.001911
1.554147	0.001862
1.555122	0.001812
1.556097	0.001762
1.557072	0.001711
1.558047	0.001659
1.559021	0.001607
1.559996	0.001555
1.560971	0.001502
1.561946	0.001448
1.562921	0.001394
1.563895	0.001340
1.564870	0.001284
1.565845	0.001229
1.566820	0.001173
1.567795	0.001116
1.568769	0.001059
1.569744	0.001001
1.570719	0.000942
1.571694	0.000884
1.572668	0.000824
1.573643	0.000764
1.574618	0.000704
1.575593	0.000642
1.576568	0.000581
1.577542	0.000519
1.578517	0.000456
1.579492	0.000392
1.580467	0.000328
1.581442	0.000264
1.582416	0.000199
1.583391	0.000133
1.584366	0.000067
1.585349	0.000135
1.586332	0.000203
1.587314	0.000271
1.588297	0.000339
1.589280	0.000407
1.590263	0.000475
1.591245	0.000543
1.592228	0.000611
1.593211	0.000679
1.594194	0.000747
1.595176	0.000816
1.596159	0.000884
1.597142	0.000953
1.598125	0.001022
1.599108	0.001091
1.600090	0.001160
1.601073	0.001229
1.602056	0.001298
1.603039	0.001368
1.604021	0.001438
1.605004	0.001508
1.605987	0.001578
1.606970	0.001649
1.607953	0.001720
1.608935	0.001791
1.609918	0.001862
1.610901	0.001934
1.611884	0.002006
1.612866	0.002078
1.613849	0.002151
1.614832	0.002224
1.615815	0.002297
1.616798	0.002371
1.617780	0.002445
1.618763	0.002519
1.619746	0.002594
1.620729	0.002669
1.621711	0.002744
1.622694	0.002820
1.623677	0.002897
1.624660	0.002974
1.625643	0.003051
1.626625	0.003129
1.627608	0.003207
1.628591	0.003286
1.629574	0.003366
1.630556	0.003446
1.631539	0.003526
1.632522	0.003607
1.633505	0.003689
1.634488	0.003771
1.635470	0.003854
1.636453	0.003937
1.637436	0.004022
1.638419	0.004106
1.639401	0.004192
1.640384	0.004278
1.641367	0.004365
1.642350	0.004452
1.643333	0.004541
1.644315	0.004630
1.645298	0.004720
1.646281	0.004810
1.647264	0.004902
1.648246	0.004994
1.649229	0.005087
1.650212	0.005181
1.651195	0.005276
1.652177	0.005372
1.653160	0.005469
1.654143	0.005567
1.655126	0.005665
1.656109	0.005765
1.657091	0.005866
1.658074	0.005967
1.659057	0.006070
1.660040	0.006174
1.661022	0.006279
1.662005	0.006385
1.662988	0.006492
1.663971	0.006601
1.664954	0.006710
1.665936	0.006821
1.666919	0.006933
1.667902	0.007047
1.668885	0.007162
1.669867	0.007278
1.670850	0.007395
1.671833	0.007514
1.672816	0.007634
1.673799	0.007756
1.674781	0.007879
1.675764	0.008004
1.676747	0.008130
1.677730	0.008258
1.678712	0.008387
1.679695	0.008518
1.680678	0.008651
1.681661	0.008786
1.682644	0.008922
1.683626	0.009060
1.684609	0.009200
1.685592	0.009342
1.686575	0.009485
1.687557	0.009631
1.688540	0.009779
1.689523	0.009928
1.690506	0.010080
1.691489	0.010234
1.692471	0.010390
1.693454	0.010549
1.694437	0.010709
1.695420	0.010872
1.696402	0.011038
1.697385	0.011205
1.698368	0.011376
1.699351	0.011548
1.700333	0.011724
1.701316	0.011902
1.702299	0.012082
1.703282	0.012266
1.704265	0.012452
1.705247	0.012642
1.706230	0.012834
1.707213	0.013029
1.708196	0.013227
1.709178	0.013429
1.710161	0.013634
1.711144	0.013842
1.712127	0.014053
1.713110	0.014268
1.714092	0.014486
1.715075	0.014709
1.716058	0.014934
1.717041	0.015164
1.718023	0.015398
1.719006	0.015635
1.719989	0.015877
1.720972	0.016122
1.721955	0.016372
1.722937	0.016627
1.723920	0.016886
1.724903	0.017149
1.725886	0.017417
1.726868	0.017690
1.727851	0.017968
1.728834	0.018251
1.729817	0.018539
1.730800	0.018833
1.731782	0.019131
1.732765	0.019436
1.733748	0.019746
1.734731	0.020062
1.735713	0.020383
1.736696	0.020711
1.737679	0.021046
1.738662	0.021386
1.739645	0.021733
1.740627	0.022087
1.741610	0.022448
1.742593	0.022816
1.743576	0.023191
1.744558	0.023574
1.745541	0.023964
1.746524	0.024362
1.747507	0.024768
1.748489	0.025183
1.749472	0.025605
1.750455	0.026037
1.751438	0.026477
1.752421	0.026926
1.753403	0.027384
1.754386	0.027852
1.755369	0.028329
1.756352	0.028817
1.757334	0.029314
1.758317	0.029822
1.759300	0.030341
1.760283	0.030870
1.761266	0.031410
1.762248	0.031962
1.763231	0.032525
1.764214	0.033101
1.765197	0.033688
1.766179	0.034287
1.767162	0.034899
1.768145	0.035524
1.769128	0.036162
1.770111	0.036813
1.771093	0.037477
1.772076	0.038155
1.773059	0.038846
1.774042	0.039552
1.775024	0.040271
1.776007	0.041005
1.776990	0.041753
1.777973	0.042515
1.778956	0.043291
1.779938	0.044082
1.780921	0.044887
1.781904	0.045707
1.782887	0.046540
1.783869	0.047388
1.784852	0.048249
1.785835	0.049124
1.786818	0.050012
1.787801	0.050913
1.788783	0.051826
1.789766	0.052751
1.790749	0.053687
1.791732	0.054634
1.792714	0.055591
1.793697	0.056557
1.794680	0.057531
1.795663	0.058514
1.796645	0.059503
1.797628	0.060497
1.798611	0.061497
1.799594	0.062501
1.800577	0.063507
1.801559	0.064516
1.802542	0.065525
1.803525	0.066535
1.804508	0.067543
1.805490	0.068550
1.806473	0.069554
1.807456	0.070554
1.808439	0.071551
1.809422	0.072542
1.810404	0.073527
1.811387	0.074505
1.812370	0.075476
1.813353	0.076440
1.814335	0.077395
1.815318	0.078341
1.816301	0.079278
1.817284	0.080205
1.818267	0.081122
1.819249	0.082029
1.820232	0.082926
1.821215	0.083813
1.822198	0.084689
1.823180	0.085554
1.824163	0.086407
1.825146	0.087250
1.826129	0.088082
1.827112	0.088903
1.828094	0.089711
1.829077	0.090508
1.830060	0.091292
1.831043	0.092065
1.832025	0.092826
1.833008	0.093576
1.833991	0.094316
1.834974	0.095046
1.835957	0.095765
1.836939	0.096474
1.837922	0.097170
1.838905	0.097854
1.839888	0.098525
1.840870	0.099183
1.841853	0.099829
1.842836	0.100464
1.843819	0.101088
1.844801	0.101702
1.845784	0.102308
1.846767	0.102907
1.847750	0.103498
1.848733	0.104081
1.849715	0.104655
1.850698	0.105218
1.851681	0.105768
1.852664	0.106305
1.853646	0.106829
1.854629	0.107340
1.855612	0.107839
1.856595	0.108326
1.857578	0.108801
1.858560	0.109266
1.859543	0.109720
1.860526	0.110164
1.861509	0.110600
1.862491	0.111026
1.863474	0.111446
1.864457	0.111858
1.865440	0.112265
1.866423	0.112669
1.867405	0.113068
1.868388	0.113464
1.869371	0.113850
1.870354	0.114224
1.871336	0.114585
1.872319	0.114933
1.873302	0.115268
1.874285	0.115591
1.875268	0.115901
1.876250	0.116201
1.877233	0.116489
1.878216	0.116766
1.879199	0.117033
1.880181	0.117290
1.881164	0.117537
1.882147	0.117774
1.883130	0.118002
1.884113	0.118219
1.885095	0.118428
1.886078	0.118627
1.887061	0.118816
1.888044	0.118997
1.889026	0.119169
1.890009	0.119332
1.890992	0.119486
1.891975	0.119632
1.892958	0.119770
1.893940	0.119899
1.894923	0.120022
1.895906	0.120139
1.896889	0.120250
1.897871	0.120357
1.898854	0.120464
1.899837	0.120572
1.900820	0.120680
1.901802	0.120776
1.902785	0.120857
1.903768	0.120924
1.904751	0.120975
1.905734	0.121014
1.906716	0.121041
1.907699	0.121056
1.908682	0.121060
1.909665	0.121053
1.910647	0.121036
1.911630	0.121009
1.912613	0.120972
1.913596	0.120925
1.914579	0.120868
1.915561	0.120801
1.916544	0.120725
1.917527	0.120639
1.918510	0.120543
1.919492	0.120438
1.920475	0.120323
1.921458	0.120199
1.922441	0.120065
1.923424	0.119922
1.924406	0.119769
1.925389	0.119607
1.926372	0.119436
1.927355	0.119254
1.928337	0.119064
1.929320	0.118864
1.930303	0.118654
1.931286	0.118434
1.932269	0.118206
1.933251	0.117967
1.934234	0.117719
1.935217	0.117461
1.936200	0.117194
1.937182	0.116917
1.938165	0.116631
1.939148	0.116334
1.940131	0.116028
1.941114	0.115712
1.942096	0.115387
1.943079	0.115051
1.944062	0.114706
1.945045	0.114350
1.946027	0.113985
1.947010	0.113610
1.947993	0.113225
1.948976	0.112830
1.949958	0.112425
1.950941	0.112011
1.951924	0.111586
1.952907	0.111151
1.953890	0.110706
1.954872	0.110251
1.955855	0.109787
1.956838	0.109314
1.957821	0.108831
1.958803	0.108341
1.959786	0.107845
1.960769	0.107345
1.961752	0.106847
1.962735	0.106356
1.963717	0.105849
1.964700	0.105321
1.965683	0.104774
1.966666	0.104211
1.967648	0.103632
1.968631	0.103039
1.969614	0.102432
1.970597	0.101812
1.971580	0.101180
1.972562	0.100534
1.973545	0.099876
1.974528	0.099205
1.975511	0.098522
1.976493	0.097826
1.977476	0.097117
1.978459	0.096396
1.979442	0.095662
1.980425	0.094915
1.981407	0.094156
1.982390	0.093384
1.983373	0.092598
1.984356	0.091800
1.985338	0.090988
1.986321	0.090163
1.987304	0.089324
1.988287	0.088472
1.989270	0.087606
1.990252	0.086727
1.991235	0.085833
1.992218	0.084926
1.993201	0.084004
1.994183	0.083068
1.995166	0.082117
1.996149	0.081151
1.997132	0.080171
1.998114	0.079175
1.999097	0.078165
2.000080	0.077138
2.001063	0.076096
2.002046	0.075038
2.003028	0.073964
2.004011	0.072873
2.004994	0.071766
2.005977	0.070641
2.006959	0.069499
2.007942	0.068340
2.008925	0.067162
2.009908	0.065966
2.010891	0.064751
2.011873	0.063516
2.012856	0.062261
2.013839	0.060985
2.014822	0.059686
2.015804	0.058364
2.016787	0.057015
2.017770	0.055638
2.018753	0.054230
2.019736	0.052792
2.020718	0.051350
2.021701	0.049900
2.022684	0.048433
2.023667	0.046947
2.024649	0.045437
2.025632	0.043902
2.026615	0.042339
2.027598	0.040747
2.028581	0.039123
2.029563	0.037471
2.030546	0.035795
2.031529	0.034109
2.032512	0.032419
2.033494	0.030734
2.034477	0.029061
2.035460	0.027406
2.036443	0.025776
2.037426	0.024172
2.038408	0.022595
2.039391	0.021047
2.040374	0.019525
2.041357	0.018028
2.042339	0.016554
2.043322	0.015102
2.044305	0.013669
2.045288	0.012254
2.046270	0.010854
2.047253	0.009468
2.048236	0.008094
2.049219	0.006730
2.050202	0.005374
2.051184	0.004025
2.052167	0.002681
2.053150	0.001339
2.054133	0.000000
2.055115	0.000000
2.056098	0.000000
2.057081	0.000000
2.058064	0.000000
2.059047	0.000000
2.060029	0.000000
2.061012	0.000000
2.061995	0.000000
2.062978	0.000000
2.063960	0.000000
2.064943	0.000000
2.065926	0.000000
2.066909	0.000000
2.067892	0.000000
2.068874	0.000000
2.069857	0.000000
2.070840	0.000000
2.071823	0.000000
2.072805	0.000000
2.073788	0.000000
2.074771	0.000000
2.075754	0.000000
2.076737	0.000000
2.077719	0.000000
2.078702	0.000000
2.079685	0.000000
2.080668	0.000000
2.081650	0.000000
2.082633	0.000000
2.083616	0.000000
2.084599	0.000000
2.085582	0.000000
2.086564	0.000000
2.087547	0.000000
2.088530	0.000000
2.089513	0.000000
2.090495	0.000000
2.091478	0.000000
2.092461	0.000000
2.093444	0.000000
2.094426	0.000000
2.095409	0.000000
2.096392	0.000000
2.097375	0.000000
2.098358	0.000000
2.099340	0.000000
2.100323	0.000000
2.101306	0.000000
2.102289	0.000000
2.103271	0.000000
2.104254	0.000000
2.105237	0.000000
2.106220	0.000000
2.107203	0.000000
2.108185	0.000000
2.109168	0.000000
2.110151	0.000000
2.111134	0.000000
2.112116	0.000000
2.113099	0.000000
2.114082	0.000000
2.115065	0.000000
2.116048	0.000000
2.117030	0.000000
2.118013	0.000000
2.118996	0.000000
2.119979	0.000000
2.120961	0.000000
2.121944	0.000000
2.122927	0.000000
2.123910	0.000000
2.124893	0.000000
2.125875	0.000000
2.126858	0.000000
2.127841	0.000000
2.128824	0.000000
2.129806	0.000000
2.130789	0.000000
2.131772	0.000000
2.132755	0.000000
2.133738	0.000000
2.134720	0.000000
2.135703	0.000000
2.136686	0.000000
2.137669	0.000000
2.138651	0.000000
2.139634	0.000000
2.140617	0.000000
2.141600	0.000000
2.142583	0.000000
2.143565	0.000000
2.144548	0.000000
2.145531	0.000000
2.146514	0.000000
2.147496	0.000000
2.148479	0.000000
2.149462	0.000000
2.150445	0.000000
2.151427	0.000000
2.152410	0.000000
2.153393	0.000000
2.154376	0.000000
2.155359	0.000000
2.156341	0.000000
2.157324	0.000000
2.158307	0.000000
2.159290	0.000000
2.160272	0.000000
2.161255	0.000000
2.162238	0.000000
2.163221	0.000000
2.164204	0.000000
2.165186	0.000000
2.166169	0.000000
2.167152	0.000000
2.168135	0.000000
2.169117	0.000000
2.170100	-0.000000
2.171083	0.000000
2.172066	0.000000
2.173049	0.000000
2.174031	0.000000
2.175014	0.000000
2.175997	0.000000
2.176980	-0.000000
2.177962	0.000000
2.178945	0.000000
2.179928	-0.000000
2.180911	0.000000
2.181894	0.000000
2.182876	-0.000000
2.183859	0.000000
2.184842	0.000000
2.185825	0.000000
2.186807	0.000000
2.187790	0.000000
2.188773	-0.000000
2.189756	0.000000
2.190739	0.000000
2.191721	0.000000
2.192704	-0.000000
2.193687	0.000000
2.194670	0.000000
2.195652	-0.000000
2.196635	0.000000
2.197618	-0.000000
2.198601	0.000000
2.199583	0.000000
2.200566	0.000000
2.201549	0.000000
2.202532	0.000000
2.203515	-0.000000
2.204497	0.000000
2.205480	0.000000
2.206463	0.000000
2.207446	0.000000
2.208428	0.000000
2.209411	0.000000
2.210394	-0.000000
2.211377	0.000000
2.212360	0.000000
2.213342	-0.000000
2.214325	0.000000
2.215308	0.000000
2.216291	0.000000
2.217273	0.000000
2.218256	0.000000
2.219239	0.000000
2.220222	0.000000
2.221205	0.000000
2.222187	-0.000000
2.223170	0.000000
2.224153	-0.000000
2.225136	-0.000000
2.226118	0.000000
2.227101	0.000000
2.228084	-0.000000
2.229067	-0.000000
2.230050	0.000000
2.231032	0.000000
2.232015	0.000000
2.232998	0.000000
2.233981	0.000000
2.234963	-0.000000
2.235946	0.000000
2.236929	0.000000
2.237912	-0.000000
2.238895	0.000000
2.239877	0.000000
2.240860	0.000000
2.241843	0.000000
2.242826	0.000000
2.243808	0.000000
2.244791	0.000000
2.245774	0.000000
2.246757	0.000000
2.247739	0.000000
2.248722	0.000000
2.249705	0.000000
2.250688	-0.000000
2.251671	0.000000
2.252653	0.000000
2.253636	0.000000
2.254619	0.000000
2.255602	-0.000000
2.256584	0.000000
2.257567	0.000000
2.258550	-0.000000
2.259533	0.000000
2.260516	-0.000000
2.261498	-0.000000
2.262481	0.000000
2.263464	-0.000000
2.264447	-0.000000
2.265429	0.000000
2.266412	0.000000
2.267395	-0.000000
2.268378	0.000000
2.269361	0.000000
2.270343	-0.000000
2.271326	0.000000
2.272309	0.000000
2.273292	0.000000
2.274274	-0.000000
2.275257	-0.000000
2.276240	-0.000000
2.277223	0.000000
2.278206	0.000000
2.279188	0.000000
2.280171	-0.000000
2.281154	0.000000
2.282137	-0.000000
2.283119	0.000000
2.284102	0.000000
2.285085	-0.000000
2.286068	0.000000
2.287051	0.000000
2.288033	-0.000000
2.289016	0.000000
2.289999	0.000000
2.290982	0.000000
2.291964	-0.000000
2.292947	-0.000000
2.293930	0.000000
2.294913	0.000000
2.295895	0.000000
2.296878	-0.000000
2.297861	-0.000000
2.298844	0.000000
2.299827	0.000000
2.300809	0.000000
2.301792	0.000000
2.302775	0.000000
2.303758	-0.000000
2.304740	-0.000000
2.305723	0.000000
2.306706	0.000000
2.307689	-0.000000
2.308672	-0.000000
2.309654	-0.000000
2.310637	0.000000
2.311620	-0.000000
2.312603	0.000000
2.313585	-0.000000
2.314568	0.000000
2.315551	0.000000
2.316534	0.000000
2.317517	0.000000
2.318499	-0.000000
2.319482	-0.000000
2.320465	-0.000000
2.321448	0.000000
2.322430	0.000000
2.323413	0.000000
2.324396	0.000000
2.325379	-0.000000
2.326362	0.000000
2.327344	0.000000
2.328327	0.000000
2.329310	-0.000000
2.330293	0.000000
2.331275	-0.000000
2.332258	-0.000000
2.333241	-0.000000
2.334224	0.000000
2.335207	0.000000
2.336189	-0.000000
2.337172	-0.000000
2.338155	0.000000
2.339138	0.000000
2.340120	0.000000
2.341103	0.000000
2.342086	0.000000
2.343069	0.000000
2.344051	0.000000
2.345034	0.000000
2.346017	0.000000
2.347000	0.000000
2.347983	-0.000000
2.348965	-0.000000
2.349948	0.000000
2.350931	0.000000
2.351914	0.000000
2.352896	0.000000
2.353879	-0.000000
2.354862	-0.000000
2.355845	0.000000
2.356828	-0.000000
2.357810	0.000000
2.358793	-0.000000
2.359776	0.000000
2.360759	0.000000
2.361741	-0.000000
2.362724	0.000000
2.363707	0.000000
2.364690	0.000000
2.365673	-0.000000
2.366655	0.000000
2.367638	-0.000000
2.368621	0.000000
2.369604	0.000000
2.370586	-0.000000
2.371569	-0.000000
2.372552	-0.000000
2.373535	0.000000
2.374518	-0.000000
2.375500	0.000000
2.376483	0.000000
2.377466	-0.000000
2.378449	-0.000000
2.379431	0.000000
2.380414	0.000000
2.381397	-0.000000
2.382380	0.000000
2.383363	-0.000000
2.384345	-0.000000
2.385328	0.000000
2.386311	0.000000
2.387294	0.000000
2.388276	-0.000000
2.389259	-0.000000
2.390242	0.000000
2.391225	-0.000000
2.392208	-0.000000
2.393190	0.000000
2.394173	0.000000
2.395156	0.000000
2.396139	0.000000
2.397121	0.000000
2.398104	0.000000
2.399087	-0.000000
2.400070	-0.000000
2.401052	0.000000
2.402035	-0.000000
2.403018	0.000000
2.404001	0.000000
2.404984	-0.000000
2.405966	0.000000
2.406949	-0.000000
2.407932	0.000000
2.408915	-0.000000
2.409897	0.000000
2.410880	-0.000000
2.411863	-0.000000
2.412846	-0.000000
2.413829	0.000000
2.414811	0.000000
2.415794	0.000000
2.416777	0.000000
2.417760	0.000000
2.418742	0.000000
2.419725	0.000000
2.420708	0.000000
2.421691	0.000000
2.422674	0.000000
2.423656	0.000000
2.424639	0.000000
2.425622	-0.000000
2.426605	0.000000
2.427587	-0.000000
2.428570	0.000000
2.429553	-0.000000
2.430536	0.000000
2.431519	0.000000
2.432501	-0.000000
2.433484	0.000000
2.434467	-0.000000
2.435450	0.000000
2.436432	-0.000000
2.437415	0.000000
2.438398	0.000000
2.439381	0.000000
2.440364	0.000000
2.441346	0.000000
2.442329	-0.000000
2.443312	0.000000
2.444295	0.000000
2.445277	-0.000000
2.446260	0.000000
2.447243	-0.000000
2.448226	0.000000
2.449208	0.000000
2.450191	0.000000
2.451174	0.000000
2.452157	0.000000
2.453140	0.000000
2.454122	-0.000000
2.455105	0.000000
2.456088	-0.000000
2.457071	0.000000
2.458053	0.000000
2.459036	0.000000
2.460019	0.000000
2.461002	-0.000000
2.461985	0.000000
2.462967	-0.000000
2.463950	0.000000
2.464933	-0.000000
2.465916	-0.000000
2.466898	-0.000000
2.467881	0.000000
2.468864	0.000000
2.469847	0.000000
2.470830	-0.000000
2.471812	-0.000000
2.472795	0.000000
2.473778	0.000000
2.474761	-0.000000
2.475743	-0.000000
2.476726	0.000000
2.477709	-0.000000
2.478692	-0.000000
2.479675	0.000000
2.480657	-0.000000
2.481640	-0.000000
2.482623	-0.000000
2.483606	-0.000000
2.484588	0.000000
2.485571	-0.000000
2.486554	0.000000
2.487537	0.000000
2.488520	0.000000
2.489502	-0.000000
2.490485	0.000000
2.491468	0.000000
2.492451	0.000000
2.493433	-0.000000
2.494416	0.000000
2.495399	0.000000
2.496382	0.000000
2.497364	0.000000
2.498347	-0.000000
2.499330	-0.000000
2.500313	0.000000
2.501296	0.000000
2.502278	-0.000000
2.503261	0.000000
2.504244	0.000000
2.505227	0.000000
2.506209	-0.000000
2.507192	0.000000
2.508175	-0.000000
2.509158	-0.000000
2.510141	-0.000000
2.511123	0.000000
2.512106	-0.000000
2.513089	0.000000
2.514072	-0.000000
2.515054	0.000000
2.516037	0.000000
2.517020	0.000000
2.518003	0.000000
2.518986	0.000000
2.519968	0.000000
2.520951	0.000000
2.521934	0.000000
2.522917	0.000000
2.523899	0.000000
2.524882	-0.000000
2.525865	-0.000000
2.526848	0.000000
2.527831	0.000000
2.528813	0.000000
2.529796	-0.000000
2.530779	0.000000
2.531762	0.000000
2.532744	0.000000
2.533727	-0.000000
2.534710	-0.000000
2.535693	-0.000000
2.536676	0.000000
2.537658	0.000000
2.538641	0.000000
2.539624	0.000000
2.540607	-0.000000
2.541589	0.000000
2.542572	0.000000
2.543555	-0.000000
2.544538	0.000000
2.545520	-0.000000
2.546503	-0.000000
2.547486	-0.000000
2.548469	0.000000
2.549452	-0.000000
2.550434	-0.000000
2.551417	-0.000000
2.552400	0.000000
2.553383	0.000000
2.554365	-0.000000
2.555348	0.000000
2.556331	0.000000
2.557314	0.000000
2.558297	-0.000000
2.559279	0.000000
2.560262	-0.000000
2.561245	-0.000000
2.562228	0.000000
2.563210	0.000000
2.564193	0.000000
2.565176	0.000000
2.566159	0.000000
2.567142	0.000000
2.568124	0.000000
2.569107	0.000000
2.570090	-0.000000
2.571073	0.000000
2.572055	-0.000000
2.573038	0.000000
2.574021	-0.000000
2.575004	-0.000000
2.575987	0.000000
2.576969	0.000000
2.577952	0.000000
2.578935	0.000000
2.579918	-0.000000
2.580900	-0.000000
2.581883	-0.000000
2.582866	-0.000000
2.583849	-0.000000
2.584832	-0.000000
2.585814	0.000000
2.586797	0.000000
2.587780	0.000000
2.588763	0.000000
2.589745	-0.000000
2.590728	-0.000000
2.591711	0.000000
2.592694	-0.000000
2.593676	0.000000
2.594659	-0.000000
2.595642	0.000000
2.596625	0.000000
2.597608	0.000000
2.598590	0.000000
2.599573	0.000000
2.600556	0.000000
2.601539	0.000000
2.602521	0.000000
2.603504	-0.000000
2.604487	-0.000000
2.605470	0.000000
2.606453	-0.000000
2.607435	0.000000
2.608418	0.000000
2.609401	0.000000
2.610384	-0.000000
2.611366	0.000000
2.612349	0.000000
2.613332	-0.000000
2.614315	-0.000000
2.615298	-0.000000
2.616280	0.000000
2.617263	-0.000000
2.618246	-0.000000
2.619229	-0.000000
2.620211	0.000000
2.621194	-0.000000
2.622177	0.000000
2.623160	0.000000
2.624143	-0.000000
2.625125	0.000000
2.626108	0.000000
2.627091	0.000000
2.628074	0.000000
2.629056	-0.000000
2.630039	-0.000000
2.631022	-0.000000
2.632005	0.000000
2.632988	0.000000
2.633970	0.000000
2.634953	-0.000000
2.635936	0.000000
2.636919	0.000000
2.637901	0.000000
2.638884	-0.000000
2.639867	-0.000000
2.640850	0.000000
2.641833	0.000000
2.642815	0.000000
2.643798	0.000000
2.644781	0.000000
2.645764	0.000000
2.646746	0.000000
2.647729	0.000000
2.648712	0.000000
2.649695	0.000000
2.650677	-0.000000
2.651660	0.000000
2.652643	-0.000000
2.653626	0.000000
2.654609	-0.000000
2.655591	-0.000000
2.656574	-0.000000
2.657557	0.000000
2.658540	-0.000000
2.659522	0.000000
2.660505	0.000000
2.661488	0.000000
2.662471	-0.000000
2.663454	0.000000
2.664436	0.000000
2.665419	-0.000000
2.666402	-0.000000
2.667385	0.000000
2.668367	0.000000
2.669350	0.000000
2.670333	0.000000
2.671316	-0.000000
2.672299	0.000000
2.673281	0.000000
2.674264	0.000000
2.675247	-0.000000
2.676230	0.000000
2.677212	0.000000
2.678195	0.000000
2.679178	-0.000000
2.680161	0.000000
2.681144	-0.000000
2.682126	-0.000000
2.683109	-0.000000
2.684092	-0.000000
2.685075	0.000000
2.686057	-0.000000
2.687040	-0.000000
2.688023	0.000000
2.689006	-0.000000
2.689989	-0.000000
2.690971	0.000000
2.691954	0.000000
2.692937	-0.000000
2.693920	-0.000000
2.694902	0.000000
2.695885	0.000000
2.696868	0.000000
2.697851	-0.000000
2.698833	-0.000000
2.699816	-0.000000
2.700799	0.000000
2.701782	-0.000000
2.702765	0.000000
2.703747	-0.000000
2.704730	0.000000
2.705713	0.000000
2.706696	0.000000
2.707678	0.000000
2.708661	-0.000000
2.709644	0.000000
2.710627	-0.000000
2.711610	0.000000
2.712592	0.000000
2.713575	0.000000
2.714558	0.000000
2.715541	0.000000
2.716523	0.000000
2.717506	-0.000000
2.718489	0.000000
2.719472	-0.000000
2.720455	0.000000
2.721437	0.000000
2.722420	-0.000000
2.723403	0.000000
2.724386	0.000000
2.725368	0.000000
2.726351	0.000000
2.727334	0.000000
2.728317	-0.000000
2.729300	0.000000
2.730282	-0.000000
2.731265	0.000000
2.732248	-0.000000
2.733231	0.000000
2.734213	0.000000
2.735196	-0.000000
2.736179	0.000000
2.737162	-0.000000
2.738145	0.000000
2.739127	-0.000000
2.740110	0.000000
2.741093	0.000000
2.742076	0.000000
2.743058	0.000000
2.744041	0.000000
2.745024	0.000000
2.746007	0.000000
2.746989	0.000000
2.747972	0.000000
2.748955	0.000000
2.749938	0.000000
2.750921	0.000000
2.751903	-0.000000
2.752886	-0.000000
2.753869	-0.000000
2.754852	0.000000
2.755834	-0.000000
2.756817	0.000000
2.757800	-0.000000
2.758783	0.000000
2.759766	-0.000000
2.760748	0.000000
2.761731	0.000000
2.762714	-0.000000
2.763697	0.000000
2.764679	-0.000000
2.765662	-0.000000
2.766645	0.000000
2.767628	0.000000
2.768611	0.000000
2.769593	0.000000
2.770576	0.000000
2.771559	0.000000
2.772542	-0.000000
2.773524	-0.000000
2.774507	0.000000
2.775490	-0.000000
2.776473	-0.000000
2.777456	0.000000
2.778438	0.000000
2.779421	0.000000
2.780404	-0.000000
2.781387	-0.000000
2.782369	0.000000
2.783352	-0.000000
2.784335	0.000000
2.785318	0.000000
2.786301	-0.000000
2.787283	-0.000000
2.788266	0.000000
2.789249	0.000000
2.790232	-0.000000
2.791214	0.000000
2.792197	-0.000000
2.793180	-0.000000
2.794163	-0.000000
2.795145	0.000000
2.796128	0.000000
2.797111	-0.000000
2.798094	0.000000
2.799077	-0.000000
2.800059	0.000000
2.801042	0.000000
2.802025	0.000000
2.803008	-0.000000
2.803990	0.000000
2.804973	0.000000
2.805956	-0.000000
2.806939	0.000000
2.807922	-0.000000
2.808904	0.000000
2.809887	-0.000000
2.810870	-0.000000
2.811853	0.000000
2.812835	0.000000
2.813818	0.000000
2.814801	0.000000
2.815784	-0.000000
2.816767	-0.000000
2.817749	0.000000
2.818732	0.000000
2.819715	0.000000
2.820698	0.000000
2.821680	0.000000
2.822663	0.000000
2.823646	0.000000
2.824629	0.000000
2.825612	0.000000
2.826594	0.000000
2.827577	-0.000000
2.828560	-0.000000
2.829543	0.000000
2.830525	0.000000
2.831508	-0.000000
2.832491	-0.000000
2.833474	-0.000000
2.834457	0.000000
2.835439	-0.000000
2.836422	0.000000
2.837405	0.000000
2.838388	0.000000
2.839370	-0.000000
2.840353	0.000000
2.841336	0.000000
2.842319	0.000000
2.843301	0.000000
2.844284	-0.000000
2.845267	-0.000000
2.846250	-0.000000
2.847233	0.000000
2.848215	0.000000
2.849198	0.000000
2.850181	0.000000
2.851164	-0.000000
2.852146	0.000000
2.853129	-0.000000
2.854112	0.000000
2.855095	-0.000000
2.856078	-0.000000
2.857060	-0.000000
2.858043	0.000000
2.859026	0.000000
2.860009	-0.000000
2.860991	-0.000000
2.861974	0.000000
2.862957	0.000000
2.863940	0.000000
2.864923	0.000000
2.865905	0.000000
2.866888	-0.000000
2.867871	-0.000000
2.868854	0.000000
2.869836	0.000000
2.870819	0.000000
2.871802	-0.000000
2.872785	-0.000000
2.873768	0.000000
2.874750	0.000000
2.875733	0.000000
2.876716	-0.000000
2.877699	0.000000
2.878681	0.000000
2.879664	-0.000000
2.880647	0.000000
2.881630	0.000000
2.882613	-0.000000
2.883595	0.000000
2.884578	-0.000000
2.885561	0.000000
2.886544	0.000000
2.887526	0.000000
2.888509	-0.000000
2.889492	-0.000000
2.890475	-0.000000
2.891458	0.000000
2.892440	0.000000
2.893423	0.000000
2.894406	-0.000000
2.895389	0.000000
2.896371	0.000000
2.897354	-0.000000
2.898337	0.000000
2.899320	0.000000
2.900302	-0.000000
2.901285	-0.000000
2.902268	0.000000
2.903251	-0.000000
2.904234	-0.000000
2.905216	0.000000
2.906199	-0.000000
2.907182	0.000000
2.908165	0.000000
2.909147	-0.000000
2.910130	0.000000
2.911113	0.000000
2.912096	0.000000
2.913079	0.000000
2.914061	-0.000000
2.915044	0.000000
2.916027	0.000000
2.917010	0.000000
2.917992	0.000000
2.918975	0.000000
2.919958	0.000000
2.920941	0.000000
2.921924	0.000000
2.922906	0.000000
2.923889	0.000000
2.924872	0.000000
2.925855	0.000000
2.926837	-0.000000
2.927820	0.000000
2.928803	0.000000
2.929786	-0.000000
2.930769	0.000000
2.931751	0.000000
2.932734	0.000000
2.933717	0.000000
2.934700	0.000000
2.935682	-0.000000
2.936665	-0.000000
2.937648	0.000000
2.938631	0.000000
2.939614	-0.000000
2.940596	-0.000000
2.941579	0.000000
2.942562	-0.000000
2.943545	0.000000
2.944527	0.000000
2.945510	0.000000
2.946493	0.000000
2.947476	0.000000
2.948458	0.000000
2.949441	0.000000
2.950424	0.000000
2.951407	-0.000000
2.952390	0.000000
2.953372	0.000000
2.954355	-0.000000
2.955338	0.000000
2.956321	0.000000
2.957303	0.000000
2.958286	0.000000
2.959269	0.000000
2.960252	0.000000
2.961235	-0.000000
2.962217	0.000000
2.963200	0.000000
2.964183	0.000000
2.965166	0.000000
2.966148	0.000000
2.967131	-0.000000
2.968114	0.000000
2.969097	-0.000000
2.970080	0.000000
2.971062	0.000000
2.972045	-0.000000
2.973028	0.000000
2.974011	0.000000
2.974993	0.000000
2.975976	-0.000000
2.976959	0.000000
2.977942	0.000000
2.978925	0.000000
2.979907	0.000000
2.980890	0.000000
2.981873	-0.000000
2.982856	0.000000
2.983838	0.000000
2.984821	-0.000000
2.985804	0.000000
2.986787	0.000000
2.987770	-0.000000
2.988752	0.000000
2.989735	0.000000
2.990718	0.000000
2.991701	0.000000
2.992683	0.000000
2.993666	0.000000
2.994649	-0.000000
2.995632	0.000000
2.996614	0.000000
2.997597	0.000000
2.998580	0.000000
2.999563	0.000000
3.000546	0.000000
3.001528	0.000000
3.002511	0.000000
3.003494	0.000000
3.004477	0.000000
3.005459	0.000000
3.006442	0.000000
3.007425	0.000000
3.008408	0.000000
3.009391	0.000000
3.010373	0.000000
3.011356	0.000000
3.012339	0.000000
3.013322	0.000000
3.014304	0.000000
3.015287	0.000000
3.016270	0.000000
3.017253	0.000000
3.018236	0.000000
3.019218	0.000000
3.020201	0.000000
3.021184	0.000000
3.022167	0.000000
3.023149	0.000000
3.024132	0.000000
3.025115	0.000000
3.026098	0.000000
3.027081	0.000000
3.028063	0.000000
3.029046	0.000000
3.030029	0.000000
3.031012	0.000000
3.031994	0.000000
3.032977	0.000000
3.033960	0.000000
3.034943	0.000000
3.035926	0.000000
3.036908	0.000000
3.037891	0.000000
3.038874	0.000000
3.039857	0.000000
3.040839	0.000000
3.041822	0.000000
3.042805	0.000000
3.043788	0.000000
3.044770	0.000000
3.045753	0.000000
3.046736	0.000000
3.047719	0.000000
3.048702	0.000000
3.049684	0.000000
3.050667	0.000000
3.051650	0.000000
3.052633	0.000000
3.053615	0.000000
3.054598	0.000000
3.055581	0.000000
3.056564	0.000000
3.057547	0.000000
3.058529	0.000000
3.059512	0.000000
3.060495	0.000000
3.061478	0.000000
3.062460	0.000000
3.063443	0.000000
3.064426	0.000000
3.065409	0.000000
3.066392	0.000000
3.067374	0.000000
3.068357	0.000000
3.069340	0.000000
3.070323	0.000000
3.071305	0.000000
3.072288	0.000000
3.073271	0.000000
3.074254	0.000000
3.075237	0.000000
3.076219	0.000000
3.077202	0.000000
3.078185	0.000000
3.079168	0.000000
3.080150	0.000000
3.081133	0.000000
3.082116	0.000000
3.083099	0.000000
3.084082	0.000000
3.085064	0.000000
3.086047	0.000000
3.087030	0.000000
3.088013	0.000000
3.088995	0.000000
3.089978	0.000000
3.090961	0.000000
3.091944	0.000000
3.092926	0.000000
3.093909	0.000000
3.094892	0.000000
3.095875	0.000000
3.096858	0.000000
3.097840	0.000000
3.098823	0.000000
3.099806	0.000000
3.100789	0.000000
3.101771	0.000000
3.102754	0.000000
3.103737	0.000000
3.104720	0.000000
3.105703	0.000000
3.106685	0.000000
3.107668	0.000000
3.108651	0.000000
3.109634	0.000000
3.110616	0.000000
3.111599	0.001339
3.112582	0.002681
3.113565	0.004025
3.114548	0.005374
3.115530	0.006730
3.116513	0.008094
3.117496	0.009468
3.118479	0.010854
3.119461	0.012254
3.120444	0.013669
3.121427	0.015102
3.122410	0.016554
3.123393	0.018028
3.124375	0.019525
3.125358	0.021047
3.126341	0.022595
3.127324	0.024172
3.128306	0.025776
3.129289	0.027406
3.130272	0.029061
3.131255	0.030734
3.132238	0.032419
3.133220	0.034109
3.134203	0.035795
3.135186	0.037471
3.136169	0.039123
3.137151	0.040747
3.138134	0.042339
3.139117	0.043902
3.140100	0.045437
3.141083	0.046947
3.142065	0.048433
3.143048	0.049900
3.144031	0.051350
3.145014	0.052792
3.145996	0.054230
3.146979	0.055638
3.147962	0.057015
3.148945	0.058364
3.149927	0.059686
3.150910	0.060985
3.151893	0.062261
3.152876	0.063516
3.153859	0.064751
3.154841	0.065966
3.155824	0.067162
3.156807	0.068340
3.157790	0.069499
3.158772	0.070641
3.159755	0.071766
3.160738	0.072873
3.161721	0.073964
3.162704	0.075038
3.163686	0.076096
3.164669	0.077138
3.165652	0.078165
3.166635	0.079175
3.167617	0.080171
3.168600	0.081151
3.169583	0.082117
3.170566	0.083068
3.171549	0.084004
3.172531	0.084926
3.173514	0.085833
3.174497	0.086727
3.175480	0.087606
3.176462	0.088472
3.177445	0.089324
3.178428	0.090163
3.179411	0.090988
3.180394	0.091800
3.181376	0.092598
3.182359	0.093384
3.183342	0.094156
3.184325	0.094915
3.185307	0.095662
3.186290	0.096396
3.187273	0.097117
3.188256	0.097826
3.189239	0.098522
3.190221	0.099205
3.191204	0.099876
3.192187	0.100534
3.193170	0.101180
3.194152	0.101812
3.195135	0.102432
3.196118	0.103039
3.197101	0.103632
3.198083	0.104211
3.199066	0.104774
3.200049	0.105321
3.201032	0.105849
3.202015	0.106356
3.202997	0.106847
3.203980	0.107345
3.204963	0.107845
3.205946	0.108341
3.206928	0.108831
3.207911	0.109314
3.208894	0.109787
3.209877	0.110251
3.210860	0.110706
3.211842	0.111151
3.212825	0.111586
3.213808	0.112011
3.214791	0.112425
3.215773	0.112830
3.216756	0.113225
3.217739	0.113610
3.218722	0.113985
3.219705	0.114350
3.220687	0.114706
3.221670	0.115051
3.222653	0.115387
3.223636	0.115712
3.224618	0.116028
3.225601	0.116334
3.226584	0.116631
3.227567	0.116917
3.228550	0.117194
3.229532	0.117461
3.230515	0.117719
3.231498	0.117967
3.232481	0.118206
3.233463	0.118434
3.234446	0.118654
3.235429	0.118864
3.236412	0.119064
3.237395	0.119254
3.238377	0.119436
3.239360	0.119607
3.240343	0.119769
3.241326	0.119922
3.242308	0.120065
3.243291	0.120199
3.244274	0.120323
3.245257	0.120438
3.246239	0.120543
3.247222	0.120639
3.248205	0.120725
3.249188	0.120801
3.250171	0.120868
3.251153	0.120925
3.252136	0.120972
3.253119	0.121009
3.254102	0.121036
3.255084	0.121053
3.256067	0.121060
3.257050	0.121056
3.258033	0.121041
3.259016	0.121014
3.259998	0.120975
3.260981	0.120924
3.261964	0.120857
3.262947	0.120776
3.263929	0.120680
3.264912	0.120572
3.265895	0.120464
3.266878	0.120357
3.267861	0.120250
3.268843	0.120139
3.269826	0.120022
3.270809	0.119899
3.271792	0.119770
3.272774	0.119632
3.273757	0.119486
3.274740	0.119332
3.275723	0.119169
3.276706	0.118997
3.277688	0.118816
3.278671	0.118627
3.279654	0.118428
3.280637	0.118219
3.281619	0.118002
3.282602	0.117774
3.283585	0.117537
3.284568	0.117290
3.285551	0.117033
3.286533	0.116766
3.287516	0.116489
3.288499	0.116201
3.289482	0.115901
3.290464	0.115591
3.291447	0.115268
3.292430	0.114933
3.293413	0.114585
3.294395	0.114224
3.295378	0.113850
3.296361	0.113464
3.297344	0.113068
3.298327	0.112669
3.299309	0.112265
3.300292	0.111858
3.301275	0.111446
3.302258	0.111026
3.303240	0.110600
3.304223	0.110164
3.305206	0.109720
3.306189	0.109266
3.307172	0.108801
3.308154	0.108326
3.309137	0.107839
3.310120	0.107340
3.311103	0.106829
3.312085	0.106305
3.313068	0.105768
3.314051	0.105218
3.315034	0.104655
3.316017	0.104081
3.316999	0.103498
3.317982	0.102907
3.318965	0.102308
3.319948	0.101702
3.320930	0.101088
3.321913	0.100464
3.322896	0.099829
3.323879	0.099183
3.324862	0.098525
3.325844	0.097854
3.326827	0.097170
3.327810	0.096474
3.328793	0.095765
3.329775	0.095046
3.330758	0.094316
3.331741	0.093576
3.332724	0.092826
3.333707	0.092065
3.334689	0.091292
3.335672	0.090508
3.336655	0.089711
3.337638	0.088903
3.338620	0.088082
3.339603	0.087250
3.340586	0.086407
3.341569	0.085554
3.342551	0.084689
3.343534	0.083813
3.344517	0.082926
3.345500	0.082029
3.346483	0.081122
3.347465	0.080205
3.348448	0.079278
3.349431	0.078341
3.350414	0.077395
3.351396	0.076440
3.352379	0.075476
3.353362	0.074505
3.354345	0.073527
3.355328	0.072542
3.356310	0.071551
3.357293	0.070554
3.358276	0.069554
3.359259	0.068550
3.360241	0.067543
3.361224	0.066535
3.362207	0.065525
3.363190	0.064516
3.364173	0.063507
3.365155	0.062501
3.366138	0.061497
3.367121	0.060497
3.368104	0.059503
3.369086	0.058514
3.370069	0.057531
3.371052	0.056557
3.372035	0.055591
3.373018	0.054634
3.374000	0.053687
3.374983	0.052751
3.375966	0.051826
3.376949	0.050913
3.377931	0.050012
3.378914	0.049124
3.379897	0.048249
3.380880	0.047388
3.381863	0.046540
3.382845	0.045707
3.383828	0.044887
3.384811	0.044082
3.385794	0.043291
3.386776	0.042515
3.387759	0.041753
3.388742	0.041005
3.389725	0.040271
3.390708	0.039552
3.391690	0.038846
3.392673	0.038155
3.393656	0.037477
3.394639	0.036813
3.395621	0.036162
3.396604	0.035524
3.397587	0.034899
3.398570	0.034287
3.399552	0.033688
3.400535	0.033101
3.401518	0.032525
3.402501	0.031962
3.403484	0.031410
3.404466	0.030870
3.405449	0.030341
3.406432	0.029822
3.407415	0.029314
3.408397	0.028817
3.409380	0.028329
3.410363	0.027852
3.411346	0.027384
3.412329	0.026926
3.413311	0.026477
3.414294	0.026037
3.415277	0.025605
3.416260	0.025183
3.417242	0.024768
3.418225	0.024362
3.419208	0.023964
3.420191	0.023574
3.421174	0.023191
3.422156	0.022816
3.423139	0.022448
3.424122	0.022087
3.425105	0.021733
3.426087	0.021386
3.427070	0.021046
3.428053	0.020711
3.429036	0.020383
3.430019	0.020062
3.431001	0.019746
3.431984	0.019436
3.432967	0.019131
3.433950	0.018833
3.434932	0.018539
3.435915	0.018251
3.436898	0.017968
3.437881	0.017690
3.438864	0.017417
3.439846	0.017149
3.440829	0.016886
3.441812	0.016627
3.442795	0.016372
3.443777	0.016122
3.444760	0.015877
3.445743	0.015635
3.446726	0.015398
3.447708	0.015164
3.448691	0.014934
3.449674	0.014709
3.450657	0.014486
3.451640	0.014268
3.452622	0.014053
3.453605	0.013842
3.454588	0.013634
3.455571	0.013429
3.456553	0.013227
3.457536	0.013029
3.458519	0.012834
3.459502	0.012642
3.460485	0.012452
3.461467	0.012266
3.462450	0.012082
3.463433	0.011902
3.464416	0.011724
3.465398	0.011548
3.466381	0.011376
3.467364	0.011205
3.468347	0.011038
3.469330	0.010872
3.470312	0.010709
3.471295	0.010549
3.472278	0.010390
3.473261	0.010234
3.474243	0.010080
3.475226	0.009928
3.476209	0.009779
3.477192	0.009631
3.478175	0.009485
3.479157	0.009342
3.480140	0.009200
3.481123	0.009060
3.482106	0.008922
3.483088	0.008786
3.484071	0.008651
3.485054	0.008518
3.486037	0.008387
3.487020	0.008258
3.488002	0.008130
3.488985	0.008004
3.489968	0.007879
3.490951	0.007756
3.491933	0.007634
3.492916	0.007514
3.493899	0.007395
3.494882	0.007278
3.495864	0.007162
3.496847	0.007047
3.497830	0.006933
3.498813	0.006821
3.499796	0.006710
3.500778	0.006601
3.501761	0.006492
3.502744	0.006385
3.503727	0.006279
3.504709	0.006174
3.505692	0.006070
3.506675	0.005967
3.507658	0.005866
3.508641	0.005765
3.509623	0.005665
3.510606	0.005567
3.511589	0.005469
3.512572	0.005372
3.513554	0.005276
3.514537	0.005181
3.515520	0.005087
3.516503	0.004994
3.517486	0.004902
3.518468	0.004810
3.519451	0.004720
3.520434	0.004630
3.521417	0.004541
3.522399	0.004452
3.523382	0.004365
3.524365	0.004278
3.525348	0.004192
3.526331	0.004106
3.527313	0.004022
3.528296	0.003937
3.529279	0.003854
3.530262	0.003771
3.531244	0.003689
3.532227	0.003607
3.533210	0.003526
3.534193	0.003446
3.535176	0.003366
3.536158	0.003286
3.537141	0.003207
3.538124	0.003129
3.539107	0.003051
3.540089	0.002974
3.541072	0.002897
3.542055	0.002820
3.543038	0.002744
3.544020	0.002669
3.545003	0.002594
3.545986	0.002519
3.546969	0.002445
3.547952	0.002371
3.548934	0.002297
3.549917	0.002224
3.550900	0.002151
3.551883	0.002078
3.552865	0.002006
3.553848	0.001934
3.554831	0.001862
3.555814	0.001791
3.556797	0.001720
3.557779	0.001649
3.558762	0.001578
3.559745	0.001508
3.560728	0.001438
3.561710	0.001368
3.562693	0.001298
3.563676	0.001229
3.564659	0.001160
3.565642	0.001091
3.566624	0.001022
3.567607	0.000953
3.568590	0.000884
3.569573	0.000816
3.570555	0.000747
3.571538	0.000679
3.572521	0.000611
3.573504	0.000543
3.574487	0.000475
3.575469	0.000407
3.576452	0.000339
3.577435	0.000271
3.578418	0.000203
3.579400	0.000135
3.580375	0.000067
3.581350	0.000133
3.582325	0.000199
3.583300	0.000264
3.584274	0.000328
3.585249	0.000392
3.586224	0.000456
3.587199	0.000519
3.588174	0.000581
3.589148	0.000642
3.590123	0.000704
3.591098	0.000764
3.592073	0.000824
3.593048	0.000884
3.594022	0.000942
3.594997	0.001001
3.595972	0.001059
3.596947	0.001116
3.597921	0.001173
3.598896	0.001229
3.599871	0.001284
3.600846	0.001340
3.601821	0.001394
3.602795	0.001448
3.603770	0.001502
3.604745	0.001555
3.605720	0.001607
3.606695	0.001659
3.607669	0.001711
3.608644	0.001762
3.609619	0.001812
3.610594	0.001862
3.611569	0.001911
3.612543	0.001960
3.613518	0.002008
3.614493	0.002056
3.615468	0.002103
3.616443	0.002150
3.617417	0.002196
3.618392	0.002242
3.619367	0.002287
3.620342	0.002332
3.621316	0.002376
3.622291	0.002419
3.623266	0.002462
3.624241	0.002505
3.625216	0.002547
3.626190	0.002589
3.627165	0.002630
3.628140	0.002670
3.629115	0.002710
3.630090	0.002750
3.631064	0.002789
3.632039	0.002827
3.633014	0.002865
3.633989	0.002902
3.634964	0.002939
3.635938	0.002976
3.636913	0.003011
3.637888	0.003047
3.638863	0.003082
3.639838	0.003116
3.640812	0.003150
3.641787	0.003183
3.642762	0.003216
3.643737	0.003248
3.644711	0.003280
3.645686	0.003312
3.646661	0.003342
3.647636	0.003373
3.648611	0.003403
3.649585	0.003432
3.650560	0.003461
3.651535	0.003489
3.652510	0.003517
3.653485	0.003544
3.654459	0.003571
3.655434	0.003597
3.656409	0.003623
3.657384	0.003649
3.658359	0.003674
3.659333	0.003698
3.660308	0.003722
3.661283	0.003745
3.662258	0.003768
3.663233	0.003791
3.664207	0.003813
3.665182	0.003834
3.666157	0.003856
3.667132	0.003876
3.668106	0.003896
3.669081	0.003916
3.670056	0.003935
3.671031	0.003954
3.672006	0.003972
3.672980	0.003990
3.673955	0.004008
3.674930	0.004025
3.675905	0.004041
3.676880	0.004057
3.677854	0.004073
3.678829	0.004088
3.679804	0.004103
3.680779	0.004117
3.681754	0.004131
3.682728	0.004144
3.683703	0.004157
3.684678	0.004170
3.685653	0.004182
3.686628	0.004194
3.687602	0.004205
3.688577	0.004216
3.689552	0.004227
3.690527	0.004237
3.691501	0.004247
3.692476	0.004256
3.693451	0.004265
3.694426	0.004273
3.695401	0.004282
3.696375	0.004289
3.697350	0.004297
3.698325	0.004304
3.699300	0.004310
3.700275	0.004317
3.701249	0.004322
3.702224	0.004328
3.703199	0.004333
3.704174	0.004338
3.705149	0.004342
3.706123	0.004346
3.707098	0.004350
3.708073	0.004353
3.709048	0.004356
3.710023	0.004359
3.710997	0.004361
3.711972	0.004363
3.712947	0.004365
3.713922	0.004366
3.714897	0.004367
3.715871	0.004368
3.716846	0.004369
3.717821	0.004369
3.718796	0.004368
3.719770	0.004368
3.720745	0.004367
3.721720	0.004366
3.722695	0.004364
3.723670	0.004363
3.724644	0.004361
3.725619	0.004358
3.726594	0.004356
3.727569	0.004353
3.728544	0.004350
3.729518	0.004346
3.730493	0.004343
3.731468	0.004339
3.732443	0.004334
3.733418	0.004330
3.734392	0.004325
3.735367	0.004320
3.736342	0.004315
3.737317	0.004309
3.738292	0.004304
3.739266	0.004298
3.740241	0.004292
3.741216	0.004285
3.742191	0.004278
3.743165	0.004272
3.744140	0.004264
3.745115	0.004257
3.746090	0.004250
3.747065	0.004242
3.748039	0.004234
3.749014	0.004226
3.749989	0.004217
3.750964	0.004209
3.751939	0.004200
3.752913	0.004191
3.753888	0.004182
3.754863	0.004172
3.755838	0.004163
3.756813	0.004153
3.757787	0.004143
3.758762	0.004133
3.759737	0.004123
3.760712	0.004113
3.761687	0.004102
3.762661	0.004091
3.763636	0.004081
3.764611	0.004070
3.765586	0.004058
3.766560	0.004047
3.767535	0.004036
3.768510	0.004024
3.769485	0.004012
3.770460	0.004000
3.771434	0.003988
3.772409	0.003976
3.773384	0.003964
3.774359	0.003951
3.775334	0.003939
3.776308	0.003926
3.777283	0.003913
3.778258	0.003900
3.779233	0.003887
3.780208	0.003874
3.781182	0.003861
3.782157	0.003847
3.783132	0.003834
3.784107	0.003820
3.785082	0.003807
3.786056	0.003793
3.787031	0.003779
3.788006	0.003765
3.788981	0.003751
3.789955	0.003737
3.790930	0.003723
3.791905	0.003708
3.792880	0.003694
3.793855	0.003679
3.794829	0.003665
3.795804	0.003650
3.796779	0.003636
3.797754	0.003621
3.798729	0.003606
3.799703	0.003591
3.800678	0.003576
3.801653	0.003561
3.802628	0.003546
3.803603	0.003531
3.804577	0.003516
3.805552	0.003500
3.806527	0.003485
3.807502	0.003470
3.808477	0.003454
3.809451	0.003439
3.810426	0.003423
3.811401	0.003408
3.812376	0.003392
3.813350	0.003377
3.814325	0.003361
3.815300	0.003345
3.816275	0.003329
3.817250	0.003314
3.818224	0.003298
3.819199	0.003282
3.820174	0.003266
3.821149	0.003250
3.822124	0.003234
3.823098	0.003218
3.824073	0.003203
3.825048	0.003187
3.826023	0.003171
3.826998	0.003155
3.827972	0.003139
3.828947	0.003122
3.829922	0.003106
3.830897	0.003090
3.831872	0.003074
3.832846	0.003058
3.833821	0.003042
3.834796	0.003026
3.835771	0.003010
3.836746	0.002994
3.837720	0.002978
3.838695	0.002962
3.839670	0.002945
3.840645	0.002929
3.841619	0.002913
3.842594	0.002897
3.843569	0.002881
3.844544	0.002865
3.845519	0.002849
3.846493	0.002833
3.847468	0.002817
3.848443	0.002801
3.849418	0.002784
3.850393	0.002768
3.851367	0.002752
3.852342	0.002736
3.853317	0.002720
3.854292	0.002704
3.855267	0.002688
3.856241	0.002672
3.857216	0.002656
3.858191	0.002640
3.859166	0.002624
3.860141	0.002609
3.861115	0.002593
3.862090	0.002577
3.863065	0.002561
3.864040	0.002545
3.865014	0.002529
3.865989	0.002514
3.866964	0.002498
3.867939	0.002482
3.868914	0.002466
3.869888	0.002451
3.870863	0.002435
3.871838	0.002419
3.872813	0.002404
3.873788	0.002388
3.874762	0.002373
3.875737	0.002357
3.876712	0.002342
3.877687	0.002326
3.878662	0.002311
3.879636	0.002295
3.880611	0.002280
3.881586	0.002265
3.882561	0.002250
3.883536	0.002234
3.884510	0.002219
3.885485	0.002204
3.886460	0.002189
3.887435	0.002174
3.888409	0.002158
3.889384	0.002143
3.890359	0.002128
3.891334	0.002113
3.892309	0.002098
3.893283	0.002084
3.894258	0.002069
3.895233	0.002054
3.896208	0.002039
3.897183	0.002024
3.898157	0.002010
3.899132	0.001995
3.900107	0.001980
3.901082	0.001966
3.902057	0.001951
3.903031	0.001937
3.904006	0.001922
3.904981	0.001908
3.905956	0.001893
3.906931	0.001879
3.907905	0.001865
3.908880	0.001850
3.909855	0.001836
3.910830	0.001822
3.911804	0.001808
3.912779	0.001794
3.913754	0.001779
3.914729	0.001765
3.915704	0.001751
3.916678	0.001737
3.917653	0.001724
3.918628	0.001710
3.919603	0.001696
3.920578	0.001682
3.921552	0.001668
3.922527	0.001655
3.923502	0.001641
3.924477	0.001627
3.925452	0.001614
3.926426	0.001600
3.927401	0.001587
3.928376	0.001573
3.929351	0.001560
3.930326	0.001546
3.931300	0.001533
3.932275	0.001520
3.933250	0.001507
3.934225	0.001493
3.935200	0.001480
3.936174	0.001467
3.937149	0.001454
3.938124	0.001441
3.939099	0.001428
3.940073	0.001415
3.941048	0.001402
3.942023	0.001389
3.942998	0.001376
3.943973	0.001364
3.944947	0.001351
3.945922	0.001338
3.946897	0.001326
3.947872	0.001313
3.948847	0.001300
3.949821	0.001288
3.950796	0.001275
3.951771	0.001263
3.952746	0.001250
3.953721	0.001238
3.954695	0.001226
3.955670	0.001213
3.956645	0.001201
3.957620	0.001189
3.958595	0.001177
3.959569	0.001165
3.960544	0.001153
3.961519	0.001140
3.962494	0.001128
3.963468	0.001116
3.964443	0.001105
3.965418	0.001093
3.966393	0.001081
3.967368	0.001069
3.968342	0.001057
3.969317	0.001045
3.970292	0.001034
3.971267	0.001022
3.972242	0.001010
3.973216	0.000999
3.974191	0.000987
3.975166	0.000976
3.976141	0.000964
3.977116	0.000953
3.978090	0.000941
3.979065	0.000930
3.980040	0.000919
3.981015	0.000907
3.981990	0.000896
3.982964	0.000885
3.983939	0.000874
3.984914	0.000863
3.985889	0.000851
3.986863	0.000840
3.987838	0.000829
3.988813	0.000818
3.989788	0.000807
3.990763	0.000796
3.991737	0.000785
3.992712	0.000774
3.993687	0.000764
3.994662	0.000753
3.995637	0.000742
3.996611	0.000731
3.997586	0.000721
3.998561	0.000710
3.999536	0.000699
4.000511	0.000689
4.001485	0.000678
4.002460	0.000667
4.003435	0.000657
4.004410	0.000646
4.005385	0.000636
4.006359	0.000625
4.007334	0.000615
4.008309	0.000605
4.009284	0.000594
4.010258	0.000584
4.011233	0.000574
4.012208	0.000563
4.013183	0.000553
4.014158	0.000543
4.015132	0.000533
4.016107	0.000523
4.017082	0.000512
4.018057	0.000502
4.019032	0.000492
4.020006	0.000482
4.020981	0.000472
4.021956	0.000462
4.022931	0.000452
4.023906	0.000442
4.024880	0.000432
4.025855	0.000423
4.026830	0.000413
4.027805	0.000403
4.028780	0.000393
4.029754	0.000383
4.030729	0.000373
4.031704	0.000364
4.032679	0.000354
4.033653	0.000344
4.034628	0.000335
4.035603	0.000325
4.036578	0.000315
4.037553	0.000306
4.038527	0.000296
4.039502	0.000287
4.040477	0.000277
4.041452	0.000268
4.042427	0.000258
4.043401	0.000249
4.044376	0.000239
4.045351	0.000230
4.046326	0.000220
4.047301	0.000211
4.048275	0.000202
4.049250	0.000192
4.050225	0.000183
4.051200	0.000174
4.052175	0.000164
4.053149	0.000155
4.054124	0.000146
4.055099	0.000137
4.056074	0.000127
4.057049	0.000118
4.058023	0.000109
4.058998	0.000100
4.059973	0.000091
4.060948	0.000081
4.061922	0.000072
4.062897	0.000063
4.063872	0.000054
4.064847	0.000045
4.065822	0.000036
4.066796	0.000027
4.067779	0.000018
4.068762	0.000036
4.069745	0.000054
4.070728	0.000073
4.071710	0.000091
4.072693	0.000109
4.073676	0.000127
4.074659	0.000145
4.075641	0.000163
4.076624	0.000181
4.077607	0.000199
4.078590	0.000218
4.079573	0.000236
4.080555	0.000254
4.081538	0.000272
4.082521	0.000290
4.083504	0.000308
4.084486	0.000326
4.085469	0.000344
4.086452	0.000362
4.087435	0.000380
4.088417	0.000398
4.089400	0.000416
4.090383	0.000435
4.091366	0.000453
4.092349	0.000471
4.093331	0.000489
4.094314	0.000507
4.095297	0.000525
4.096280	0.000543
4.097262	0.000561
4.098245	0.000579
4.099228	0.000597
4.100211	0.000615
4.101194	0.000633
4.102176	0.000651
4.103159	0.000668
4.104142	0.000686
4.105125	0.000704
4.106107	0.000722
4.107090	0.000740
4.108073	0.000758
4.109056	0.000776
4.110039	0.000794
4.111021	0.000811
4.112004	0.000829
4.112987	0.000847
4.113970	0.000865
4.114952	0.000883
4.115935	0.000900
4.116918	0.000918
4.117901	0.000936
4.118884	0.000954
4.119866	0.000971
4.120849	0.000989
4.121832	0.001007
4.122815	0.001024
4.123797	0.001042
4.124780	0.001059
4.125763	0.001077
4.126746	0.001095
4.127729	0.001112
4.128711	0.001130
4.129694	0.001147
4.130677	0.001165
4.131660	0.001182
4.132642	0.001199
4.133625	0.001217
4.134608	0.001234
4.135591	0.001252
4.136573	0.001269
4.137556	0.001286
4.138539	0.001304
4.139522	0.001321
4.140505	0.001338
4.141487	0.001355
4.142470	0.001372
4.143453	0.001390
4.144436	0.001407
4.145418	0.001424
4.146401	0.001441
4.147384	0.001458
4.148367	0.001475
4.149350	0.001492
4.150332	0.001509
4.151315	0.001526
4.152298	0.001543
4.153281	0.001559
4.154263	0.001576
4.155246	0.001593
4.156229	0.001610
4.157212	0.001627
4.158195	0.001643
4.159177	0.001660
4.160160	0.001676
4.161143	0.001693
4.162126	0.001710
4.163108	0.001726
4.164091	0.001743
4.165074	0.001759
4.166057	0.001775
4.167040	0.001792
4.168022	0.001808
4.169005	0.001824
4.169988	0.001841
4.170971	0.001857
4.171953	0.001873
4.172936	0.001889
4.173919	0.001905
4.174902	0.001921
4.175885	0.001937
4.176867	0.001953
4.177850	0.001969
4.178833	0.001985
4.179816	0.002000
4.180798	0.002016
4.181781	0.002032
4.182764	0.002047
4.183747	0.002063
4.184729	0.002078
4.185712	0.002094
4.186695	0.002109
4.187678	0.002125
4.188661	0.002140
4.189643	0.002155
4.190626	0.002171
4.191609	0.002186
4.192592	0.002201
4.193574	0.002216
4.194557	0.002231
4.195540	0.002246
4.196523	0.002261
4.197506	0.002276
4.198488	0.002290
4.199471	0.002305
4.200454	0.002320
4.201437	0.002334
4.202419	0.002349
4.203402	0.002363
4.204385	0.002378
4.205368	0.002392
4.206351	0.002406
4.207333	0.002420
4.208316	0.002434
4.209299	0.002448
4.210282	0.002462
4.211264	0.002476
4.212247	0.002490
4.213230	0.002504
4.214213	0.002518
4.215196	0.002531
4.216178	0.002545
4.217161	0.002558
4.218144	0.002572
4.219127	0.002585
4.220109	0.002598
4.221092	0.002612
4.222075	0.002625
4.223058	0.002638
4.224041	0.002651
4.225023	0.002664
4.226006	0.002676
4.226989	0.002689
4.227972	0.002702
4.228954	0.002714
4.229937	0.002727
4.230920	0.002739
4.231903	0.002751
4.232885	0.002764
4.233868	0.002776
4.234851	0.002788
4.235834	0.002800
4.236817	0.002812
4.237799	0.002823
4.238782	0.002835
4.239765	0.002847
4.240748	0.002858
4.241730	0.002869
4.242713	0.002881
4.243696	0.002892
4.244679	0.002903
4.245662	0.002914
4.246644	0.002925
4.247627	0.002936
4.248610	0.002947
4.249593	0.002957
4.250575	0.002968
4.251558	0.002978
4.252541	0.002988
4.253524	0.002999
4.254507	0.003009
4.255489	0.003019
4.256472	0.003029
4.257455	0.003039
4.258438	0.003048
4.259420	0.003058
4.260403	0.003067
4.261386	0.003077
4.262369	0.003086
4.263352	0.003095
4.264334	0.003104
4.265317	0.003113
4.266300	0.003122
4.267283	0.003130
4.268265	0.003139
4.269248	0.003148
4.270231	0.003156
4.271214	0.003164
4.272197	0.003172
4.273179	0.003180
4.274162	0.003188
4.275145	0.003196
4.276128	0.003203
4.277110	0.003211
4.278093	0.003218
4.279076	0.003226
4.280059	0.003233
4.281042	0.003240
4.282024	0.003247
4.283007	0.003253
4.283990	0.003260
4.284973	0.003266
4.285955	0.003273
4.286938	0.003279
4.287921	0.003285
4.288904	0.003291
4.289886	0.003297
4.290869	0.003303
4.291852	0.003308
4.292835	0.003314
4.293818	0.003319
4.294800	0.003324
4.295783	0.003329
4.296766	0.003334
4.297749	0.003339
4.298731	0.003343
4.299714	0.003348
4.300697	0.003352
4.301680	0.003356
4.302663	0.003360
4.303645	0.003364
4.304628	0.003368
4.305611	0.003372
4.306594	0.003375
4.307576	0.003378
4.308559	0.003381
4.309542	0.003384
4.310525	0.003387
4.311508	0.003390
4.312490	0.003393
4.313473	0.003395
4.314456	0.003397
4.315439	0.003399
4.316421	0.003401
4.317404	0.003403
4.318387	0.003405
4.319370	0.003406
4.320353	0.003408
4.321335	0.003409
4.322318	0.003410
4.323301	0.003411
4.324284	0.003412
4.325266	0.003412
4.326249	0.003413
4.327232	0.003413
4.328215	0.003413
4.329198	0.003413
4.330180	0.003413
4.331163	0.003412
4.332146	0.003412
4.333129	0.003411
4.334111	0.003410
4.335094	0.003409
4.336077	0.003408
4.337060	0.003407
4.338042	0.003405
4.339025	0.003404
4.340008	0.003402
4.340991	0.003400
4.341974	0.003398
4.342956	0.003395
4.343939	0.003393
4.344922	0.003390
4.345905	0.003387
4.346887	0.003384
4.347870	0.003381
4.348853	0.003378
4.349836	0.003374
4.350819	0.003371
4.351801	0.003367
4.352784	0.003363
4.353767	0.003359
4.354750	0.003354
4.355732	0.003350
4.356715	0.003345
4.357698	0.003340
4.358681	0.003335
4.359664	0.003330
4.360646	0.003325
4.361629	0.003319
4.362612	0.003314
4.363595	0.003308
4.364577	0.003302
4.365560	0.003295
4.366543	0.003289
4.367526	0.003283
4.368509	0.003276
4.369491	0.003269
4.370474	0.003262
4.371457	0.003255
4.372440	0.003247
4.373422	0.003240
4.374405	0.003232
4.375388	0.003224
4.376371	0.003216
4.377354	0.003208
4.378336	0.003199
4.379319	0.003190
4.380302	0.003182
4.381285	0.003173
4.382267	0.003164
4.383250	0.003154
4.384233	0.003145
4.385216	0.003135
4.386198	0.003125
4.387181	0.003115
4.388164	0.003105
4.389147	0.003095
4.390130	0.003084
4.391112	0.003074
4.392095	0.003063
4.393078	0.003052
4.394061	0.003041
4.395043	0.003029
4.396026	0.003018
4.397009	0.003006
4.397992	0.002994
4.398975	0.002982
4.399957	0.002970
4.400940	0.002958
4.401923	0.002945
4.402906	0.002933
4.403888	0.002920
4.404871	0.002907
4.405854	0.002894
4.406837	0.002880
4.407820	0.002867
4.408802	0.002853
4.409785	0.002839
4.410768	0.002825
4.411751	0.002811
4.412733	0.002797
4.413716	0.002782
4.414699	0.002768
4.415682	0.002753
4.416665	0.002738
4.417647	0.002723
4.418630	0.002708
4.419613	0.002692
4.420596	0.002677
4.421578	0.002661
4.422561	0.002645
4.423544	0.002629
4.424527	0.002613
4.425510	0.002596
4.426492	0.002580
4.427475	0.002563
4.428458	0.002546
4.429441	0.002529
4.430423	0.002512
4.431406	0.002495
4.432389	0.002478
4.433372	0.002460
4.434354	0.002442
4.435337	0.002425
4.436320	0.002407
4.437303	0.002388
4.438286	0.002370
4.439268	0.002352
4.440251	0.002333
4.441234	0.002314
4.442217	0.002296
4.443199	0.002277
4.444182	0.002258
4.445165	0.002238
4.446148	0.002219
4.447131	0.002199
4.448113	0.002180
4.449096	0.002160
4.450079	0.002140
4.451062	0.002120
4.452044	0.002100
4.453027	0.002080
4.454010	0.002059
4.454993	0.002039
4.455976	0.002018
4.456958	0.001997
4.457941	0.001976
4.458924	0.001955
4.459907	0.001934
4.460889	0.001913
4.461872	0.001891
4.462855	0.001870
4.463838	0.001848
4.464821	0.001826
4.465803	0.001805
4.466786	0.001783
4.467769	0.001761
4.468752	0.001738
4.469734	0.001716
4.470717	0.001694
4.471700	0.001671
4.472683	0.001649
4.473666	0.001626
4.474648	0.001603
4.475631	0.001580
4.476614	0.001557
4.477597	0.001534
4.478579	0.001511
4.479562	0.001487
4.480545	0.001464
4.481528	0.001441
4.482510	0.001417
4.483493	0.001393
4.484476	0.001370
4.485459	0.001346
4.486442	0.001322
4.487424	0.001298
4.488407	0.001274
4.489390	0.001250
4.490373	0.001225
4.491355	0.001201
4.492338	0.001177
4.493321	0.001152
4.494304	0.001128
4.495287	0.001103
4.496269	0.001078
4.497252	0.001054
4.498235	0.001029
4.499218	0.001004
4.500200	0.000979
4.501183	0.000954
4.502166	0.000929
4.503149	0.000904
4.504132	0.000879
4.505114	0.000853
4.506097	0.000828
4.507080	0.000803
4.508063	0.000777
4.509045	0.000752
4.510028	0.000726
4.511011	0.000701
4.511994	0.000675
4.512977	0.000650
4.513959	0.000624
4.514942	0.000598
4.515925	0.000573
4.516908	0.000547
4.517890	0.000521
4.518873	0.000495
4.519856	0.000469
4.520839	0.000443
4.521822	0.000417
4.522804	0.000392
4.523787	0.000366
4.524770	0.000340
4.525753	0.000313
4.526735	0.000287
4.527718	0.000261
4.528701	0.000235
4.529684	0.000209
4.530667	0.000183
4.531649	0.000157
4.532632	0.000131
4.533615	0.000105
4.534598	0.000078
4.535580	0.000052
4.536563	0.000026
4.537546	-0.000000
4.538529	0.000000
4.539511	-0.000000
4.540494	-0.000000
4.541477	-0.000000
4.542460	-0.000000
4.543443	0.000000
4.544425	0.000000
4.545408	0.000000
4.546391	0.000000
4.547374	-0.000000
4.548356	-0.000000
4.549339	0.000000
4.550322	0.000000
4.551305	0.000000
4.552288	0.000000
4.553270	0.000000
4.554253	0.000000
4.555236	-0.000000
4.556219	-0.000000
4.557201	0.000000
4.558184	-0.000000
4.559167	-0.000000
4.560150	0.000000
4.561133	-0.000000
4.562115	0.000000
4.563098	0.000000
4.564081	0.000000
4.565064	-0.000000
4.566046	-0.000000
4.567029	-0.000000
4.568012	-0.000000
4.568995	-0.000000
4.569978	0.000000
4.570960	0.000000
4.571943	0.000000
4.572926	-0.000000
4.573909	-0.000000
4.574891	0.000000
4.575874	0.000000
4.576857	0.000000
4.577840	0.000000
4.578823	-0.000000
4.579805	-0.000000
4.580788	0.000000
4.581771	-0.000000
4.582754	-0.000000
4.583736	-0.000000
4.584719	-0.000000
4.585702	0.000000
4.586685	-0.000000
4.587667	0.000000
4.588650	0.000000
4.589633	-0.000000
4.590616	0.000000
4.591599	-0.000000
4.592581	-0.000000
4.593564	0.000000
4.594547	-0.000000
4.595530	0.000000
4.596512	0.000000
4.597495	0.000000
4.598478	-0.000000
4.599461	0.000000
4.600444	-0.000000
4.601426	0.000000
4.602409	-0.000000
4.603392	-0.000000
4.604375	0.000000
4.605357	-0.000000
4.606340	0.000000
4.607323	0.000000
4.608306	0.000000
4.609289	0.000000
4.610271	0.000000
4.611254	0.000000
4.612237	-0.000000
4.613220	0.000000
4.614202	-0.000000
4.615185	-0.000000
4.616168	0.000000
4.617151	0.000000
4.618134	-0.000000
4.619116	-0.000000
4.620099	-0.000000
4.621082	-0.000000
4.622065	-0.000000
4.623047	0.000000
4.624030	0.000000
4.625013	-0.000000
4.625996	-0.000000
4.626979	-0.000000
4.627961	0.000000
4.628944	0.000000
4.629927	0.000000
4.630910	-0.000000
4.631892	-0.000000
4.632875	-0.000000
4.633858	-0.000000
4.634841	0.000000
4.635823	0.000000
4.636806	0.000000
4.637789	-0.000000
4.638772	-0.000000
4.639755	0.000000
4.640737	0.000000
4.641720	-0.000000
4.642703	-0.000000
4.643686	0.000000
4.644668	-0.000000
4.645651	0.000000
4.646634	0.000000
4.647617	-0.000000
4.648600	0.000000
4.649582	-0.000000
4.650565	0.000000
4.651548	0.000000
4.652531	-0.000000
4.653513	-0.000000
4.654496	-0.000000
4.655479	0.000000
4.656462	0.000000
4.657445	-0.000000
4.658427	-0.000000
4.659410	-0.000000
4.660393	-0.000000
4.661376	0.000000
4.662358	-0.000000
4.663341	-0.000000
4.664324	-0.000000
4.665307	-0.000000
4.666290	-0.000000
4.667272	0.000000
4.668255	-0.000000
4.669238	-0.000000
4.670221	0.000000
4.671203	-0.000000
4.672186	0.000000
4.673169	-0.000000
4.674152	0.000000
4.675135	0.000000
4.676117	-0.000000
4.677100	-0.000000
4.678083	0.000000
4.679066	0.000000
4.680048	0.000000
4.681031	-0.000000
4.682014	-0.000000
4.682997	0.000000
4.683979	0.000000
4.684962	0.000000
4.685945	0.000000
4.686928	-0.000000
4.687911	-0.000000
4.688893	-0.000000
4.689876	-0.000000
4.690859	-0.000000
4.691842	-0.000000
4.692824	0.000000
4.693807	-0.000000
4.694790	-0.000000
4.695773	0.000000
4.696756	0.000000
4.697738	-0.000000
4.698721	0.000000
4.699704	-0.000000
4.700687	0.000000
4.701669	0.000000
4.702652	0.000000
4.703635	-0.000000
4.704618	0.000000
4.705601	0.000000
4.706583	-0.000000
4.707566	-0.000000
4.708549	0.000000
4.709532	-0.000000
4.710514	0.000000
4.711497	-0.000000
4.712480	0.000000
4.713463	0.000000
4.714446	-0.000000
4.715428	-0.000000
4.716411	0.000000
4.717394	-0.000000
4.718377	-0.000000
4.719359	-0.000000
4.720342	-0.000000
4.721325	0.000000
4.722308	-0.000000
4.723291	0.000000
4.724273	0.000000
4.725256	-0.000000
4.726239	-0.000000
4.727222	-0.000000
4.728204	0.000000
4.729187	0.000000
4.730170	0.000000
4.731153	0.000000
4.732135	-0.000000
4.733118	0.000000
4.734101	0.000000
4.735084	0.000000
4.736067	-0.000000
4.737049	-0.000000
4.738032	-0.000000
4.739015	-0.000000
4.739998	-0.000000
4.740980	0.000000
4.741963	0.000000
4.742946	0.000000
4.743929	0.000000
4.744912	0.000000
4.745894	0.000000
4.746877	-0.000000
4.747860	0.000000
4.748843	0.000000
4.749825	-0.000000
4.750808	0.000000
4.751791	0.000000
4.752774	0.000000
4.753757	-0.000000
4.754739	0.000000
4.755722	-0.000000
4.756705	-0.000000
4.757688	-0.000000
4.758670	0.000000
4.759653	0.000000
4.760636	0.000000
4.761619	0.000000
4.762602	-0.000000
4.763584	0.000000
4.764567	-0.000000
4.765550	0.000000
4.766533	0.000000
4.767515	-0.000000
4.768498	-0.000000
4.769481	-0.000000
4.770464	-0.000000
4.771447	-0.000000
4.772429	-0.000000
4.773412	-0.000000
4.774395	0.000000
4.775378	-0.000000
4.776360	-0.000000
4.777343	-0.000000
4.778326	0.000000
4.779309	0.000000
4.780292	0.000000
4.781274	-0.000000
4.782249	-0.000000
4.783224	0.000000
4.784199	-0.000000
4.785173	0.000000
4.786148	0.000000
4.787123	0.000000
4.788098	0.000000
4.789073	-0.000000
4.790047	0.000000
4.791022	0.000000
4.791997	0.000000
4.792972	0.000000
4.793947	-0.000000
4.794921	0.000000
4.795896	-0.000000
4.796871	-0.000000
4.797846	0.000000
4.798821	0.000000
4.799795	-0.000000
4.800770	0.000000
4.801745	0.000000
4.802720	0.000000
4.803694	0.000000
4.804669	-0.000000
4.805644	-0.000000
4.806619	-0.000000
4.807594	0.000000
4.808568	0.000000
4.809543	0.000000
4.810518	-0.000000
4.811493	-0.000000
4.812468	0.000000
4.813442	-0.000000
4.814417	0.000000
4.815392	-0.000000
4.816367	0.000000
4.817342	-0.000000
4.818316	-0.000000
4.819291	0.000000
4.820266	-0.000000
4.821241	-0.000000
4.822216	0.000000
4.823190	0.000000
4.824165	-0.000000
4.825140	-0.000000
4.826115	0.000000
4.827090	0.000000
4.828064	0.000000
4.829039	-0.000000
4.830014	-0.000000
4.830989	0.000000
4.831963	0.000000
4.832938	-0.000000
4.833913	0.000000
4.834888	-0.000000
4.835863	0.000000
4.836837	0.000000
4.837812	0.000000
4.838787	0.000000
4.839762	0.000000
4.840737	-0.000000
4.841711	0.000000
4.842686	0.000000
4.843661	0.000000
4.844636	0.000000
4.845611	-0.000000
4.846585	-0.000000
4.847560	0.000000
4.848535	0.000000
4.849510	-0.000000
4.850485	-0.000000
4.851459	0.000000
4.852434	-0.000000
4.853409	0.000000
4.854384	0.000000
4.855358	0.000000
4.856333	0.000000
4.857308	0.000000
4.858283	0.000000
4.859258	0.000000
4.860232	-0.000000
4.861207	0.000000
4.862182	0.000000
4.863157	0.000000
4.864132	-0.000000
4.865106	0.000000
4.866081	0.000000
4.867056	0.000000
4.868031	0.000000
4.869006	-0.000000
4.869980	-0.000000
4.870955	0.000000
4.871930	0.000000
4.872905	-0.000000
4.873880	0.000000
4.874854	0.000000
4.875829	0.000000
4.876804	0.000000
4.877779	0.000000
4.878761	0.000000
4.879744	-0.000000
4.880727	-0.000000
4.881710	0.000000
4.882693	0.000000
4.883675	-0.000000
4.884658	0.000000
4.885641	0.000000
4.886624	0.000000
4.887606	0.000000
4.888589	0.000000
4.889572	0.000000
4.890555	-0.000000
4.891538	0.000000
4.892520	0.000000
4.893503	0.000000
4.894486	-0.000000
4.895469	0.000000
4.896451	-0.000000
4.897434	-0.000000
4.898417	-0.000000
4.899400	0.000000
4.900383	-0.000000
4.901365	-0.000000
4.902348	0.000000
4.903331	-0.000000
4.904314	0.000000
4.905296	-0.000000
4.906279	-0.000000
4.907262	-0.000000
4.908245	-0.000000
4.909228	0.000000
4.910210	0.000000
4.911193	-0.000000
4.912176	0.000000
4.913159	-0.000000
4.914141	-0.000000
4.915124	0.000000
4.916107	-0.000000
4.917090	0.000000
4.918072	0.000000
4.919055	-0.000000
4.920038	-0.000000
4.921021	0.000000
4.922004	-0.000000
4.922986	-0.000000
4.923969	-0.000000
4.924952	0.000000
4.925935	-0.000000
4.926917	-0.000000
4.927900	0.000000
4.928883	-0.000000
4.929866	-0.000000
4.930849	0.000000
4.931831	0.000000
4.932814	-0.000000
4.933797	-0.000000
4.934780	-0.000000
4.935762	-0.000000
4.936745	-0.000000
4.937728	-0.000000
4.938711	-0.000000
4.939694	0.000000
4.940676	0.000000
4.941659	-0.000000
4.942642	-0.000000
4.943625	0.000000
4.944607	0.000000
4.945590	-0.000000
4.946573	0.000000
4.947556	0.000000
4.948539	0.000000
4.949521	-0.000000
4.950504	0.000000
4.951487	0.000000
4.952470	-0.000000
4.953452	-0.000000
4.954435	-0.000000
4.955418	0.000000
4.956401	0.000000
4.957384	-0.000000
4.958366	0.000000
4.959349	0.000000
4.960332	-0.000000
4.961315	-0.000000
4.962297	0.000000
4.963280	-0.000000
4.964263	-0.000000
4.965246	-0.000000
4.966228	-0.000000
4.967211	-0.000000
4.968194	0.000000
4.969177	-0.000000
4.970160	0.000000
4.971142	-0.000000
4.972125	-0.000000
4.973108	-0.000000
4.974091	0.000000
4.975073	0.000000
4.976056	-0.000000
4.977039	0.000000
4.978022	-0.000000
4.979005	-0.000000
4.979987	-0.000000
4.980970	-0.000000
4.981953	0.000000
4.982936	0.000000
4.983918	-0.000000
4.984901	-0.000000
4.985884	0.000000
4.986867	0.000000
4.987850	0.000000
4.988832	-0.000000
4.989815	-0.000000
4.990798	-0.000000
4.991781	-0.000000
4.992763	-0.000000
4.993746	-0.000000
4.994729	0.000000
4.995712	-0.000000
4.996695	-0.000000
4.997677	-0.000000
4.998660	-0.000000
4.999643	0.000000
5.000626	-0.000000
5.001608	0.000000
5.002591	-0.000000
5.003574	0.000000
5.004557	0.000000
5.005540	-0.000000
5.006522	-0.000000
5.007505	0.000000
5.008488	-0.000000
5.009471	-0.000000
5.010453	0.000000
5.011436	-0.000000
5.012419	0.000000
5.013402	0.000000
5.014384	-0.000000
5.015367	0.000000
5.016350	-0.000000
5.017333	-0.000000
5.018316	-0.000000
5.019298	0.000000
5.020281	0.000000
5.021264	0.000000
5.022247	0.000000
5.023229	0.000000
5.024212	-0.000000
5.025195	-0.000000
5.026178	0.000000
5.027161	-0.000000
5.028143	0.000000
5.029126	-0.000000
5.030109	-0.000000
5.031092	-0.000000
5.032074	0.000000
5.033057	-0.000000
5.034040	0.000000
5.035023	-0.000000
5.036006	-0.000000
5.036988	-0.000000
5.037971	-0.000000
5.038954	0.000000
5.039937	0.000000
5.040919	0.000000
5.041902	-0.000000
5.042885	0.000000
5.043868	-0.000000
5.044851	-0.000000
5.045833	-0.000000
5.046816	0.000000
5.047799	0.000000
5.048782	0.000000
5.049764	0.000000
5.050747	-0.000000
5.051730	0.000000
5.052713	0.000000
5.053696	-0.000000
5.054678	0.000000
5.055661	0.000000
5.056644	-0.000000
5.057627	-0.000000
5.058609	0.000000
5.059592	-0.000000
5.060575	0.000000
5.061558	0.000000
5.062540	-0.000000
5.063523	0.000000
5.064506	0.000000
5.065489	0.000000
5.066472	-0.000000
5.067454	-0.000000
5.068437	-0.000000
5.069420	0.000000
5.070403	0.000000
5.071385	-0.000000
5.072368	-0.000000
5.073351	0.000000
5.074334	-0.000000
5.075317	0.000000
5.076299	0.000000
5.077282	-0.000000
5.078265	-0.000000
5.079248	0.000000
5.080230	0.000000
5.081213	-0.000000
5.082196	0.000000
5.083179	0.000000
5.084162	-0.000000
5.085144	0.000000
5.086127	-0.000000
5.087110	-0.000000
5.088093	0.000000
5.089075	-0.000000
5.090058	0.000000
5.091041	-0.000000
5.092024	0.000000
5.093007	0.000000
5.093989	0.000000
5.094972	0.000000
5.095955	0.000000
5.096938	0.000000
5.097920	-0.000000
5.098903	0.000000
5.099886	-0.000000
5.100869	0.000000
5.101852	0.000000
5.102834	-0.000000
5.103817	-0.000000
5.104800	-0.000000
5.105783	0.000000
5.106765	-0.000000
5.107748	-0.000000
5.108731	-0.000000
5.109714	0.000000
5.110697	-0.000000
5.111679	-0.000000
5.112662	0.000000
5.113645	-0.000000
5.114628	-0.000000
5.115610	0.000000
5.116593	0.000000
5.117576	0.000000
5.118559	-0.000000
5.119541	0.000000
5.120524	0.000000
5.121507	0.000000
5.122490	0.000000
5.123473	-0.000000
5.124455	0.000000
5.125438	-0.000000
5.126421	0.000000
5.127404	0.000000
5.128386	0.000000
5.129369	0.000000
5.130352	-0.000000
5.131335	0.000000
5.132318	0.000000
5.133300	-0.000000
5.134283	0.000000
5.135266	0.000000
5.136249	-0.000000
5.137231	0.000000
5.138214	-0.000000
5.139197	0.000000
5.140180	0.000000
5.141163	0.000000
5.142145	-0.000000
5.143128	-0.000000
5.144111	-0.000000
5.145094	0.000000
5.146076	-0.000000
5.147059	-0.000000
5.148042	0.000000
5.149025	0.000000
5.150008	0.000000
5.150990	0.000000
5.151973	-0.000000
5.152956	-0.000000
5.153939	0.000000
5.154921	-0.000000
5.155904	-0.000000
5.156887	-0.000000
5.157870	-0.000000
5.158853	-0.000000
5.159835	0.000000
5.160818	-0.000000
5.161801	-0.000000
5.162784	-0.000000
5.163766	0.000000
