1.591667e-02 4.679547e-02
4.775000e-02 3.303003e-02
7.958333e-02 4.523512e-02
1.205000e-01 7.372370e-02
1.705000e-01 8.644713e-02
2.205000e-01 6.063755e-02
2.924583e-01 1.334587e-01
3.863750e-01 1.512326e-01
4.802917e-01 8.092719e-02
5.742083e-01 1.389358e-01
6.681250e-01 1.766482e-01
7.620417e-01 7.590648e-02
8.917750e-01 8.578449e-02
1.057325e+00 3.849845e-02
1.222875e+00 3.317752e-02
1.372067e+00 7.004344e-03
1.504900e+00 -4.990806e-03
1.637733e+00 -2.509720e-02
1.770817e+00 5.636440e-03
1.904150e+00 9.849920e-03
2.037483e+00 -1.317299e-02
2.170817e+00 -1.241187e-02
2.304150e+00 1.303260e-02
2.437483e+00 9.757306e-03
2.570817e+00 -5.358118e-03
2.704150e+00 1.179956e-03
2.837483e+00 5.629024e-03
2.970567e+00 -3.171427e-02
3.103400e+00 6.534499e-03
3.236233e+00 4.879335e-03
3.385425e+00 2.162731e-02
3.550975e+00 1.706801e-02
3.716525e+00 6.944100e-02
3.846258e+00 7.001998e-02
3.940175e+00 2.608467e-01
4.034092e+00 1.382912e-01
4.128008e+00 8.120440e-02
4.221925e+00 1.134254e-01
4.315842e+00 2.034957e-01
4.387800e+00 6.596646e-02
4.437800e+00 6.226829e-02
4.487800e+00 6.179652e-02
4.528717e+00 3.922568e-02
4.560550e+00 2.994222e-02
4.592383e+00 4.344177e-02
