2.001483e-16 6.341715e-02
9.550000e-04 6.223675e-02
1.910000e-03 6.107973e-02
2.865000e-03 5.994609e-02
3.820000e-03 5.883582e-02
4.775000e-03 5.774892e-02
5.730000e-03 5.668539e-02
6.685000e-03 5.564524e-02
7.640000e-03 5.462846e-02
8.595000e-03 5.363506e-02
9.550000e-03 5.266503e-02
1.050500e-02 5.171837e-02
1.146000e-02 5.079508e-02
1.241500e-02 4.989517e-02
1.337000e-02 4.901864e-02
1.432500e-02 4.816547e-02
1.528000e-02 4.733568e-02
1.623500e-02 4.652926e-02
1.719000e-02 4.574622e-02
1.814500e-02 4.498655e-02
1.910000e-02 4.425025e-02
2.005500e-02 4.353733e-02
2.101000e-02 4.284778e-02
2.196500e-02 4.218161e-02
2.292000e-02 4.153880e-02
2.387500e-02 4.091937e-02
2.483000e-02 4.032332e-02
2.578500e-02 3.975064e-02
2.674000e-02 3.920133e-02
2.769500e-02 3.867539e-02
2.865000e-02 3.817283e-02
2.960500e-02 3.769364e-02
3.056000e-02 3.723783e-02
3.151500e-02 3.680539e-02
3.247000e-02 3.639632e-02
3.342500e-02 3.601062e-02
3.438000e-02 3.564830e-02
3.533500e-02 3.530936e-02
3.629000e-02 3.499378e-02
3.724500e-02 3.470158e-02
3.820000e-02 3.443276e-02
3.915500e-02 3.418730e-02
4.011000e-02 3.396522e-02
4.106500e-02 3.376652e-02
4.202000e-02 3.359118e-02
4.297500e-02 3.343922e-02
4.393000e-02 3.331064e-02
4.488500e-02 3.320542e-02
4.584000e-02 3.312359e-02
4.679500e-02 3.306512e-02
4.775000e-02 3.303003e-02
4.870500e-02 3.301831e-02
4.966000e-02 3.302996e-02
5.061500e-02 3.306499e-02
5.157000e-02 3.312339e-02
5.252500e-02 3.320517e-02
5.348000e-02 3.331032e-02
5.443500e-02 3.343884e-02
5.539000e-02 3.359074e-02
5.634500e-02 3.376601e-02
5.730000e-02 3.396465e-02
5.825500e-02 3.418666e-02
5.921000e-02 3.443205e-02
6.016500e-02 3.470082e-02
6.112000e-02 3.499295e-02
6.207500e-02 3.530846e-02
6.303000e-02 3.564735e-02
6.398500e-02 3.600960e-02
6.494000e-02 3.639524e-02
6.589500e-02 3.680424e-02
6.685000e-02 3.723662e-02
6.780500e-02 3.769237e-02
6.876000e-02 3.817149e-02
6.971500e-02 3.867399e-02
7.067000e-02 3.919986e-02
7.162500e-02 3.974911e-02
7.258000e-02 4.032173e-02
7.353500e-02 4.091772e-02
7.449000e-02 4.153708e-02
7.544500e-02 4.217982e-02
7.640000e-02 4.284593e-02
7.735500e-02 4.353542e-02
7.831000e-02 4.424828e-02
7.926500e-02 4.498451e-02
8.022000e-02 4.574412e-02
8.117500e-02 4.652710e-02
8.213000e-02 4.733345e-02
8.308500e-02 4.816318e-02
8.404000e-02 4.901628e-02
8.499500e-02 4.989275e-02
8.595000e-02 5.079260e-02
8.690500e-02 5.171582e-02
8.786000e-02 5.266241e-02
8.881500e-02 5.363238e-02
8.977000e-02 5.462572e-02
9.072500e-02 5.564244e-02
9.168000e-02 5.668252e-02
9.263500e-02 5.774599e-02
9.359000e-02 5.883282e-02
9.454500e-02 5.994303e-02
9.550000e-02 6.107661e-02
==
9.550000e-02 5.291211e-02
9.700000e-02 5.443246e-02
9.850000e-02 5.591814e-02
1.000000e-01 5.736913e-02
1.015000e-01 5.878544e-02
1.030000e-01 6.016708e-02
1.045000e-01 6.151403e-02
1.060000e-01 6.282631e-02
1.075000e-01 6.410391e-02
1.090000e-01 6.534682e-02
1.105000e-01 6.655506e-02
1.120000e-01 6.772861e-02
1.135000e-01 6.886749e-02
1.150000e-01 6.997169e-02
1.165000e-01 7.104120e-02
1.180000e-01 7.207604e-02
1.195000e-01 7.307620e-02
1.210000e-01 7.404168e-02
1.225000e-01 7.497248e-02
1.240000e-01 7.586859e-02
1.255000e-01 7.673003e-02
1.270000e-01 7.755679e-02
1.285000e-01 7.834887e-02
1.300000e-01 7.910627e-02
1.315000e-01 7.982899e-02
1.330000e-01 8.051703e-02
1.345000e-01 8.117039e-02
1.360000e-01 8.178907e-02
1.375000e-01 8.237308e-02
1.390000e-01 8.292240e-02
1.405000e-01 8.343704e-02
1.420000e-01 8.391700e-02
1.435000e-01 8.436228e-02
1.450000e-01 8.477289e-02
1.465000e-01 8.514881e-02
1.480000e-01 8.549005e-02
1.495000e-01 8.579662e-02
1.510000e-01 8.606850e-02
1.525000e-01 8.630570e-02
1.540000e-01 8.650823e-02
1.555000e-01 8.667607e-02
1.570000e-01 8.680924e-02
1.585000e-01 8.690772e-02
1.600000e-01 8.697153e-02
1.615000e-01 8.700065e-02
1.630000e-01 8.699510e-02
1.645000e-01 8.695487e-02
1.660000e-01 8.687995e-02
1.675000e-01 8.677036e-02
1.690000e-01 8.662609e-02
1.705000e-01 8.644713e-02
1.720000e-01 8.623350e-02
1.735000e-01 8.598519e-02
1.750000e-01 8.570220e-02
1.765000e-01 8.538453e-02
1.780000e-01 8.503218e-02
1.795000e-01 8.464515e-02
1.810000e-01 8.422344e-02
1.825000e-01 8.376705e-02
1.840000e-01 8.327598e-02
1.855000e-01 8.275023e-02
1.870000e-01 8.218980e-02
1.885000e-01 8.159469e-02
1.900000e-01 8.096490e-02
1.915000e-01 8.030043e-02
1.930000e-01 7.960128e-02
1.945000e-01 7.886745e-02
1.960000e-01 7.809895e-02
1.975000e-01 7.729576e-02
1.990000e-01 7.645789e-02
2.005000e-01 7.558535e-02
2.020000e-01 7.467812e-02
2.035000e-01 7.373621e-02
2.050000e-01 7.275963e-02
2.065000e-01 7.174836e-02
2.080000e-01 7.070242e-02
2.095000e-01 6.962179e-02
2.110000e-01 6.850649e-02
2.125000e-01 6.735650e-02
2.140000e-01 6.617184e-02
2.155000e-01 6.495249e-02
2.170000e-01 6.369847e-02
2.185000e-01 6.240977e-02
2.200000e-01 6.108638e-02
2.215000e-01 5.972832e-02
2.230000e-01 5.833558e-02
2.245000e-01 5.690816e-02
2.260000e-01 5.544605e-02
2.275000e-01 5.394927e-02
2.290000e-01 5.241781e-02
2.305000e-01 5.085167e-02
2.320000e-01 4.925085e-02
2.335000e-01 4.761535e-02
2.350000e-01 4.594517e-02
2.365000e-01 4.424031e-02
2.380000e-01 4.250077e-02
2.395000e-01 4.072655e-02
2.410000e-01 3.891765e-02
2.425000e-01 3.707407e-02
2.440000e-01 3.519581e-02
2.455000e-01 3.328288e-02
==
2.455000e-01 9.154201e-02
2.483175e-01 9.467797e-02
2.511350e-01 9.773466e-02
2.539525e-01 1.007121e-01
2.567700e-01 1.036102e-01
2.595875e-01 1.064291e-01
2.624050e-01 1.091687e-01
2.652225e-01 1.118290e-01
2.680400e-01 1.144101e-01
2.708575e-01 1.169119e-01
2.736750e-01 1.193344e-01
2.764925e-01 1.216777e-01
2.793100e-01 1.239416e-01
2.821275e-01 1.261263e-01
2.849450e-01 1.282318e-01
2.877625e-01 1.302579e-01
2.905800e-01 1.322048e-01
2.933975e-01 1.340725e-01
2.962150e-01 1.358608e-01
2.990325e-01 1.375699e-01
3.018500e-01 1.391997e-01
3.046675e-01 1.407502e-01
3.074850e-01 1.422215e-01
3.103025e-01 1.436135e-01
3.131200e-01 1.449262e-01
3.159375e-01 1.461596e-01
3.187550e-01 1.473138e-01
3.215725e-01 1.483887e-01
3.243900e-01 1.493843e-01
3.272075e-01 1.503007e-01
3.300250e-01 1.511378e-01
3.328425e-01 1.518956e-01
3.356600e-01 1.525742e-01
3.384775e-01 1.531734e-01
3.412950e-01 1.536935e-01
3.441125e-01 1.541342e-01
3.469300e-01 1.544956e-01
3.497475e-01 1.547778e-01
3.525650e-01 1.549808e-01
3.553825e-01 1.551044e-01
3.582000e-01 1.551488e-01
3.610175e-01 1.551139e-01
3.638350e-01 1.549997e-01
3.666525e-01 1.548063e-01
3.694700e-01 1.545336e-01
3.722875e-01 1.541816e-01
3.751050e-01 1.537503e-01
3.779225e-01 1.532398e-01
3.807400e-01 1.526500e-01
3.835575e-01 1.519810e-01
3.863750e-01 1.512326e-01
3.891925e-01 1.504050e-01
3.920100e-01 1.494981e-01
3.948275e-01 1.485120e-01
3.976450e-01 1.474466e-01
4.004625e-01 1.463019e-01
4.032800e-01 1.450779e-01
4.060975e-01 1.437747e-01
4.089150e-01 1.423922e-01
4.117325e-01 1.409304e-01
4.145500e-01 1.393893e-01
4.173675e-01 1.377690e-01
4.201850e-01 1.360694e-01
4.230025e-01 1.342905e-01
4.258200e-01 1.324324e-01
4.286375e-01 1.304950e-01
4.314550e-01 1.284783e-01
4.342725e-01 1.263824e-01
4.370900e-01 1.242071e-01
4.399075e-01 1.219526e-01
4.427250e-01 1.196189e-01
4.455425e-01 1.172058e-01
4.483600e-01 1.147135e-01
4.511775e-01 1.121420e-01
4.539950e-01 1.094911e-01
4.568125e-01 1.067610e-01
4.596300e-01 1.039516e-01
4.624475e-01 1.010629e-01
4.652650e-01 9.809499e-02
4.680825e-01 9.504778e-02
4.709000e-01 9.192130e-02
4.737175e-01 8.871555e-02
4.765350e-01 8.543053e-02
4.793525e-01 8.206623e-02
4.821700e-01 7.862267e-02
4.849875e-01 7.509983e-02
4.878050e-01 7.149772e-02
4.906225e-01 6.781634e-02
4.934400e-01 6.405569e-02
4.962575e-01 6.021577e-02
4.990750e-01 5.629658e-02
5.018925e-01 5.229811e-02
5.047100e-01 4.822037e-02
5.075275e-01 4.406337e-02
5.103450e-01 3.982709e-02
5.131625e-01 3.551154e-02
5.159800e-01 3.111671e-02
5.187975e-01 2.664262e-02
5.216150e-01 2.208925e-02
5.244325e-01 1.745662e-02
5.272500e-01 1.274471e-02
==
5.272500e-01 6.815941e-02
5.300675e-01 7.338210e-02
5.328850e-01 7.848018e-02
5.357025e-01 8.345364e-02
5.385200e-01 8.830250e-02
5.413375e-01 9.302675e-02
5.441550e-01 9.762640e-02
5.469725e-01 1.021014e-01
5.497900e-01 1.064519e-01
5.526075e-01 1.106777e-01
5.554250e-01 1.147789e-01
5.582425e-01 1.187555e-01
5.610600e-01 1.226075e-01
5.638775e-01 1.263349e-01
5.666950e-01 1.299376e-01
5.695125e-01 1.334158e-01
5.723300e-01 1.367693e-01
5.751475e-01 1.399983e-01
5.779650e-01 1.431026e-01
5.807825e-01 1.460824e-01
5.836000e-01 1.489375e-01
5.864175e-01 1.516680e-01
5.892350e-01 1.542739e-01
5.920525e-01 1.567552e-01
5.948700e-01 1.591119e-01
5.976875e-01 1.613440e-01
6.005050e-01 1.634514e-01
6.033225e-01 1.654343e-01
6.061400e-01 1.672926e-01
6.089575e-01 1.690262e-01
6.117750e-01 1.706352e-01
6.145925e-01 1.721197e-01
6.174100e-01 1.734795e-01
6.202275e-01 1.747147e-01
6.230450e-01 1.758253e-01
6.258625e-01 1.768113e-01
6.286800e-01 1.776727e-01
6.314975e-01 1.784094e-01
6.343150e-01 1.790216e-01
6.371325e-01 1.795092e-01
6.399500e-01 1.798721e-01
6.427675e-01 1.801105e-01
6.455850e-01 1.802242e-01
6.484025e-01 1.802133e-01
6.512200e-01 1.800778e-01
6.540375e-01 1.798177e-01
6.568550e-01 1.794330e-01
6.596725e-01 1.789237e-01
6.624900e-01 1.782898e-01
6.653075e-01 1.775313e-01
6.681250e-01 1.766482e-01
6.709425e-01 1.756404e-01
6.737600e-01 1.745081e-01
6.765775e-01 1.732511e-01
6.793950e-01 1.718695e-01
6.822125e-01 1.703633e-01
6.850300e-01 1.687326e-01
6.878475e-01 1.669772e-01
6.906650e-01 1.650972e-01
6.934825e-01 1.630925e-01
6.963000e-01 1.609633e-01
6.991175e-01 1.587095e-01
7.019350e-01 1.563311e-01
7.047525e-01 1.538280e-01
7.075700e-01 1.512003e-01
7.103875e-01 1.484481e-01
7.132050e-01 1.455712e-01
7.160225e-01 1.425697e-01
7.188400e-01 1.394436e-01
7.216575e-01 1.361929e-01
7.244750e-01 1.328176e-01
7.272925e-01 1.293177e-01
7.301100e-01 1.256932e-01
7.329275e-01 1.219441e-01
7.357450e-01 1.180703e-01
7.385625e-01 1.140720e-01
7.413800e-01 1.099490e-01
7.441975e-01 1.057014e-01
7.470150e-01 1.013293e-01
7.498325e-01 9.683247e-02
7.526500e-01 9.221108e-02
7.554675e-01 8.746507e-02
7.582850e-01 8.259446e-02
7.611025e-01 7.759924e-02
7.639200e-01 7.247942e-02
7.667375e-01 6.723498e-02
7.695550e-01 6.186593e-02
7.723725e-01 5.637228e-02
7.751900e-01 5.075402e-02
7.780075e-01 4.501114e-02
7.808250e-01 3.914367e-02
7.836425e-01 3.315158e-02
7.864600e-01 2.703488e-02
7.892775e-01 2.079357e-02
7.920950e-01 1.442766e-02
7.949125e-01 7.937136e-03
7.977300e-01 1.322005e-03
8.005475e-01 -5.417735e-03
8.033650e-01 -1.228208e-02
8.061825e-01 -1.927104e-02
8.090000e-01 -2.638461e-02
==
8.090000e-01 1.251644e-01
8.139665e-01 1.225058e-01
8.189330e-01 1.198849e-01
8.238995e-01 1.173018e-01
8.288660e-01 1.147564e-01
8.338325e-01 1.122489e-01
8.387990e-01 1.097790e-01
8.437655e-01 1.073470e-01
8.487320e-01 1.049527e-01
8.536985e-01 1.025962e-01
8.586650e-01 1.002775e-01
8.636315e-01 9.799654e-02
8.685980e-01 9.575335e-02
8.735645e-01 9.354792e-02
8.785310e-01 9.138026e-02
8.834975e-01 8.925037e-02
8.884640e-01 8.715825e-02
8.934305e-01 8.510390e-02
8.983970e-01 8.308732e-02
9.033635e-01 8.110850e-02
9.083300e-01 7.916745e-02
9.132965e-01 7.726418e-02
9.182630e-01 7.539867e-02
9.232295e-01 7.357092e-02
9.281960e-01 7.178095e-02
9.331625e-01 7.002875e-02
9.381290e-01 6.831431e-02
9.430955e-01 6.663765e-02
9.480620e-01 6.499875e-02
9.530285e-01 6.339762e-02
9.579950e-01 6.183426e-02
9.629615e-01 6.030867e-02
9.679280e-01 5.882084e-02
9.728945e-01 5.737079e-02
9.778610e-01 5.595850e-02
9.828275e-01 5.458399e-02
9.877940e-01 5.324724e-02
9.927605e-01 5.194826e-02
9.977270e-01 5.068704e-02
1.002694e+00 4.946360e-02
1.007660e+00 4.827793e-02
1.012627e+00 4.713002e-02
1.017593e+00 4.601988e-02
1.022560e+00 4.494751e-02
1.027526e+00 4.391291e-02
1.032493e+00 4.291608e-02
1.037459e+00 4.195702e-02
1.042426e+00 4.103572e-02
1.047392e+00 4.015220e-02
1.052359e+00 3.930644e-02
1.057325e+00 3.849845e-02
1.062292e+00 3.772823e-02
1.067258e+00 3.699578e-02
1.072225e+00 3.630110e-02
1.077191e+00 3.564418e-02
1.082158e+00 3.502504e-02
1.087124e+00 3.444366e-02
1.092091e+00 3.390005e-02
1.097057e+00 3.339421e-02
1.102024e+00 3.292614e-02
1.106990e+00 3.249583e-02
1.111957e+00 3.210330e-02
1.116923e+00 3.174853e-02
1.121890e+00 3.143154e-02
1.126856e+00 3.115231e-02
1.131823e+00 3.091085e-02
1.136789e+00 3.070716e-02
1.141756e+00 3.054123e-02
1.146722e+00 3.041308e-02
1.151689e+00 3.032270e-02
1.156655e+00 3.027008e-02
1.161622e+00 3.025523e-02
1.166588e+00 3.027815e-02
1.171555e+00 3.033884e-02
1.176521e+00 3.043730e-02
1.181488e+00 3.057352e-02
1.186454e+00 3.074752e-02
1.191421e+00 3.095928e-02
1.196387e+00 3.120881e-02
1.201354e+00 3.149611e-02
1.206320e+00 3.182118e-02
1.211287e+00 3.218402e-02
1.216253e+00 3.258462e-02
1.221220e+00 3.302300e-02
1.226186e+00 3.349914e-02
1.231153e+00 3.401305e-02
1.236119e+00 3.456474e-02
1.241086e+00 3.515418e-02
1.246052e+00 3.578140e-02
1.251019e+00 3.644639e-02
1.255985e+00 3.714914e-02
1.260952e+00 3.788967e-02
1.265918e+00 3.866796e-02
1.270885e+00 3.948402e-02
1.275851e+00 4.033785e-02
1.280818e+00 4.122945e-02
1.285784e+00 4.215881e-02
1.290751e+00 4.312595e-02
1.295717e+00 4.413085e-02
1.300684e+00 4.517352e-02
1.305650e+00 4.625396e-02
==
1.305650e+00 9.960201e-03
1.309635e+00 9.840033e-03
1.313620e+00 9.712566e-03
1.317605e+00 9.577799e-03
1.321590e+00 9.435731e-03
1.325575e+00 9.286364e-03
1.329560e+00 9.129696e-03
1.333545e+00 8.965728e-03
1.337530e+00 8.794460e-03
1.341515e+00 8.615892e-03
1.345500e+00 8.430024e-03
1.349485e+00 8.236856e-03
1.353470e+00 8.036387e-03
1.357455e+00 7.828618e-03
1.361440e+00 7.613550e-03
1.365425e+00 7.391181e-03
1.369410e+00 7.161512e-03
1.373395e+00 6.924543e-03
1.377380e+00 6.680274e-03
1.381365e+00 6.428704e-03
1.385350e+00 6.169835e-03
1.389335e+00 5.903665e-03
1.393320e+00 5.630196e-03
1.397305e+00 5.349426e-03
1.401290e+00 5.061356e-03
1.405275e+00 4.765986e-03
1.409260e+00 4.463316e-03
1.413245e+00 4.153345e-03
1.417230e+00 3.836075e-03
1.421215e+00 3.511504e-03
1.425200e+00 3.179633e-03
1.429185e+00 2.840463e-03
1.433170e+00 2.493992e-03
1.437155e+00 2.140221e-03
1.441140e+00 1.779149e-03
1.445125e+00 1.410778e-03
1.449110e+00 1.035107e-03
1.453095e+00 6.521352e-04
1.457080e+00 2.618635e-04
1.461065e+00 -1.357083e-04
1.465050e+00 -5.405802e-04
1.469035e+00 -9.527523e-04
1.473020e+00 -1.372224e-03
1.477005e+00 -1.798997e-03
1.480990e+00 -2.233069e-03
1.484975e+00 -2.674442e-03
1.488960e+00 -3.123114e-03
1.492945e+00 -3.579087e-03
1.496930e+00 -4.042360e-03
1.500915e+00 -4.512933e-03
1.504900e+00 -4.990806e-03
1.508885e+00 -5.475980e-03
1.512870e+00 -5.968453e-03
1.516855e+00 -6.468227e-03
1.520840e+00 -6.975300e-03
1.524825e+00 -7.489674e-03
1.528810e+00 -8.011348e-03
1.532795e+00 -8.540322e-03
1.536780e+00 -9.076596e-03
1.540765e+00 -9.620170e-03
1.544750e+00 -1.017104e-02
1.548735e+00 -1.072922e-02
1.552720e+00 -1.129469e-02
1.556705e+00 -1.186747e-02
1.560690e+00 -1.244754e-02
1.564675e+00 -1.303492e-02
1.568660e+00 -1.362959e-02
1.572645e+00 -1.423157e-02
1.576630e+00 -1.484084e-02
1.580615e+00 -1.545742e-02
1.584600e+00 -1.608130e-02
1.588585e+00 -1.671247e-02
1.592570e+00 -1.735095e-02
1.596555e+00 -1.799672e-02
1.600540e+00 -1.864980e-02
1.604525e+00 -1.931018e-02
1.608510e+00 -1.997785e-02
1.612495e+00 -2.065283e-02
1.616480e+00 -2.133511e-02
1.620465e+00 -2.202468e-02
1.624450e+00 -2.272156e-02
1.628435e+00 -2.342574e-02
1.632420e+00 -2.413721e-02
1.636405e+00 -2.485599e-02
1.640390e+00 -2.558207e-02
1.644375e+00 -2.631544e-02
1.648360e+00 -2.705612e-02
1.652345e+00 -2.780410e-02
1.656330e+00 -2.855938e-02
1.660315e+00 -2.932196e-02
1.664300e+00 -3.009183e-02
1.668285e+00 -3.086901e-02
1.672270e+00 -3.165349e-02
1.676255e+00 -3.244527e-02
1.680240e+00 -3.324435e-02
1.684225e+00 -3.405073e-02
1.688210e+00 -3.486441e-02
1.692195e+00 -3.568538e-02
1.696180e+00 -3.651366e-02
1.700165e+00 -3.734924e-02
1.704150e+00 -3.819212e-02
==
1.704150e+00 -6.683946e-03
1.708150e+00 -5.752706e-03
1.712150e+00 -4.845979e-03
1.716150e+00 -3.963765e-03
1.720150e+00 -3.106064e-03
1.724150e+00 -2.272875e-03
1.728150e+00 -1.464199e-03
1.732150e+00 -6.800358e-04
1.736150e+00 7.961463e-05
1.740150e+00 8.147523e-04
1.744150e+00 1.525377e-03
1.748150e+00 2.211489e-03
1.752150e+00 2.873089e-03
1.756150e+00 3.510175e-03
1.760150e+00 4.122749e-03
1.764150e+00 4.710811e-03
1.768150e+00 5.274359e-03
1.772150e+00 5.813395e-03
1.776150e+00 6.327918e-03
1.780150e+00 6.817928e-03
1.784150e+00 7.283425e-03
1.788150e+00 7.724410e-03
1.792150e+00 8.140882e-03
1.796150e+00 8.532841e-03
1.800150e+00 8.900287e-03
1.804150e+00 9.243221e-03
1.808150e+00 9.561642e-03
1.812150e+00 9.855550e-03
1.816150e+00 1.012495e-02
1.820150e+00 1.036983e-02
1.824150e+00 1.059020e-02
1.828150e+00 1.078606e-02
1.832150e+00 1.095740e-02
1.836150e+00 1.110423e-02
1.840150e+00 1.122655e-02
1.844150e+00 1.132436e-02
1.848150e+00 1.139765e-02
1.852150e+00 1.144643e-02
1.856150e+00 1.147070e-02
1.860150e+00 1.147045e-02
1.864150e+00 1.144570e-02
1.868150e+00 1.139643e-02
1.872150e+00 1.132264e-02
1.876150e+00 1.122435e-02
1.880150e+00 1.110154e-02
1.884150e+00 1.095422e-02
1.888150e+00 1.078238e-02
1.892150e+00 1.058604e-02
1.896150e+00 1.036518e-02
1.900150e+00 1.011980e-02
1.904150e+00 9.849920e-03
1.908150e+00 9.555522e-03
1.912150e+00 9.236611e-03
1.916150e+00 8.893188e-03
1.920150e+00 8.525252e-03
1.924150e+00 8.132803e-03
1.928150e+00 7.715842e-03
1.932150e+00 7.274367e-03
1.936150e+00 6.808380e-03
1.940150e+00 6.317880e-03
1.944150e+00 5.802868e-03
1.948150e+00 5.263343e-03
1.952150e+00 4.699305e-03
1.956150e+00 4.110754e-03
1.960150e+00 3.497690e-03
1.964150e+00 2.860114e-03
1.968150e+00 2.198025e-03
1.972150e+00 1.511423e-03
1.976150e+00 8.003086e-04
1.980150e+00 6.468132e-05
1.984150e+00 -6.954587e-04
1.988150e+00 -1.480111e-03
1.992150e+00 -2.289277e-03
1.996150e+00 -3.122955e-03
2.000150e+00 -3.981146e-03
2.004150e+00 -4.863850e-03
2.008150e+00 -5.771067e-03
2.012150e+00 -6.702796e-03
2.016150e+00 -7.659038e-03
2.020150e+00 -8.639793e-03
2.024150e+00 -9.645060e-03
2.028150e+00 -1.067484e-02
2.032150e+00 -1.172913e-02
2.036150e+00 -1.280794e-02
2.040150e+00 -1.391126e-02
2.044150e+00 -1.503909e-02
2.048150e+00 -1.619143e-02
2.052150e+00 -1.736829e-02
2.056150e+00 -1.856966e-02
2.060150e+00 -1.979554e-02
2.064150e+00 -2.104594e-02
2.068150e+00 -2.232084e-02
2.072150e+00 -2.362027e-02
2.076150e+00 -2.494420e-02
2.080150e+00 -2.629264e-02
2.084150e+00 -2.766560e-02
2.088150e+00 -2.906307e-02
2.092150e+00 -3.048506e-02
2.096150e+00 -3.193156e-02
2.100150e+00 -3.340257e-02
2.104150e+00 -3.489809e-02
==
2.104150e+00 -3.590401e-02
2.108150e+00 -3.429201e-02
2.112150e+00 -3.270585e-02
2.116150e+00 -3.114554e-02
2.120150e+00 -2.961108e-02
2.124150e+00 -2.810247e-02
2.128150e+00 -2.661971e-02
2.132150e+00 -2.516279e-02
2.136150e+00 -2.373172e-02
2.140150e+00 -2.232650e-02
2.144150e+00 -2.094713e-02
2.148150e+00 -1.959361e-02
2.152150e+00 -1.826593e-02
2.156150e+00 -1.696410e-02
2.160150e+00 -1.568812e-02
2.164150e+00 -1.443798e-02
2.168150e+00 -1.321370e-02
2.172150e+00 -1.201526e-02
2.176150e+00 -1.084267e-02
2.180150e+00 -9.695925e-03
2.184150e+00 -8.575030e-03
2.188150e+00 -7.479982e-03
2.192150e+00 -6.410783e-03
2.196150e+00 -5.367431e-03
2.200150e+00 -4.349927e-03
2.204150e+00 -3.358271e-03
2.208150e+00 -2.392463e-03
2.212150e+00 -1.452502e-03
2.216150e+00 -5.383897e-04
2.220150e+00 3.498753e-04
2.224150e+00 1.212292e-03
2.228150e+00 2.048862e-03
2.232150e+00 2.859583e-03
2.236150e+00 3.644457e-03
2.240150e+00 4.403483e-03
2.244150e+00 5.136662e-03
2.248150e+00 5.843992e-03
2.252150e+00 6.525475e-03
2.256150e+00 7.181110e-03
2.260150e+00 7.810897e-03
2.264150e+00 8.414836e-03
2.268150e+00 8.992928e-03
2.272150e+00 9.545171e-03
2.276150e+00 1.007157e-02
2.280150e+00 1.057212e-02
2.284150e+00 1.104682e-02
2.288150e+00 1.149567e-02
2.292150e+00 1.191867e-02
2.296150e+00 1.231583e-02
2.300150e+00 1.268714e-02
2.304150e+00 1.303260e-02
2.308150e+00 1.335221e-02
2.312150e+00 1.364598e-02
2.316150e+00 1.391390e-02
2.320150e+00 1.415597e-02
2.324150e+00 1.437219e-02
2.328150e+00 1.456257e-02
2.332150e+00 1.472709e-02
2.336150e+00 1.486577e-02
2.340150e+00 1.497860e-02
2.344150e+00 1.506559e-02
2.348150e+00 1.512672e-02
2.352150e+00 1.516201e-02
2.356150e+00 1.517145e-02
2.360150e+00 1.515504e-02
2.364150e+00 1.511279e-02
2.368150e+00 1.504469e-02
2.372150e+00 1.495073e-02
2.376150e+00 1.483094e-02
2.380150e+00 1.468529e-02
2.384150e+00 1.451380e-02
2.388150e+00 1.431645e-02
2.392150e+00 1.409326e-02
2.396150e+00 1.384423e-02
2.400150e+00 1.356934e-02
2.404150e+00 1.326861e-02
2.408150e+00 1.294203e-02
2.412150e+00 1.258960e-02
2.416150e+00 1.221132e-02
2.420150e+00 1.180720e-02
2.424150e+00 1.137722e-02
2.428150e+00 1.092140e-02
2.432150e+00 1.043974e-02
2.436150e+00 9.932222e-03
2.440150e+00 9.398858e-03
2.444150e+00 8.839647e-03
2.448150e+00 8.254588e-03
2.452150e+00 7.643682e-03
2.456150e+00 7.006927e-03
2.460150e+00 6.344325e-03
2.464150e+00 5.655875e-03
2.468150e+00 4.941577e-03
2.472150e+00 4.201432e-03
2.476150e+00 3.435439e-03
2.480150e+00 2.643597e-03
2.484150e+00 1.825909e-03
2.488150e+00 9.823719e-04
2.492150e+00 1.129874e-04
2.496150e+00 -7.822449e-04
2.500150e+00 -1.703325e-03
2.504150e+00 -2.650253e-03
==
2.504150e+00 -9.410532e-03
2.508150e+00 -9.152659e-03
2.512150e+00 -8.896667e-03
2.516150e+00 -8.642555e-03
2.520150e+00 -8.390323e-03
2.524150e+00 -8.139971e-03
2.528150e+00 -7.891500e-03
2.532150e+00 -7.644908e-03
2.536150e+00 -7.400196e-03
2.540150e+00 -7.157365e-03
2.544150e+00 -6.916413e-03
2.548150e+00 -6.677342e-03
2.552150e+00 -6.440151e-03
2.556150e+00 -6.204840e-03
2.560150e+00 -5.971409e-03
2.564150e+00 -5.739858e-03
2.568150e+00 -5.510187e-03
2.572150e+00 -5.282397e-03
2.576150e+00 -5.056486e-03
2.580150e+00 -4.832456e-03
2.584150e+00 -4.610306e-03
2.588150e+00 -4.390035e-03
2.592150e+00 -4.171645e-03
2.596150e+00 -3.955135e-03
2.600150e+00 -3.740505e-03
2.604150e+00 -3.527755e-03
2.608150e+00 -3.316886e-03
2.612150e+00 -3.107896e-03
2.616150e+00 -2.900787e-03
2.620150e+00 -2.695557e-03
2.624150e+00 -2.492208e-03
2.628150e+00 -2.290739e-03
2.632150e+00 -2.091150e-03
2.636150e+00 -1.893441e-03
2.640150e+00 -1.697612e-03
2.644150e+00 -1.503663e-03
2.648150e+00 -1.311595e-03
2.652150e+00 -1.121406e-03
2.656150e+00 -9.330976e-04
2.660150e+00 -7.466693e-04
2.664150e+00 -5.621210e-04
2.668150e+00 -3.794529e-04
2.672150e+00 -1.986649e-04
2.676150e+00 -1.975698e-05
2.680150e+00 1.572708e-04
2.684150e+00 3.324185e-04
2.688150e+00 5.056862e-04
2.692150e+00 6.770737e-04
2.696150e+00 8.465810e-04
2.700150e+00 1.014208e-03
2.704150e+00 1.179956e-03
2.708150e+00 1.343823e-03
2.712150e+00 1.505810e-03
2.716150e+00 1.665916e-03
2.720150e+00 1.824143e-03
2.724150e+00 1.980490e-03
2.728150e+00 2.134956e-03
2.732150e+00 2.287543e-03
2.736150e+00 2.438249e-03
2.740150e+00 2.587076e-03
2.744150e+00 2.734022e-03
2.748150e+00 2.879088e-03
2.752150e+00 3.022274e-03
2.756150e+00 3.163579e-03
2.760150e+00 3.303005e-03
2.764150e+00 3.440551e-03
2.768150e+00 3.576216e-03
2.772150e+00 3.710002e-03
2.776150e+00 3.841907e-03
2.780150e+00 3.971932e-03
2.784150e+00 4.100077e-03
2.788150e+00 4.226342e-03
2.792150e+00 4.350727e-03
2.796150e+00 4.473232e-03
2.800150e+00 4.593857e-03
2.804150e+00 4.712601e-03
2.808150e+00 4.829466e-03
2.812150e+00 4.944450e-03
2.816150e+00 5.057554e-03
2.820150e+00 5.168779e-03
2.824150e+00 5.278123e-03
2.828150e+00 5.385587e-03
2.832150e+00 5.491170e-03
2.836150e+00 5.594874e-03
2.840150e+00 5.696698e-03
2.844150e+00 5.796641e-03
2.848150e+00 5.894705e-03
2.852150e+00 5.990888e-03
2.856150e+00 6.085191e-03
2.860150e+00 6.177614e-03
2.864150e+00 6.268157e-03
2.868150e+00 6.356820e-03
2.872150e+00 6.443603e-03
2.876150e+00 6.528506e-03
2.880150e+00 6.611528e-03
2.884150e+00 6.692671e-03
2.888150e+00 6.771933e-03
2.892150e+00 6.849316e-03
2.896150e+00 6.924818e-03
2.900150e+00 6.998440e-03
2.904150e+00 7.070182e-03
==
2.904150e+00 -6.580263e-02
2.908135e+00 -6.347601e-02
2.912120e+00 -6.118530e-02
2.916105e+00 -5.893050e-02
2.920090e+00 -5.671161e-02
2.924075e+00 -5.452864e-02
2.928060e+00 -5.238159e-02
2.932045e+00 -5.027044e-02
2.936030e+00 -4.819522e-02
2.940015e+00 -4.615590e-02
2.944000e+00 -4.415250e-02
2.947985e+00 -4.218501e-02
2.951970e+00 -4.025343e-02
2.955955e+00 -3.835777e-02
2.959940e+00 -3.649802e-02
2.963925e+00 -3.467419e-02
2.967910e+00 -3.288627e-02
2.971895e+00 -3.113426e-02
2.975880e+00 -2.941816e-02
2.979865e+00 -2.773798e-02
2.983850e+00 -2.609372e-02
2.987835e+00 -2.448536e-02
2.991820e+00 -2.291292e-02
2.995805e+00 -2.137640e-02
2.999790e+00 -1.987578e-02
3.003775e+00 -1.841108e-02
3.007760e+00 -1.698230e-02
3.011745e+00 -1.558943e-02
3.015730e+00 -1.423247e-02
3.019715e+00 -1.291142e-02
3.023700e+00 -1.162629e-02
3.027685e+00 -1.037707e-02
3.031670e+00 -9.163768e-03
3.035655e+00 -7.986377e-03
3.039640e+00 -6.844900e-03
3.043625e+00 -5.739336e-03
3.047610e+00 -4.669685e-03
3.051595e+00 -3.635948e-03
3.055580e+00 -2.638125e-03
3.059565e+00 -1.676215e-03
3.063550e+00 -7.502190e-04
3.067535e+00 1.398637e-04
3.071520e+00 9.940329e-04
3.075505e+00 1.812289e-03
3.079490e+00 2.594631e-03
3.083475e+00 3.341059e-03
3.087460e+00 4.051574e-03
3.091445e+00 4.726176e-03
3.095430e+00 5.364864e-03
3.099415e+00 5.967638e-03
3.103400e+00 6.534499e-03
3.107385e+00 7.065446e-03
3.111370e+00 7.560480e-03
3.115355e+00 8.019600e-03
3.119340e+00 8.442807e-03
3.123325e+00 8.830100e-03
3.127310e+00 9.181480e-03
3.131295e+00 9.496946e-03
3.135280e+00 9.776498e-03
3.139265e+00 1.002014e-02
3.143250e+00 1.022786e-02
3.147235e+00 1.039967e-02
3.151220e+00 1.053557e-02
3.155205e+00 1.063556e-02
3.159190e+00 1.069963e-02
3.163175e+00 1.072779e-02
3.167160e+00 1.072003e-02
3.171145e+00 1.067636e-02
3.175130e+00 1.059678e-02
3.179115e+00 1.048128e-02
3.183100e+00 1.032987e-02
3.187085e+00 1.014255e-02
3.191070e+00 9.919312e-03
3.195055e+00 9.660161e-03
3.199040e+00 9.365097e-03
3.203025e+00 9.034119e-03
3.207010e+00 8.667228e-03
3.210995e+00 8.264424e-03
3.214980e+00 7.825705e-03
3.218965e+00 7.351073e-03
3.222950e+00 6.840528e-03
3.226935e+00 6.294069e-03
3.230920e+00 5.711697e-03
3.234905e+00 5.093411e-03
3.238890e+00 4.439211e-03
3.242875e+00 3.749098e-03
3.246860e+00 3.023072e-03
3.250845e+00 2.261131e-03
3.254830e+00 1.463278e-03
3.258815e+00 6.295105e-04
3.262800e+00 -2.401703e-04
3.266785e+00 -1.145765e-03
3.270770e+00 -2.087272e-03
3.274755e+00 -3.064694e-03
3.278740e+00 -4.078029e-03
3.282725e+00 -5.127277e-03
3.286710e+00 -6.212439e-03
3.290695e+00 -7.333515e-03
3.294680e+00 -8.490504e-03
3.298665e+00 -9.683406e-03
3.302650e+00 -1.091222e-02
==
3.302650e+00 4.525657e-02
3.307617e+00 4.343744e-02
3.312583e+00 4.166955e-02
3.317550e+00 3.995290e-02
3.322516e+00 3.828749e-02
3.327483e+00 3.667332e-02
3.332449e+00 3.511038e-02
3.337416e+00 3.359869e-02
3.342382e+00 3.213824e-02
3.347349e+00 3.072902e-02
3.352315e+00 2.937104e-02
3.357282e+00 2.806431e-02
3.362248e+00 2.680881e-02
3.367215e+00 2.560455e-02
3.372181e+00 2.445153e-02
3.377148e+00 2.334975e-02
3.382114e+00 2.229921e-02
3.387081e+00 2.129990e-02
3.392047e+00 2.035184e-02
3.397014e+00 1.945501e-02
3.401980e+00 1.860943e-02
3.406947e+00 1.781508e-02
3.411913e+00 1.707197e-02
3.416880e+00 1.638011e-02
3.421846e+00 1.573948e-02
3.426813e+00 1.515009e-02
3.431779e+00 1.461193e-02
3.436746e+00 1.412502e-02
3.441712e+00 1.368935e-02
3.446679e+00 1.330491e-02
3.451645e+00 1.297172e-02
3.456612e+00 1.268976e-02
3.461578e+00 1.245904e-02
3.466545e+00 1.227957e-02
3.471511e+00 1.215133e-02
3.476478e+00 1.207433e-02
3.481444e+00 1.204857e-02
3.486411e+00 1.207405e-02
3.491377e+00 1.215076e-02
3.496344e+00 1.227872e-02
3.501310e+00 1.245791e-02
3.506277e+00 1.268835e-02
3.511243e+00 1.297002e-02
3.516210e+00 1.330293e-02
3.521176e+00 1.368709e-02
3.526143e+00 1.412248e-02
3.531109e+00 1.460911e-02
3.536076e+00 1.514697e-02
3.541042e+00 1.573608e-02
3.546009e+00 1.637643e-02
3.550975e+00 1.706801e-02
3.555942e+00 1.781084e-02
3.560908e+00 1.860490e-02
3.565875e+00 1.945021e-02
3.570841e+00 2.034675e-02
3.575808e+00 2.129453e-02
3.580774e+00 2.229355e-02
3.585741e+00 2.334381e-02
3.590707e+00 2.444531e-02
3.595674e+00 2.559805e-02
3.600640e+00 2.680202e-02
3.605607e+00 2.805724e-02
3.610573e+00 2.936369e-02
3.615540e+00 3.072139e-02
3.620506e+00 3.213032e-02
3.625473e+00 3.359049e-02
3.630439e+00 3.510190e-02
3.635406e+00 3.666455e-02
3.640372e+00 3.827844e-02
3.645339e+00 3.994357e-02
3.650305e+00 4.165993e-02
3.655272e+00 4.342754e-02
3.660238e+00 4.524639e-02
3.665205e+00 4.711647e-02
3.670171e+00 4.903779e-02
3.675138e+00 5.101036e-02
3.680104e+00 5.303416e-02
3.685071e+00 5.510920e-02
3.690037e+00 5.723548e-02
3.695004e+00 5.941299e-02
3.699970e+00 6.164175e-02
3.704937e+00 6.392175e-02
3.709903e+00 6.625298e-02
3.714870e+00 6.863546e-02
3.719836e+00 7.106917e-02
3.724803e+00 7.355413e-02
3.729769e+00 7.609032e-02
3.734736e+00 7.867775e-02
3.739702e+00 8.131642e-02
3.744669e+00 8.400633e-02
3.749635e+00 8.674748e-02
3.754602e+00 8.953986e-02
3.759568e+00 9.238349e-02
3.764535e+00 9.527836e-02
3.769501e+00 9.822446e-02
3.774468e+00 1.012218e-01
3.779434e+00 1.042704e-01
3.784401e+00 1.073702e-01
3.789367e+00 1.105213e-01
3.794334e+00 1.137236e-01
3.799300e+00 1.169771e-01
==
3.799300e+00 -1.429117e-01
3.802118e+00 -1.279264e-01
3.804935e+00 -1.132232e-01
3.807753e+00 -9.880209e-02
3.810570e+00 -8.466297e-02
3.813388e+00 -7.080591e-02
3.816205e+00 -5.723088e-02
3.819023e+00 -4.393790e-02
3.821840e+00 -3.092696e-02
3.824658e+00 -1.819807e-02
3.827475e+00 -5.751221e-03
3.830293e+00 6.413584e-03
3.833110e+00 1.829634e-02
3.835928e+00 2.989706e-02
3.838745e+00 4.121574e-02
3.841563e+00 5.225236e-02
3.844380e+00 6.300695e-02
3.847198e+00 7.347949e-02
3.850015e+00 8.366999e-02
3.852833e+00 9.357844e-02
3.855650e+00 1.032049e-01
3.858468e+00 1.125492e-01
3.861285e+00 1.216115e-01
3.864103e+00 1.303918e-01
3.866920e+00 1.388900e-01
3.869738e+00 1.471062e-01
3.872555e+00 1.550404e-01
3.875373e+00 1.626925e-01
3.878190e+00 1.700625e-01
3.881008e+00 1.771506e-01
3.883825e+00 1.839565e-01
3.886643e+00 1.904805e-01
3.889460e+00 1.967223e-01
3.892278e+00 2.026822e-01
3.895095e+00 2.083600e-01
3.897913e+00 2.137557e-01
3.900730e+00 2.188694e-01
3.903548e+00 2.237011e-01
3.906365e+00 2.282507e-01
3.909183e+00 2.325183e-01
3.912000e+00 2.365038e-01
3.914818e+00 2.402073e-01
3.917635e+00 2.436287e-01
3.920453e+00 2.467681e-01
3.923270e+00 2.496255e-01
3.926088e+00 2.522008e-01
3.928905e+00 2.544941e-01
3.931723e+00 2.565053e-01
3.934540e+00 2.582345e-01
3.937358e+00 2.596816e-01
3.940175e+00 2.608467e-01
3.942993e+00 2.617297e-01
3.945810e+00 2.623307e-01
3.948628e+00 2.626497e-01
3.951445e+00 2.626866e-01
3.954263e+00 2.624415e-01
3.957080e+00 2.619143e-01
3.959898e+00 2.611051e-01
3.962715e+00 2.600138e-01
3.965533e+00 2.586405e-01
3.968350e+00 2.569852e-01
3.971168e+00 2.550478e-01
3.973985e+00 2.528283e-01
3.976803e+00 2.503269e-01
3.979620e+00 2.475433e-01
3.982438e+00 2.444778e-01
3.985255e+00 2.411301e-01
3.988073e+00 2.375005e-01
3.990890e+00 2.335888e-01
3.993708e+00 2.293950e-01
3.996525e+00 2.249193e-01
3.999343e+00 2.201614e-01
4.002160e+00 2.151215e-01
4.004978e+00 2.097996e-01
4.007795e+00 2.041957e-01
4.010613e+00 1.983096e-01
4.013430e+00 1.921416e-01
4.016248e+00 1.856915e-01
4.019065e+00 1.789594e-01
4.021883e+00 1.719452e-01
4.024700e+00 1.646489e-01
4.027518e+00 1.570707e-01
4.030335e+00 1.492104e-01
4.033153e+00 1.410680e-01
4.035970e+00 1.326436e-01
4.038788e+00 1.239371e-01
4.041605e+00 1.149486e-01
4.044423e+00 1.056781e-01
4.047240e+00 9.612553e-02
4.050058e+00 8.629090e-02
4.052875e+00 7.617423e-02
4.055693e+00 6.577552e-02
4.058510e+00 5.509476e-02
4.061328e+00 4.413196e-02
4.064145e+00 3.288712e-02
4.066963e+00 2.136023e-02
4.069780e+00 9.551297e-03
4.072598e+00 -2.539679e-03
4.075415e+00 -1.491270e-02
4.078233e+00 -2.756776e-02
4.081050e+00 -4.050487e-02
==
4.081050e+00 8.678741e-02
4.083868e+00 8.604459e-02
4.086685e+00 8.535384e-02
4.089503e+00 8.471515e-02
4.092320e+00 8.412852e-02
4.095138e+00 8.359396e-02
4.097955e+00 8.311146e-02
4.100773e+00 8.268103e-02
4.103590e+00 8.230266e-02
4.106408e+00 8.197636e-02
4.109225e+00 8.170212e-02
4.112043e+00 8.147995e-02
4.114860e+00 8.130984e-02
4.117678e+00 8.119179e-02
4.120495e+00 8.112581e-02
4.123313e+00 8.111189e-02
4.126130e+00 8.115004e-02
4.128948e+00 8.124025e-02
4.131765e+00 8.138253e-02
4.134583e+00 8.157687e-02
4.137400e+00 8.182327e-02
4.140218e+00 8.212174e-02
4.143035e+00 8.247228e-02
4.145853e+00 8.287488e-02
4.148670e+00 8.332954e-02
4.151488e+00 8.383627e-02
4.154305e+00 8.439506e-02
4.157123e+00 8.500591e-02
4.159940e+00 8.566883e-02
4.162758e+00 8.638382e-02
4.165575e+00 8.715087e-02
4.168393e+00 8.796998e-02
4.171210e+00 8.884116e-02
4.174028e+00 8.976440e-02
4.176845e+00 9.073971e-02
4.179663e+00 9.176708e-02
4.182480e+00 9.284651e-02
4.185298e+00 9.397801e-02
4.188115e+00 9.516158e-02
4.190933e+00 9.639720e-02
4.193750e+00 9.768490e-02
4.196568e+00 9.902466e-02
4.199385e+00 1.004165e-01
4.202203e+00 1.018604e-01
4.205020e+00 1.033563e-01
4.207838e+00 1.049043e-01
4.210655e+00 1.065044e-01
4.213473e+00 1.081566e-01
4.216290e+00 1.098608e-01
4.219108e+00 1.116170e-01
4.221925e+00 1.134254e-01
4.224743e+00 1.152858e-01
4.227560e+00 1.171982e-01
4.230378e+00 1.191628e-01
4.233195e+00 1.211794e-01
4.236013e+00 1.232480e-01
4.238830e+00 1.253687e-01
4.241648e+00 1.275415e-01
4.244465e+00 1.297664e-01
4.247283e+00 1.320433e-01
4.250100e+00 1.343723e-01
4.252918e+00 1.367533e-01
4.255735e+00 1.391864e-01
4.258553e+00 1.416716e-01
4.261370e+00 1.442088e-01
4.264188e+00 1.467981e-01
4.267005e+00 1.494395e-01
4.269823e+00 1.521329e-01
4.272640e+00 1.548784e-01
4.275458e+00 1.576760e-01
4.278275e+00 1.605256e-01
4.281093e+00 1.634273e-01
4.283910e+00 1.663811e-01
4.286728e+00 1.693869e-01
4.289545e+00 1.724448e-01
4.292363e+00 1.755547e-01
4.295180e+00 1.787167e-01
4.297998e+00 1.819308e-01
4.300815e+00 1.851969e-01
4.303633e+00 1.885151e-01
4.306450e+00 1.918854e-01
4.309268e+00 1.953078e-01
4.312085e+00 1.987821e-01
4.314903e+00 2.023086e-01
4.317720e+00 2.058871e-01
4.320538e+00 2.095177e-01
4.323355e+00 2.132004e-01
4.326173e+00 2.169351e-01
4.328990e+00 2.207219e-01
4.331808e+00 2.245607e-01
4.334625e+00 2.284516e-01
4.337443e+00 2.323946e-01
4.340260e+00 2.363897e-01
4.343078e+00 2.404368e-01
4.345895e+00 2.445359e-01
4.348713e+00 2.486872e-01
4.351530e+00 2.528905e-01
4.354348e+00 2.571458e-01
4.357165e+00 2.614533e-01
4.359983e+00 2.658128e-01
4.362800e+00 2.702243e-01
==
4.362800e+00 6.902545e-02
4.364300e+00 6.881917e-02
4.365800e+00 6.861579e-02
4.367300e+00 6.841531e-02
4.368800e+00 6.821773e-02
4.370300e+00 6.802306e-02
4.371800e+00 6.783130e-02
4.373300e+00 6.764243e-02
4.374800e+00 6.745647e-02
4.376300e+00 6.727342e-02
4.377800e+00 6.709327e-02
4.379300e+00 6.691602e-02
4.380800e+00 6.674167e-02
4.382300e+00 6.657023e-02
4.383800e+00 6.640170e-02
4.385300e+00 6.623606e-02
4.386800e+00 6.607333e-02
4.388300e+00 6.591351e-02
4.389800e+00 6.575659e-02
4.391300e+00 6.560257e-02
4.392800e+00 6.545146e-02
4.394300e+00 6.530325e-02
4.395800e+00 6.515794e-02
4.397300e+00 6.501554e-02
4.398800e+00 6.487604e-02
4.400300e+00 6.473944e-02
4.401800e+00 6.460575e-02
4.403300e+00 6.447496e-02
4.404800e+00 6.434708e-02
4.406300e+00 6.422210e-02
4.407800e+00 6.410002e-02
4.409300e+00 6.398085e-02
4.410800e+00 6.386458e-02
4.412300e+00 6.375122e-02
4.413800e+00 6.364076e-02
4.415300e+00 6.353320e-02
4.416800e+00 6.342854e-02
4.418300e+00 6.332679e-02
4.419800e+00 6.322795e-02
4.421300e+00 6.313201e-02
4.422800e+00 6.303897e-02
4.424300e+00 6.294883e-02
4.425800e+00 6.286160e-02
4.427300e+00 6.277727e-02
4.428800e+00 6.269585e-02
4.430300e+00 6.261733e-02
4.431800e+00 6.254171e-02
4.433300e+00 6.246900e-02
4.434800e+00 6.239919e-02
4.436300e+00 6.233229e-02
4.437800e+00 6.226829e-02
4.439300e+00 6.220719e-02
4.440800e+00 6.214900e-02
4.442300e+00 6.209371e-02
4.443800e+00 6.204132e-02
4.445300e+00 6.199184e-02
4.446800e+00 6.194526e-02
4.448300e+00 6.190159e-02
4.449800e+00 6.186082e-02
4.451300e+00 6.182295e-02
4.452800e+00 6.178799e-02
4.454300e+00 6.175593e-02
4.455800e+00 6.172677e-02
4.457300e+00 6.170052e-02
4.458800e+00 6.167717e-02
4.460300e+00 6.165673e-02
4.461800e+00 6.163919e-02
4.463300e+00 6.162455e-02
4.464800e+00 6.161282e-02
4.466300e+00 6.160399e-02
4.467800e+00 6.159806e-02
4.469300e+00 6.159504e-02
4.470800e+00 6.159492e-02
4.472300e+00 6.159771e-02
4.473800e+00 6.160340e-02
4.475300e+00 6.161199e-02
4.476800e+00 6.162349e-02
4.478300e+00 6.163789e-02
4.479800e+00 6.165519e-02
4.481300e+00 6.167540e-02
4.482800e+00 6.169851e-02
4.484300e+00 6.172453e-02
4.485800e+00 6.175345e-02
4.487300e+00 6.178527e-02
4.488800e+00 6.182000e-02
4.490300e+00 6.185763e-02
4.491800e+00 6.189816e-02
4.493300e+00 6.194160e-02
4.494800e+00 6.198794e-02
4.496300e+00 6.203719e-02
4.497800e+00 6.208934e-02
4.499300e+00 6.214439e-02
4.500800e+00 6.220235e-02
4.502300e+00 6.226321e-02
4.503800e+00 6.232698e-02
4.505300e+00 6.239365e-02
4.506800e+00 6.246322e-02
4.508300e+00 6.253569e-02
4.509800e+00 6.261107e-02
4.511300e+00 6.268936e-02
4.512800e+00 6.277055e-02
==
4.512800e+00 5.241105e-02
4.513755e+00 5.145931e-02
4.514710e+00 5.052807e-02
4.515665e+00 4.961734e-02
4.516620e+00 4.872711e-02
4.517575e+00 4.785738e-02
4.518530e+00 4.700817e-02
4.519485e+00 4.617945e-02
4.520440e+00 4.537124e-02
4.521395e+00 4.458354e-02
4.522350e+00 4.381634e-02
4.523305e+00 4.306964e-02
4.524260e+00 4.234345e-02
4.525215e+00 4.163777e-02
4.526170e+00 4.095259e-02
4.527125e+00 4.028791e-02
4.528080e+00 3.964374e-02
4.529035e+00 3.902007e-02
4.529990e+00 3.841691e-02
4.530945e+00 3.783425e-02
4.531900e+00 3.727210e-02
4.532855e+00 3.673045e-02
4.533810e+00 3.620931e-02
4.534765e+00 3.570867e-02
4.535720e+00 3.522854e-02
4.536675e+00 3.476891e-02
4.537630e+00 3.432979e-02
4.538585e+00 3.391117e-02
4.539540e+00 3.351305e-02
4.540495e+00 3.313544e-02
4.541450e+00 3.277834e-02
4.542405e+00 3.244173e-02
4.543360e+00 3.212564e-02
4.544315e+00 3.183005e-02
4.545270e+00 3.155496e-02
4.546225e+00 3.130038e-02
4.547180e+00 3.106630e-02
4.548135e+00 3.085273e-02
4.549090e+00 3.065966e-02
4.550045e+00 3.048710e-02
4.551000e+00 3.033504e-02
4.551955e+00 3.020349e-02
4.552910e+00 3.009244e-02
4.553865e+00 3.000190e-02
4.554820e+00 2.993186e-02
4.555775e+00 2.988232e-02
4.556730e+00 2.985329e-02
4.557685e+00 2.984477e-02
4.558640e+00 2.985675e-02
4.559595e+00 2.988923e-02
4.560550e+00 2.994222e-02
4.561505e+00 3.001571e-02
4.562460e+00 3.010971e-02
4.563415e+00 3.022421e-02
4.564370e+00 3.035922e-02
4.565325e+00 3.051473e-02
4.566280e+00 3.069075e-02
4.567235e+00 3.088727e-02
4.568190e+00 3.110430e-02
4.569145e+00 3.134183e-02
4.570100e+00 3.159987e-02
4.571055e+00 3.187841e-02
4.572010e+00 3.217745e-02
4.572965e+00 3.249701e-02
4.573920e+00 3.283706e-02
4.574875e+00 3.319762e-02
4.575830e+00 3.357868e-02
4.576785e+00 3.398025e-02
4.577740e+00 3.440233e-02
4.578695e+00 3.484491e-02
4.579650e+00 3.530799e-02
4.580605e+00 3.579158e-02
4.581560e+00 3.629567e-02
4.582515e+00 3.682027e-02
4.583470e+00 3.736537e-02
4.584425e+00 3.793098e-02
4.585380e+00 3.851709e-02
4.586335e+00 3.912370e-02
4.587290e+00 3.975083e-02
4.588245e+00 4.039845e-02
4.589200e+00 4.106658e-02
4.590155e+00 4.175522e-02
4.591110e+00 4.246436e-02
4.592065e+00 4.319400e-02
4.593020e+00 4.394415e-02
4.593975e+00 4.471481e-02
4.594930e+00 4.550596e-02
4.595885e+00 4.631763e-02
4.596840e+00 4.714980e-02
4.597795e+00 4.800247e-02
4.598750e+00 4.887565e-02
4.599705e+00 4.976933e-02
4.600660e+00 5.068352e-02
4.601615e+00 5.161821e-02
4.602570e+00 5.257340e-02
4.603525e+00 5.354911e-02
4.604480e+00 5.454531e-02
4.605435e+00 5.556202e-02
4.606390e+00 5.659924e-02
4.607345e+00 5.765696e-02
4.608300e+00 5.873518e-02
==
