9.830000e-04 1.966000e-03
2.948000e-03 3.931000e-03
4.914000e-03 5.897000e-03
6.879000e-03 7.862000e-03
8.845000e-03 9.828000e-03
1.081100e-02 1.179300e-02
1.277600e-02 1.375900e-02
1.474200e-02 1.572400e-02
1.670700e-02 1.769000e-02
1.867300e-02 1.965600e-02
2.063800e-02 2.162100e-02
2.260400e-02 2.358700e-02
2.456900e-02 2.555200e-02
2.653500e-02 2.751800e-02
2.850000e-02 2.948300e-02
3.046600e-02 3.144900e-02
3.243200e-02 3.341400e-02
3.439700e-02 3.538000e-02
3.636300e-02 3.734500e-02
3.832800e-02 3.931100e-02
4.029400e-02 4.127700e-02
4.225900e-02 4.324200e-02
4.422500e-02 4.520800e-02
4.619000e-02 4.717300e-02
4.815600e-02 4.913900e-02
5.012200e-02 5.110400e-02
5.208700e-02 5.307000e-02
5.405300e-02 5.503500e-02
5.601800e-02 5.700100e-02
5.798400e-02 5.896700e-02
5.994900e-02 6.093200e-02
6.191500e-02 6.289800e-02
6.388000e-02 6.486300e-02
6.584600e-02 6.682900e-02
6.781200e-02 6.879400e-02
6.977700e-02 7.076000e-02
7.174300e-02 7.272500e-02
7.370800e-02 7.469100e-02
7.567400e-02 7.665600e-02
7.763900e-02 7.862200e-02
7.960500e-02 8.058800e-02
8.157000e-02 8.255300e-02
8.353600e-02 8.451900e-02
8.550100e-02 8.648400e-02
8.746700e-02 8.845000e-02
8.943300e-02 9.041500e-02
9.139800e-02 9.238100e-02
9.336400e-02 9.434600e-02
9.532900e-02 9.631200e-02
9.729500e-02 9.827800e-02
9.926000e-02 1.002430e-01
1.012260e-01 1.022090e-01
1.031910e-01 1.041740e-01
1.051570e-01 1.061400e-01
1.071230e-01 1.081050e-01
1.090880e-01 1.100710e-01
1.110540e-01 1.120360e-01
1.130190e-01 1.140020e-01
1.149850e-01 1.159680e-01
1.169500e-01 1.179330e-01
1.189160e-01 1.198990e-01
1.208810e-01 1.218640e-01
1.228470e-01 1.238300e-01
1.248120e-01 1.257950e-01
1.267780e-01 1.277610e-01
1.287440e-01 1.297260e-01
1.307090e-01 1.316920e-01
1.326750e-01 1.336570e-01
1.346400e-01 1.356230e-01
1.366060e-01 1.375890e-01
1.385710e-01 1.395540e-01
1.405370e-01 1.415200e-01
1.425020e-01 1.434850e-01
1.444680e-01 1.454510e-01
1.464340e-01 1.474160e-01
1.483990e-01 1.493820e-01
1.503650e-01 1.513470e-01
1.523300e-01 1.533130e-01
1.542960e-01 1.552790e-01
1.562610e-01 1.572440e-01
1.582270e-01 1.592100e-01
1.601920e-01 1.611750e-01
1.621580e-01 1.631410e-01
1.641240e-01 1.651060e-01
1.660890e-01 1.670720e-01
1.680550e-01 1.690370e-01
1.700200e-01 1.710030e-01
1.719860e-01 1.729690e-01
1.739510e-01 1.749340e-01
1.759170e-01 1.769000e-01
1.778820e-01 1.788650e-01
1.798480e-01 1.808310e-01
1.818130e-01 1.827960e-01
1.837790e-01 1.847620e-01
1.857450e-01 1.867270e-01
1.877100e-01 1.886930e-01
1.896760e-01 1.906580e-01
1.916410e-01 1.926240e-01
1.936070e-01 1.945900e-01
1.955720e-01 1.965550e-01
1.975380e-01 1.985210e-01
1.995030e-01 2.004860e-01
2.014690e-01 2.024520e-01
2.034350e-01 2.044170e-01
2.054000e-01 2.063830e-01
2.073660e-01 2.083480e-01
2.093310e-01 2.103140e-01
2.112970e-01 2.122800e-01
2.132620e-01 2.142450e-01
2.152280e-01 2.162110e-01
2.171930e-01 2.181760e-01
2.191590e-01 2.201420e-01
2.211250e-01 2.221070e-01
2.230900e-01 2.240730e-01
2.250560e-01 2.260380e-01
2.270210e-01 2.280040e-01
2.289870e-01 2.299690e-01
2.309520e-01 2.319350e-01
2.329180e-01 2.339010e-01
2.348830e-01 2.358660e-01
2.368490e-01 2.378320e-01
2.388140e-01 2.397970e-01
2.407800e-01 2.417630e-01
2.427460e-01 2.437280e-01
2.447110e-01 2.456940e-01
2.466770e-01 2.476590e-01
2.486420e-01 2.496250e-01
2.506080e-01 2.515910e-01
2.525730e-01 2.535560e-01
2.545390e-01 2.555220e-01
2.565040e-01 2.574870e-01
2.584700e-01 2.594530e-01
2.604360e-01 2.614180e-01
2.624010e-01 2.633840e-01
2.643670e-01 2.653490e-01
2.663320e-01 2.673150e-01
2.682980e-01 2.692810e-01
2.702630e-01 2.712460e-01
2.722290e-01 2.732120e-01
2.741940e-01 2.751770e-01
2.761600e-01 2.771430e-01
2.781250e-01 2.791080e-01
2.800910e-01 2.810740e-01
2.820570e-01 2.830390e-01
2.840220e-01 2.850050e-01
2.859880e-01 2.869620e-01
2.879370e-01 2.889120e-01
2.898870e-01 2.908620e-01
2.918360e-01 2.928110e-01
2.937860e-01 2.947610e-01
2.957360e-01 2.967100e-01
2.976850e-01 2.986600e-01
2.996350e-01 3.006100e-01
3.015840e-01 3.025590e-01
3.035340e-01 3.045090e-01
3.054840e-01 3.064580e-01
3.074330e-01 3.084080e-01
3.093830e-01 3.103570e-01
3.113320e-01 3.123070e-01
3.132820e-01 3.142570e-01
3.152310e-01 3.162060e-01
3.171810e-01 3.181560e-01
3.191310e-01 3.201050e-01
3.210800e-01 3.220550e-01
3.230300e-01 3.240050e-01
3.249790e-01 3.259540e-01
3.269290e-01 3.279040e-01
3.288790e-01 3.298530e-01
3.308280e-01 3.318030e-01
3.327780e-01 3.337530e-01
3.347270e-01 3.357020e-01
3.366770e-01 3.376520e-01
3.386260e-01 3.396010e-01
3.405760e-01 3.415510e-01
3.425260e-01 3.435000e-01
3.444750e-01 3.454500e-01
3.464250e-01 3.474000e-01
3.483740e-01 3.493490e-01
3.503240e-01 3.512990e-01
3.522740e-01 3.532480e-01
3.542230e-01 3.551980e-01
3.561730e-01 3.571480e-01
3.581220e-01 3.590970e-01
3.600720e-01 3.610470e-01
3.620210e-01 3.629960e-01
3.639710e-01 3.649460e-01
3.659210e-01 3.668950e-01
3.678700e-01 3.688450e-01
3.698200e-01 3.707950e-01
3.717690e-01 3.727440e-01
3.737190e-01 3.746940e-01
3.756690e-01 3.766430e-01
3.776180e-01 3.785930e-01
3.795680e-01 3.805430e-01
3.815170e-01 3.824920e-01
3.834750e-01 3.844580e-01
3.854400e-01 3.864230e-01
3.874060e-01 3.883890e-01
3.893720e-01 3.903540e-01
3.913370e-01 3.923200e-01
3.933030e-01 3.942850e-01
3.952680e-01 3.962510e-01
3.972340e-01 3.982170e-01
3.991990e-01 4.001820e-01
4.011650e-01 4.021480e-01
4.031300e-01 4.041130e-01
4.050960e-01 4.060790e-01
4.070610e-01 4.080440e-01
4.090270e-01 4.100100e-01
4.109930e-01 4.119750e-01
4.129580e-01 4.139410e-01
4.149240e-01 4.159060e-01
4.168890e-01 4.178720e-01
4.188550e-01 4.198380e-01
4.208200e-01 4.218030e-01
4.227860e-01 4.237690e-01
4.247510e-01 4.257340e-01
4.267170e-01 4.277000e-01
4.286830e-01 4.296650e-01
4.306480e-01 4.316310e-01
4.326140e-01 4.335960e-01
4.345790e-01 4.355620e-01
4.365450e-01 4.375280e-01
4.385100e-01 4.394930e-01
4.404760e-01 4.414590e-01
4.424410e-01 4.434240e-01
4.444070e-01 4.453900e-01
4.463730e-01 4.473550e-01
4.483380e-01 4.493210e-01
4.503040e-01 4.512860e-01
4.522690e-01 4.532520e-01
4.542350e-01 4.552170e-01
4.562000e-01 4.571830e-01
4.581660e-01 4.591490e-01
4.601310e-01 4.611140e-01
4.620970e-01 4.630800e-01
4.640620e-01 4.650450e-01
4.660280e-01 4.670110e-01
4.679940e-01 4.689760e-01
4.699590e-01 4.709420e-01
4.719250e-01 4.729070e-01
4.738900e-01 4.748730e-01
4.758560e-01 4.768390e-01
4.778210e-01 4.788040e-01
4.797870e-01 4.807700e-01
4.817520e-01 4.827350e-01
4.837180e-01 4.847010e-01
4.856840e-01 4.866660e-01
4.876490e-01 4.886320e-01
4.896150e-01 4.905970e-01
4.915800e-01 4.925630e-01
4.935460e-01 4.945290e-01
4.955110e-01 4.964940e-01
4.974770e-01 4.984600e-01
4.994420e-01 5.004250e-01
5.014080e-01 5.023910e-01
5.033740e-01 5.043560e-01
5.053390e-01 5.063220e-01
5.073050e-01 5.082870e-01
5.092700e-01 5.102530e-01
5.112360e-01 5.122180e-01
5.132010e-01 5.141840e-01
5.151670e-01 5.161500e-01
5.171320e-01 5.181150e-01
5.190980e-01 5.200810e-01
5.210630e-01 5.220460e-01
5.230290e-01 5.240120e-01
5.249950e-01 5.259770e-01
5.269600e-01 5.279430e-01
5.289260e-01 5.299080e-01
5.308910e-01 5.318740e-01
5.328570e-01 5.338400e-01
5.348220e-01 5.358050e-01
5.367880e-01 5.377710e-01
5.387530e-01 5.397360e-01
5.407190e-01 5.417020e-01
5.426850e-01 5.436670e-01
5.446500e-01 5.456330e-01
5.466160e-01 5.475980e-01
5.485810e-01 5.495640e-01
5.505470e-01 5.515300e-01
5.525120e-01 5.534950e-01
5.544780e-01 5.554610e-01
5.564430e-01 5.574260e-01
5.584090e-01 5.593920e-01
5.603740e-01 5.613570e-01
5.623400e-01 5.633230e-01
5.643060e-01 5.652880e-01
5.662710e-01 5.672540e-01
5.682370e-01 5.692190e-01
5.702020e-01 5.711850e-01
5.721680e-01 5.731510e-01
5.741330e-01 5.751160e-01
5.760990e-01 5.770820e-01
5.780640e-01 5.790470e-01
5.800300e-01 5.810130e-01
5.819960e-01 5.829780e-01
3.760672e-01 3.760672e-01
3.760503e-01 3.760333e-01
3.759995e-01 3.759656e-01
3.759148e-01 3.758640e-01
3.757963e-01 3.757286e-01
3.756439e-01 3.755593e-01
3.754577e-01 3.753561e-01
3.752376e-01 3.751190e-01
3.749836e-01 3.748481e-01
3.746957e-01 3.745264e-01
3.743740e-01 3.741878e-01
3.740185e-01 3.738153e-01
3.736121e-01 3.734089e-01
3.731888e-01 3.729687e-01
3.727317e-01 3.724946e-01
3.722407e-01 3.719867e-01
3.717158e-01 3.714449e-01
3.711570e-01 3.708523e-01
3.705644e-01 3.702427e-01
3.699380e-01 3.695993e-01
3.692776e-01 3.689221e-01
3.685665e-01 3.682110e-01
3.678554e-01 3.674660e-01
3.670935e-01 3.666871e-01
3.662977e-01 3.658744e-01
3.654680e-01 3.650447e-01
3.646045e-01 3.641643e-01
3.637072e-01 3.632500e-01
3.627928e-01 3.623018e-01
3.618277e-01 3.613367e-01
3.608288e-01 3.603208e-01
3.598129e-01 3.592880e-01
3.587631e-01 3.582213e-01
3.576626e-01 3.571038e-01
3.565451e-01 3.559694e-01
3.553937e-01 3.548011e-01
3.542085e-01 3.535990e-01
3.529895e-01 3.523630e-01
3.517365e-01 3.511101e-01
3.504667e-01 3.498063e-01
3.491460e-01 3.484857e-01
3.478084e-01 3.471311e-01
3.464369e-01 3.457258e-01
3.450316e-01 3.443036e-01
3.435924e-01 3.428644e-01
3.421194e-01 3.413744e-01
3.406125e-01 3.398506e-01
3.390886e-01 3.383098e-01
3.375309e-01 3.367352e-01
3.359224e-01 3.351267e-01
3.342970e-01 3.334843e-01
3.326546e-01 3.318081e-01
3.309615e-01 3.301149e-01
3.292514e-01 3.283710e-01
3.274905e-01 3.266101e-01
3.257127e-01 3.248153e-01
3.239010e-01 3.229867e-01
3.220724e-01 3.211242e-01
3.201930e-01 3.192448e-01
3.182967e-01 3.173316e-01
3.163495e-01 3.153675e-01
3.143855e-01 3.133865e-01
3.123876e-01 3.113886e-01
3.103727e-01 3.093399e-01
3.083070e-01 3.072573e-01
3.062075e-01 3.051578e-01
3.040911e-01 3.030244e-01
3.019408e-01 3.008571e-01
2.997566e-01 2.986560e-01
2.975386e-01 2.964211e-01
2.952867e-01 2.941522e-01
2.930009e-01 2.918496e-01
2.906813e-01 2.895130e-01
2.883447e-01 2.871595e-01
2.859574e-01 2.847552e-01
2.835361e-01 2.823171e-01
2.810980e-01 2.798620e-01
2.786091e-01 2.773561e-01
2.760863e-01 2.748164e-01
2.735465e-01 2.722597e-01
2.709560e-01 2.696523e-01
2.683316e-01 2.670109e-01
2.656733e-01 2.643188e-01
2.629812e-01 2.616098e-01
2.602383e-01 2.588499e-01
2.574615e-01 2.560731e-01
2.546509e-01 2.532456e-01
2.518064e-01 2.503672e-01
2.489280e-01 2.474550e-01
2.459988e-01 2.445089e-01
2.430189e-01 2.415289e-01
2.400051e-01 2.384982e-01
2.369574e-01 2.354166e-01
2.338589e-01 2.323012e-01
2.307266e-01 2.291350e-01
2.275434e-01 2.259349e-01
2.243095e-01 2.226671e-01
2.210248e-01 2.193824e-01
2.177062e-01 2.160300e-01
2.143368e-01 2.126267e-01
2.109166e-01 2.091896e-01
2.074457e-01 2.056848e-01
2.039239e-01 2.021461e-01
2.003513e-01 1.985396e-01
1.967280e-01 1.948994e-01
1.930538e-01 1.911913e-01
1.893119e-01 1.874325e-01
1.855362e-01 1.836229e-01
1.816927e-01 1.797456e-01
1.777815e-01 1.758175e-01
1.738365e-01 1.718216e-01
1.698068e-01 1.677750e-01
1.657432e-01 1.636775e-01
1.615949e-01 1.595124e-01
1.574128e-01 1.552795e-01
1.531461e-01 1.509958e-01
1.488285e-01 1.466444e-01
1.444433e-01 1.422422e-01
1.400072e-01 1.377553e-01
1.355034e-01 1.332176e-01
1.309319e-01 1.286292e-01
1.263095e-01 1.239730e-01
1.216195e-01 1.192491e-01
1.168617e-01 1.144574e-01
1.120532e-01 1.096150e-01
1.071769e-01 1.047049e-01
1.022328e-01 9.974391e-02
9.723803e-02 9.473216e-02
9.219242e-02 8.965269e-02
8.709602e-02 8.452242e-02
8.193189e-02 7.934136e-02
7.673390e-02 7.410950e-02
7.146818e-02 6.882685e-02
6.616859e-02 6.349340e-02
6.081822e-02 5.812610e-02
5.543398e-02 5.272492e-02
4.999894e-02 4.727296e-02
4.453004e-02 4.178713e-02
3.904421e-02 3.628436e-02
3.352452e-02 3.074774e-02
2.797096e-02 2.519418e-02
2.240047e-02 1.960676e-02
1.681305e-02 1.401934e-02
1.120870e-02 8.414993e-03
5.604351e-03 2.810641e-03
0 5.570488e-03
8.364198e-03 1.117484e-02
1.396855e-02 1.677919e-02
1.960676e-02 2.243434e-02
2.526191e-02 2.810641e-02
3.096785e-02 3.382929e-02
3.670765e-02 3.958602e-02
4.248132e-02 4.539355e-02
4.832271e-02 5.125188e-02
5.421490e-02 5.717793e-02
6.015788e-02 6.315477e-02
6.616859e-02 6.919935e-02
7.226396e-02 7.532858e-02
7.842705e-02 8.154246e-02
8.467480e-02 8.784101e-02
9.102414e-02 9.424114e-02
9.749201e-02 1.007429e-01
1.040445e-01 1.073800e-01
1.107325e-01 1.141188e-01
1.175559e-01 1.210100e-01
1.245148e-01 1.280535e-01
1.316261e-01 1.352494e-01
1.389236e-01 1.426316e-01
1.463904e-01 1.502169e-01
1.540773e-01 1.580055e-01
1.620013e-01 1.660480e-01
1.701623e-01 1.743444e-01
1.786112e-01 1.829457e-01
1.873479e-01 1.918517e-01
1.964571e-01 2.011471e-01
2.059387e-01 2.108489e-01
2.158606e-01 2.210078e-01
2.262905e-01 2.317086e-01
2.372791e-01 2.430189e-01
2.489280e-01 2.550403e-01
2.613558e-01 2.678914e-01
2.746640e-01 2.817245e-01
2.890728e-01 2.967428e-01
3.047683e-01 3.132003e-01
3.220724e-01 3.314525e-01
3.414083e-01 3.519905e-01
3.633347e-01 3.755254e-01
3.887151e-01 4.031069e-01
4.189379e-01 4.364960e-01
4.562043e-01 4.786556e-01
5.046794e-01 5.355288e-01
5.731507e-01 6.208808e-01
6.848483e-01 7.776672e-01
9.287646e-01 1.217025e+00
1.884400e+00 2.557294e+00
2.576122e+00 2.101124e+00
1.781625e+00 1.569963e+00
1.423454e+00 1.316464e+00
1.234481e+00 1.169159e+00
1.115452e+00 1.070177e+00
1.031268e+00 9.972528e-01
9.671315e-01 9.401595e-01
9.157781e-01 8.935638e-01
8.731613e-01 8.543165e-01
8.368261e-01 8.204872e-01
8.051980e-01 7.908061e-01
7.772270e-01 7.643590e-01
7.521513e-01 7.405193e-01
7.294122e-01 7.188131e-01
7.086372e-01 6.988677e-01
6.894706e-01 6.804292e-01
6.716925e-01 6.632606e-01
6.550996e-01 6.472094e-01
6.395394e-01 6.321065e-01
6.248767e-01 6.178501e-01
6.110097e-01 6.043556e-01
5.978539e-01 5.915215e-01
5.853245e-01 5.792800e-01
5.733708e-01 5.675972e-01
5.619420e-01 5.563885e-01
5.509704e-01 5.456369e-01
5.404220e-01 5.352917e-01
5.302631e-01 5.253360e-01
5.204766e-01 5.157188e-01
5.110288e-01 5.064234e-01
5.018857e-01 4.974158e-01
4.930305e-01 4.887130e-01
4.844462e-01 4.802472e-01
4.761159e-01 4.720523e-01
4.680226e-01 4.640606e-01
4.601663e-01 4.563059e-01
4.524963e-01 4.487545e-01
4.450464e-01 4.413892e-01
4.377659e-01 4.342102e-01
4.306885e-01 4.272006e-01
4.237634e-01 4.203602e-01
4.170077e-01 4.136892e-01
4.104044e-01 4.071536e-01
4.039535e-01 4.007873e-01
3.976380e-01 3.945396e-01
3.914580e-01 3.884273e-01
3.854134e-01 3.824504e-01
3.795043e-01 3.765921e-01
3.736968e-01 3.708523e-01
3.680247e-01 3.652310e-01
3.624542e-01 3.597113e-01
3.569853e-01 3.542932e-01
3.516349e-01 3.489936e-01
3.463862e-01 3.437956e-01
3.412220e-01 3.386823e-01
3.361595e-01 3.336705e-01
3.311816e-01 3.287435e-01
3.263053e-01 3.239010e-01
3.215137e-01 3.191432e-01
3.168067e-01 3.144871e-01
3.121844e-01 3.098986e-01
3.076298e-01 3.053779e-01
3.031598e-01 3.009587e-01
2.987576e-01 2.965904e-01
2.944401e-01 2.923067e-01
2.901903e-01 2.880907e-01
2.860082e-01 2.839594e-01
2.819107e-01 2.798789e-01
2.778641e-01 2.758661e-01
2.738852e-01 2.719211e-01
2.699740e-01 2.680438e-01
2.661136e-01 2.642172e-01
2.623378e-01 2.604584e-01
2.585959e-01 2.567504e-01
2.549218e-01 2.531101e-01
2.513154e-01 2.495206e-01
2.477597e-01 2.459988e-01
2.442549e-01 2.425279e-01
2.408009e-01 2.390908e-01
2.373976e-01 2.357214e-01
2.340621e-01 2.324028e-01
2.307604e-01 2.291350e-01
2.275265e-01 2.259180e-01
2.243264e-01 2.227518e-01
2.211772e-01 2.196195e-01
2.180787e-01 2.165379e-01
2.150310e-01 2.135072e-01
2.120172e-01 2.105272e-01
2.090542e-01 2.075811e-01
2.061250e-01 2.046858e-01
2.032466e-01 2.018244e-01
2.004190e-01 1.990137e-01
1.976253e-01 1.962369e-01
1.948655e-01 1.935110e-01
1.921564e-01 1.908188e-01
1.894813e-01 1.881606e-01
1.868569e-01 1.855531e-01
1.842494e-01 1.829626e-01
1.816927e-01 1.804229e-01
1.791699e-01 1.779170e-01
1.766810e-01 1.754619e-01
1.742428e-01 1.730238e-01
