1 1.504521e+02
2 1.524609e+02
3 1.546085e+02
4 1.567554e+02
5 1.537131e+02
6 1.550423e+02
7 1.543072e+02
8 1.570428e+02
9 1.232182e+02
10 1.086988e+02
11 9.858000e+01
12 9.922663e+01
13 1.023594e+02
14 9.864068e+01
15 1.030920e+02
16 1.002890e+02
17 1.034544e+02
18 1.067124e+02
19 1.064307e+02
20 1.103585e+02
21 1.136408e+02
22 1.109452e+02
23 1.144829e+02
24 1.176938e+02
25 1.189243e+02
26 1.229251e+02
27 1.126138e+02
28 1.170976e+02
29 1.147923e+02
30 1.194001e+02
31 1.244322e+02
32 9.843744e+01
33 9.378837e+01
34 9.911679e+01
35 1.043415e+02
36 1.104423e+02
37 3.818956e+01
38 4.306993e+01
39 4.886563e+01
40 5.644073e+01
41 5.481655e+01
42 0
43 5.720940e+00
44 1.209253e+00
45 1.062742e+01
46 1.783909e+01
47 2.804680e+01
48 1.203664e+01
49 2.135048e+01
50 2.912628e+01
51 2.337056e+01
52 3.843517e+01
53 4.673653e+01
54 6.282843e+01
55 7.011791e+01
56 8.129036e+01
57 1.010303e+02
58 1.244899e+02
59 1.469877e+02
60 1.687943e+02
61 1.900949e+02
62 1.654622e+02
63 9.504397e+01
64 1.314965e+02
65 1.722177e+02
66 1.511924e+02
