1 3.340643e+02
2 3.360705e+02
3 3.382221e+02
4 3.393463e+02
5 3.380971e+02
6 3.386163e+02
7 3.320435e+02
8 3.335449e+02
9 2.932673e+02
10 2.779345e+02
11 2.665308e+02
12 2.658124e+02
13 2.676326e+02
14 2.562519e+02
15 2.558827e+02
16 2.229628e+02
17 2.261081e+02
18 2.293481e+02
19 2.252932e+02
20 2.270968e+02
21 2.302979e+02
22 2.227057e+02
23 2.262911e+02
24 2.288612e+02
25 2.293839e+02
26 2.334689e+02
27 2.087864e+02
28 2.132239e+02
29 2.036801e+02
30 2.081399e+02
31 2.131754e+02
32 1.550281e+02
33 1.433013e+02
34 1.485109e+02
35 1.538832e+02
36 1.599826e+02
37 5.630360e+01
38 6.102523e+01
39 6.153828e+01
40 6.493100e+01
41 5.569270e+01
42 1.724345e+01
43 2.446688e+01
44 2.806850e+01
45 3.747554e+01
46 4.010772e+01
47 4.932212e+01
48 0
49 1.107566e+01
50 2.149187e+01
51 1.934088e+01
52 3.040336e+01
53 3.757300e+01
54 5.418571e+01
55 6.634870e+01
56 8.039806e+01
57 1.010276e+02
58 1.180544e+02
59 1.411241e+02
60 1.659846e+02
61 1.911588e+02
62 1.518999e+02
63 1.180844e+02
64 1.547987e+02
65 1.955683e+02
66 1.770816e+02
