1 1.748378e-03
2 1.746528e-03
3 1.746351e-03
4 1.741735e-03
5 1.490212e-03
6 1.444042e-03
7 1.322587e-03
8 1.300951e-03
9 1.103114e-03
10 9.897095e-04
11 8.986569e-04
12 8.959573e-04
13 8.977423e-04
14 9.194965e-04
15 9.924652e-04
16 1.550708e-03
17 1.551113e-03
18 1.551058e-03
19 1.556123e-03
20 1.589487e-03
21 1.588387e-03
22 1.559322e-03
23 1.553614e-03
24 1.549577e-03
25 1.512480e-03
26 1.506282e-03
27 1.598964e-03
28 1.598396e-03
29 1.656610e-03
30 1.656023e-03
31 1.656584e-03
32 1.638510e-03
33 1.733769e-03
34 1.734313e-03
35 1.736077e-03
36 1.734895e-03
37 1.604842e-03
38 1.601979e-03
39 1.543686e-03
40 1.485765e-03
41 1.424647e-03
42 1.279777e-03
43 1.264582e-03
44 7.663529e-04
45 7.677884e-04
46 -1.045201e-03
47 -1.143646e-04
48 -3.556136e-03
49 -4.874564e-03
50 -2.637388e-03
51 7.221470e-04
52 2.820915e-03
53 1.072111e-02
54 8.801736e-03
55 7.972014e-03
56 1.091659e-02
57 8.992833e-03
58 8.795316e-03
59 8.873435e-03
60 8.214483e-03
61 6.881401e-03
62 4.796755e-03
63 2.397717e-03
64 2.363946e-03
65 2.365033e-03
66 -2.420015e-04
