1 -2.371090e+02
2 -2.371631e+02
3 -2.371656e+02
4 -2.370614e+02
5 -2.387455e+02
6 -2.397378e+02
7 -2.442175e+02
8 -2.448018e+02
9 -2.649955e+02
10 -2.736085e+02
11 -2.823319e+02
12 -2.841498e+02
13 -2.843770e+02
14 -2.903500e+02
15 -2.911357e+02
16 -3.068668e+02
17 -3.068663e+02
18 -3.068580e+02
19 -3.102916e+02
20 -3.106682e+02
21 -3.109050e+02
22 -3.161437e+02
23 -3.162724e+02
24 -3.168710e+02
25 -3.185919e+02
26 -3.186673e+02
27 -3.348683e+02
28 -3.349279e+02
29 -3.428070e+02
30 -3.430987e+02
31 -3.431071e+02
32 -3.722666e+02
33 -3.851588e+02
34 -3.854484e+02
35 -3.864468e+02
36 -3.865307e+02
37 -4.573162e+02
38 -4.590824e+02
39 -4.585109e+02
40 -4.566401e+02
41 -4.667997e+02
42 -5.302532e+02
43 -5.331182e+02
44 -5.467699e+02
45 -5.467580e+02
46 -5.459151e+02
47 -5.455855e+02
48 -5.411977e+02
49 -5.445251e+02
50 -5.498944e+02
51 -5.650150e+02
52 -5.616089e+02
53 -5.652097e+02
54 -5.655379e+02
55 -5.752367e+02
56 -5.816597e+02
57 -5.822601e+02
58 -5.770457e+02
59 -5.778943e+02
60 -5.820118e+02
61 -5.882610e+02
62 -6.147569e+02
63 -6.973095e+02
64 -6.975717e+02
65 -6.976238e+02
66 -7.395207e+02
