1 -1.074303e+02
2 -1.072542e+02
3 -1.072120e+02
4 -1.334290e+02
5 -1.263989e+02
6 -1.181312e+02
7 -1.113132e+02
8 -1.089591e+02
9 -1.106937e+02
10 -1.102013e+02
11 -1.009886e+02
12 -1.008253e+02
13 -1.017206e+02
14 -1.063223e+02
15 -1.107213e+02
16 -1.292999e+02
17 -1.293864e+02
18 -1.296319e+02
19 -1.320905e+02
20 -1.495000e+02
21 -1.449286e+02
22 -1.535826e+02
23 -1.510603e+02
24 -1.565816e+02
25 -1.505120e+02
26 -1.492941e+02
27 -1.218913e+02
28 -1.218299e+02
29 -1.201316e+02
30 -1.198924e+02
31 -1.199030e+02
32 -1.402382e+02
33 -1.281623e+02
34 -1.281302e+02
35 -1.268684e+02
36 -1.268037e+02
37 -1.368468e+02
38 -1.369970e+02
39 -1.415684e+02
40 -1.469562e+02
41 -1.610774e+02
42 -1.719252e+02
43 -1.743514e+02
44 -1.954587e+02
45 -1.954260e+02
46 -1.884340e+02
47 -1.898260e+02
48 -2.156698e+02
49 -2.169530e+02
50 -2.201118e+02
51 -2.289403e+02
52 -2.339835e+02
53 -2.307460e+02
54 -2.296526e+02
55 -2.307392e+02
56 -2.326795e+02
57 -2.329249e+02
58 -2.376108e+02
59 -2.378706e+02
60 -2.384759e+02
61 -2.381403e+02
62 -2.585559e+02
63 -3.138921e+02
64 -3.138866e+02
65 -3.139629e+02
66 -4.620921e+02
