1 -3.656775e+02
2 -3.657140e+02
3 -3.657157e+02
4 -3.658793e+02
5 -3.695006e+02
6 -3.695007e+02
7 -3.681389e+02
8 -3.672653e+02
9 -3.834085e+02
10 -3.918963e+02
11 -3.959446e+02
12 -3.962078e+02
13 -3.956535e+02
14 -3.962862e+02
15 -3.940210e+02
16 -3.841534e+02
17 -3.841419e+02
18 -3.841425e+02
19 -3.843425e+02
20 -3.834966e+02
21 -3.835473e+02
22 -3.846910e+02
23 -3.848346e+02
24 -3.849640e+02
25 -3.860874e+02
26 -3.862290e+02
27 -3.847078e+02
28 -3.846917e+02
29 -3.838128e+02
30 -3.837854e+02
31 -3.838044e+02
32 -3.858976e+02
33 -3.831226e+02
34 -3.831961e+02
35 -3.829016e+02
36 -3.828978e+02
37 -3.908145e+02
38 -3.909042e+02
39 -3.927224e+02
40 -3.943881e+02
41 -3.935736e+02
42 -3.930343e+02
43 -3.929508e+02
44 -3.927492e+02
45 -3.927518e+02
46 -3.963005e+02
47 -3.968909e+02
48 -4.283556e+02
49 -4.274320e+02
50 -4.267146e+02
51 -4.305543e+02
52 -4.329522e+02
53 -4.360436e+02
54 -4.356511e+02
55 -4.358353e+02
56 -4.366843e+02
57 -4.362072e+02
58 -4.394142e+02
59 -4.393079e+02
60 -4.386447e+02
61 -4.386521e+02
62 -4.669707e+02
63 -4.880364e+02
64 -4.880164e+02
65 -4.880150e+02
66 -5.127120e+02
