1 2.048780e+00
2 4.148148e+00
3 6.300000e+00
4 8.506329e+00
5 1.076923e+01
6 1.309091e+01
7 1.547368e+01
8 1.792000e+01
9 2.043243e+01
10 2.301370e+01
11 2.566667e+01
12 2.839437e+01
13 3.120000e+01
14 3.408696e+01
15 3.705882e+01
16 4.011940e+01
17 4.327273e+01
18 4.652308e+01
19 4.987500e+01
20 5.333333e+01
21 5.690323e+01
22 6.059016e+01
23 6.440000e+01
24 6.833898e+01
25 7.241379e+01
26 7.663158e+01
27 81
28 8.552727e+01
29 9.022222e+01
30 9.509434e+01
31 1.001538e+02
32 1.054118e+02
33 1.108800e+02
34 1.165714e+02
35 1.225000e+02
36 1.286809e+02
37 1.351304e+02
38 1.418667e+02
39 1.489091e+02
40 1.562791e+02
41 164
42 1.720976e+02
43 1.806000e+02
44 1.895385e+02
45 1.989474e+02
46 2.088649e+02
47 2.193333e+02
48 2.304000e+02
49 2.421176e+02
50 2.545455e+02
51 2.677500e+02
52 2.818065e+02
53 2.968000e+02
54 3.128276e+02
55 330
56 3.484444e+02
57 3.683077e+02
58 3.897600e+02
59 413
60 4.382609e+02
61 4.658182e+02
62 496
63 5.292000e+02
64 5.658947e+02
65 6.066667e+02
66 6.522353e+02
