1 -1.790277e-01
2 -1.341756e-01
3 -1.955949e-03
4 -8.175463e-02
5 -4.921712e-02
6 -5.130801e-02
7 -7.208878e-02
8 -1.024209e-01
9 -1.481359e-02
10 -1.667703e-02
11 -1.571522e-03
12 -3.798487e-02
13 -3.237092e-02
14 -5.285645e-02
15 -4.395471e-02
16 -6.599051e-02
17 -1.496723e-03
18 -1.210256e-01
19 -1.624406e-02
20 -6.051109e-03
21 -1.166983e-02
22 -1.730976e-02
23 -2.985112e-03
24 -5.981282e-02
25 -1.682603e-02
26 -2.809568e-02
27 -3.389785e-02
28 -1.436144e-01
29 -4.951167e-03
30 -8.494983e-02
31 -8.613723e-02
32 -8.554401e-02
33 -1.918171e-01
34 -2.159696e-01
35 -1.750213e-01
36 -4.290012e-02
37 -1.505743e-01
38 -6.588480e-02
39 -2.551662e-02
40 -1.486807e+00
41 -8.110798e-02
42 -1.965597e-01
43 -1.815624e-01
44 -1.123062e-01
45 -2.178525e-01
46 -1.783503e-01
47 -1.696993e-01
48 -2.144884e-01
49 -1.148315e-01
50 -2.029542e-01
51 -1.087813e-01
52 -7.580590e-02
53 -9.729710e-02
54 -1.476470e-01
55 -2.834886e-01
56 -2.634096e-02
57 -6.914491e-01
58 -9.022867e-01
59 -1.133609e-01
60 -9.303179e-02
61 -7.050643e-01
62 -3.118856e+00
63 -8.926458e-01
64 -9.195637e-01
65 -2.369610e+00
