1 1
2 8.360828e-01
3 7.311013e-01
4 7.296727e-01
5 6.723919e-01
6 6.400999e-01
7 6.080860e-01
8 5.657925e-01
9 5.107124e-01
10 5.032027e-01
11 4.948803e-01
12 4.941032e-01
13 4.756868e-01
14 4.605349e-01
15 4.368248e-01
16 4.180402e-01
17 3.913440e-01
18 3.907587e-01
19 3.462166e-01
20 3.406381e-01
21 3.385831e-01
22 3.346548e-01
23 3.289119e-01
24 3.279315e-01
25 3.088921e-01
26 3.037381e-01
27 2.953232e-01
28 2.854801e-01
29 2.472891e-01
30 2.460677e-01
31 2.260276e-01
32 2.073731e-01
33 1.903712e-01
34 1.571434e-01
35 1.266198e-01
36 1.062896e-01
37 1.018262e-01
38 8.759232e-02
39 8.200733e-02
40 7.994125e-02
41 1.807420e-02
42 1.666611e-02
43 1.369208e-02
44 1.141873e-02
45 1.020573e-02
46 8.207896e-03
47 6.867130e-03
48 5.795299e-03
49 4.676541e-03
50 4.169212e-03
51 3.403393e-03
52 3.052594e-03
53 2.829743e-03
54 2.567387e-03
55 2.214976e-03
56 1.668213e-03
57 1.624844e-03
58 8.138030e-04
59 3.301119e-04
60 2.947333e-04
61 2.685505e-04
62 1.326846e-04
63 5.865683e-06
64 2.402412e-06
65 9.578247e-07
66 8.957309e-08
