1.087850e-01 -9.978650e-01
1.087850e-01 9.978650e-01
1.087850e-01 -8.804400e-01
1.087850e-01 8.804400e-01
1.087850e-01 -7.697000e-01
1.087850e-01 7.697000e-01
1.087850e-01 -6.719100e-01
1.087850e-01 6.719100e-01
1.087850e-01 -5.480400e-01
1.087850e-01 5.480400e-01
1.087850e-01 -3.322400e-01
1.087850e-01 3.322400e-01
1.087850e-01 -2.218400e-01
1.087850e-01 2.218400e-01
1.087850e-01 -1.109700e-01
1.087850e-01 1.109700e-01
1.087850e-01 0
1.087850e-01 0
1.087850e-01 1.109700e-01
1.087850e-01 -1.109700e-01
1.087850e-01 2.218400e-01
1.087850e-01 -2.218400e-01
1.087850e-01 3.322400e-01
1.087850e-01 -3.322400e-01
1.087850e-01 4.369900e-01
1.087850e-01 -4.369900e-01
1.087850e-01 5.480400e-01
1.087850e-01 -5.480400e-01
1.087850e-01 6.719100e-01
1.087850e-01 -6.719100e-01
1.087850e-01 7.697000e-01
1.087850e-01 -7.697000e-01
1.087850e-01 8.804400e-01
1.087850e-01 -8.804400e-01
1.087850e-01 9.978650e-01
1.087850e-01 -9.978650e-01
2.253900e-01 9.993650e-01
2.253900e-01 -9.993650e-01
5.980000e-01 8.769400e-01
5.980000e-01 -8.769400e-01
5.980000e-01 7.465800e-01
5.980000e-01 -7.465800e-01
5.980000e-01 6.381300e-01
5.980000e-01 -6.381300e-01
5.980000e-01 5.196600e-01
5.980000e-01 -5.196600e-01
5.980000e-01 3.664100e-01
5.980000e-01 -3.664100e-01
7.800000e-01 3.500000e-01
7.800000e-01 -3.500000e-01
5.980000e-01 2.830000e-01
5.980000e-01 -2.830000e-01
5.980000e-01 -2.830000e-01
5.980000e-01 2.830000e-01
7.800000e-01 -3.500000e-01
7.800000e-01 3.500000e-01
5.980000e-01 -3.664100e-01
5.980000e-01 3.664100e-01
5.980000e-01 -5.196600e-01
5.980000e-01 5.196600e-01
5.980000e-01 -6.381300e-01
5.980000e-01 6.381300e-01
5.980000e-01 -7.465800e-01
5.980000e-01 7.465800e-01
5.980000e-01 -8.769400e-01
5.980000e-01 8.769400e-01
