1 1.087850e-01 -9.978650e-01 -7.559877e-06
2 1.087850e-01 -8.804400e-01 -7.261816e-06
3 1.087850e-01 -7.697000e-01 -6.720618e-06
4 1.087850e-01 -6.719100e-01 -6.131138e-06
5 1.087850e-01 -5.480400e-01 -5.364522e-06
6 1.087850e-01 -3.322400e-01 -3.619040e-06
7 1.087850e-01 -2.218400e-01 -3.911973e-06
8 1.087850e-01 -1.109700e-01 -3.692248e-06
9 1.087850e-01 0 -3.619040e-06
10 1.087850e-01 1.109700e-01 -3.692248e-06
11 1.087850e-01 2.218400e-01 -3.911973e-06
12 1.087850e-01 3.322400e-01 -4.275737e-06
13 1.087850e-01 4.369900e-01 -4.748526e-06
14 1.087850e-01 5.480400e-01 -5.364522e-06
15 1.087850e-01 6.719100e-01 -6.131138e-06
16 1.087850e-01 7.697000e-01 -6.720618e-06
17 1.087850e-01 8.804400e-01 -7.261816e-06
18 1.087850e-01 9.978650e-01 -7.559877e-06
19 2.253900e-01 9.993650e-01 -3.246563e-05
20 5.980000e-01 8.769400e-01 -2.193342e-04
21 5.980000e-01 7.465800e-01 -1.991774e-04
22 5.980000e-01 6.381300e-01 -1.788580e-04
23 5.980000e-01 5.196600e-01 -1.569579e-04
24 5.980000e-01 3.664100e-01 -1.332979e-04
25 7.800000e-01 3.500000e-01 -2.229936e-04
26 5.980000e-01 2.830000e-01 -1.235858e-04
27 5.980000e-01 -2.830000e-01 -1.235858e-04
28 7.800000e-01 -3.500000e-01 -2.229936e-04
29 5.980000e-01 -3.664100e-01 -1.332979e-04
30 5.980000e-01 -5.196600e-01 -1.569579e-04
31 5.980000e-01 -6.381300e-01 -1.788580e-04
32 5.980000e-01 -7.465800e-01 -1.991774e-04
33 5.980000e-01 -8.769400e-01 -2.193342e-04
1.297400e-01 -8.500000e-01 -1.638634e-02 1.570796e+00 -1.003374e-18 0 -1.638634e-02 -1.638634e-02
1.297400e-01 -7.500000e-01 -1.509847e-02 1.570796e+00 -9.245149e-19 0 -1.509847e-02 -1.509847e-02
1.297400e-01 -6.500000e-01 -1.362266e-02 1.570796e+00 -8.341476e-19 0 -1.362266e-02 -1.362266e-02
1.297400e-01 -5.500000e-01 -1.216106e-02 1.570796e+00 -7.446504e-19 0 -1.216106e-02 -1.216106e-02
1.297400e-01 -4.500000e-01 -1.085210e-02 1.570796e+00 -6.644997e-19 0 -1.085210e-02 -1.085210e-02
1.297400e-01 -3.500000e-01 -9.773099e-03 1.570796e+00 -5.984297e-19 0 -9.773099e-03 -9.773099e-03
1.297400e-01 -2.500000e-01 -8.957927e-03 1.570796e+00 -5.485149e-19 0 -8.957927e-03 -8.957927e-03
1.297400e-01 -1.500000e-01 -8.415927e-03 1.570796e+00 -5.153269e-19 0 -8.415927e-03 -8.415927e-03
1.297400e-01 -5.000000e-02 -8.146161e-03 1.570796e+00 -4.988085e-19 0 -8.146161e-03 -8.146161e-03
1.299500e-01 5.000000e-02 -8.145793e-03 1.570796e+00 -4.987860e-19 0 -8.145793e-03 -8.145793e-03
1.299500e-01 1.500000e-01 -8.415556e-03 1.570796e+00 -5.153042e-19 0 -8.415556e-03 -8.415556e-03
1.299500e-01 2.500000e-01 -8.957557e-03 1.570796e+00 -5.484922e-19 0 -8.957557e-03 -8.957557e-03
1.299500e-01 3.500000e-01 -9.772744e-03 1.570796e+00 -5.984080e-19 0 -9.772744e-03 -9.772744e-03
1.299500e-01 4.500000e-01 -1.085180e-02 1.570796e+00 -6.644810e-19 0 -1.085180e-02 -1.085180e-02
1.299500e-01 5.500000e-01 -1.216087e-02 1.570796e+00 -7.446383e-19 0 -1.216087e-02 -1.216087e-02
1.299500e-01 6.500000e-01 -1.362265e-02 1.570796e+00 -8.341469e-19 0 -1.362265e-02 -1.362265e-02
1.299500e-01 7.500000e-01 -1.509873e-02 1.570796e+00 -9.245308e-19 0 -1.509873e-02 -1.509873e-02
1.299500e-01 8.500000e-01 -1.638691e-02 1.570796e+00 -1.003409e-18 0 -1.638691e-02 -1.638691e-02
3.861500e-01 9.900000e-01 -2.003853e-02 1.570796e+00 -1.227006e-18 0 -2.003853e-02 -2.003853e-02
5.361500e-01 9.900000e-01 -2.418712e-02 1.570796e+00 -1.481034e-18 0 -2.418712e-02 -2.418712e-02
5.832600e-01 8.500000e-01 -1.977333e-02 1.570796e+00 -1.210767e-18 0 -1.977333e-02 -1.977333e-02
5.832600e-01 7.500000e-01 -1.528042e-02 1.570796e+00 -9.356556e-19 0 -1.528042e-02 -1.528042e-02
5.832600e-01 6.500000e-01 -1.206955e-02 1.570796e+00 -7.390468e-19 0 -1.206955e-02 -1.206955e-02
5.832600e-01 5.500000e-01 -9.877409e-03 1.570796e+00 -6.048169e-19 0 -9.877409e-03 -9.877409e-03
5.832600e-01 4.500000e-01 -8.379470e-03 1.570796e+00 -5.130945e-19 0 -8.379470e-03 -8.379470e-03
5.832600e-01 3.500000e-01 -7.355221e-03 1.570796e+00 -4.503774e-19 0 -7.355221e-03 -7.355221e-03
5.832600e-01 2.500000e-01 -6.671348e-03 1.570796e+00 -4.085023e-19 0 -6.671348e-03 -6.671348e-03
5.832600e-01 1.500000e-01 -6.250228e-03 1.570796e+00 -3.827161e-19 0 -6.250228e-03 -6.250228e-03
5.832600e-01 5.000000e-02 -6.049154e-03 1.570796e+00 -3.704038e-19 0 -6.049154e-03 -6.049154e-03
5.887900e-01 -1.500000e-01 -6.208742e-03 1.570796e+00 -3.801758e-19 0 -6.208742e-03 -6.208742e-03
5.887900e-01 -2.500000e-01 -6.625545e-03 1.570796e+00 -4.056976e-19 0 -6.625545e-03 -6.625545e-03
5.887900e-01 -3.500000e-01 -7.302926e-03 1.570796e+00 -4.471752e-19 0 -7.302926e-03 -7.302926e-03
5.887900e-01 -4.500000e-01 -8.318901e-03 1.570796e+00 -5.093858e-19 0 -8.318901e-03 -8.318901e-03
5.887900e-01 -5.500000e-01 -9.808555e-03 1.570796e+00 -6.006007e-19 0 -9.808555e-03 -9.808555e-03
5.887900e-01 -6.500000e-01 -1.199842e-02 1.570796e+00 -7.346916e-19 0 -1.199842e-02 -1.199842e-02
5.887900e-01 -7.500000e-01 -1.523094e-02 1.570796e+00 -9.326263e-19 0 -1.523094e-02 -1.523094e-02
5.887900e-01 -8.500000e-01 -1.981138e-02 1.570796e+00 -1.213097e-18 0 -1.981138e-02 -1.981138e-02
5.361500e-01 -9.900000e-01 -2.418712e-02 1.570796e+00 -1.481034e-18 0 -2.418712e-02 -2.418712e-02
3.861500e-01 -9.900000e-01 -2.003853e-02 1.570796e+00 -1.227006e-18 0 -2.003853e-02 -2.003853e-02
