1.297400e-01 8.254205e-01
1.297400e-01 8.500000e-01
==
1.297400e-01 7.273523e-01
1.297400e-01 7.500000e-01
==
1.297400e-01 6.295660e-01
1.297400e-01 6.500000e-01
==
1.297400e-01 5.317584e-01
1.297400e-01 5.500000e-01
==
1.297400e-01 4.337218e-01
1.297400e-01 4.500000e-01
==
1.297400e-01 3.353404e-01
1.297400e-01 3.500000e-01
==
1.297400e-01 2.365631e-01
1.297400e-01 2.500000e-01
==
1.297400e-01 1.373761e-01
1.297400e-01 1.500000e-01
==
1.297400e-01 3.778076e-02
1.297400e-01 5.000000e-02
==
1.299500e-01 -6.221869e-02
1.299500e-01 -5.000000e-02
==
1.299500e-01 -1.626233e-01
1.299500e-01 -1.500000e-01
==
1.299500e-01 -2.634363e-01
1.299500e-01 -2.500000e-01
==
1.299500e-01 -3.646591e-01
1.299500e-01 -3.500000e-01
==
1.299500e-01 -4.662777e-01
1.299500e-01 -4.500000e-01
==
1.299500e-01 -5.682413e-01
1.299500e-01 -5.500000e-01
==
1.299500e-01 -6.704340e-01
1.299500e-01 -6.500000e-01
==
1.299500e-01 -7.726481e-01
1.299500e-01 -7.500000e-01
==
1.299500e-01 -8.745804e-01
1.299500e-01 -8.500000e-01
==
3.861500e-01 -1.020058e+00
3.861500e-01 -9.900000e-01
==
5.361500e-01 -1.026281e+00
5.361500e-01 -9.900000e-01
==
5.832600e-01 -8.796600e-01
5.832600e-01 -8.500000e-01
==
5.832600e-01 -7.729206e-01
5.832600e-01 -7.500000e-01
==
5.832600e-01 -6.681043e-01
5.832600e-01 -6.500000e-01
==
5.832600e-01 -5.648161e-01
5.832600e-01 -5.500000e-01
==
5.832600e-01 -4.625692e-01
5.832600e-01 -4.500000e-01
==
5.832600e-01 -3.610328e-01
5.832600e-01 -3.500000e-01
==
5.832600e-01 -2.600070e-01
5.832600e-01 -2.500000e-01
==
5.832600e-01 -1.593753e-01
5.832600e-01 -1.500000e-01
==
5.832600e-01 -5.907373e-02
5.832600e-01 -5.000000e-02
==
5.887900e-01 1.406869e-01
5.887900e-01 1.500000e-01
==
5.887900e-01 2.400617e-01
5.887900e-01 2.500000e-01
==
5.887900e-01 3.390456e-01
5.887900e-01 3.500000e-01
==
5.887900e-01 4.375216e-01
5.887900e-01 4.500000e-01
==
5.887900e-01 5.352872e-01
5.887900e-01 5.500000e-01
==
5.887900e-01 6.320024e-01
5.887900e-01 6.500000e-01
==
5.887900e-01 7.271536e-01
5.887900e-01 7.500000e-01
==
5.887900e-01 8.202829e-01
5.887900e-01 8.500000e-01
==
5.361500e-01 9.537193e-01
5.361500e-01 9.900000e-01
==
3.861500e-01 9.599422e-01
3.861500e-01 9.900000e-01
==
