-0.016365994879390208
-0.015089155409575075
-0.013622978284639346
-0.012168112531184456
-0.01086301540991104
-0.009785777640184866
-0.008971155265640319
-0.008429169084275276
-0.008159311617216374
-0.00815931161721605
-0.008429169084274293
-0.008971155265638674
-0.009785777640182566
-0.01086301540990813
-0.012168112531181066
-0.013622978284635738
-0.01508915540957166
-0.016365994879387526
-0.020035788124679384
-0.0241810378179529
-0.01977146855459704
-0.01528265041876286
-0.01207283282519529
-0.009880610523388287
-0.008382296269316455
-0.007357666984119627
-0.006673492876325256
-0.006252171462186205
-0.006050998016258621
-0.006008305790680032
-0.006207161600148341
-0.006623798081326551
-0.007300929315718338
-0.008316584487074286
-0.009805911239736934
-0.01199567459711745
-0.015228990035006015
-0.019812763925450144
-0.024181037817957933
-0.02003578812468129
