-1.638634e-02 -1.655103e-02
-1.509847e-02 -1.452165e-02
-1.362266e-02 -1.415788e-02
-1.216106e-02 -1.192787e-02
-1.085210e-02 -1.114102e-02
-9.773099e-03 -9.061358e-03
-8.957927e-03 -8.565127e-03
-8.415927e-03 -9.395377e-03
-8.146161e-03 -7.667089e-03
-8.145793e-03 -7.629398e-03
-8.415556e-03 -9.514496e-03
-8.957557e-03 -8.400651e-03
-9.772744e-03 -9.147586e-03
-1.085180e-02 -1.109094e-02
-1.216087e-02 -1.217726e-02
-1.362265e-02 -1.333139e-02
-1.509873e-02 -1.534779e-02
-1.638691e-02 -1.629221e-02
-2.003853e-02 -2.003689e-02
-2.418712e-02 -2.418695e-02
-1.977333e-02 -1.979188e-02
-1.528042e-02 -1.519784e-02
-1.206955e-02 -1.193787e-02
-9.877409e-03 -1.000911e-02
-8.379470e-03 -8.117387e-03
-7.355221e-03 -7.454851e-03
-6.671348e-03 -6.890784e-03
-6.250228e-03 -4.201439e-03
-6.049154e-03 -8.106524e-03
-6.208742e-03 -4.924990e-03
-6.625545e-03 -6.936115e-03
-7.302926e-03 -6.784220e-03
-8.318901e-03 -9.741403e-03
-9.808555e-03 -8.237947e-03
-1.199842e-02 -1.251741e-02
-1.523094e-02 -1.511451e-02
-1.981138e-02 -1.985796e-02
-2.418712e-02 -2.417755e-02
-2.003853e-02 -2.003388e-02
