-1.203192e-06 -6.405757e-04
-1.155754e-06 -1.336664e-04
-1.069620e-06 3.649011e-04
-9.758009e-07 6.537312e-04
-8.537902e-07 8.517579e-04
-5.759881e-07 9.636520e-04
-6.226098e-07 9.441059e-04
-5.876395e-07 9.027534e-04
-5.759881e-07 8.812540e-04
-5.876395e-07 9.563080e-04
-6.226098e-07 1.014318e-03
-6.805047e-07 9.999341e-04
-7.557514e-07 9.086636e-04
-8.537902e-07 7.282236e-04
-9.758009e-07 4.580343e-04
-1.069620e-06 2.229730e-04
-1.155754e-06 -3.063330e-05
-1.203192e-06 -1.221556e-04
-5.167065e-06 -3.585582e-04
-3.490812e-05 7.689763e-04
-3.170007e-05 -1.250346e-03
-2.846613e-05 -4.444779e-04
-2.498063e-05 -1.155466e-03
-2.121502e-05 2.540803e-04
-3.549053e-05 -4.617789e-03
-1.966929e-05 1.072397e-03
-1.966929e-05 1.343409e-03
-3.549053e-05 -5.143303e-03
-2.121502e-05 2.242899e-04
-2.498063e-05 -1.017045e-03
-2.846613e-05 -1.886192e-04
-3.170007e-05 -7.866090e-04
-3.490812e-05 5.364147e-04
