-2.562635e-04 -8.956359e-04
4.748685e-04 3.423579e-04
7.713840e-04 1.137355e-03
8.859370e-04 1.540644e-03
9.250942e-04 1.777706e-03
8.462742e-04 1.810502e-03
7.854535e-04 1.730182e-03
7.399902e-04 1.643331e-03
7.233662e-04 1.605196e-03
7.399902e-04 1.696886e-03
7.854535e-04 1.800394e-03
8.461697e-04 1.846784e-03
8.988488e-04 1.808268e-03
9.250942e-04 1.654172e-03
8.859370e-04 1.344947e-03
7.713840e-04 9.954266e-04
4.748685e-04 4.453910e-04
-2.562635e-04 -3.772159e-04
2.831538e-04 -7.023734e-05
3.042142e-02 3.122531e-02
3.473402e-02 3.351538e-02
3.298398e-02 3.256797e-02
3.515405e-02 3.402357e-02
2.685383e-02 2.712913e-02
3.337227e-02 2.878997e-02
2.261600e-02 2.370807e-02
2.261600e-02 2.397908e-02
3.337227e-02 2.826446e-02
2.685383e-02 2.709934e-02
3.515405e-02 3.416199e-02
3.298398e-02 3.282383e-02
3.473402e-02 3.397912e-02
3.042142e-02 3.099274e-02
