9.306450e-02 9.289981e-02
1.261870e-01 1.267638e-01
1.418795e-01 1.413443e-01
1.464565e-01 1.466897e-01
1.432874e-01 1.429984e-01
1.353722e-01 1.360839e-01
1.259593e-01 1.263521e-01
1.180055e-01 1.170260e-01
1.135450e-01 1.140241e-01
1.135391e-01 1.140555e-01
1.180009e-01 1.169020e-01
1.259575e-01 1.265144e-01
1.353743e-01 1.359994e-01
1.432938e-01 1.430547e-01
1.464673e-01 1.464509e-01
1.418954e-01 1.421866e-01
1.262128e-01 1.259638e-01
9.311612e-02 9.321082e-02
1.328211e-01 1.328227e-01
1.171546e-01 1.171548e-01
2.272173e-01 2.271987e-01
2.370607e-01 2.371433e-01
1.723125e-01 1.724442e-01
2.328420e-01 2.327103e-01
2.222642e-01 2.225263e-01
1.248454e-01 1.247458e-01
8.736622e-02 8.714678e-02
7.258146e-02 7.463025e-02
6.694484e-02 6.488747e-02
7.137817e-02 7.266192e-02
8.576257e-02 8.545200e-02
1.228962e-01 1.234149e-01
2.259963e-01 2.245738e-01
2.360671e-01 2.376377e-01
1.690456e-01 1.685266e-01
2.405087e-01 2.406251e-01
2.312564e-01 2.312098e-01
1.171546e-01 1.171642e-01
1.328211e-01 1.328257e-01
