3.500000e-01 -9.853200e-02
3.501990e-01 -9.870200e-02
3.503960e-01 -9.887200e-02
3.505910e-01 -9.904200e-02
3.507840e-01 -9.921200e-02
3.509750e-01 -9.938200e-02
3.511640e-01 -9.955200e-02
3.513510e-01 -9.972200e-02
3.515360e-01 -9.989200e-02
3.517190e-01 -1.000620e-01
3.519000e-01 -1.002320e-01
3.520790e-01 -1.004020e-01
3.522560e-01 -1.005720e-01
3.524310e-01 -1.007420e-01
3.526040e-01 -1.009120e-01
3.527750e-01 -1.010820e-01
3.529440e-01 -1.012520e-01
3.531110e-01 -1.014220e-01
3.532760e-01 -1.015920e-01
3.534390e-01 -1.017620e-01
3.536000e-01 -1.019320e-01
3.537590e-01 -1.021020e-01
3.539160e-01 -1.022720e-01
3.540710e-01 -1.024420e-01
3.542240e-01 -1.026120e-01
3.543750e-01 -1.027820e-01
3.545240e-01 -1.029520e-01
3.546710e-01 -1.031220e-01
3.548160e-01 -1.032920e-01
3.549590e-01 -1.034620e-01
3.551000e-01 -1.036320e-01
3.552390e-01 -1.038020e-01
3.553760e-01 -1.039720e-01
3.555110e-01 -1.041420e-01
3.556440e-01 -1.043120e-01
3.557750e-01 -1.044820e-01
3.559040e-01 -1.046520e-01
3.560310e-01 -1.048220e-01
3.561560e-01 -1.049920e-01
3.562790e-01 -1.051620e-01
3.564000e-01 -1.053320e-01
3.565190e-01 -1.055020e-01
3.566360e-01 -1.056720e-01
3.567510e-01 -1.058420e-01
3.568640e-01 -1.060120e-01
3.569750e-01 -1.061820e-01
3.570840e-01 -1.063520e-01
3.571910e-01 -1.065220e-01
3.572960e-01 -1.066920e-01
3.573990e-01 -1.068620e-01
3.575000e-01 -1.070320e-01
3.575990e-01 -1.072020e-01
3.576960e-01 -1.073720e-01
3.577910e-01 -1.075420e-01
3.578840e-01 -1.077120e-01
3.579750e-01 -1.078820e-01
3.580640e-01 -1.080520e-01
3.581510e-01 -1.082220e-01
3.582360e-01 -1.083920e-01
3.583190e-01 -1.085620e-01
3.584000e-01 -1.087320e-01
3.584790e-01 -1.089020e-01
3.585560e-01 -1.090720e-01
3.586310e-01 -1.092420e-01
3.587040e-01 -1.094120e-01
3.587750e-01 -1.095820e-01
3.588440e-01 -1.097520e-01
3.589110e-01 -1.099220e-01
3.589760e-01 -1.100920e-01
3.590390e-01 -1.102620e-01
3.591000e-01 -1.104320e-01
3.591590e-01 -1.106020e-01
3.592160e-01 -1.107720e-01
3.592710e-01 -1.109420e-01
3.593240e-01 -1.111120e-01
3.593750e-01 -1.112820e-01
3.594240e-01 -1.114520e-01
3.594710e-01 -1.116220e-01
3.595160e-01 -1.117920e-01
3.595590e-01 -1.119620e-01
3.596000e-01 -1.121320e-01
3.596390e-01 -1.123020e-01
3.596760e-01 -1.124720e-01
3.597110e-01 -1.126420e-01
3.597440e-01 -1.128120e-01
3.597750e-01 -1.129820e-01
3.598040e-01 -1.131520e-01
3.598310e-01 -1.133220e-01
3.598560e-01 -1.134920e-01
3.598790e-01 -1.136620e-01
3.599000e-01 -1.138320e-01
3.599190e-01 -1.140020e-01
3.599360e-01 -1.141720e-01
3.599510e-01 -1.143420e-01
3.599640e-01 -1.145120e-01
3.599750e-01 -1.146820e-01
3.599840e-01 -1.148520e-01
3.599910e-01 -1.150220e-01
3.599960e-01 -1.151920e-01
3.599990e-01 -1.153620e-01
3.600000e-01 -1.155320e-01
3.599990e-01 -1.157020e-01
3.599960e-01 -1.158720e-01
3.599910e-01 -1.160420e-01
3.599840e-01 -1.162120e-01
3.599750e-01 -1.163820e-01
3.599640e-01 -1.165520e-01
3.599510e-01 -1.167220e-01
3.599360e-01 -1.168920e-01
3.599190e-01 -1.170620e-01
3.599000e-01 -1.172320e-01
3.598790e-01 -1.174020e-01
3.598560e-01 -1.175720e-01
3.598310e-01 -1.177420e-01
3.598040e-01 -1.179120e-01
3.597750e-01 -1.180820e-01
3.597440e-01 -1.182520e-01
3.597110e-01 -1.184220e-01
3.596760e-01 -1.185920e-01
3.596390e-01 -1.187620e-01
3.596000e-01 -1.189320e-01
3.595590e-01 -1.191020e-01
3.595160e-01 -1.192720e-01
3.594710e-01 -1.194420e-01
3.594240e-01 -1.196120e-01
3.593750e-01 -1.197820e-01
3.593240e-01 -1.199520e-01
3.592710e-01 -1.201220e-01
3.592160e-01 -1.202920e-01
3.591590e-01 -1.204620e-01
3.591000e-01 -1.206320e-01
3.590390e-01 -1.208020e-01
3.589760e-01 -1.209720e-01
3.589110e-01 -1.211420e-01
3.588440e-01 -1.213120e-01
3.587750e-01 -1.214820e-01
3.587040e-01 -1.216520e-01
3.586310e-01 -1.218220e-01
3.585560e-01 -1.219920e-01
3.584790e-01 -1.221620e-01
3.584000e-01 -1.223320e-01
3.583190e-01 -1.225020e-01
3.582360e-01 -1.226720e-01
3.581510e-01 -1.228420e-01
3.580640e-01 -1.230120e-01
3.579750e-01 -1.231820e-01
3.578840e-01 -1.233520e-01
3.577910e-01 -1.235220e-01
3.576960e-01 -1.236920e-01
3.575990e-01 -1.238620e-01
3.575000e-01 -1.240320e-01
3.573990e-01 -1.242020e-01
3.572960e-01 -1.243720e-01
3.571910e-01 -1.245420e-01
3.570840e-01 -1.247120e-01
3.569750e-01 -1.248820e-01
3.568640e-01 -1.250520e-01
3.567510e-01 -1.252220e-01
3.566360e-01 -1.253920e-01
3.565190e-01 -1.255620e-01
3.564000e-01 -1.257320e-01
3.562790e-01 -1.259020e-01
3.561560e-01 -1.260720e-01
3.560310e-01 -1.262420e-01
3.559040e-01 -1.264120e-01
3.557750e-01 -1.265820e-01
3.556440e-01 -1.267520e-01
3.555110e-01 -1.269220e-01
3.553760e-01 -1.270920e-01
3.552390e-01 -1.272620e-01
3.551000e-01 -1.274320e-01
3.549590e-01 -1.276020e-01
3.548160e-01 -1.277720e-01
3.546710e-01 -1.279420e-01
3.545240e-01 -1.281120e-01
3.543750e-01 -1.282820e-01
3.542240e-01 -1.284520e-01
3.540710e-01 -1.286220e-01
3.539160e-01 -1.287920e-01
3.537590e-01 -1.289620e-01
3.536000e-01 -1.291320e-01
3.534390e-01 -1.293020e-01
3.532760e-01 -1.294720e-01
3.531110e-01 -1.296420e-01
3.529440e-01 -1.298120e-01
3.527750e-01 -1.299820e-01
3.526040e-01 -1.301520e-01
3.524310e-01 -1.303220e-01
3.522560e-01 -1.304920e-01
3.520790e-01 -1.306620e-01
3.519000e-01 -1.308320e-01
3.517190e-01 -1.310020e-01
3.515360e-01 -1.311720e-01
3.513510e-01 -1.313420e-01
3.511640e-01 -1.315120e-01
3.509750e-01 -1.316820e-01
3.507840e-01 -1.318520e-01
3.505910e-01 -1.320220e-01
3.503960e-01 -1.321920e-01
3.501990e-01 -1.323620e-01
3.500000e-01 -1.325320e-01
3.500000e-01 -1.325320e-01
3.498010e-01 -1.323620e-01
3.496040e-01 -1.321920e-01
3.494090e-01 -1.320220e-01
3.492160e-01 -1.318520e-01
3.490250e-01 -1.316820e-01
3.488360e-01 -1.315120e-01
3.486490e-01 -1.313420e-01
3.484640e-01 -1.311720e-01
3.482810e-01 -1.310020e-01
3.481000e-01 -1.308320e-01
3.479210e-01 -1.306620e-01
3.477440e-01 -1.304920e-01
3.475690e-01 -1.303220e-01
3.473960e-01 -1.301520e-01
3.472250e-01 -1.299820e-01
3.470560e-01 -1.298120e-01
3.468890e-01 -1.296420e-01
3.467240e-01 -1.294720e-01
3.465610e-01 -1.293020e-01
3.464000e-01 -1.291320e-01
3.462410e-01 -1.289620e-01
3.460840e-01 -1.287920e-01
3.459290e-01 -1.286220e-01
3.457760e-01 -1.284520e-01
3.456250e-01 -1.282820e-01
3.454760e-01 -1.281120e-01
3.453290e-01 -1.279420e-01
3.451840e-01 -1.277720e-01
3.450410e-01 -1.276020e-01
3.449000e-01 -1.274320e-01
3.447610e-01 -1.272620e-01
3.446240e-01 -1.270920e-01
3.444890e-01 -1.269220e-01
3.443560e-01 -1.267520e-01
3.442250e-01 -1.265820e-01
3.440960e-01 -1.264120e-01
3.439690e-01 -1.262420e-01
3.438440e-01 -1.260720e-01
3.437210e-01 -1.259020e-01
3.436000e-01 -1.257320e-01
3.434810e-01 -1.255620e-01
3.433640e-01 -1.253920e-01
3.432490e-01 -1.252220e-01
3.431360e-01 -1.250520e-01
3.430250e-01 -1.248820e-01
3.429160e-01 -1.247120e-01
3.428090e-01 -1.245420e-01
3.427040e-01 -1.243720e-01
3.426010e-01 -1.242020e-01
3.425000e-01 -1.240320e-01
3.424010e-01 -1.238620e-01
3.423040e-01 -1.236920e-01
3.422090e-01 -1.235220e-01
3.421160e-01 -1.233520e-01
3.420250e-01 -1.231820e-01
3.419360e-01 -1.230120e-01
3.418490e-01 -1.228420e-01
3.417640e-01 -1.226720e-01
3.416810e-01 -1.225020e-01
3.416000e-01 -1.223320e-01
3.415210e-01 -1.221620e-01
3.414440e-01 -1.219920e-01
3.413690e-01 -1.218220e-01
3.412960e-01 -1.216520e-01
3.412250e-01 -1.214820e-01
3.411560e-01 -1.213120e-01
3.410890e-01 -1.211420e-01
3.410240e-01 -1.209720e-01
3.409610e-01 -1.208020e-01
3.409000e-01 -1.206320e-01
3.408410e-01 -1.204620e-01
3.407840e-01 -1.202920e-01
3.407290e-01 -1.201220e-01
3.406760e-01 -1.199520e-01
3.406250e-01 -1.197820e-01
3.405760e-01 -1.196120e-01
3.405290e-01 -1.194420e-01
3.404840e-01 -1.192720e-01
3.404410e-01 -1.191020e-01
3.404000e-01 -1.189320e-01
3.403610e-01 -1.187620e-01
3.403240e-01 -1.185920e-01
3.402890e-01 -1.184220e-01
3.402560e-01 -1.182520e-01
3.402250e-01 -1.180820e-01
3.401960e-01 -1.179120e-01
3.401690e-01 -1.177420e-01
3.401440e-01 -1.175720e-01
3.401210e-01 -1.174020e-01
3.401000e-01 -1.172320e-01
3.400810e-01 -1.170620e-01
3.400640e-01 -1.168920e-01
3.400490e-01 -1.167220e-01
3.400360e-01 -1.165520e-01
3.400250e-01 -1.163820e-01
3.400160e-01 -1.162120e-01
3.400090e-01 -1.160420e-01
3.400040e-01 -1.158720e-01
3.400010e-01 -1.157020e-01
3.400000e-01 -1.155320e-01
3.400010e-01 -1.153620e-01
3.400040e-01 -1.151920e-01
3.400090e-01 -1.150220e-01
3.400160e-01 -1.148520e-01
3.400250e-01 -1.146820e-01
3.400360e-01 -1.145120e-01
3.400490e-01 -1.143420e-01
3.400640e-01 -1.141720e-01
3.400810e-01 -1.140020e-01
3.401000e-01 -1.138320e-01
3.401210e-01 -1.136620e-01
3.401440e-01 -1.134920e-01
3.401690e-01 -1.133220e-01
3.401960e-01 -1.131520e-01
3.402250e-01 -1.129820e-01
3.402560e-01 -1.128120e-01
3.402890e-01 -1.126420e-01
3.403240e-01 -1.124720e-01
3.403610e-01 -1.123020e-01
3.404000e-01 -1.121320e-01
3.404410e-01 -1.119620e-01
3.404840e-01 -1.117920e-01
3.405290e-01 -1.116220e-01
3.405760e-01 -1.114520e-01
3.406250e-01 -1.112820e-01
3.406760e-01 -1.111120e-01
3.407290e-01 -1.109420e-01
3.407840e-01 -1.107720e-01
3.408410e-01 -1.106020e-01
3.409000e-01 -1.104320e-01
3.409610e-01 -1.102620e-01
3.410240e-01 -1.100920e-01
3.410890e-01 -1.099220e-01
3.411560e-01 -1.097520e-01
3.412250e-01 -1.095820e-01
3.412960e-01 -1.094120e-01
3.413690e-01 -1.092420e-01
3.414440e-01 -1.090720e-01
3.415210e-01 -1.089020e-01
3.416000e-01 -1.087320e-01
3.416810e-01 -1.085620e-01
3.417640e-01 -1.083920e-01
3.418490e-01 -1.082220e-01
3.419360e-01 -1.080520e-01
3.420250e-01 -1.078820e-01
3.421160e-01 -1.077120e-01
3.422090e-01 -1.075420e-01
3.423040e-01 -1.073720e-01
3.424010e-01 -1.072020e-01
3.425000e-01 -1.070320e-01
3.426010e-01 -1.068620e-01
3.427040e-01 -1.066920e-01
3.428090e-01 -1.065220e-01
3.429160e-01 -1.063520e-01
3.430250e-01 -1.061820e-01
3.431360e-01 -1.060120e-01
3.432490e-01 -1.058420e-01
3.433640e-01 -1.056720e-01
3.434810e-01 -1.055020e-01
3.436000e-01 -1.053320e-01
3.437210e-01 -1.051620e-01
3.438440e-01 -1.049920e-01
3.439690e-01 -1.048220e-01
3.440960e-01 -1.046520e-01
3.442250e-01 -1.044820e-01
3.443560e-01 -1.043120e-01
3.444890e-01 -1.041420e-01
3.446240e-01 -1.039720e-01
3.447610e-01 -1.038020e-01
3.449000e-01 -1.036320e-01
3.450410e-01 -1.034620e-01
3.451840e-01 -1.032920e-01
3.453290e-01 -1.031220e-01
3.454760e-01 -1.029520e-01
3.456250e-01 -1.027820e-01
3.457760e-01 -1.026120e-01
3.459290e-01 -1.024420e-01
3.460840e-01 -1.022720e-01
3.462410e-01 -1.021020e-01
3.464000e-01 -1.019320e-01
3.465610e-01 -1.017620e-01
3.467240e-01 -1.015920e-01
3.468890e-01 -1.014220e-01
3.470560e-01 -1.012520e-01
3.472250e-01 -1.010820e-01
3.473960e-01 -1.009120e-01
3.475690e-01 -1.007420e-01
3.477440e-01 -1.005720e-01
3.479210e-01 -1.004020e-01
3.481000e-01 -1.002320e-01
3.482810e-01 -1.000620e-01
3.484640e-01 -9.989200e-02
3.486490e-01 -9.972200e-02
3.488360e-01 -9.955200e-02
3.490250e-01 -9.938200e-02
3.492160e-01 -9.921200e-02
3.494090e-01 -9.904200e-02
3.496040e-01 -9.887200e-02
3.498010e-01 -9.870200e-02
3.500000e-01 -9.853200e-02
3.500000e-01 1.602840e-01
3.501990e-01 1.601140e-01
3.503960e-01 1.599440e-01
3.505910e-01 1.597740e-01
3.507840e-01 1.596040e-01
3.509750e-01 1.594340e-01
3.511640e-01 1.592640e-01
3.513510e-01 1.590940e-01
3.515360e-01 1.589240e-01
3.517190e-01 1.587540e-01
3.519000e-01 1.585840e-01
3.520790e-01 1.584140e-01
3.522560e-01 1.582440e-01
3.524310e-01 1.580740e-01
3.526040e-01 1.579040e-01
3.527750e-01 1.577340e-01
3.529440e-01 1.575640e-01
3.531110e-01 1.573940e-01
3.532760e-01 1.572240e-01
3.534390e-01 1.570540e-01
3.536000e-01 1.568840e-01
3.537590e-01 1.567140e-01
3.539160e-01 1.565440e-01
3.540710e-01 1.563740e-01
3.542240e-01 1.562040e-01
3.543750e-01 1.560340e-01
3.545240e-01 1.558640e-01
3.546710e-01 1.556940e-01
3.548160e-01 1.555240e-01
3.549590e-01 1.553540e-01
3.551000e-01 1.551840e-01
3.552390e-01 1.550140e-01
3.553760e-01 1.548440e-01
3.555110e-01 1.546740e-01
3.556440e-01 1.545040e-01
3.557750e-01 1.543340e-01
3.559040e-01 1.541640e-01
3.560310e-01 1.539940e-01
3.561560e-01 1.538240e-01
3.562790e-01 1.536540e-01
3.564000e-01 1.534840e-01
3.565190e-01 1.533140e-01
3.566360e-01 1.531440e-01
3.567510e-01 1.529740e-01
3.568640e-01 1.528040e-01
3.569750e-01 1.526340e-01
3.570840e-01 1.524640e-01
3.571910e-01 1.522940e-01
3.572960e-01 1.521240e-01
3.573990e-01 1.519540e-01
3.575000e-01 1.517840e-01
3.575990e-01 1.516140e-01
3.576960e-01 1.514440e-01
3.577910e-01 1.512740e-01
3.578840e-01 1.511040e-01
3.579750e-01 1.509340e-01
3.580640e-01 1.507640e-01
3.581510e-01 1.505940e-01
3.582360e-01 1.504240e-01
3.583190e-01 1.502540e-01
3.584000e-01 1.500840e-01
3.584790e-01 1.499140e-01
3.585560e-01 1.497440e-01
3.586310e-01 1.495740e-01
3.587040e-01 1.494040e-01
3.587750e-01 1.492340e-01
3.588440e-01 1.490640e-01
3.589110e-01 1.488940e-01
3.589760e-01 1.487240e-01
3.590390e-01 1.485540e-01
3.591000e-01 1.483840e-01
3.591590e-01 1.482140e-01
3.592160e-01 1.480440e-01
3.592710e-01 1.478740e-01
3.593240e-01 1.477040e-01
3.593750e-01 1.475340e-01
3.594240e-01 1.473640e-01
3.594710e-01 1.471940e-01
3.595160e-01 1.470240e-01
3.595590e-01 1.468540e-01
3.596000e-01 1.466840e-01
3.596390e-01 1.465140e-01
3.596760e-01 1.463440e-01
3.597110e-01 1.461740e-01
3.597440e-01 1.460040e-01
3.597750e-01 1.458340e-01
3.598040e-01 1.456640e-01
3.598310e-01 1.454940e-01
3.598560e-01 1.453240e-01
3.598790e-01 1.451540e-01
3.599000e-01 1.449840e-01
3.599190e-01 1.448140e-01
3.599360e-01 1.446440e-01
3.599510e-01 1.444740e-01
3.599640e-01 1.443040e-01
3.599750e-01 1.441340e-01
3.599840e-01 1.439640e-01
3.599910e-01 1.437940e-01
3.599960e-01 1.436240e-01
3.599990e-01 1.434540e-01
3.600000e-01 1.432840e-01
3.599990e-01 1.431140e-01
3.599960e-01 1.429440e-01
3.599910e-01 1.427740e-01
3.599840e-01 1.426040e-01
3.599750e-01 1.424340e-01
3.599640e-01 1.422640e-01
3.599510e-01 1.420940e-01
3.599360e-01 1.419240e-01
3.599190e-01 1.417540e-01
3.599000e-01 1.415840e-01
3.598790e-01 1.414140e-01
3.598560e-01 1.412440e-01
3.598310e-01 1.410740e-01
3.598040e-01 1.409040e-01
3.597750e-01 1.407340e-01
3.597440e-01 1.405640e-01
3.597110e-01 1.403940e-01
3.596760e-01 1.402240e-01
3.596390e-01 1.400540e-01
3.596000e-01 1.398840e-01
3.595590e-01 1.397140e-01
3.595160e-01 1.395440e-01
3.594710e-01 1.393740e-01
3.594240e-01 1.392040e-01
3.593750e-01 1.390340e-01
3.593240e-01 1.388640e-01
3.592710e-01 1.386940e-01
3.592160e-01 1.385240e-01
3.591590e-01 1.383540e-01
3.591000e-01 1.381840e-01
3.590390e-01 1.380140e-01
3.589760e-01 1.378440e-01
3.589110e-01 1.376740e-01
3.588440e-01 1.375040e-01
3.587750e-01 1.373340e-01
3.587040e-01 1.371640e-01
3.586310e-01 1.369940e-01
3.585560e-01 1.368240e-01
3.584790e-01 1.366540e-01
3.584000e-01 1.364840e-01
3.583190e-01 1.363140e-01
3.582360e-01 1.361440e-01
3.581510e-01 1.359740e-01
3.580640e-01 1.358040e-01
3.579750e-01 1.356340e-01
3.578840e-01 1.354640e-01
3.577910e-01 1.352940e-01
3.576960e-01 1.351240e-01
3.575990e-01 1.349540e-01
3.575000e-01 1.347840e-01
3.573990e-01 1.346140e-01
3.572960e-01 1.344440e-01
3.571910e-01 1.342740e-01
3.570840e-01 1.341040e-01
3.569750e-01 1.339340e-01
3.568640e-01 1.337640e-01
3.567510e-01 1.335940e-01
3.566360e-01 1.334240e-01
3.565190e-01 1.332540e-01
3.564000e-01 1.330840e-01
3.562790e-01 1.329140e-01
3.561560e-01 1.327440e-01
3.560310e-01 1.325740e-01
3.559040e-01 1.324040e-01
3.557750e-01 1.322340e-01
3.556440e-01 1.320640e-01
3.555110e-01 1.318940e-01
3.553760e-01 1.317240e-01
3.552390e-01 1.315540e-01
3.551000e-01 1.313840e-01
3.549590e-01 1.312140e-01
3.548160e-01 1.310440e-01
3.546710e-01 1.308740e-01
3.545240e-01 1.307040e-01
3.543750e-01 1.305340e-01
3.542240e-01 1.303640e-01
3.540710e-01 1.301940e-01
3.539160e-01 1.300240e-01
3.537590e-01 1.298540e-01
3.536000e-01 1.296840e-01
3.534390e-01 1.295140e-01
3.532760e-01 1.293440e-01
3.531110e-01 1.291740e-01
3.529440e-01 1.290040e-01
3.527750e-01 1.288340e-01
3.526040e-01 1.286640e-01
3.524310e-01 1.284940e-01
3.522560e-01 1.283240e-01
3.520790e-01 1.281540e-01
3.519000e-01 1.279840e-01
3.517190e-01 1.278140e-01
3.515360e-01 1.276440e-01
3.513510e-01 1.274740e-01
3.511640e-01 1.273040e-01
3.509750e-01 1.271340e-01
3.507840e-01 1.269640e-01
3.505910e-01 1.267940e-01
3.503960e-01 1.266240e-01
3.501990e-01 1.264540e-01
3.500000e-01 1.262840e-01
3.500000e-01 1.262840e-01
3.498010e-01 1.264540e-01
3.496040e-01 1.266240e-01
3.494090e-01 1.267940e-01
3.492160e-01 1.269640e-01
3.490250e-01 1.271340e-01
3.488360e-01 1.273040e-01
3.486490e-01 1.274740e-01
3.484640e-01 1.276440e-01
3.482810e-01 1.278140e-01
3.481000e-01 1.279840e-01
3.479210e-01 1.281540e-01
3.477440e-01 1.283240e-01
3.475690e-01 1.284940e-01
3.473960e-01 1.286640e-01
3.472250e-01 1.288340e-01
3.470560e-01 1.290040e-01
3.468890e-01 1.291740e-01
3.467240e-01 1.293440e-01
3.465610e-01 1.295140e-01
3.464000e-01 1.296840e-01
3.462410e-01 1.298540e-01
3.460840e-01 1.300240e-01
3.459290e-01 1.301940e-01
3.457760e-01 1.303640e-01
3.456250e-01 1.305340e-01
3.454760e-01 1.307040e-01
3.453290e-01 1.308740e-01
3.451840e-01 1.310440e-01
3.450410e-01 1.312140e-01
3.449000e-01 1.313840e-01
3.447610e-01 1.315540e-01
3.446240e-01 1.317240e-01
3.444890e-01 1.318940e-01
3.443560e-01 1.320640e-01
3.442250e-01 1.322340e-01
3.440960e-01 1.324040e-01
3.439690e-01 1.325740e-01
3.438440e-01 1.327440e-01
3.437210e-01 1.329140e-01
3.436000e-01 1.330840e-01
3.434810e-01 1.332540e-01
3.433640e-01 1.334240e-01
3.432490e-01 1.335940e-01
3.431360e-01 1.337640e-01
3.430250e-01 1.339340e-01
3.429160e-01 1.341040e-01
3.428090e-01 1.342740e-01
3.427040e-01 1.344440e-01
3.426010e-01 1.346140e-01
3.425000e-01 1.347840e-01
3.424010e-01 1.349540e-01
3.423040e-01 1.351240e-01
3.422090e-01 1.352940e-01
3.421160e-01 1.354640e-01
3.420250e-01 1.356340e-01
3.419360e-01 1.358040e-01
3.418490e-01 1.359740e-01
3.417640e-01 1.361440e-01
3.416810e-01 1.363140e-01
3.416000e-01 1.364840e-01
3.415210e-01 1.366540e-01
3.414440e-01 1.368240e-01
3.413690e-01 1.369940e-01
3.412960e-01 1.371640e-01
3.412250e-01 1.373340e-01
3.411560e-01 1.375040e-01
3.410890e-01 1.376740e-01
3.410240e-01 1.378440e-01
3.409610e-01 1.380140e-01
3.409000e-01 1.381840e-01
3.408410e-01 1.383540e-01
3.407840e-01 1.385240e-01
3.407290e-01 1.386940e-01
3.406760e-01 1.388640e-01
3.406250e-01 1.390340e-01
3.405760e-01 1.392040e-01
3.405290e-01 1.393740e-01
3.404840e-01 1.395440e-01
3.404410e-01 1.397140e-01
3.404000e-01 1.398840e-01
3.403610e-01 1.400540e-01
3.403240e-01 1.402240e-01
3.402890e-01 1.403940e-01
3.402560e-01 1.405640e-01
3.402250e-01 1.407340e-01
3.401960e-01 1.409040e-01
3.401690e-01 1.410740e-01
3.401440e-01 1.412440e-01
3.401210e-01 1.414140e-01
3.401000e-01 1.415840e-01
3.400810e-01 1.417540e-01
3.400640e-01 1.419240e-01
3.400490e-01 1.420940e-01
3.400360e-01 1.422640e-01
3.400250e-01 1.424340e-01
3.400160e-01 1.426040e-01
3.400090e-01 1.427740e-01
3.400040e-01 1.429440e-01
3.400010e-01 1.431140e-01
3.400000e-01 1.432840e-01
3.400010e-01 1.434540e-01
3.400040e-01 1.436240e-01
3.400090e-01 1.437940e-01
3.400160e-01 1.439640e-01
3.400250e-01 1.441340e-01
3.400360e-01 1.443040e-01
3.400490e-01 1.444740e-01
3.400640e-01 1.446440e-01
3.400810e-01 1.448140e-01
3.401000e-01 1.449840e-01
3.401210e-01 1.451540e-01
3.401440e-01 1.453240e-01
3.401690e-01 1.454940e-01
3.401960e-01 1.456640e-01
3.402250e-01 1.458340e-01
3.402560e-01 1.460040e-01
3.402890e-01 1.461740e-01
3.403240e-01 1.463440e-01
3.403610e-01 1.465140e-01
3.404000e-01 1.466840e-01
3.404410e-01 1.468540e-01
3.404840e-01 1.470240e-01
3.405290e-01 1.471940e-01
3.405760e-01 1.473640e-01
3.406250e-01 1.475340e-01
3.406760e-01 1.477040e-01
3.407290e-01 1.478740e-01
3.407840e-01 1.480440e-01
3.408410e-01 1.482140e-01
3.409000e-01 1.483840e-01
3.409610e-01 1.485540e-01
3.410240e-01 1.487240e-01
3.410890e-01 1.488940e-01
3.411560e-01 1.490640e-01
3.412250e-01 1.492340e-01
3.412960e-01 1.494040e-01
3.413690e-01 1.495740e-01
3.414440e-01 1.497440e-01
3.415210e-01 1.499140e-01
3.416000e-01 1.500840e-01
3.416810e-01 1.502540e-01
3.417640e-01 1.504240e-01
3.418490e-01 1.505940e-01
3.419360e-01 1.507640e-01
3.420250e-01 1.509340e-01
3.421160e-01 1.511040e-01
3.422090e-01 1.512740e-01
3.423040e-01 1.514440e-01
3.424010e-01 1.516140e-01
3.425000e-01 1.517840e-01
3.426010e-01 1.519540e-01
3.427040e-01 1.521240e-01
3.428090e-01 1.522940e-01
3.429160e-01 1.524640e-01
3.430250e-01 1.526340e-01
3.431360e-01 1.528040e-01
3.432490e-01 1.529740e-01
3.433640e-01 1.531440e-01
3.434810e-01 1.533140e-01
3.436000e-01 1.534840e-01
3.437210e-01 1.536540e-01
3.438440e-01 1.538240e-01
3.439690e-01 1.539940e-01
3.440960e-01 1.541640e-01
3.442250e-01 1.543340e-01
3.443560e-01 1.545040e-01
3.444890e-01 1.546740e-01
3.446240e-01 1.548440e-01
3.447610e-01 1.550140e-01
3.449000e-01 1.551840e-01
3.450410e-01 1.553540e-01
3.451840e-01 1.555240e-01
3.453290e-01 1.556940e-01
3.454760e-01 1.558640e-01
3.456250e-01 1.560340e-01
3.457760e-01 1.562040e-01
3.459290e-01 1.563740e-01
3.460840e-01 1.565440e-01
3.462410e-01 1.567140e-01
3.464000e-01 1.568840e-01
3.465610e-01 1.570540e-01
3.467240e-01 1.572240e-01
3.468890e-01 1.573940e-01
3.470560e-01 1.575640e-01
3.472250e-01 1.577340e-01
3.473960e-01 1.579040e-01
3.475690e-01 1.580740e-01
3.477440e-01 1.582440e-01
3.479210e-01 1.584140e-01
3.481000e-01 1.585840e-01
3.482810e-01 1.587540e-01
3.484640e-01 1.589240e-01
3.486490e-01 1.590940e-01
3.488360e-01 1.592640e-01
3.490250e-01 1.594340e-01
3.492160e-01 1.596040e-01
3.494090e-01 1.597740e-01
3.496040e-01 1.599440e-01
3.498010e-01 1.601140e-01
3.500000e-01 1.602840e-01
