1.591667e-02 1.177900e+00
4.775000e-02 -7.327521e-01
7.958333e-02 -2.987174e-02
1.621667e-01 4.983444e-02
2.955000e-01 2.565582e-01
4.288333e-01 1.679300e-01
5.477500e-01 2.839856e-01
6.522500e-01 1.853050e-01
7.567500e-01 6.282238e-01
8.498625e-01 -4.617898e-01
9.315875e-01 -4.018353e-02
1.013312e+00 -2.092411e-01
1.095037e+00 1.131177e-02
1.176762e+00 -1.417996e-01
1.258487e+00 -1.945001e-01
1.382433e+00 -8.093993e-03
1.548600e+00 4.948945e-02
1.714767e+00 1.005201e-01
1.881183e+00 1.375249e-01
2.047850e+00 1.477334e-01
2.214517e+00 1.344052e-01
2.381183e+00 1.276269e-01
2.547850e+00 1.373193e-01
2.714517e+00 1.396588e-01
2.880933e+00 1.239116e-01
3.047100e+00 7.602191e-02
3.213267e+00 -2.419133e-02
3.337212e+00 -3.491993e-01
3.418937e+00 -3.463155e-01
3.500662e+00 4.176736e-02
3.582387e+00 -1.131537e-02
3.664112e+00 9.202541e-03
3.745837e+00 -1.354144e-01
3.838950e+00 3.288611e-01
3.943450e+00 2.434456e-01
4.047950e+00 2.704854e-01
4.166867e+00 1.821156e-01
4.300200e+00 2.571155e-01
4.433533e+00 5.390284e-02
4.516117e+00 5.536717e-02
4.547950e+00 -6.512871e-01
4.579783e+00 9.809741e-01
