2.001483e-16 3.113300e+00
9.550000e-04 2.978751e+00
1.910000e-03 2.846554e+00
2.865000e-03 2.716709e+00
3.820000e-03 2.589216e+00
4.775000e-03 2.464075e+00
5.730000e-03 2.341287e+00
6.685000e-03 2.220850e+00
7.640000e-03 2.102766e+00
8.595000e-03 1.987034e+00
9.550000e-03 1.873654e+00
1.050500e-02 1.762626e+00
1.146000e-02 1.653951e+00
1.241500e-02 1.547628e+00
1.337000e-02 1.443657e+00
1.432500e-02 1.342038e+00
1.528000e-02 1.242771e+00
1.623500e-02 1.145856e+00
1.719000e-02 1.051294e+00
1.814500e-02 9.590837e-01
1.910000e-02 8.692257e-01
2.005500e-02 7.817199e-01
2.101000e-02 6.965662e-01
2.196500e-02 6.137647e-01
2.292000e-02 5.333154e-01
2.387500e-02 4.552182e-01
2.483000e-02 3.794733e-01
2.578500e-02 3.060805e-01
2.674000e-02 2.350399e-01
2.769500e-02 1.663514e-01
2.865000e-02 1.000152e-01
2.960500e-02 3.603113e-02
3.056000e-02 -2.560076e-02
3.151500e-02 -8.488047e-02
3.247000e-02 -1.418080e-01
3.342500e-02 -1.963833e-01
3.438000e-02 -2.486065e-01
3.533500e-02 -2.984775e-01
3.629000e-02 -3.459963e-01
3.724500e-02 -3.911630e-01
3.820000e-02 -4.339774e-01
3.915500e-02 -4.744397e-01
4.011000e-02 -5.125498e-01
4.106500e-02 -5.483077e-01
4.202000e-02 -5.817134e-01
4.297500e-02 -6.127670e-01
4.393000e-02 -6.414684e-01
4.488500e-02 -6.678176e-01
4.584000e-02 -6.918146e-01
4.679500e-02 -7.134594e-01
4.775000e-02 -7.327521e-01
4.870500e-02 -7.496926e-01
4.966000e-02 -7.642809e-01
5.061500e-02 -7.765170e-01
5.157000e-02 -7.864010e-01
5.252500e-02 -7.939327e-01
5.348000e-02 -7.991123e-01
5.443500e-02 -8.019397e-01
5.539000e-02 -8.024150e-01
5.634500e-02 -8.005380e-01
5.730000e-02 -7.963089e-01
5.825500e-02 -7.897276e-01
5.921000e-02 -7.807941e-01
6.016500e-02 -7.695084e-01
6.112000e-02 -7.558706e-01
6.207500e-02 -7.398806e-01
6.303000e-02 -7.215384e-01
6.398500e-02 -7.008440e-01
6.494000e-02 -6.777974e-01
6.589500e-02 -6.523987e-01
6.685000e-02 -6.246478e-01
6.780500e-02 -5.945447e-01
6.876000e-02 -5.620894e-01
6.971500e-02 -5.272819e-01
7.067000e-02 -4.901223e-01
7.162500e-02 -4.506105e-01
7.258000e-02 -4.087465e-01
7.353500e-02 -3.645303e-01
7.449000e-02 -3.179620e-01
7.544500e-02 -2.690414e-01
7.640000e-02 -2.177687e-01
7.735500e-02 -1.641438e-01
7.831000e-02 -1.081668e-01
7.926500e-02 -4.983753e-02
8.022000e-02 1.084390e-02
8.117500e-02 7.387750e-02
8.213000e-02 1.392633e-01
8.308500e-02 2.070012e-01
8.404000e-02 2.770914e-01
8.499500e-02 3.495337e-01
8.595000e-02 4.243282e-01
8.690500e-02 5.014749e-01
8.786000e-02 5.809738e-01
8.881500e-02 6.628248e-01
8.977000e-02 7.470280e-01
9.072500e-02 8.335834e-01
9.168000e-02 9.224910e-01
9.263500e-02 1.013751e+00
9.359000e-02 1.107363e+00
9.454500e-02 1.203327e+00
9.550000e-02 1.301643e+00
==
9.550000e-02 -1.642844e-01
9.950000e-02 -1.493551e-01
1.035000e-01 -1.346915e-01
1.075000e-01 -1.202938e-01
1.115000e-01 -1.061619e-01
1.155000e-01 -9.229579e-02
1.195000e-01 -7.869551e-02
1.235000e-01 -6.536105e-02
1.275000e-01 -5.229240e-02
1.315000e-01 -3.948957e-02
1.355000e-01 -2.695256e-02
1.395000e-01 -1.468136e-02
1.435000e-01 -2.675981e-03
1.475000e-01 9.063582e-03
1.515000e-01 2.053733e-02
1.555000e-01 3.174526e-02
1.595000e-01 4.268737e-02
1.635000e-01 5.336367e-02
1.675000e-01 6.377415e-02
1.715000e-01 7.391881e-02
1.755000e-01 8.379765e-02
1.795000e-01 9.341068e-02
1.835000e-01 1.027579e-01
1.875000e-01 1.118393e-01
1.915000e-01 1.206549e-01
1.955000e-01 1.292046e-01
1.995000e-01 1.374886e-01
2.035000e-01 1.455067e-01
2.075000e-01 1.532590e-01
2.115000e-01 1.607455e-01
2.155000e-01 1.679662e-01
2.195000e-01 1.749210e-01
2.235000e-01 1.816101e-01
2.275000e-01 1.880333e-01
2.315000e-01 1.941907e-01
2.355000e-01 2.000823e-01
2.395000e-01 2.057081e-01
2.435000e-01 2.110681e-01
2.475000e-01 2.161622e-01
2.515000e-01 2.209905e-01
2.555000e-01 2.255530e-01
2.595000e-01 2.298497e-01
2.635000e-01 2.338806e-01
2.675000e-01 2.376457e-01
2.715000e-01 2.411449e-01
2.755000e-01 2.443783e-01
2.795000e-01 2.473460e-01
2.835000e-01 2.500477e-01
2.875000e-01 2.524837e-01
2.915000e-01 2.546539e-01
2.955000e-01 2.565582e-01
2.995000e-01 2.581967e-01
3.035000e-01 2.595695e-01
3.075000e-01 2.606763e-01
3.115000e-01 2.615174e-01
3.155000e-01 2.620927e-01
3.195000e-01 2.624021e-01
3.235000e-01 2.624457e-01
3.275000e-01 2.622236e-01
3.315000e-01 2.617355e-01
3.355000e-01 2.609817e-01
3.395000e-01 2.599621e-01
3.435000e-01 2.586766e-01
3.475000e-01 2.571253e-01
3.515000e-01 2.553082e-01
3.555000e-01 2.532253e-01
3.595000e-01 2.508766e-01
3.635000e-01 2.482621e-01
3.675000e-01 2.453817e-01
3.715000e-01 2.422355e-01
3.755000e-01 2.388235e-01
3.795000e-01 2.351457e-01
3.835000e-01 2.312021e-01
3.875000e-01 2.269927e-01
3.915000e-01 2.225174e-01
3.955000e-01 2.177763e-01
3.995000e-01 2.127694e-01
4.035000e-01 2.074967e-01
4.075000e-01 2.019582e-01
4.115000e-01 1.961538e-01
4.155000e-01 1.900837e-01
4.195000e-01 1.837477e-01
4.235000e-01 1.771459e-01
4.275000e-01 1.702783e-01
4.315000e-01 1.631449e-01
4.355000e-01 1.557456e-01
4.395000e-01 1.480806e-01
4.435000e-01 1.401497e-01
4.475000e-01 1.319530e-01
4.515000e-01 1.234905e-01
4.555000e-01 1.147621e-01
4.595000e-01 1.057680e-01
4.635000e-01 9.650803e-02
4.675000e-01 8.698225e-02
4.715000e-01 7.719066e-02
4.755000e-01 6.713324e-02
4.795000e-01 5.681001e-02
4.835000e-01 4.622097e-02
4.875000e-01 3.536610e-02
4.915000e-01 2.424542e-02
4.955000e-01 1.285893e-02
==
4.955000e-01 5.364257e-01
4.986350e-01 5.174610e-01
5.017700e-01 4.989837e-01
5.049050e-01 4.809939e-01
5.080400e-01 4.634916e-01
5.111750e-01 4.464766e-01
5.143100e-01 4.299492e-01
5.174450e-01 4.139091e-01
5.205800e-01 3.983565e-01
5.237150e-01 3.832914e-01
5.268500e-01 3.687136e-01
5.299850e-01 3.546233e-01
5.331200e-01 3.410205e-01
5.362550e-01 3.279051e-01
5.393900e-01 3.152771e-01
5.425250e-01 3.031366e-01
5.456600e-01 2.914835e-01
5.487950e-01 2.803179e-01
5.519300e-01 2.696396e-01
5.550650e-01 2.594489e-01
5.582000e-01 2.497455e-01
5.613350e-01 2.405297e-01
5.644700e-01 2.318012e-01
5.676050e-01 2.235602e-01
5.707400e-01 2.158066e-01
5.738750e-01 2.085405e-01
5.770100e-01 2.017618e-01
5.801450e-01 1.954705e-01
5.832800e-01 1.896667e-01
5.864150e-01 1.843503e-01
5.895500e-01 1.795214e-01
5.926850e-01 1.751799e-01
5.958200e-01 1.713259e-01
5.989550e-01 1.679592e-01
6.020900e-01 1.650801e-01
6.052250e-01 1.626883e-01
6.083600e-01 1.607840e-01
6.114950e-01 1.593672e-01
6.146300e-01 1.584377e-01
6.177650e-01 1.579958e-01
6.209000e-01 1.580412e-01
6.240350e-01 1.585741e-01
6.271700e-01 1.595945e-01
6.303050e-01 1.611022e-01
6.334400e-01 1.630975e-01
6.365750e-01 1.655801e-01
6.397100e-01 1.685502e-01
6.428450e-01 1.720077e-01
6.459800e-01 1.759527e-01
6.491150e-01 1.803851e-01
6.522500e-01 1.853050e-01
6.553850e-01 1.907123e-01
6.585200e-01 1.966070e-01
6.616550e-01 2.029892e-01
6.647900e-01 2.098588e-01
6.679250e-01 2.172158e-01
6.710600e-01 2.250603e-01
6.741950e-01 2.333923e-01
6.773300e-01 2.422116e-01
6.804650e-01 2.515184e-01
6.836000e-01 2.613127e-01
6.867350e-01 2.715944e-01
6.898700e-01 2.823635e-01
6.930050e-01 2.936201e-01
6.961400e-01 3.053641e-01
6.992750e-01 3.175955e-01
7.024100e-01 3.303144e-01
7.055450e-01 3.435207e-01
7.086800e-01 3.572145e-01
7.118150e-01 3.713957e-01
7.149500e-01 3.860643e-01
7.180850e-01 4.012204e-01
7.212200e-01 4.168640e-01
7.243550e-01 4.329949e-01
7.274900e-01 4.496133e-01
7.306250e-01 4.667192e-01
7.337600e-01 4.843124e-01
7.368950e-01 5.023932e-01
7.400300e-01 5.209613e-01
7.431650e-01 5.400169e-01
7.463000e-01 5.595600e-01
7.494350e-01 5.795904e-01
7.525700e-01 6.001083e-01
7.557050e-01 6.211137e-01
7.588400e-01 6.426065e-01
7.619750e-01 6.645867e-01
7.651100e-01 6.870544e-01
7.682450e-01 7.100095e-01
7.713800e-01 7.334521e-01
7.745150e-01 7.573821e-01
7.776500e-01 7.817995e-01
7.807850e-01 8.067044e-01
7.839200e-01 8.320967e-01
7.870550e-01 8.579764e-01
7.901900e-01 8.843436e-01
7.933250e-01 9.111983e-01
7.964600e-01 9.385403e-01
7.995950e-01 9.663698e-01
8.027300e-01 9.946868e-01
8.058650e-01 1.023491e+00
8.090000e-01 1.052783e+00
==
8.090000e-01 -8.940919e-01
8.114518e-01 -8.639896e-01
8.139035e-01 -8.344189e-01
8.163553e-01 -8.053798e-01
8.188070e-01 -7.768723e-01
8.212588e-01 -7.488964e-01
8.237105e-01 -7.214521e-01
8.261623e-01 -6.945393e-01
8.286140e-01 -6.681582e-01
8.310658e-01 -6.423087e-01
8.335175e-01 -6.169908e-01
8.359693e-01 -5.922044e-01
8.384210e-01 -5.679497e-01
8.408728e-01 -5.442265e-01
8.433245e-01 -5.210350e-01
8.457763e-01 -4.983751e-01
8.482280e-01 -4.762467e-01
8.506798e-01 -4.546500e-01
8.531315e-01 -4.335848e-01
8.555833e-01 -4.130513e-01
8.580350e-01 -3.930493e-01
8.604868e-01 -3.735790e-01
8.629385e-01 -3.546402e-01
8.653903e-01 -3.362330e-01
8.678420e-01 -3.183575e-01
8.702938e-01 -3.010135e-01
8.727455e-01 -2.842011e-01
8.751973e-01 -2.679204e-01
8.776490e-01 -2.521712e-01
8.801008e-01 -2.369536e-01
8.825525e-01 -2.222676e-01
8.850043e-01 -2.081133e-01
8.874560e-01 -1.944905e-01
8.899078e-01 -1.813993e-01
8.923595e-01 -1.688397e-01
8.948113e-01 -1.568117e-01
8.972630e-01 -1.453153e-01
8.997148e-01 -1.343505e-01
9.021665e-01 -1.239173e-01
9.046183e-01 -1.140157e-01
9.070700e-01 -1.046457e-01
9.095218e-01 -9.580731e-02
9.119735e-01 -8.750050e-02
9.144253e-01 -7.972528e-02
9.168770e-01 -7.248167e-02
9.193288e-01 -6.576965e-02
9.217805e-01 -5.958923e-02
9.242323e-01 -5.394041e-02
9.266840e-01 -4.882319e-02
9.291358e-01 -4.423756e-02
9.315875e-01 -4.018353e-02
9.340393e-01 -3.666110e-02
9.364910e-01 -3.367026e-02
9.389428e-01 -3.121103e-02
9.413945e-01 -2.928339e-02
9.438462e-01 -2.788734e-02
9.462980e-01 -2.702290e-02
9.487498e-01 -2.669005e-02
9.512015e-01 -2.688880e-02
9.536532e-01 -2.761915e-02
9.561050e-01 -2.888109e-02
9.585567e-01 -3.067464e-02
9.610085e-01 -3.299978e-02
9.634602e-01 -3.585651e-02
9.659120e-01 -3.924485e-02
9.683637e-01 -4.316478e-02
9.708155e-01 -4.761631e-02
9.732672e-01 -5.259944e-02
9.757190e-01 -5.811416e-02
9.781707e-01 -6.416049e-02
9.806225e-01 -7.073841e-02
9.830742e-01 -7.784792e-02
9.855260e-01 -8.548904e-02
9.879777e-01 -9.366175e-02
9.904295e-01 -1.023661e-01
9.928812e-01 -1.116020e-01
9.953330e-01 -1.213695e-01
9.977847e-01 -1.316686e-01
1.000236e+00 -1.424993e-01
1.002688e+00 -1.538616e-01
1.005140e+00 -1.657555e-01
1.007592e+00 -1.781810e-01
1.010044e+00 -1.911380e-01
1.012495e+00 -2.046267e-01
1.014947e+00 -2.186470e-01
1.017399e+00 -2.331989e-01
1.019851e+00 -2.482824e-01
1.022302e+00 -2.638975e-01
1.024754e+00 -2.800441e-01
1.027206e+00 -2.967224e-01
1.029658e+00 -3.139323e-01
1.032109e+00 -3.316737e-01
1.034561e+00 -3.499468e-01
1.037013e+00 -3.687515e-01
1.039465e+00 -3.880877e-01
1.041916e+00 -4.079556e-01
1.044368e+00 -4.283550e-01
1.046820e+00 -4.492861e-01
1.049271e+00 -4.707487e-01
1.051723e+00 -4.927430e-01
1.054175e+00 -5.152688e-01
==
1.054175e+00 1.255215e-01
1.056627e+00 1.179611e-01
1.059078e+00 1.104909e-01
1.061530e+00 1.031112e-01
1.063982e+00 9.582183e-02
1.066434e+00 8.862283e-02
1.068885e+00 8.151419e-02
1.071337e+00 7.449593e-02
1.073789e+00 6.756803e-02
1.076241e+00 6.073051e-02
1.078692e+00 5.398335e-02
1.081144e+00 4.732657e-02
1.083596e+00 4.076015e-02
1.086048e+00 3.428411e-02
1.088499e+00 2.789843e-02
1.090951e+00 2.160312e-02
1.093403e+00 1.539819e-02
1.095855e+00 9.283622e-03
1.098307e+00 3.259425e-03
1.100758e+00 -2.674402e-03
1.103210e+00 -8.517859e-03
1.105662e+00 -1.427095e-02
1.108114e+00 -1.993366e-02
1.110565e+00 -2.550601e-02
1.113017e+00 -3.098799e-02
1.115469e+00 -3.637960e-02
1.117921e+00 -4.168084e-02
1.120372e+00 -4.689171e-02
1.122824e+00 -5.201220e-02
1.125276e+00 -5.704233e-02
1.127728e+00 -6.198209e-02
1.130179e+00 -6.683148e-02
1.132631e+00 -7.159050e-02
1.135083e+00 -7.625915e-02
1.137535e+00 -8.083743e-02
1.139986e+00 -8.532534e-02
1.142438e+00 -8.972288e-02
1.144890e+00 -9.403005e-02
1.147342e+00 -9.824685e-02
1.149793e+00 -1.023733e-01
1.152245e+00 -1.064093e-01
1.154697e+00 -1.103550e-01
1.157149e+00 -1.142104e-01
1.159600e+00 -1.179753e-01
1.162052e+00 -1.216499e-01
1.164504e+00 -1.252341e-01
1.166956e+00 -1.287279e-01
1.169407e+00 -1.321314e-01
1.171859e+00 -1.354445e-01
1.174311e+00 -1.386673e-01
1.176763e+00 -1.417996e-01
1.179214e+00 -1.448416e-01
1.181666e+00 -1.477932e-01
1.184118e+00 -1.506545e-01
1.186570e+00 -1.534254e-01
1.189021e+00 -1.561059e-01
1.191473e+00 -1.586960e-01
1.193925e+00 -1.611958e-01
1.196377e+00 -1.636052e-01
1.198828e+00 -1.659243e-01
1.201280e+00 -1.681529e-01
1.203732e+00 -1.702912e-01
1.206184e+00 -1.723391e-01
1.208635e+00 -1.742967e-01
1.211087e+00 -1.761639e-01
1.213539e+00 -1.779407e-01
1.215991e+00 -1.796271e-01
1.218442e+00 -1.812232e-01
1.220894e+00 -1.827289e-01
1.223346e+00 -1.841443e-01
1.225798e+00 -1.854692e-01
1.228249e+00 -1.867038e-01
1.230701e+00 -1.878481e-01
1.233153e+00 -1.889019e-01
1.235605e+00 -1.898654e-01
1.238056e+00 -1.907385e-01
1.240508e+00 -1.915213e-01
1.242960e+00 -1.922137e-01
1.245412e+00 -1.928157e-01
1.247863e+00 -1.933273e-01
1.250315e+00 -1.937486e-01
1.252767e+00 -1.940795e-01
1.255219e+00 -1.943200e-01
1.257670e+00 -1.944702e-01
1.260122e+00 -1.945300e-01
1.262574e+00 -1.944994e-01
1.265026e+00 -1.943784e-01
1.267477e+00 -1.941671e-01
1.269929e+00 -1.938654e-01
1.272381e+00 -1.934734e-01
1.274833e+00 -1.929909e-01
1.277284e+00 -1.924181e-01
1.279736e+00 -1.917550e-01
1.282188e+00 -1.910014e-01
1.284640e+00 -1.901575e-01
1.287091e+00 -1.892233e-01
1.289543e+00 -1.881986e-01
1.291995e+00 -1.870836e-01
1.294447e+00 -1.858782e-01
1.296898e+00 -1.845824e-01
1.299350e+00 -1.831963e-01
==
1.299350e+00 -3.934302e-02
1.304335e+00 -3.742188e-02
1.309320e+00 -3.550664e-02
1.314305e+00 -3.359729e-02
1.319290e+00 -3.169385e-02
1.324275e+00 -2.979630e-02
1.329260e+00 -2.790465e-02
1.334245e+00 -2.601890e-02
1.339230e+00 -2.413904e-02
1.344215e+00 -2.226508e-02
1.349200e+00 -2.039702e-02
1.354185e+00 -1.853486e-02
1.359170e+00 -1.667859e-02
1.364155e+00 -1.482822e-02
1.369140e+00 -1.298375e-02
1.374125e+00 -1.114518e-02
1.379110e+00 -9.312501e-03
1.384095e+00 -7.485723e-03
1.389080e+00 -5.664842e-03
1.394065e+00 -3.849858e-03
1.399050e+00 -2.040773e-03
1.404035e+00 -2.375843e-04
1.409020e+00 1.559706e-03
1.414005e+00 3.351100e-03
1.418990e+00 5.136595e-03
1.423975e+00 6.916194e-03
1.428960e+00 8.689894e-03
1.433945e+00 1.045770e-02
1.438930e+00 1.221960e-02
1.443915e+00 1.397561e-02
1.448900e+00 1.572572e-02
1.453885e+00 1.746993e-02
1.458870e+00 1.920825e-02
1.463855e+00 2.094067e-02
1.468840e+00 2.266719e-02
1.473825e+00 2.438781e-02
1.478810e+00 2.610254e-02
1.483795e+00 2.781137e-02
1.488780e+00 2.951430e-02
1.493765e+00 3.121133e-02
1.498750e+00 3.290246e-02
1.503735e+00 3.458770e-02
1.508720e+00 3.626704e-02
1.513705e+00 3.794048e-02
1.518690e+00 3.960803e-02
1.523675e+00 4.126968e-02
1.528660e+00 4.292543e-02
1.533645e+00 4.457528e-02
1.538630e+00 4.621924e-02
1.543615e+00 4.785729e-02
1.548600e+00 4.948945e-02
1.553585e+00 5.111572e-02
1.558570e+00 5.273608e-02
1.563555e+00 5.435055e-02
1.568540e+00 5.595912e-02
1.573525e+00 5.756179e-02
1.578510e+00 5.915857e-02
1.583495e+00 6.074944e-02
1.588480e+00 6.233442e-02
1.593465e+00 6.391351e-02
1.598450e+00 6.548669e-02
1.603435e+00 6.705398e-02
1.608420e+00 6.861537e-02
1.613405e+00 7.017086e-02
1.618390e+00 7.172045e-02
1.623375e+00 7.326415e-02
1.628360e+00 7.480195e-02
1.633345e+00 7.633385e-02
1.638330e+00 7.785986e-02
1.643315e+00 7.937996e-02
1.648300e+00 8.089417e-02
1.653285e+00 8.240249e-02
1.658270e+00 8.390490e-02
1.663255e+00 8.540142e-02
1.668240e+00 8.689204e-02
1.673225e+00 8.837676e-02
1.678210e+00 8.985558e-02
1.683195e+00 9.132851e-02
1.688180e+00 9.279554e-02
1.693165e+00 9.425667e-02
1.698150e+00 9.571191e-02
1.703135e+00 9.716124e-02
1.708120e+00 9.860468e-02
1.713105e+00 1.000422e-01
1.718090e+00 1.014739e-01
1.723075e+00 1.028996e-01
1.728060e+00 1.043195e-01
1.733045e+00 1.057334e-01
1.738030e+00 1.071415e-01
1.743015e+00 1.085436e-01
1.748000e+00 1.099399e-01
1.752985e+00 1.113302e-01
1.757970e+00 1.127147e-01
1.762955e+00 1.140933e-01
1.767940e+00 1.154659e-01
1.772925e+00 1.168327e-01
1.777910e+00 1.181936e-01
1.782895e+00 1.195486e-01
1.787880e+00 1.208976e-01
1.792865e+00 1.222408e-01
1.797850e+00 1.235781e-01
==
1.797850e+00 1.235943e-01
1.802850e+00 1.245961e-01
1.807850e+00 1.255767e-01
1.812850e+00 1.265361e-01
1.817850e+00 1.274743e-01
1.822850e+00 1.283913e-01
1.827850e+00 1.292872e-01
1.832850e+00 1.301618e-01
1.837850e+00 1.310153e-01
1.842850e+00 1.318476e-01
1.847850e+00 1.326588e-01
1.852850e+00 1.334487e-01
1.857850e+00 1.342175e-01
1.862850e+00 1.349650e-01
1.867850e+00 1.356914e-01
1.872850e+00 1.363966e-01
1.877850e+00 1.370806e-01
1.882850e+00 1.377435e-01
1.887850e+00 1.383851e-01
1.892850e+00 1.390056e-01
1.897850e+00 1.396049e-01
1.902850e+00 1.401830e-01
1.907850e+00 1.407399e-01
1.912850e+00 1.412757e-01
1.917850e+00 1.417902e-01
1.922850e+00 1.422836e-01
1.927850e+00 1.427558e-01
1.932850e+00 1.432068e-01
1.937850e+00 1.436366e-01
1.942850e+00 1.440453e-01
1.947850e+00 1.444327e-01
1.952850e+00 1.447990e-01
1.957850e+00 1.451441e-01
1.962850e+00 1.454680e-01
1.967850e+00 1.457707e-01
1.972850e+00 1.460523e-01
1.977850e+00 1.463126e-01
1.982850e+00 1.465518e-01
1.987850e+00 1.467698e-01
1.992850e+00 1.469666e-01
1.997850e+00 1.471422e-01
2.002850e+00 1.472967e-01
2.007850e+00 1.474299e-01
2.012850e+00 1.475420e-01
2.017850e+00 1.476329e-01
2.022850e+00 1.477026e-01
2.027850e+00 1.477512e-01
2.032850e+00 1.477785e-01
2.037850e+00 1.477847e-01
2.042850e+00 1.477697e-01
2.047850e+00 1.477334e-01
2.052850e+00 1.476761e-01
2.057850e+00 1.475975e-01
2.062850e+00 1.474977e-01
2.067850e+00 1.473768e-01
2.072850e+00 1.472347e-01
2.077850e+00 1.470714e-01
2.082850e+00 1.468869e-01
2.087850e+00 1.466812e-01
2.092850e+00 1.464544e-01
2.097850e+00 1.462063e-01
2.102850e+00 1.459371e-01
2.107850e+00 1.456467e-01
2.112850e+00 1.453351e-01
2.117850e+00 1.450024e-01
2.122850e+00 1.446484e-01
2.127850e+00 1.442733e-01
2.132850e+00 1.438770e-01
2.137850e+00 1.434595e-01
2.142850e+00 1.430208e-01
2.147850e+00 1.425609e-01
2.152850e+00 1.420799e-01
2.157850e+00 1.415777e-01
2.162850e+00 1.410542e-01
2.167850e+00 1.405096e-01
2.172850e+00 1.399439e-01
2.177850e+00 1.393569e-01
2.182850e+00 1.387488e-01
2.187850e+00 1.381194e-01
2.192850e+00 1.374689e-01
2.197850e+00 1.367972e-01
2.202850e+00 1.361043e-01
2.207850e+00 1.353903e-01
2.212850e+00 1.346550e-01
2.217850e+00 1.338986e-01
2.222850e+00 1.331210e-01
2.227850e+00 1.323222e-01
2.232850e+00 1.315022e-01
2.237850e+00 1.306611e-01
2.242850e+00 1.297987e-01
2.247850e+00 1.289152e-01
2.252850e+00 1.280105e-01
2.257850e+00 1.270846e-01
2.262850e+00 1.261375e-01
2.267850e+00 1.251693e-01
2.272850e+00 1.241798e-01
2.277850e+00 1.231692e-01
2.282850e+00 1.221374e-01
2.287850e+00 1.210844e-01
2.292850e+00 1.200102e-01
2.297850e+00 1.189149e-01
==
2.297850e+00 1.200233e-01
2.302850e+00 1.205313e-01
2.307850e+00 1.210328e-01
2.312850e+00 1.215276e-01
2.317850e+00 1.220158e-01
2.322850e+00 1.224974e-01
2.327850e+00 1.229723e-01
2.332850e+00 1.234407e-01
2.337850e+00 1.239024e-01
2.342850e+00 1.243575e-01
2.347850e+00 1.248060e-01
2.352850e+00 1.252479e-01
2.357850e+00 1.256832e-01
2.362850e+00 1.261118e-01
2.367850e+00 1.265338e-01
2.372850e+00 1.269492e-01
2.377850e+00 1.273580e-01
2.382850e+00 1.277602e-01
2.387850e+00 1.281557e-01
2.392850e+00 1.285447e-01
2.397850e+00 1.289270e-01
2.402850e+00 1.293027e-01
2.407850e+00 1.296718e-01
2.412850e+00 1.300342e-01
2.417850e+00 1.303901e-01
2.422850e+00 1.307393e-01
2.427850e+00 1.310819e-01
2.432850e+00 1.314179e-01
2.437850e+00 1.317473e-01
2.442850e+00 1.320701e-01
2.447850e+00 1.323862e-01
2.452850e+00 1.326957e-01
2.457850e+00 1.329986e-01
2.462850e+00 1.332949e-01
2.467850e+00 1.335846e-01
2.472850e+00 1.338676e-01
2.477850e+00 1.341441e-01
2.482850e+00 1.344139e-01
2.487850e+00 1.346771e-01
2.492850e+00 1.349337e-01
2.497850e+00 1.351836e-01
2.502850e+00 1.354270e-01
2.507850e+00 1.356637e-01
2.512850e+00 1.358938e-01
2.517850e+00 1.361173e-01
2.522850e+00 1.363342e-01
2.527850e+00 1.365445e-01
2.532850e+00 1.367481e-01
2.537850e+00 1.369451e-01
2.542850e+00 1.371355e-01
2.547850e+00 1.373193e-01
2.552850e+00 1.374965e-01
2.557850e+00 1.376670e-01
2.562850e+00 1.378310e-01
2.567850e+00 1.379883e-01
2.572850e+00 1.381390e-01
2.577850e+00 1.382831e-01
2.582850e+00 1.384205e-01
2.587850e+00 1.385514e-01
2.592850e+00 1.386756e-01
2.597850e+00 1.387932e-01
2.602850e+00 1.389042e-01
2.607850e+00 1.390086e-01
2.612850e+00 1.391064e-01
2.617850e+00 1.391975e-01
2.622850e+00 1.392820e-01
2.627850e+00 1.393599e-01
2.632850e+00 1.394312e-01
2.637850e+00 1.394959e-01
2.642850e+00 1.395539e-01
2.647850e+00 1.396054e-01
2.652850e+00 1.396502e-01
2.657850e+00 1.396884e-01
2.662850e+00 1.397200e-01
2.667850e+00 1.397449e-01
2.672850e+00 1.397633e-01
2.677850e+00 1.397750e-01
2.682850e+00 1.397801e-01
2.687850e+00 1.397786e-01
2.692850e+00 1.397705e-01
2.697850e+00 1.397558e-01
2.702850e+00 1.397344e-01
2.707850e+00 1.397064e-01
2.712850e+00 1.396718e-01
2.717850e+00 1.396306e-01
2.722850e+00 1.395828e-01
2.727850e+00 1.395283e-01
2.732850e+00 1.394673e-01
2.737850e+00 1.393996e-01
2.742850e+00 1.393253e-01
2.747850e+00 1.392444e-01
2.752850e+00 1.391568e-01
2.757850e+00 1.390627e-01
2.762850e+00 1.389619e-01
2.767850e+00 1.388545e-01
2.772850e+00 1.387405e-01
2.777850e+00 1.386199e-01
2.782850e+00 1.384927e-01
2.787850e+00 1.383588e-01
2.792850e+00 1.382183e-01
2.797850e+00 1.380712e-01
==
2.797850e+00 1.282351e-01
2.802835e+00 1.283445e-01
2.807820e+00 1.284069e-01
2.812805e+00 1.284222e-01
2.817790e+00 1.283904e-01
2.822775e+00 1.283115e-01
2.827760e+00 1.281855e-01
2.832745e+00 1.280125e-01
2.837730e+00 1.277923e-01
2.842715e+00 1.275250e-01
2.847700e+00 1.272107e-01
2.852685e+00 1.268492e-01
2.857670e+00 1.264407e-01
2.862655e+00 1.259851e-01
2.867640e+00 1.254824e-01
2.872625e+00 1.249326e-01
2.877610e+00 1.243357e-01
2.882595e+00 1.236917e-01
2.887580e+00 1.230006e-01
2.892565e+00 1.222624e-01
2.897550e+00 1.214772e-01
2.902535e+00 1.206448e-01
2.907520e+00 1.197654e-01
2.912505e+00 1.188388e-01
2.917490e+00 1.178652e-01
2.922475e+00 1.168445e-01
2.927460e+00 1.157767e-01
2.932445e+00 1.146618e-01
2.937430e+00 1.134998e-01
2.942415e+00 1.122907e-01
2.947400e+00 1.110345e-01
2.952385e+00 1.097313e-01
2.957370e+00 1.083809e-01
2.962355e+00 1.069835e-01
2.967340e+00 1.055389e-01
2.972325e+00 1.040473e-01
2.977310e+00 1.025086e-01
2.982295e+00 1.009228e-01
2.987280e+00 9.928986e-02
2.992265e+00 9.760987e-02
2.997250e+00 9.588278e-02
3.002235e+00 9.410860e-02
3.007220e+00 9.228734e-02
3.012205e+00 9.041898e-02
3.017190e+00 8.850353e-02
3.022175e+00 8.654098e-02
3.027160e+00 8.453135e-02
3.032145e+00 8.247463e-02
3.037130e+00 8.037081e-02
3.042115e+00 7.821990e-02
3.047100e+00 7.602191e-02
3.052085e+00 7.377682e-02
3.057070e+00 7.148464e-02
3.062055e+00 6.914536e-02
3.067040e+00 6.675900e-02
3.072025e+00 6.432555e-02
3.077010e+00 6.184500e-02
3.081995e+00 5.931737e-02
3.086980e+00 5.674264e-02
3.091965e+00 5.412082e-02
3.096950e+00 5.145191e-02
3.101935e+00 4.873591e-02
3.106920e+00 4.597282e-02
3.111905e+00 4.316263e-02
3.116890e+00 4.030536e-02
3.121875e+00 3.740099e-02
3.126860e+00 3.444953e-02
3.131845e+00 3.145099e-02
3.136830e+00 2.840535e-02
3.141815e+00 2.531261e-02
3.146800e+00 2.217279e-02
3.151785e+00 1.898588e-02
3.156770e+00 1.575187e-02
3.161755e+00 1.247078e-02
3.166740e+00 9.142592e-03
3.171725e+00 5.767314e-03
3.176710e+00 2.344944e-03
3.181695e+00 -1.124516e-03
3.186680e+00 -4.641068e-03
3.191665e+00 -8.204711e-03
3.196650e+00 -1.181545e-02
3.201635e+00 -1.547327e-02
3.206620e+00 -1.917819e-02
3.211605e+00 -2.293020e-02
3.216590e+00 -2.672929e-02
3.221575e+00 -3.057548e-02
3.226560e+00 -3.446877e-02
3.231545e+00 -3.840914e-02
3.236530e+00 -4.239660e-02
3.241515e+00 -4.643116e-02
3.246500e+00 -5.051280e-02
3.251485e+00 -5.464154e-02
3.256470e+00 -5.881737e-02
3.261455e+00 -6.304029e-02
3.266440e+00 -6.731030e-02
3.271425e+00 -7.162740e-02
3.276410e+00 -7.599160e-02
3.281395e+00 -8.040288e-02
3.286380e+00 -8.486126e-02
3.291365e+00 -8.936673e-02
3.296350e+00 -9.391928e-02
==
3.296350e+00 -2.061917e-01
3.298802e+00 -2.174878e-01
3.301253e+00 -2.284372e-01
3.303705e+00 -2.390400e-01
3.306157e+00 -2.492960e-01
3.308609e+00 -2.592054e-01
3.311060e+00 -2.687681e-01
3.313512e+00 -2.779842e-01
3.315964e+00 -2.868535e-01
3.318416e+00 -2.953762e-01
3.320867e+00 -3.035522e-01
3.323319e+00 -3.113815e-01
3.325771e+00 -3.188642e-01
3.328223e+00 -3.260002e-01
3.330674e+00 -3.327894e-01
3.333126e+00 -3.392320e-01
3.335578e+00 -3.453280e-01
3.338030e+00 -3.510772e-01
3.340481e+00 -3.564798e-01
3.342933e+00 -3.615357e-01
3.345385e+00 -3.662449e-01
3.347837e+00 -3.706074e-01
3.350288e+00 -3.746233e-01
3.352740e+00 -3.782925e-01
3.355192e+00 -3.816149e-01
3.357644e+00 -3.845908e-01
3.360095e+00 -3.872199e-01
3.362547e+00 -3.895024e-01
3.364999e+00 -3.914381e-01
3.367451e+00 -3.930272e-01
3.369902e+00 -3.942697e-01
3.372354e+00 -3.951654e-01
3.374806e+00 -3.957145e-01
3.377258e+00 -3.959168e-01
3.379709e+00 -3.957725e-01
3.382161e+00 -3.952816e-01
3.384613e+00 -3.944439e-01
3.387065e+00 -3.932596e-01
3.389516e+00 -3.917286e-01
3.391968e+00 -3.898509e-01
3.394420e+00 -3.876265e-01
3.396872e+00 -3.850555e-01
3.399323e+00 -3.821377e-01
3.401775e+00 -3.788733e-01
3.404227e+00 -3.752622e-01
3.406679e+00 -3.713045e-01
3.409130e+00 -3.670000e-01
3.411582e+00 -3.623489e-01
3.414034e+00 -3.573511e-01
3.416486e+00 -3.520066e-01
3.418937e+00 -3.463155e-01
3.421389e+00 -3.402776e-01
3.423841e+00 -3.338931e-01
3.426293e+00 -3.271619e-01
3.428744e+00 -3.200840e-01
3.431196e+00 -3.126595e-01
3.433648e+00 -3.048882e-01
3.436100e+00 -2.967703e-01
3.438551e+00 -2.883057e-01
3.441003e+00 -2.794945e-01
3.443455e+00 -2.703365e-01
3.445907e+00 -2.608319e-01
3.448358e+00 -2.509806e-01
3.450810e+00 -2.407826e-01
3.453262e+00 -2.302379e-01
3.455714e+00 -2.193466e-01
3.458165e+00 -2.081085e-01
3.460617e+00 -1.965238e-01
3.463069e+00 -1.845924e-01
3.465521e+00 -1.723144e-01
3.467972e+00 -1.596896e-01
3.470424e+00 -1.467182e-01
3.472876e+00 -1.334001e-01
3.475328e+00 -1.197353e-01
3.477779e+00 -1.057239e-01
3.480231e+00 -9.136575e-02
3.482683e+00 -7.666093e-02
3.485135e+00 -6.160944e-02
3.487586e+00 -4.621126e-02
3.490038e+00 -3.046641e-02
3.492490e+00 -1.437488e-02
3.494942e+00 2.063335e-03
3.497393e+00 1.884823e-02
3.499845e+00 3.597980e-02
3.502297e+00 5.345804e-02
3.504749e+00 7.128297e-02
3.507200e+00 8.945458e-02
3.509652e+00 1.079729e-01
3.512104e+00 1.268378e-01
3.514556e+00 1.460495e-01
3.517007e+00 1.656078e-01
3.519459e+00 1.855128e-01
3.521911e+00 2.057645e-01
3.524363e+00 2.263628e-01
3.526814e+00 2.473079e-01
3.529266e+00 2.685996e-01
3.531718e+00 2.902380e-01
3.534170e+00 3.122231e-01
3.536621e+00 3.345548e-01
3.539073e+00 3.572333e-01
3.541525e+00 3.802584e-01
==
3.541525e+00 -8.349991e-02
3.543977e+00 -7.800464e-02
3.546428e+00 -7.265799e-02
3.548880e+00 -6.745996e-02
3.551332e+00 -6.241055e-02
3.553784e+00 -5.750976e-02
3.556235e+00 -5.275760e-02
3.558687e+00 -4.815405e-02
3.561139e+00 -4.369913e-02
3.563591e+00 -3.939282e-02
3.566042e+00 -3.523514e-02
3.568494e+00 -3.122608e-02
3.570946e+00 -2.736565e-02
3.573398e+00 -2.365383e-02
3.575849e+00 -2.009064e-02
3.578301e+00 -1.667606e-02
3.580753e+00 -1.341011e-02
3.583205e+00 -1.029278e-02
3.585656e+00 -7.324069e-03
3.588108e+00 -4.503980e-03
3.590560e+00 -1.832514e-03
3.593012e+00 6.903317e-04
3.595463e+00 3.064556e-03
3.597915e+00 5.290158e-03
3.600367e+00 7.367139e-03
3.602819e+00 9.295499e-03
3.605270e+00 1.107524e-02
3.607722e+00 1.270635e-02
3.610174e+00 1.418885e-02
3.612626e+00 1.552272e-02
3.615077e+00 1.670798e-02
3.617529e+00 1.774461e-02
3.619981e+00 1.863262e-02
3.622433e+00 1.937201e-02
3.624885e+00 1.996277e-02
3.627336e+00 2.040492e-02
3.629788e+00 2.069844e-02
3.632240e+00 2.084335e-02
3.634692e+00 2.083963e-02
3.637143e+00 2.068729e-02
3.639595e+00 2.038633e-02
3.642047e+00 1.993675e-02
3.644499e+00 1.933854e-02
3.646950e+00 1.859172e-02
3.649402e+00 1.769627e-02
3.651854e+00 1.665220e-02
3.654306e+00 1.545951e-02
3.656757e+00 1.411820e-02
3.659209e+00 1.262827e-02
3.661661e+00 1.098972e-02
3.664113e+00 9.202541e-03
3.666564e+00 7.266744e-03
3.669016e+00 5.182327e-03
3.671468e+00 2.949287e-03
3.673920e+00 5.676266e-04
3.676371e+00 -1.962655e-03
3.678823e+00 -4.641559e-03
3.681275e+00 -7.469084e-03
3.683727e+00 -1.044523e-02
3.686178e+00 -1.357000e-02
3.688630e+00 -1.684339e-02
3.691082e+00 -2.026540e-02
3.693534e+00 -2.383603e-02
3.695985e+00 -2.755528e-02
3.698437e+00 -3.142316e-02
3.700889e+00 -3.543965e-02
3.703341e+00 -3.960477e-02
3.705792e+00 -4.391851e-02
3.708244e+00 -4.838087e-02
3.710696e+00 -5.299185e-02
3.713148e+00 -5.775145e-02
3.715599e+00 -6.265968e-02
3.718051e+00 -6.771652e-02
3.720503e+00 -7.292199e-02
3.722955e+00 -7.827608e-02
3.725406e+00 -8.377879e-02
3.727858e+00 -8.943012e-02
3.730310e+00 -9.523007e-02
3.732762e+00 -1.011786e-01
3.735213e+00 -1.072758e-01
3.737665e+00 -1.135217e-01
3.740117e+00 -1.199161e-01
3.742569e+00 -1.264592e-01
3.745020e+00 -1.331508e-01
3.747472e+00 -1.399911e-01
3.749924e+00 -1.469801e-01
3.752376e+00 -1.541176e-01
3.754827e+00 -1.614038e-01
3.757279e+00 -1.688386e-01
3.759731e+00 -1.764220e-01
3.762183e+00 -1.841540e-01
3.764634e+00 -1.920347e-01
3.767086e+00 -2.000639e-01
3.769538e+00 -2.082418e-01
3.771990e+00 -2.165683e-01
3.774441e+00 -2.250435e-01
3.776893e+00 -2.336672e-01
3.779345e+00 -2.424396e-01
3.781797e+00 -2.513606e-01
3.784248e+00 -2.604302e-01
3.786700e+00 -2.696485e-01
==
3.786700e+00 4.137396e-01
3.789835e+00 4.078541e-01
3.792970e+00 4.020698e-01
3.796105e+00 3.963867e-01
3.799240e+00 3.908048e-01
3.802375e+00 3.853241e-01
3.805510e+00 3.799446e-01
3.808645e+00 3.746664e-01
3.811780e+00 3.694893e-01
3.814915e+00 3.644135e-01
3.818050e+00 3.594388e-01
3.821185e+00 3.545654e-01
3.824320e+00 3.497932e-01
3.827455e+00 3.451222e-01
3.830590e+00 3.405524e-01
3.833725e+00 3.360838e-01
3.836860e+00 3.317165e-01
3.839995e+00 3.274503e-01
3.843130e+00 3.232853e-01
3.846265e+00 3.192216e-01
3.849400e+00 3.152591e-01
3.852535e+00 3.113977e-01
3.855670e+00 3.076376e-01
3.858805e+00 3.039787e-01
3.861940e+00 3.004210e-01
3.865075e+00 2.969645e-01
3.868210e+00 2.936093e-01
3.871345e+00 2.903552e-01
3.874480e+00 2.872023e-01
3.877615e+00 2.841507e-01
3.880750e+00 2.812003e-01
3.883885e+00 2.783510e-01
3.887020e+00 2.756030e-01
3.890155e+00 2.729562e-01
3.893290e+00 2.704106e-01
3.896425e+00 2.679662e-01
3.899560e+00 2.656230e-01
3.902695e+00 2.633811e-01
3.905830e+00 2.612403e-01
3.908965e+00 2.592008e-01
3.912100e+00 2.572624e-01
3.915235e+00 2.554253e-01
3.918370e+00 2.536894e-01
3.921505e+00 2.520547e-01
3.924640e+00 2.505212e-01
3.927775e+00 2.490889e-01
3.930910e+00 2.477578e-01
3.934045e+00 2.465279e-01
3.937180e+00 2.453993e-01
3.940315e+00 2.443718e-01
3.943450e+00 2.434456e-01
3.946585e+00 2.426206e-01
3.949720e+00 2.418967e-01
3.952855e+00 2.412741e-01
3.955990e+00 2.407527e-01
3.959125e+00 2.403325e-01
3.962260e+00 2.400136e-01
3.965395e+00 2.397958e-01
3.968530e+00 2.396792e-01
3.971665e+00 2.396639e-01
3.974800e+00 2.397497e-01
3.977935e+00 2.399368e-01
3.981070e+00 2.402251e-01
3.984205e+00 2.406146e-01
3.987340e+00 2.411053e-01
3.990475e+00 2.416972e-01
3.993610e+00 2.423903e-01
3.996745e+00 2.431846e-01
3.999880e+00 2.440801e-01
4.003015e+00 2.450769e-01
4.006150e+00 2.461748e-01
4.009285e+00 2.473740e-01
4.012420e+00 2.486744e-01
4.015555e+00 2.500760e-01
4.018690e+00 2.515788e-01
4.021825e+00 2.531828e-01
4.024960e+00 2.548880e-01
4.028095e+00 2.566944e-01
4.031230e+00 2.586021e-01
4.034365e+00 2.606109e-01
4.037500e+00 2.627210e-01
4.040635e+00 2.649322e-01
4.043770e+00 2.672447e-01
4.046905e+00 2.696584e-01
4.050040e+00 2.721733e-01
4.053175e+00 2.747894e-01
4.056310e+00 2.775067e-01
4.059445e+00 2.803252e-01
4.062580e+00 2.832449e-01
4.065715e+00 2.862659e-01
4.068850e+00 2.893880e-01
4.071985e+00 2.926114e-01
4.075120e+00 2.959360e-01
4.078255e+00 2.993618e-01
4.081390e+00 3.028887e-01
4.084525e+00 3.065169e-01
4.087660e+00 3.102464e-01
4.090795e+00 3.140770e-01
4.093930e+00 3.180088e-01
4.097065e+00 3.220418e-01
4.100200e+00 3.261761e-01
==
4.100200e+00 4.028599e-02
4.104200e+00 5.075716e-02
4.108200e+00 6.097795e-02
4.112200e+00 7.094834e-02
4.116200e+00 8.066834e-02
4.120200e+00 9.013795e-02
4.124200e+00 9.935717e-02
4.128200e+00 1.083260e-01
4.132200e+00 1.170444e-01
4.136200e+00 1.255125e-01
4.140200e+00 1.337301e-01
4.144200e+00 1.416974e-01
4.148200e+00 1.494143e-01
4.152200e+00 1.568807e-01
4.156200e+00 1.640968e-01
4.160200e+00 1.710625e-01
4.164200e+00 1.777778e-01
4.168200e+00 1.842427e-01
4.172200e+00 1.904573e-01
4.176200e+00 1.964214e-01
4.180200e+00 2.021351e-01
4.184200e+00 2.075985e-01
4.188200e+00 2.128115e-01
4.192200e+00 2.177740e-01
4.196200e+00 2.224862e-01
4.200200e+00 2.269480e-01
4.204200e+00 2.311594e-01
4.208200e+00 2.351204e-01
4.212200e+00 2.388310e-01
4.216200e+00 2.422912e-01
4.220200e+00 2.455010e-01
4.224200e+00 2.484605e-01
4.228200e+00 2.511695e-01
4.232200e+00 2.536282e-01
4.236200e+00 2.558364e-01
4.240200e+00 2.577943e-01
4.244200e+00 2.595018e-01
4.248200e+00 2.609589e-01
4.252200e+00 2.621656e-01
4.256200e+00 2.631219e-01
4.260200e+00 2.638278e-01
4.264200e+00 2.642833e-01
4.268200e+00 2.644885e-01
4.272200e+00 2.644432e-01
4.276200e+00 2.641476e-01
4.280200e+00 2.636015e-01
4.284200e+00 2.628051e-01
4.288200e+00 2.617583e-01
4.292200e+00 2.604611e-01
4.296200e+00 2.589135e-01
4.300200e+00 2.571155e-01
4.304200e+00 2.550671e-01
4.308200e+00 2.527683e-01
4.312200e+00 2.502191e-01
4.316200e+00 2.474196e-01
4.320200e+00 2.443696e-01
4.324200e+00 2.410693e-01
4.328200e+00 2.375185e-01
4.332200e+00 2.337174e-01
4.336200e+00 2.296659e-01
4.340200e+00 2.253640e-01
4.344200e+00 2.208117e-01
4.348200e+00 2.160090e-01
4.352200e+00 2.109559e-01
4.356200e+00 2.056524e-01
4.360200e+00 2.000986e-01
4.364200e+00 1.942943e-01
4.368200e+00 1.882397e-01
4.372200e+00 1.819346e-01
4.376200e+00 1.753792e-01
4.380200e+00 1.685734e-01
4.384200e+00 1.615172e-01
4.388200e+00 1.542106e-01
4.392200e+00 1.466536e-01
4.396200e+00 1.388462e-01
4.400200e+00 1.307884e-01
4.404200e+00 1.224802e-01
4.408200e+00 1.139217e-01
4.412200e+00 1.051127e-01
4.416200e+00 9.605340e-02
4.420200e+00 8.674367e-02
4.424200e+00 7.718354e-02
4.428200e+00 6.737303e-02
4.432200e+00 5.731212e-02
4.436200e+00 4.700082e-02
4.440200e+00 3.643913e-02
4.444200e+00 2.562705e-02
4.448200e+00 1.456458e-02
4.452200e+00 3.251719e-03
4.456200e+00 -8.311535e-03
4.460200e+00 -2.012518e-02
4.464200e+00 -3.218922e-02
4.468200e+00 -4.450364e-02
4.472200e+00 -5.706846e-02
4.476200e+00 -6.988367e-02
4.480200e+00 -8.294927e-02
4.484200e+00 -9.626527e-02
4.488200e+00 -1.098316e-01
4.492200e+00 -1.236484e-01
4.496200e+00 -1.377156e-01
4.500200e+00 -1.520331e-01
==
4.500200e+00 1.285788e+00
4.501155e+00 1.195473e+00
4.502110e+00 1.107263e+00
4.503065e+00 1.021159e+00
4.504020e+00 9.371594e-01
4.504975e+00 8.552649e-01
4.505930e+00 7.754755e-01
4.506885e+00 6.977910e-01
4.507840e+00 6.222116e-01
4.508795e+00 5.487372e-01
4.509750e+00 4.773679e-01
4.510705e+00 4.081035e-01
4.511660e+00 3.409442e-01
4.512615e+00 2.758899e-01
4.513570e+00 2.129407e-01
4.514525e+00 1.520964e-01
4.515480e+00 9.335720e-02
4.516435e+00 3.672300e-02
4.517390e+00 -1.780617e-02
4.518345e+00 -7.023032e-02
4.519300e+00 -1.205494e-01
4.520255e+00 -1.687635e-01
4.521210e+00 -2.148726e-01
4.522165e+00 -2.588767e-01
4.523120e+00 -3.007757e-01
4.524075e+00 -3.405697e-01
4.525030e+00 -3.782587e-01
4.525985e+00 -4.138426e-01
4.526940e+00 -4.473216e-01
4.527895e+00 -4.786955e-01
4.528850e+00 -5.079644e-01
4.529805e+00 -5.351282e-01
4.530760e+00 -5.601871e-01
4.531715e+00 -5.831409e-01
4.532670e+00 -6.039897e-01
4.533625e+00 -6.227334e-01
4.534580e+00 -6.393722e-01
4.535535e+00 -6.539059e-01
4.536490e+00 -6.663346e-01
4.537445e+00 -6.766583e-01
4.538400e+00 -6.848769e-01
4.539355e+00 -6.909905e-01
4.540310e+00 -6.949991e-01
4.541265e+00 -6.969027e-01
4.542220e+00 -6.967013e-01
4.543175e+00 -6.943948e-01
4.544130e+00 -6.899833e-01
4.545085e+00 -6.834668e-01
4.546040e+00 -6.748452e-01
4.546995e+00 -6.641187e-01
4.547950e+00 -6.512871e-01
4.548905e+00 -6.363505e-01
4.549860e+00 -6.193088e-01
4.550815e+00 -6.001622e-01
4.551770e+00 -5.789105e-01
4.552725e+00 -5.555538e-01
4.553680e+00 -5.300920e-01
4.554635e+00 -5.025253e-01
4.555590e+00 -4.728535e-01
4.556545e+00 -4.410767e-01
4.557500e+00 -4.071949e-01
4.558455e+00 -3.712080e-01
4.559410e+00 -3.331161e-01
4.560365e+00 -2.929192e-01
4.561320e+00 -2.506173e-01
4.562275e+00 -2.062103e-01
4.563230e+00 -1.596984e-01
4.564185e+00 -1.110814e-01
4.565140e+00 -6.035936e-02
4.566095e+00 -7.532312e-03
4.567050e+00 4.739976e-02
4.568005e+00 1.044368e-01
4.568960e+00 1.635790e-01
4.569915e+00 2.248261e-01
4.570870e+00 2.881783e-01
4.571825e+00 3.536355e-01
4.572780e+00 4.211977e-01
4.573735e+00 4.908649e-01
4.574690e+00 5.626372e-01
4.575645e+00 6.365144e-01
4.576600e+00 7.124967e-01
4.577555e+00 7.905841e-01
4.578510e+00 8.707764e-01
4.579465e+00 9.530738e-01
4.580420e+00 1.037476e+00
4.581375e+00 1.123984e+00
4.582330e+00 1.212596e+00
4.583285e+00 1.303314e+00
4.584240e+00 1.396136e+00
4.585195e+00 1.491064e+00
4.586150e+00 1.588096e+00
4.587105e+00 1.687234e+00
4.588060e+00 1.788476e+00
4.589015e+00 1.891824e+00
4.589970e+00 1.997277e+00
4.590925e+00 2.104834e+00
4.591880e+00 2.214497e+00
4.592835e+00 2.326265e+00
4.593790e+00 2.440137e+00
4.594745e+00 2.556115e+00
4.595700e+00 2.674198e+00
==
