3.500000e-01 -1.151260e-01
3.600000e-01 -1.321260e-01
3.500000e-01 -1.491260e-01
3.400000e-01 -1.321260e-01
3.500000e-01 -1.151260e-01
3.500000e-01 1.947490e-01
3.600000e-01 1.777490e-01
3.500000e-01 1.607490e-01
3.400000e-01 1.777490e-01
3.500000e-01 1.947490e-01
3.500000e-01 -1.151260e-01
3.600000e-01 -1.321260e-01
3.500000e-01 -1.491260e-01
3.400000e-01 -1.321260e-01
3.500000e-01 -1.151260e-01
3.500000e-01 1.947490e-01
3.600000e-01 1.777490e-01
3.500000e-01 1.607490e-01
3.400000e-01 1.777490e-01
3.500000e-01 1.947490e-01
3.500000e-01 -1.151260e-01
3.600000e-01 -1.321260e-01
3.500000e-01 -1.491260e-01
3.400000e-01 -1.321260e-01
3.500000e-01 -1.151260e-01
3.500000e-01 1.947490e-01
3.600000e-01 1.777490e-01
3.500000e-01 1.607490e-01
3.400000e-01 1.777490e-01
3.500000e-01 1.947490e-01
3.500000e-01 -1.151260e-01
3.600000e-01 -1.321260e-01
3.500000e-01 -1.491260e-01
3.400000e-01 -1.321260e-01
3.500000e-01 -1.151260e-01
3.500000e-01 1.947490e-01
3.600000e-01 1.777490e-01
3.500000e-01 1.607490e-01
3.400000e-01 1.777490e-01
3.500000e-01 1.947490e-01
3.500000e-01 -1.151260e-01
3.600000e-01 -1.321260e-01
3.500000e-01 -1.491260e-01
3.400000e-01 -1.321260e-01
3.500000e-01 -1.151260e-01
3.500000e-01 1.947490e-01
3.600000e-01 1.777490e-01
3.500000e-01 1.607490e-01
3.400000e-01 1.777490e-01
3.500000e-01 1.947490e-01
3.500000e-01 -1.151260e-01
3.600000e-01 -1.321260e-01
3.500000e-01 -1.491260e-01
3.400000e-01 -1.321260e-01
3.500000e-01 -1.151260e-01
3.500000e-01 1.947490e-01
3.600000e-01 1.777490e-01
3.500000e-01 1.607490e-01
3.400000e-01 1.777490e-01
3.500000e-01 1.947490e-01
3.500000e-01 -1.151260e-01
3.600000e-01 -1.321260e-01
3.500000e-01 -1.491260e-01
3.400000e-01 -1.321260e-01
3.500000e-01 -1.151260e-01
3.500000e-01 1.947490e-01
3.600000e-01 1.777490e-01
3.500000e-01 1.607490e-01
3.400000e-01 1.777490e-01
3.500000e-01 1.947490e-01
3.500000e-01 -1.151260e-01
3.600000e-01 -1.321260e-01
3.500000e-01 -1.491260e-01
3.400000e-01 -1.321260e-01
3.500000e-01 -1.151260e-01
3.500000e-01 1.947490e-01
3.600000e-01 1.777490e-01
3.500000e-01 1.607490e-01
3.400000e-01 1.777490e-01
3.500000e-01 1.947490e-01
3.500000e-01 -1.151260e-01
3.600000e-01 -1.321260e-01
3.500000e-01 -1.491260e-01
3.400000e-01 -1.321260e-01
3.500000e-01 -1.151260e-01
3.500000e-01 1.947490e-01
3.600000e-01 1.777490e-01
3.500000e-01 1.607490e-01
3.400000e-01 1.777490e-01
3.500000e-01 1.947490e-01
3.500000e-01 -1.151260e-01
3.600000e-01 -1.321260e-01
3.500000e-01 -1.491260e-01
3.400000e-01 -1.321260e-01
3.500000e-01 -1.151260e-01
3.500000e-01 1.947490e-01
3.600000e-01 1.777490e-01
3.500000e-01 1.607490e-01
3.400000e-01 1.777490e-01
3.500000e-01 1.947490e-01
3.500000e-01 -1.151260e-01
3.600000e-01 -1.321260e-01
3.500000e-01 -1.491260e-01
3.400000e-01 -1.321260e-01
3.500000e-01 -1.151260e-01
3.500000e-01 1.947490e-01
3.600000e-01 1.777490e-01
3.500000e-01 1.607490e-01
3.400000e-01 1.777490e-01
3.500000e-01 1.947490e-01
3.500000e-01 -1.151260e-01
3.600000e-01 -1.321260e-01
3.500000e-01 -1.491260e-01
3.400000e-01 -1.321260e-01
3.500000e-01 -1.151260e-01
3.500000e-01 1.947490e-01
3.600000e-01 1.777490e-01
3.500000e-01 1.607490e-01
3.400000e-01 1.777490e-01
3.500000e-01 1.947490e-01
3.500000e-01 -1.151260e-01
3.600000e-01 -1.321260e-01
3.500000e-01 -1.491260e-01
3.400000e-01 -1.321260e-01
3.500000e-01 -1.151260e-01
3.500000e-01 1.947490e-01
3.600000e-01 1.777490e-01
3.500000e-01 1.607490e-01
3.400000e-01 1.777490e-01
3.500000e-01 1.947490e-01
3.500000e-01 -1.151260e-01
3.600000e-01 -1.321260e-01
3.500000e-01 -1.491260e-01
3.400000e-01 -1.321260e-01
3.500000e-01 -1.151260e-01
3.500000e-01 1.947490e-01
3.600000e-01 1.777490e-01
3.500000e-01 1.607490e-01
3.400000e-01 1.777490e-01
3.500000e-01 1.947490e-01
3.500000e-01 -1.151260e-01
3.600000e-01 -1.321260e-01
3.500000e-01 -1.491260e-01
3.400000e-01 -1.321260e-01
3.500000e-01 -1.151260e-01
3.500000e-01 1.947490e-01
3.600000e-01 1.777490e-01
3.500000e-01 1.607490e-01
3.400000e-01 1.777490e-01
3.500000e-01 1.947490e-01
3.500000e-01 -1.151260e-01
3.600000e-01 -1.321260e-01
3.500000e-01 -1.491260e-01
3.400000e-01 -1.321260e-01
3.500000e-01 -1.151260e-01
3.500000e-01 1.947490e-01
3.600000e-01 1.777490e-01
3.500000e-01 1.607490e-01
3.400000e-01 1.777490e-01
3.500000e-01 1.947490e-01
3.500000e-01 -1.151260e-01
3.600000e-01 -1.321260e-01
3.500000e-01 -1.491260e-01
3.400000e-01 -1.321260e-01
3.500000e-01 -1.151260e-01
3.500000e-01 1.947490e-01
3.600000e-01 1.777490e-01
3.500000e-01 1.607490e-01
3.400000e-01 1.777490e-01
3.500000e-01 1.947490e-01
3.500000e-01 -1.151260e-01
3.600000e-01 -1.321260e-01
3.500000e-01 -1.491260e-01
3.400000e-01 -1.321260e-01
3.500000e-01 -1.151260e-01
3.500000e-01 1.947490e-01
3.600000e-01 1.777490e-01
3.500000e-01 1.607490e-01
3.400000e-01 1.777490e-01
3.500000e-01 1.947490e-01
3.500000e-01 -1.151260e-01
3.600000e-01 -1.321260e-01
3.500000e-01 -1.491260e-01
3.400000e-01 -1.321260e-01
3.500000e-01 -1.151260e-01
3.500000e-01 1.947490e-01
3.600000e-01 1.777490e-01
3.500000e-01 1.607490e-01
3.400000e-01 1.777490e-01
3.500000e-01 1.947490e-01
3.500000e-01 -1.151260e-01
3.600000e-01 -1.321260e-01
3.500000e-01 -1.491260e-01
3.400000e-01 -1.321260e-01
3.500000e-01 -1.151260e-01
3.500000e-01 1.947490e-01
3.600000e-01 1.777490e-01
3.500000e-01 1.607490e-01
3.400000e-01 1.777490e-01
3.500000e-01 1.947490e-01
3.500000e-01 -1.151260e-01
3.600000e-01 -1.321260e-01
3.500000e-01 -1.491260e-01
3.400000e-01 -1.321260e-01
3.500000e-01 -1.151260e-01
3.500000e-01 1.947490e-01
3.600000e-01 1.777490e-01
3.500000e-01 1.607490e-01
3.400000e-01 1.777490e-01
3.500000e-01 1.947490e-01
3.500000e-01 -1.151260e-01
3.600000e-01 -1.321260e-01
3.500000e-01 -1.491260e-01
3.400000e-01 -1.321260e-01
3.500000e-01 -1.151260e-01
3.500000e-01 1.947490e-01
3.600000e-01 1.777490e-01
3.500000e-01 1.607490e-01
3.400000e-01 1.777490e-01
3.500000e-01 1.947490e-01
3.500000e-01 -1.151260e-01
3.600000e-01 -1.321260e-01
3.500000e-01 -1.491260e-01
3.400000e-01 -1.321260e-01
3.500000e-01 -1.151260e-01
3.500000e-01 1.947490e-01
3.600000e-01 1.777490e-01
3.500000e-01 1.607490e-01
3.400000e-01 1.777490e-01
3.500000e-01 1.947490e-01
3.500000e-01 -1.151260e-01
3.600000e-01 -1.321260e-01
3.500000e-01 -1.491260e-01
3.400000e-01 -1.321260e-01
3.500000e-01 -1.151260e-01
3.500000e-01 1.947490e-01
3.600000e-01 1.777490e-01
3.500000e-01 1.607490e-01
3.400000e-01 1.777490e-01
3.500000e-01 1.947490e-01
3.500000e-01 -1.151260e-01
3.600000e-01 -1.321260e-01
3.500000e-01 -1.491260e-01
3.400000e-01 -1.321260e-01
3.500000e-01 -1.151260e-01
3.500000e-01 1.947490e-01
3.600000e-01 1.777490e-01
3.500000e-01 1.607490e-01
3.400000e-01 1.777490e-01
3.500000e-01 1.947490e-01
3.500000e-01 -1.151260e-01
3.600000e-01 -1.321260e-01
3.500000e-01 -1.491260e-01
3.400000e-01 -1.321260e-01
3.500000e-01 -1.151260e-01
3.500000e-01 1.947490e-01
3.600000e-01 1.777490e-01
3.500000e-01 1.607490e-01
3.400000e-01 1.777490e-01
3.500000e-01 1.947490e-01
3.500000e-01 -1.151260e-01
3.600000e-01 -1.321260e-01
3.500000e-01 -1.491260e-01
3.400000e-01 -1.321260e-01
3.500000e-01 -1.151260e-01
3.500000e-01 1.947490e-01
3.600000e-01 1.777490e-01
3.500000e-01 1.607490e-01
3.400000e-01 1.777490e-01
3.500000e-01 1.947490e-01
3.500000e-01 -1.151260e-01
3.600000e-01 -1.321260e-01
3.500000e-01 -1.491260e-01
3.400000e-01 -1.321260e-01
3.500000e-01 -1.151260e-01
3.500000e-01 1.947490e-01
3.600000e-01 1.777490e-01
3.500000e-01 1.607490e-01
3.400000e-01 1.777490e-01
3.500000e-01 1.947490e-01
3.500000e-01 -1.151260e-01
3.600000e-01 -1.321260e-01
3.500000e-01 -1.491260e-01
3.400000e-01 -1.321260e-01
3.500000e-01 -1.151260e-01
3.500000e-01 1.947490e-01
3.600000e-01 1.777490e-01
3.500000e-01 1.607490e-01
3.400000e-01 1.777490e-01
3.500000e-01 1.947490e-01
3.500000e-01 -1.151260e-01
3.600000e-01 -1.321260e-01
3.500000e-01 -1.491260e-01
3.400000e-01 -1.321260e-01
3.500000e-01 -1.151260e-01
3.500000e-01 1.947490e-01
3.600000e-01 1.777490e-01
3.500000e-01 1.607490e-01
3.400000e-01 1.777490e-01
3.500000e-01 1.947490e-01
3.500000e-01 -1.112970e-01
3.600000e-01 -1.282970e-01
3.500000e-01 -1.452970e-01
3.400000e-01 -1.282970e-01
3.500000e-01 -1.112970e-01
3.500000e-01 1.947490e-01
3.600000e-01 1.777490e-01
3.500000e-01 1.607490e-01
3.400000e-01 1.777490e-01
3.500000e-01 1.947490e-01
3.500000e-01 -1.112970e-01
3.600000e-01 -1.282970e-01
3.500000e-01 -1.452970e-01
3.400000e-01 -1.282970e-01
3.500000e-01 -1.112970e-01
3.500000e-01 1.947490e-01
3.600000e-01 1.777490e-01
3.500000e-01 1.607490e-01
3.400000e-01 1.777490e-01
3.500000e-01 1.947490e-01
3.500000e-01 -1.074670e-01
3.600000e-01 -1.244670e-01
3.500000e-01 -1.414670e-01
3.400000e-01 -1.244670e-01
3.500000e-01 -1.074670e-01
3.500000e-01 1.947490e-01
3.600000e-01 1.777490e-01
3.500000e-01 1.607490e-01
3.400000e-01 1.777490e-01
3.500000e-01 1.947490e-01
3.500000e-01 -1.074670e-01
3.600000e-01 -1.244670e-01
3.500000e-01 -1.414670e-01
3.400000e-01 -1.244670e-01
3.500000e-01 -1.074670e-01
3.500000e-01 1.947490e-01
3.600000e-01 1.777490e-01
3.500000e-01 1.607490e-01
3.400000e-01 1.777490e-01
3.500000e-01 1.947490e-01
3.500000e-01 -1.049140e-01
3.600000e-01 -1.219140e-01
3.500000e-01 -1.389140e-01
3.400000e-01 -1.219140e-01
3.500000e-01 -1.049140e-01
3.500000e-01 1.947490e-01
3.600000e-01 1.777490e-01
3.500000e-01 1.607490e-01
3.400000e-01 1.777490e-01
3.500000e-01 1.947490e-01
3.500000e-01 -1.049140e-01
3.600000e-01 -1.219140e-01
3.500000e-01 -1.389140e-01
3.400000e-01 -1.219140e-01
3.500000e-01 -1.049140e-01
3.500000e-01 1.947490e-01
3.600000e-01 1.777490e-01
3.500000e-01 1.607490e-01
3.400000e-01 1.777490e-01
3.500000e-01 1.947490e-01
3.500000e-01 -1.036380e-01
3.600000e-01 -1.206380e-01
3.500000e-01 -1.376380e-01
3.400000e-01 -1.206380e-01
3.500000e-01 -1.036380e-01
3.500000e-01 1.947490e-01
3.600000e-01 1.777490e-01
3.500000e-01 1.607490e-01
3.400000e-01 1.777490e-01
3.500000e-01 1.947490e-01
3.500000e-01 -1.036380e-01
3.600000e-01 -1.206380e-01
3.500000e-01 -1.376380e-01
3.400000e-01 -1.206380e-01
3.500000e-01 -1.036380e-01
3.500000e-01 1.947490e-01
3.600000e-01 1.777490e-01
3.500000e-01 1.607490e-01
3.400000e-01 1.777490e-01
3.500000e-01 1.947490e-01
3.500000e-01 -1.036380e-01
3.600000e-01 -1.206380e-01
3.500000e-01 -1.376380e-01
3.400000e-01 -1.206380e-01
3.500000e-01 -1.036380e-01
3.500000e-01 1.916160e-01
3.600000e-01 1.746160e-01
3.500000e-01 1.576160e-01
3.400000e-01 1.746160e-01
3.500000e-01 1.916160e-01
3.500000e-01 -1.036380e-01
3.600000e-01 -1.206380e-01
3.500000e-01 -1.376380e-01
3.400000e-01 -1.206380e-01
3.500000e-01 -1.036380e-01
3.500000e-01 1.916160e-01
3.600000e-01 1.746160e-01
3.500000e-01 1.576160e-01
3.400000e-01 1.746160e-01
3.500000e-01 1.916160e-01
3.500000e-01 -1.049140e-01
3.600000e-01 -1.219140e-01
3.500000e-01 -1.389140e-01
3.400000e-01 -1.219140e-01
3.500000e-01 -1.049140e-01
3.500000e-01 1.916160e-01
3.600000e-01 1.746160e-01
3.500000e-01 1.576160e-01
3.400000e-01 1.746160e-01
3.500000e-01 1.916160e-01
3.500000e-01 -1.049140e-01
3.600000e-01 -1.219140e-01
3.500000e-01 -1.389140e-01
3.400000e-01 -1.219140e-01
3.500000e-01 -1.049140e-01
3.500000e-01 1.916160e-01
3.600000e-01 1.746160e-01
3.500000e-01 1.576160e-01
3.400000e-01 1.746160e-01
3.500000e-01 1.916160e-01
3.500000e-01 -1.061910e-01
3.600000e-01 -1.231910e-01
3.500000e-01 -1.401910e-01
3.400000e-01 -1.231910e-01
3.500000e-01 -1.061910e-01
3.500000e-01 1.853490e-01
3.600000e-01 1.683490e-01
3.500000e-01 1.513490e-01
3.400000e-01 1.683490e-01
3.500000e-01 1.853490e-01
3.500000e-01 -1.061910e-01
3.600000e-01 -1.231910e-01
3.500000e-01 -1.401910e-01
3.400000e-01 -1.231910e-01
3.500000e-01 -1.061910e-01
3.500000e-01 1.853490e-01
3.600000e-01 1.683490e-01
3.500000e-01 1.513490e-01
3.400000e-01 1.683490e-01
3.500000e-01 1.853490e-01
3.500000e-01 -1.074670e-01
3.600000e-01 -1.244670e-01
3.500000e-01 -1.414670e-01
3.400000e-01 -1.244670e-01
3.500000e-01 -1.074670e-01
3.500000e-01 1.822160e-01
3.600000e-01 1.652160e-01
3.500000e-01 1.482160e-01
3.400000e-01 1.652160e-01
3.500000e-01 1.822160e-01
3.500000e-01 -1.074670e-01
3.600000e-01 -1.244670e-01
3.500000e-01 -1.414670e-01
3.400000e-01 -1.244670e-01
3.500000e-01 -1.074670e-01
3.500000e-01 1.822160e-01
3.600000e-01 1.652160e-01
3.500000e-01 1.482160e-01
3.400000e-01 1.652160e-01
3.500000e-01 1.822160e-01
3.500000e-01 -1.074670e-01
3.600000e-01 -1.244670e-01
3.500000e-01 -1.414670e-01
3.400000e-01 -1.244670e-01
3.500000e-01 -1.074670e-01
3.500000e-01 1.822160e-01
3.600000e-01 1.652160e-01
3.500000e-01 1.482160e-01
3.400000e-01 1.652160e-01
3.500000e-01 1.822160e-01
3.500000e-01 -1.074670e-01
3.600000e-01 -1.244670e-01
3.500000e-01 -1.414670e-01
3.400000e-01 -1.244670e-01
3.500000e-01 -1.074670e-01
3.500000e-01 1.822160e-01
3.600000e-01 1.652160e-01
3.500000e-01 1.482160e-01
3.400000e-01 1.652160e-01
3.500000e-01 1.822160e-01
3.500000e-01 -1.061910e-01
3.600000e-01 -1.231910e-01
3.500000e-01 -1.401910e-01
3.400000e-01 -1.231910e-01
3.500000e-01 -1.061910e-01
3.500000e-01 1.822160e-01
3.600000e-01 1.652160e-01
3.500000e-01 1.482160e-01
3.400000e-01 1.652160e-01
3.500000e-01 1.822160e-01
3.500000e-01 -1.061910e-01
3.600000e-01 -1.231910e-01
3.500000e-01 -1.401910e-01
3.400000e-01 -1.231910e-01
3.500000e-01 -1.061910e-01
3.500000e-01 1.822160e-01
3.600000e-01 1.652160e-01
3.500000e-01 1.482160e-01
3.400000e-01 1.652160e-01
3.500000e-01 1.822160e-01
3.500000e-01 -1.049140e-01
3.600000e-01 -1.219140e-01
3.500000e-01 -1.389140e-01
3.400000e-01 -1.219140e-01
3.500000e-01 -1.049140e-01
3.500000e-01 1.822160e-01
3.600000e-01 1.652160e-01
3.500000e-01 1.482160e-01
3.400000e-01 1.652160e-01
3.500000e-01 1.822160e-01
3.500000e-01 -1.049140e-01
3.600000e-01 -1.219140e-01
3.500000e-01 -1.389140e-01
3.400000e-01 -1.219140e-01
3.500000e-01 -1.049140e-01
3.500000e-01 1.822160e-01
3.600000e-01 1.652160e-01
3.500000e-01 1.482160e-01
3.400000e-01 1.652160e-01
3.500000e-01 1.822160e-01
3.500000e-01 -1.023610e-01
3.600000e-01 -1.193610e-01
3.500000e-01 -1.363610e-01
3.400000e-01 -1.193610e-01
3.500000e-01 -1.023610e-01
3.500000e-01 1.822160e-01
3.600000e-01 1.652160e-01
3.500000e-01 1.482160e-01
3.400000e-01 1.652160e-01
3.500000e-01 1.822160e-01
3.500000e-01 -1.023610e-01
3.600000e-01 -1.193610e-01
3.500000e-01 -1.363610e-01
3.400000e-01 -1.193610e-01
3.500000e-01 -1.023610e-01
3.500000e-01 1.822160e-01
3.600000e-01 1.652160e-01
3.500000e-01 1.482160e-01
3.400000e-01 1.652160e-01
3.500000e-01 1.822160e-01
3.500000e-01 -9.980800e-02
3.600000e-01 -1.168080e-01
3.500000e-01 -1.338080e-01
3.400000e-01 -1.168080e-01
3.500000e-01 -9.980800e-02
3.500000e-01 1.822160e-01
3.600000e-01 1.652160e-01
3.500000e-01 1.482160e-01
3.400000e-01 1.652160e-01
3.500000e-01 1.822160e-01
3.500000e-01 -9.980800e-02
3.600000e-01 -1.168080e-01
3.500000e-01 -1.338080e-01
3.400000e-01 -1.168080e-01
3.500000e-01 -9.980800e-02
3.500000e-01 1.822160e-01
3.600000e-01 1.652160e-01
3.500000e-01 1.482160e-01
3.400000e-01 1.652160e-01
3.500000e-01 1.822160e-01
3.500000e-01 -9.853200e-02
3.600000e-01 -1.155320e-01
3.500000e-01 -1.325320e-01
3.400000e-01 -1.155320e-01
3.500000e-01 -9.853200e-02
3.500000e-01 1.822160e-01
3.600000e-01 1.652160e-01
3.500000e-01 1.482160e-01
3.400000e-01 1.652160e-01
3.500000e-01 1.822160e-01
3.500000e-01 -9.853200e-02
3.600000e-01 -1.155320e-01
3.500000e-01 -1.325320e-01
3.400000e-01 -1.155320e-01
3.500000e-01 -9.853200e-02
3.500000e-01 1.822160e-01
3.600000e-01 1.652160e-01
3.500000e-01 1.482160e-01
3.400000e-01 1.652160e-01
3.500000e-01 1.822160e-01
3.500000e-01 -9.853200e-02
3.600000e-01 -1.155320e-01
3.500000e-01 -1.325320e-01
3.400000e-01 -1.155320e-01
3.500000e-01 -9.853200e-02
3.500000e-01 1.790830e-01
3.600000e-01 1.620830e-01
3.500000e-01 1.450830e-01
3.400000e-01 1.620830e-01
3.500000e-01 1.790830e-01
3.500000e-01 -9.853200e-02
3.600000e-01 -1.155320e-01
3.500000e-01 -1.325320e-01
3.400000e-01 -1.155320e-01
3.500000e-01 -9.853200e-02
3.500000e-01 1.790830e-01
3.600000e-01 1.620830e-01
3.500000e-01 1.450830e-01
3.400000e-01 1.620830e-01
3.500000e-01 1.790830e-01
3.500000e-01 -9.853200e-02
3.600000e-01 -1.155320e-01
3.500000e-01 -1.325320e-01
3.400000e-01 -1.155320e-01
3.500000e-01 -9.853200e-02
3.500000e-01 1.759500e-01
3.600000e-01 1.589500e-01
3.500000e-01 1.419500e-01
3.400000e-01 1.589500e-01
3.500000e-01 1.759500e-01
3.500000e-01 -9.853200e-02
3.600000e-01 -1.155320e-01
3.500000e-01 -1.325320e-01
3.400000e-01 -1.155320e-01
3.500000e-01 -9.853200e-02
3.500000e-01 1.759500e-01
3.600000e-01 1.589500e-01
3.500000e-01 1.419500e-01
3.400000e-01 1.589500e-01
3.500000e-01 1.759500e-01
3.500000e-01 -9.980800e-02
3.600000e-01 -1.168080e-01
3.500000e-01 -1.338080e-01
3.400000e-01 -1.168080e-01
3.500000e-01 -9.980800e-02
3.500000e-01 1.665500e-01
3.600000e-01 1.495500e-01
3.500000e-01 1.325500e-01
3.400000e-01 1.495500e-01
3.500000e-01 1.665500e-01
3.500000e-01 -9.980800e-02
3.600000e-01 -1.168080e-01
3.500000e-01 -1.338080e-01
3.400000e-01 -1.168080e-01
3.500000e-01 -9.980800e-02
3.500000e-01 1.665500e-01
3.600000e-01 1.495500e-01
3.500000e-01 1.325500e-01
3.400000e-01 1.495500e-01
3.500000e-01 1.665500e-01
3.500000e-01 -9.980800e-02
3.600000e-01 -1.168080e-01
3.500000e-01 -1.338080e-01
3.400000e-01 -1.168080e-01
3.500000e-01 -9.980800e-02
3.500000e-01 1.634170e-01
3.600000e-01 1.464170e-01
3.500000e-01 1.294170e-01
3.400000e-01 1.464170e-01
3.500000e-01 1.634170e-01
3.500000e-01 -9.980800e-02
3.600000e-01 -1.168080e-01
3.500000e-01 -1.338080e-01
3.400000e-01 -1.168080e-01
3.500000e-01 -9.980800e-02
3.500000e-01 1.634170e-01
3.600000e-01 1.464170e-01
3.500000e-01 1.294170e-01
3.400000e-01 1.464170e-01
3.500000e-01 1.634170e-01
3.500000e-01 -9.980800e-02
3.600000e-01 -1.168080e-01
3.500000e-01 -1.338080e-01
3.400000e-01 -1.168080e-01
3.500000e-01 -9.980800e-02
3.500000e-01 1.602840e-01
3.600000e-01 1.432840e-01
3.500000e-01 1.262840e-01
3.400000e-01 1.432840e-01
3.500000e-01 1.602840e-01
3.500000e-01 -9.980800e-02
3.600000e-01 -1.168080e-01
3.500000e-01 -1.338080e-01
3.400000e-01 -1.168080e-01
3.500000e-01 -9.980800e-02
3.500000e-01 1.602840e-01
3.600000e-01 1.432840e-01
3.500000e-01 1.262840e-01
3.400000e-01 1.432840e-01
3.500000e-01 1.602840e-01
3.500000e-01 -9.853200e-02
3.600000e-01 -1.155320e-01
3.500000e-01 -1.325320e-01
3.400000e-01 -1.155320e-01
3.500000e-01 -9.853200e-02
3.500000e-01 1.602840e-01
3.600000e-01 1.432840e-01
3.500000e-01 1.262840e-01
3.400000e-01 1.432840e-01
3.500000e-01 1.602840e-01
3.500000e-01 -9.853200e-02
3.600000e-01 -1.155320e-01
3.500000e-01 -1.325320e-01
3.400000e-01 -1.155320e-01
3.500000e-01 -9.853200e-02
3.500000e-01 1.602840e-01
3.600000e-01 1.432840e-01
3.500000e-01 1.262840e-01
3.400000e-01 1.432840e-01
3.500000e-01 1.602840e-01
3.500000e-01 -1.151260e-01
3.600000e-01 -1.321260e-01
3.500000e-01 -1.491260e-01
3.400000e-01 -1.321260e-01
3.500000e-01 -1.151260e-01
3.500000e-01 1.947490e-01
3.600000e-01 1.777490e-01
3.500000e-01 1.607490e-01
3.400000e-01 1.777490e-01
3.500000e-01 1.947490e-01
3.500000e-01 -1.151260e-01
3.600000e-01 -1.321260e-01
3.500000e-01 -1.491260e-01
3.400000e-01 -1.321260e-01
3.500000e-01 -1.151260e-01
3.500000e-01 1.947490e-01
3.600000e-01 1.777490e-01
3.500000e-01 1.607490e-01
3.400000e-01 1.777490e-01
3.500000e-01 1.947490e-01
3.500000e-01 -1.112970e-01
3.600000e-01 -1.282970e-01
3.500000e-01 -1.452970e-01
3.400000e-01 -1.282970e-01
3.500000e-01 -1.112970e-01
3.500000e-01 1.947490e-01
3.600000e-01 1.777490e-01
3.500000e-01 1.607490e-01
3.400000e-01 1.777490e-01
3.500000e-01 1.947490e-01
3.500000e-01 -1.112970e-01
3.600000e-01 -1.282970e-01
3.500000e-01 -1.452970e-01
3.400000e-01 -1.282970e-01
3.500000e-01 -1.112970e-01
3.500000e-01 1.947490e-01
3.600000e-01 1.777490e-01
3.500000e-01 1.607490e-01
3.400000e-01 1.777490e-01
3.500000e-01 1.947490e-01
3.500000e-01 -1.074670e-01
3.600000e-01 -1.244670e-01
3.500000e-01 -1.414670e-01
3.400000e-01 -1.244670e-01
3.500000e-01 -1.074670e-01
3.500000e-01 1.947490e-01
3.600000e-01 1.777490e-01
3.500000e-01 1.607490e-01
3.400000e-01 1.777490e-01
3.500000e-01 1.947490e-01
3.500000e-01 -1.151260e-01
3.600000e-01 -1.321260e-01
3.500000e-01 -1.491260e-01
3.400000e-01 -1.321260e-01
3.500000e-01 -1.151260e-01
3.500000e-01 1.947490e-01
3.600000e-01 1.777490e-01
3.500000e-01 1.607490e-01
3.400000e-01 1.777490e-01
3.500000e-01 1.947490e-01
3.500000e-01 -1.151260e-01
3.600000e-01 -1.321260e-01
3.500000e-01 -1.491260e-01
3.400000e-01 -1.321260e-01
3.500000e-01 -1.151260e-01
3.500000e-01 1.947490e-01
3.600000e-01 1.777490e-01
3.500000e-01 1.607490e-01
3.400000e-01 1.777490e-01
3.500000e-01 1.947490e-01
3.500000e-01 -1.151260e-01
3.600000e-01 -1.321260e-01
3.500000e-01 -1.491260e-01
3.400000e-01 -1.321260e-01
3.500000e-01 -1.151260e-01
3.500000e-01 1.947490e-01
3.600000e-01 1.777490e-01
3.500000e-01 1.607490e-01
3.400000e-01 1.777490e-01
3.500000e-01 1.947490e-01
3.500000e-01 -1.151260e-01
3.600000e-01 -1.321260e-01
3.500000e-01 -1.491260e-01
3.400000e-01 -1.321260e-01
3.500000e-01 -1.151260e-01
3.500000e-01 1.947490e-01
3.600000e-01 1.777490e-01
3.500000e-01 1.607490e-01
3.400000e-01 1.777490e-01
3.500000e-01 1.947490e-01
3.500000e-01 -1.151260e-01
3.600000e-01 -1.321260e-01
3.500000e-01 -1.491260e-01
3.400000e-01 -1.321260e-01
3.500000e-01 -1.151260e-01
3.500000e-01 1.947490e-01
3.600000e-01 1.777490e-01
3.500000e-01 1.607490e-01
3.400000e-01 1.777490e-01
3.500000e-01 1.947490e-01
3.500000e-01 -1.151260e-01
3.600000e-01 -1.321260e-01
3.500000e-01 -1.491260e-01
3.400000e-01 -1.321260e-01
3.500000e-01 -1.151260e-01
3.500000e-01 1.947490e-01
3.600000e-01 1.777490e-01
3.500000e-01 1.607490e-01
3.400000e-01 1.777490e-01
3.500000e-01 1.947490e-01
3.500000e-01 -1.112970e-01
3.600000e-01 -1.282970e-01
3.500000e-01 -1.452970e-01
3.400000e-01 -1.282970e-01
3.500000e-01 -1.112970e-01
3.500000e-01 1.947490e-01
3.600000e-01 1.777490e-01
3.500000e-01 1.607490e-01
3.400000e-01 1.777490e-01
3.500000e-01 1.947490e-01
3.500000e-01 -1.112970e-01
3.600000e-01 -1.282970e-01
3.500000e-01 -1.452970e-01
3.400000e-01 -1.282970e-01
3.500000e-01 -1.112970e-01
3.500000e-01 1.947490e-01
3.600000e-01 1.777490e-01
3.500000e-01 1.607490e-01
3.400000e-01 1.777490e-01
3.500000e-01 1.947490e-01
3.500000e-01 -1.074670e-01
3.600000e-01 -1.244670e-01
3.500000e-01 -1.414670e-01
3.400000e-01 -1.244670e-01
3.500000e-01 -1.074670e-01
3.500000e-01 1.947490e-01
3.600000e-01 1.777490e-01
3.500000e-01 1.607490e-01
3.400000e-01 1.777490e-01
3.500000e-01 1.947490e-01
3.500000e-01 -1.074670e-01
3.600000e-01 -1.244670e-01
3.500000e-01 -1.414670e-01
3.400000e-01 -1.244670e-01
3.500000e-01 -1.074670e-01
3.500000e-01 1.947490e-01
3.600000e-01 1.777490e-01
3.500000e-01 1.607490e-01
3.400000e-01 1.777490e-01
3.500000e-01 1.947490e-01
3.500000e-01 -1.049140e-01
3.600000e-01 -1.219140e-01
3.500000e-01 -1.389140e-01
3.400000e-01 -1.219140e-01
3.500000e-01 -1.049140e-01
3.500000e-01 1.947490e-01
3.600000e-01 1.777490e-01
3.500000e-01 1.607490e-01
3.400000e-01 1.777490e-01
3.500000e-01 1.947490e-01
3.500000e-01 -1.049140e-01
3.600000e-01 -1.219140e-01
3.500000e-01 -1.389140e-01
3.400000e-01 -1.219140e-01
3.500000e-01 -1.049140e-01
3.500000e-01 1.947490e-01
3.600000e-01 1.777490e-01
3.500000e-01 1.607490e-01
3.400000e-01 1.777490e-01
3.500000e-01 1.947490e-01
3.500000e-01 -1.036380e-01
3.600000e-01 -1.206380e-01
3.500000e-01 -1.376380e-01
3.400000e-01 -1.206380e-01
3.500000e-01 -1.036380e-01
3.500000e-01 1.947490e-01
3.600000e-01 1.777490e-01
3.500000e-01 1.607490e-01
3.400000e-01 1.777490e-01
3.500000e-01 1.947490e-01
3.500000e-01 -1.036380e-01
3.600000e-01 -1.206380e-01
3.500000e-01 -1.376380e-01
3.400000e-01 -1.206380e-01
3.500000e-01 -1.036380e-01
3.500000e-01 1.947490e-01
3.600000e-01 1.777490e-01
3.500000e-01 1.607490e-01
3.400000e-01 1.777490e-01
3.500000e-01 1.947490e-01
3.500000e-01 -1.036380e-01
3.600000e-01 -1.206380e-01
3.500000e-01 -1.376380e-01
3.400000e-01 -1.206380e-01
3.500000e-01 -1.036380e-01
3.500000e-01 1.916160e-01
3.600000e-01 1.746160e-01
3.500000e-01 1.576160e-01
3.400000e-01 1.746160e-01
3.500000e-01 1.916160e-01
3.500000e-01 -1.036380e-01
3.600000e-01 -1.206380e-01
3.500000e-01 -1.376380e-01
3.400000e-01 -1.206380e-01
3.500000e-01 -1.036380e-01
3.500000e-01 1.916160e-01
3.600000e-01 1.746160e-01
3.500000e-01 1.576160e-01
3.400000e-01 1.746160e-01
3.500000e-01 1.916160e-01
3.500000e-01 -1.049140e-01
3.600000e-01 -1.219140e-01
3.500000e-01 -1.389140e-01
3.400000e-01 -1.219140e-01
3.500000e-01 -1.049140e-01
3.500000e-01 1.916160e-01
3.600000e-01 1.746160e-01
3.500000e-01 1.576160e-01
3.400000e-01 1.746160e-01
3.500000e-01 1.916160e-01
3.500000e-01 -1.049140e-01
3.600000e-01 -1.219140e-01
3.500000e-01 -1.389140e-01
3.400000e-01 -1.219140e-01
3.500000e-01 -1.049140e-01
3.500000e-01 1.916160e-01
3.600000e-01 1.746160e-01
3.500000e-01 1.576160e-01
3.400000e-01 1.746160e-01
3.500000e-01 1.916160e-01
3.500000e-01 -1.061910e-01
3.600000e-01 -1.231910e-01
3.500000e-01 -1.401910e-01
3.400000e-01 -1.231910e-01
3.500000e-01 -1.061910e-01
3.500000e-01 1.853490e-01
3.600000e-01 1.683490e-01
3.500000e-01 1.513490e-01
3.400000e-01 1.683490e-01
3.500000e-01 1.853490e-01
3.500000e-01 -1.061910e-01
3.600000e-01 -1.231910e-01
3.500000e-01 -1.401910e-01
3.400000e-01 -1.231910e-01
3.500000e-01 -1.061910e-01
3.500000e-01 1.853490e-01
3.600000e-01 1.683490e-01
3.500000e-01 1.513490e-01
3.400000e-01 1.683490e-01
3.500000e-01 1.853490e-01
3.500000e-01 -1.074670e-01
3.600000e-01 -1.244670e-01
3.500000e-01 -1.414670e-01
3.400000e-01 -1.244670e-01
3.500000e-01 -1.074670e-01
3.500000e-01 1.822160e-01
3.600000e-01 1.652160e-01
3.500000e-01 1.482160e-01
3.400000e-01 1.652160e-01
3.500000e-01 1.822160e-01
3.500000e-01 -1.074670e-01
3.600000e-01 -1.244670e-01
3.500000e-01 -1.414670e-01
3.400000e-01 -1.244670e-01
3.500000e-01 -1.074670e-01
3.500000e-01 1.822160e-01
3.600000e-01 1.652160e-01
3.500000e-01 1.482160e-01
3.400000e-01 1.652160e-01
3.500000e-01 1.822160e-01
3.500000e-01 -1.074670e-01
3.600000e-01 -1.244670e-01
3.500000e-01 -1.414670e-01
3.400000e-01 -1.244670e-01
3.500000e-01 -1.074670e-01
3.500000e-01 1.822160e-01
3.600000e-01 1.652160e-01
3.500000e-01 1.482160e-01
3.400000e-01 1.652160e-01
3.500000e-01 1.822160e-01
3.500000e-01 -1.074670e-01
3.600000e-01 -1.244670e-01
3.500000e-01 -1.414670e-01
3.400000e-01 -1.244670e-01
3.500000e-01 -1.074670e-01
3.500000e-01 1.822160e-01
3.600000e-01 1.652160e-01
3.500000e-01 1.482160e-01
3.400000e-01 1.652160e-01
3.500000e-01 1.822160e-01
3.500000e-01 -1.061910e-01
3.600000e-01 -1.231910e-01
3.500000e-01 -1.401910e-01
3.400000e-01 -1.231910e-01
3.500000e-01 -1.061910e-01
3.500000e-01 1.822160e-01
3.600000e-01 1.652160e-01
3.500000e-01 1.482160e-01
3.400000e-01 1.652160e-01
3.500000e-01 1.822160e-01
3.500000e-01 -1.061910e-01
3.600000e-01 -1.231910e-01
3.500000e-01 -1.401910e-01
3.400000e-01 -1.231910e-01
3.500000e-01 -1.061910e-01
3.500000e-01 1.822160e-01
3.600000e-01 1.652160e-01
3.500000e-01 1.482160e-01
3.400000e-01 1.652160e-01
3.500000e-01 1.822160e-01
3.500000e-01 -1.049140e-01
3.600000e-01 -1.219140e-01
3.500000e-01 -1.389140e-01
3.400000e-01 -1.219140e-01
3.500000e-01 -1.049140e-01
3.500000e-01 1.822160e-01
3.600000e-01 1.652160e-01
3.500000e-01 1.482160e-01
3.400000e-01 1.652160e-01
3.500000e-01 1.822160e-01
3.500000e-01 -1.049140e-01
3.600000e-01 -1.219140e-01
3.500000e-01 -1.389140e-01
3.400000e-01 -1.219140e-01
3.500000e-01 -1.049140e-01
3.500000e-01 1.822160e-01
3.600000e-01 1.652160e-01
3.500000e-01 1.482160e-01
3.400000e-01 1.652160e-01
3.500000e-01 1.822160e-01
3.500000e-01 -1.023610e-01
3.600000e-01 -1.193610e-01
3.500000e-01 -1.363610e-01
3.400000e-01 -1.193610e-01
3.500000e-01 -1.023610e-01
3.500000e-01 1.822160e-01
3.600000e-01 1.652160e-01
3.500000e-01 1.482160e-01
3.400000e-01 1.652160e-01
3.500000e-01 1.822160e-01
3.500000e-01 -1.023610e-01
3.600000e-01 -1.193610e-01
3.500000e-01 -1.363610e-01
3.400000e-01 -1.193610e-01
3.500000e-01 -1.023610e-01
3.500000e-01 1.822160e-01
3.600000e-01 1.652160e-01
3.500000e-01 1.482160e-01
3.400000e-01 1.652160e-01
3.500000e-01 1.822160e-01
3.500000e-01 -9.980800e-02
3.600000e-01 -1.168080e-01
3.500000e-01 -1.338080e-01
3.400000e-01 -1.168080e-01
3.500000e-01 -9.980800e-02
3.500000e-01 1.822160e-01
3.600000e-01 1.652160e-01
3.500000e-01 1.482160e-01
3.400000e-01 1.652160e-01
3.500000e-01 1.822160e-01
3.500000e-01 -9.980800e-02
3.600000e-01 -1.168080e-01
3.500000e-01 -1.338080e-01
3.400000e-01 -1.168080e-01
3.500000e-01 -9.980800e-02
3.500000e-01 1.822160e-01
3.600000e-01 1.652160e-01
3.500000e-01 1.482160e-01
3.400000e-01 1.652160e-01
3.500000e-01 1.822160e-01
3.500000e-01 -9.853200e-02
3.600000e-01 -1.155320e-01
3.500000e-01 -1.325320e-01
3.400000e-01 -1.155320e-01
3.500000e-01 -9.853200e-02
3.500000e-01 1.822160e-01
3.600000e-01 1.652160e-01
3.500000e-01 1.482160e-01
3.400000e-01 1.652160e-01
3.500000e-01 1.822160e-01
3.500000e-01 -9.853200e-02
3.600000e-01 -1.155320e-01
3.500000e-01 -1.325320e-01
3.400000e-01 -1.155320e-01
3.500000e-01 -9.853200e-02
3.500000e-01 1.822160e-01
3.600000e-01 1.652160e-01
3.500000e-01 1.482160e-01
3.400000e-01 1.652160e-01
3.500000e-01 1.822160e-01
3.500000e-01 -9.853200e-02
3.600000e-01 -1.155320e-01
3.500000e-01 -1.325320e-01
3.400000e-01 -1.155320e-01
3.500000e-01 -9.853200e-02
3.500000e-01 1.790830e-01
3.600000e-01 1.620830e-01
3.500000e-01 1.450830e-01
3.400000e-01 1.620830e-01
3.500000e-01 1.790830e-01
3.500000e-01 -9.853200e-02
3.600000e-01 -1.155320e-01
3.500000e-01 -1.325320e-01
3.400000e-01 -1.155320e-01
3.500000e-01 -9.853200e-02
3.500000e-01 1.790830e-01
3.600000e-01 1.620830e-01
3.500000e-01 1.450830e-01
3.400000e-01 1.620830e-01
3.500000e-01 1.790830e-01
3.500000e-01 -9.853200e-02
3.600000e-01 -1.155320e-01
3.500000e-01 -1.325320e-01
3.400000e-01 -1.155320e-01
3.500000e-01 -9.853200e-02
3.500000e-01 1.759500e-01
3.600000e-01 1.589500e-01
3.500000e-01 1.419500e-01
3.400000e-01 1.589500e-01
3.500000e-01 1.759500e-01
3.500000e-01 -9.853200e-02
3.600000e-01 -1.155320e-01
3.500000e-01 -1.325320e-01
3.400000e-01 -1.155320e-01
3.500000e-01 -9.853200e-02
3.500000e-01 1.759500e-01
3.600000e-01 1.589500e-01
3.500000e-01 1.419500e-01
3.400000e-01 1.589500e-01
3.500000e-01 1.759500e-01
3.500000e-01 -9.980800e-02
3.600000e-01 -1.168080e-01
3.500000e-01 -1.338080e-01
3.400000e-01 -1.168080e-01
3.500000e-01 -9.980800e-02
3.500000e-01 1.665500e-01
3.600000e-01 1.495500e-01
3.500000e-01 1.325500e-01
3.400000e-01 1.495500e-01
3.500000e-01 1.665500e-01
3.500000e-01 -9.980800e-02
3.600000e-01 -1.168080e-01
3.500000e-01 -1.338080e-01
3.400000e-01 -1.168080e-01
3.500000e-01 -9.980800e-02
3.500000e-01 1.665500e-01
3.600000e-01 1.495500e-01
3.500000e-01 1.325500e-01
3.400000e-01 1.495500e-01
3.500000e-01 1.665500e-01
3.500000e-01 -9.980800e-02
3.600000e-01 -1.168080e-01
3.500000e-01 -1.338080e-01
3.400000e-01 -1.168080e-01
3.500000e-01 -9.980800e-02
3.500000e-01 1.634170e-01
3.600000e-01 1.464170e-01
3.500000e-01 1.294170e-01
3.400000e-01 1.464170e-01
3.500000e-01 1.634170e-01
3.500000e-01 -9.980800e-02
3.600000e-01 -1.168080e-01
3.500000e-01 -1.338080e-01
3.400000e-01 -1.168080e-01
3.500000e-01 -9.980800e-02
3.500000e-01 1.634170e-01
3.600000e-01 1.464170e-01
3.500000e-01 1.294170e-01
3.400000e-01 1.464170e-01
3.500000e-01 1.634170e-01
3.500000e-01 -9.980800e-02
3.600000e-01 -1.168080e-01
3.500000e-01 -1.338080e-01
3.400000e-01 -1.168080e-01
3.500000e-01 -9.980800e-02
3.500000e-01 1.602840e-01
3.600000e-01 1.432840e-01
3.500000e-01 1.262840e-01
3.400000e-01 1.432840e-01
3.500000e-01 1.602840e-01
3.500000e-01 -9.980800e-02
3.600000e-01 -1.168080e-01
3.500000e-01 -1.338080e-01
3.400000e-01 -1.168080e-01
3.500000e-01 -9.980800e-02
3.500000e-01 1.602840e-01
3.600000e-01 1.432840e-01
3.500000e-01 1.262840e-01
3.400000e-01 1.432840e-01
3.500000e-01 1.602840e-01
3.500000e-01 -9.853200e-02
3.600000e-01 -1.155320e-01
3.500000e-01 -1.325320e-01
3.400000e-01 -1.155320e-01
3.500000e-01 -9.853200e-02
3.500000e-01 1.602840e-01
3.600000e-01 1.432840e-01
3.500000e-01 1.262840e-01
3.400000e-01 1.432840e-01
3.500000e-01 1.602840e-01
3.500000e-01 -9.853200e-02
3.600000e-01 -1.155320e-01
3.500000e-01 -1.325320e-01
3.400000e-01 -1.155320e-01
3.500000e-01 -9.853200e-02
3.500000e-01 1.602840e-01
3.600000e-01 1.432840e-01
3.500000e-01 1.262840e-01
3.400000e-01 1.432840e-01
3.500000e-01 1.602840e-01
