-0.0005692397042404458
-0.000656605167285002
-0.0006987455103729762
-0.000694027084287874
-0.0006383653592108495
-0.0005643849520223502
-0.0004948106430347815
-0.0004364363570725679
-0.0003994872505233584
-0.0003870112252335422
-0.00039948725052330394
-0.0004364363570724616
-0.0004948106430346331
-0.0005643849520221826
-0.000638365359210703
-0.0006940270842878137
-0.0006987455103730153
-0.0006566051672851437
-0.0005692397042406499
-0.000764652458210404
-0.02815403965504664
-0.019219272600057326
-0.030102438756194193
-0.021210638557355204
-0.014957919526884534
-0.014518944403268976
-0.012986391373866065
-0.012986391373870807
-0.01451894440327541
-0.014957919526891418
-0.02121063855736886
-0.030102438756217858
-0.01921927260006457
-0.028154039655023406
-0.0007646524582101281
