9.985000e-03 1.997000e-02
2.995500e-02 3.994000e-02
4.992500e-02 5.991000e-02
6.989500e-02 7.988000e-02
8.986500e-02 9.985000e-02
1.098350e-01 1.198200e-01
1.298050e-01 1.397900e-01
1.497750e-01 1.597600e-01
1.697450e-01 1.797300e-01
1.897150e-01 1.997000e-01
2.096850e-01 2.196700e-01
2.296550e-01 2.396400e-01
2.496250e-01 2.596100e-01
2.695950e-01 2.795800e-01
2.895650e-01 2.954240e-01
3.012820e-01 3.071410e-01
3.129990e-01 3.188580e-01
3.247160e-01 3.305750e-01
3.364330e-01 3.422920e-01
3.481500e-01 3.540090e-01
3.598670e-01 3.657260e-01
3.715840e-01 3.774430e-01
3.833010e-01 3.932860e-01
4.032710e-01 4.132560e-01
4.232410e-01 4.332260e-01
4.432110e-01 4.531960e-01
4.631810e-01 4.731660e-01
4.831510e-01 4.931360e-01
5.031210e-01 5.131060e-01
5.230910e-01 5.330760e-01
5.430610e-01 5.530460e-01
5.630310e-01 5.730160e-01
5.830010e-01 5.929860e-01
6.029710e-01 6.129560e-01
6.229410e-01 6.329260e-01
6.429110e-01 6.528960e-01
6.628810e-01 6.728660e-01
6.828510e-01 6.928360e-01
7.028210e-01 7.128060e-01
7.227910e-01 7.327760e-01
7.427610e-01 7.527460e-01
7.627310e-01 7.727160e-01
7.827010e-01 7.926860e-01
8.026710e-01 8.126560e-01
8.226410e-01 8.326260e-01
8.426110e-01 8.525960e-01
8.625810e-01 8.725660e-01
8.825510e-01 8.925360e-01
9.025210e-01 9.125060e-01
9.224910e-01 9.324760e-01
9.424610e-01 9.524460e-01
9.624310e-01 9.724160e-01
9.824010e-01 9.923860e-01
1.002371e+00 1.012356e+00
1.022341e+00 1.032326e+00
1.042311e+00 1.052296e+00
1.062281e+00 1.072266e+00
1.082251e+00 1.092236e+00
1.098095e+00 1.103953e+00
1.109812e+00 1.115670e+00
1.121529e+00 1.127387e+00
1.133246e+00 1.139104e+00
1.144963e+00 1.150821e+00
1.156680e+00 1.162538e+00
1.168397e+00 1.174255e+00
1.180114e+00 1.185972e+00
1.191831e+00 1.197689e+00
1.203548e+00 1.209406e+00
1.215265e+00 1.221123e+00
1.226982e+00 1.232840e+00
1.238699e+00 1.244557e+00
1.250416e+00 1.256274e+00
1.262133e+00 1.267991e+00
1.273850e+00 1.279708e+00
1.285567e+00 1.291425e+00
1.297284e+00 1.303142e+00
1.309001e+00 1.314859e+00
1.320718e+00 1.326576e+00
1.332435e+00 1.338293e+00
1.344152e+00 1.350010e+00
1.355869e+00 1.361727e+00
1.367586e+00 1.373444e+00
1.379303e+00 1.385161e+00
1.391020e+00 1.396878e+00
1.402737e+00 1.408595e+00
1.414454e+00 1.420312e+00
1.426171e+00 1.432029e+00
1.437888e+00 1.443746e+00
1.449605e+00 1.455463e+00
1.461322e+00 1.467180e+00
1.473039e+00 1.478897e+00
1.484756e+00 1.490614e+00
1.496473e+00 1.502331e+00
1.508190e+00 1.514048e+00
1.519907e+00 1.525765e+00
1.531624e+00 1.537482e+00
1.543341e+00 1.549199e+00
1.555058e+00 1.560916e+00
1.566775e+00 1.576760e+00
1.586745e+00 1.596730e+00
1.606715e+00 1.616700e+00
1.626685e+00 1.636670e+00
1.646655e+00 1.656640e+00
1.666625e+00 1.676610e+00
1.686595e+00 1.696580e+00
1.706565e+00 1.716550e+00
1.726535e+00 1.736520e+00
1.746505e+00 1.756490e+00
1.766475e+00 1.776460e+00
1.786445e+00 1.796430e+00
1.806415e+00 1.816400e+00
1.826385e+00 1.836370e+00
1.846355e+00 1.856340e+00
1.866325e+00 1.876310e+00
1.886295e+00 1.896280e+00
1.906265e+00 1.916250e+00
1.926235e+00 1.936220e+00
1.946205e+00 1.956190e+00
1.966175e+00 1.976160e+00
1.986145e+00 1.996130e+00
2.006115e+00 2.016100e+00
2.026085e+00 2.036070e+00
2.046055e+00 2.056040e+00
2.066025e+00 2.076010e+00
2.085995e+00 2.095980e+00
2.105965e+00 2.115950e+00
2.125935e+00 2.135920e+00
2.145905e+00 2.155890e+00
2.165875e+00 2.175860e+00
2.185845e+00 2.195830e+00
2.205815e+00 2.215800e+00
2.225785e+00 2.235770e+00
2.245755e+00 2.255740e+00
2.265725e+00 2.275710e+00
2.285695e+00 2.295680e+00
2.305665e+00 2.315650e+00
2.325635e+00 2.335620e+00
2.345605e+00 2.355590e+00
2.365575e+00 2.375560e+00
2.385545e+00 2.395530e+00
2.405515e+00 2.415500e+00
2.425485e+00 2.435470e+00
2.445455e+00 2.455440e+00
2.465425e+00 2.475410e+00
2.485395e+00 2.495380e+00
2.505365e+00 2.515350e+00
2.525335e+00 2.535320e+00
2.545305e+00 2.555290e+00
2.565275e+00 2.575260e+00
2.585245e+00 2.595230e+00
2.605215e+00 2.615200e+00
2.625185e+00 2.635170e+00
2.645155e+00 2.655140e+00
2.665125e+00 2.675110e+00
2.685095e+00 2.695080e+00
2.705065e+00 2.715050e+00
2.725035e+00 2.735020e+00
2.745005e+00 2.754990e+00
2.764975e+00 2.774960e+00
2.784945e+00 2.794930e+00
2.804915e+00 2.814900e+00
2.824885e+00 2.834870e+00
2.844855e+00 2.854840e+00
2.864825e+00 2.874810e+00
2.884795e+00 2.894780e+00
2.904765e+00 2.914750e+00
2.924735e+00 2.934720e+00
2.944705e+00 2.954690e+00
2.964675e+00 2.974660e+00
2.984645e+00 2.994630e+00
3.004615e+00 3.014600e+00
3.024585e+00 3.034570e+00
3.044555e+00 3.054540e+00
3.064525e+00 3.074510e+00
3.084495e+00 3.094480e+00
3.104465e+00 3.114450e+00
3.124435e+00 3.134420e+00
3.144405e+00 3.154390e+00
3.164375e+00 3.174360e+00
3.184345e+00 3.194330e+00
3.204315e+00 3.214300e+00
3.224285e+00 3.234270e+00
3.244255e+00 3.254240e+00
3.264225e+00 3.274210e+00
3.284195e+00 3.294180e+00
3.304165e+00 3.314150e+00
3.324135e+00 3.334120e+00
3.344105e+00 3.354090e+00
3.364075e+00 3.374060e+00
3.384045e+00 3.394030e+00
3.404015e+00 3.414000e+00
3.423985e+00 3.433970e+00
3.443955e+00 3.453940e+00
3.463925e+00 3.473910e+00
3.483895e+00 3.493880e+00
3.503865e+00 3.513850e+00
3.523835e+00 3.533820e+00
3.543805e+00 3.553790e+00
3.563775e+00 3.569633e+00
3.575492e+00 3.581350e+00
3.587209e+00 3.593067e+00
3.598926e+00 3.604784e+00
3.610643e+00 3.616501e+00
3.622360e+00 3.628218e+00
3.634077e+00 3.639935e+00
3.645794e+00 3.651652e+00
3.657511e+00 3.663369e+00
3.669228e+00 3.675086e+00
3.680945e+00 3.686803e+00
3.692662e+00 3.698520e+00
3.704379e+00 3.710237e+00
3.716096e+00 3.721954e+00
3.727813e+00 3.733671e+00
3.739530e+00 3.745388e+00
3.751247e+00 3.757105e+00
3.762964e+00 3.768822e+00
3.774681e+00 3.780539e+00
3.786398e+00 3.792256e+00
3.798115e+00 3.803973e+00
3.809832e+00 3.815690e+00
3.821549e+00 3.827407e+00
3.833266e+00 3.839124e+00
3.844983e+00 3.850841e+00
3.856700e+00 3.862558e+00
3.868417e+00 3.874275e+00
3.880134e+00 3.885992e+00
3.891851e+00 3.897709e+00
3.903568e+00 3.909426e+00
3.915285e+00 3.921143e+00
3.927002e+00 3.932860e+00
3.938719e+00 3.944577e+00
3.950436e+00 3.956294e+00
3.962153e+00 3.968011e+00
3.973870e+00 3.979728e+00
3.985587e+00 3.991445e+00
3.997304e+00 4.003162e+00
4.009021e+00 4.014879e+00
4.020738e+00 4.026596e+00
4.032455e+00 4.038313e+00
4.048298e+00 4.058283e+00
4.068268e+00 4.078253e+00
4.088238e+00 4.098223e+00
4.108208e+00 4.118193e+00
4.128178e+00 4.138163e+00
4.148148e+00 4.158133e+00
4.168118e+00 4.178103e+00
4.188088e+00 4.198073e+00
4.208058e+00 4.218043e+00
4.228028e+00 4.238013e+00
4.247998e+00 4.257983e+00
4.267968e+00 4.277953e+00
4.287938e+00 4.297923e+00
4.307908e+00 4.317893e+00
4.327878e+00 4.337863e+00
4.347848e+00 4.357833e+00
4.367818e+00 4.377803e+00
4.387788e+00 4.397773e+00
4.407758e+00 4.417743e+00
4.427728e+00 4.437713e+00
4.447698e+00 4.457683e+00
4.467668e+00 4.477653e+00
4.487638e+00 4.497623e+00
4.507608e+00 4.517593e+00
4.527578e+00 4.537563e+00
4.547548e+00 4.557533e+00
4.567518e+00 4.577503e+00
4.587488e+00 4.597473e+00
4.607458e+00 4.617443e+00
4.627428e+00 4.637413e+00
4.647398e+00 4.657383e+00
4.667368e+00 4.677353e+00
4.687338e+00 4.697323e+00
4.707308e+00 4.717293e+00
4.727278e+00 4.737263e+00
4.747248e+00 4.753107e+00
4.758965e+00 4.764824e+00
4.770682e+00 4.776541e+00
4.782399e+00 4.788258e+00
4.794116e+00 4.799975e+00
4.805833e+00 4.811692e+00
4.817550e+00 4.823409e+00
4.829267e+00 4.835126e+00
4.840984e+00 4.850969e+00
4.860954e+00 4.870939e+00
4.880924e+00 4.890909e+00
4.900894e+00 4.910879e+00
4.920864e+00 4.930849e+00
4.940834e+00 4.950819e+00
4.960804e+00 4.970789e+00
4.980774e+00 4.990759e+00
5.000744e+00 5.010729e+00
5.020714e+00 5.030699e+00
5.040684e+00 5.050669e+00
5.060654e+00 5.070639e+00
5.080624e+00 5.090609e+00
5.100594e+00 5.110579e+00
5.120564e+00 5.130549e+00
1.110331e-01 1.108934e-01
1.105034e-01 1.098544e-01
1.089608e-01 1.078140e-01
1.064228e-01 1.047928e-01
1.029271e-01 1.008286e-01
9.850014e-02 9.594465e-02
9.316503e-02 9.015840e-02
8.692473e-02 8.345531e-02
7.974140e-02 7.577136e-02
7.152481e-02 6.697847e-02
6.210323e-02 5.686999e-02
5.123800e-02 4.517525e-02
3.865553e-02 3.167303e-02
2.423938e-02 1.641281e-02
8.286446e-03 3.387925e-03
5.131368e-03 6.930112e-03
8.795799e-03 1.074880e-02
1.281823e-02 1.503319e-02
1.744025e-02 2.010635e-02
2.313045e-02 2.666681e-02
3.097449e-02 3.651042e-02
4.412744e-02 5.551075e-02
7.416762e-02 1.858033e-01
1.333079e-01 1.095808e-01
9.516752e-02 8.483493e-02
7.671730e-02 6.998511e-02
6.421341e-02 5.915189e-02
5.464048e-02 5.058021e-02
4.689832e-02 4.352785e-02
4.044263e-02 3.760190e-02
3.498237e-02 3.256076e-02
3.031378e-02 2.823562e-02
2.630008e-02 2.450716e-02
2.283939e-02 2.128805e-02
1.984148e-02 1.849679e-02
1.724524e-02 1.607809e-02
1.498953e-02 1.397665e-02
1.303071e-02 1.214880e-02
1.132801e-02 1.055962e-02
9.846522e-03 9.177086e-03
8.554220e-03 7.972103e-03
7.427822e-03 6.924291e-03
6.449865e-03 6.007455e-03
5.594152e-03 5.207043e-03
4.846130e-03 4.508502e-03
4.194158e-03 3.897278e-03
3.620772e-03 3.361730e-03
3.117241e-03 2.890215e-03
2.674831e-03 2.471090e-03
2.284812e-03 2.104356e-03
1.935542e-03 1.775459e-03
1.624109e-03 1.478579e-03
1.341781e-03 1.210805e-03
1.085650e-03 9.634049e-04
8.469813e-04 7.334684e-04
6.228660e-04 5.151742e-04
4.103930e-04 3.056118e-04
2.008306e-04 9.896002e-05
6.112236e-05 8.149648e-05
1.018706e-04 1.222447e-04
1.426188e-04 1.629930e-04
1.833671e-04 2.037412e-04
2.270259e-04 2.444895e-04
2.648636e-04 2.852377e-04
3.056118e-04 3.259859e-04
3.434495e-04 3.638236e-04
3.812871e-04 3.987507e-04
4.162142e-04 4.336777e-04
4.511413e-04 4.686048e-04
4.831577e-04 5.006213e-04
5.151742e-04 5.297271e-04
5.413695e-04 5.559224e-04
5.675648e-04 5.792072e-04
5.908495e-04 6.024919e-04
6.112236e-04 6.199554e-04
6.286872e-04 6.374189e-04
6.432401e-04 6.490613e-04
6.548825e-04 6.577931e-04
6.636142e-04 6.636142e-04
6.665248e-04 6.665248e-04
6.694354e-04 6.665248e-04
6.636142e-04 6.636142e-04
6.577931e-04 6.548825e-04
6.490613e-04 6.432401e-04
6.345083e-04 6.257766e-04
6.170448e-04 6.083130e-04
5.966707e-04 5.850283e-04
5.704754e-04 5.588330e-04
5.442801e-04 5.268166e-04
5.122636e-04 4.918895e-04
4.744260e-04 4.569624e-04
4.365883e-04 4.133036e-04
3.929295e-04 3.696448e-04
3.434495e-04 3.201648e-04
2.939695e-04 2.648636e-04
2.386683e-04 2.066518e-04
1.775459e-04 1.455294e-04
1.106024e-04 7.567531e-05
3.783765e-05 1.891883e-04
3.754659e-04 5.646542e-04
7.567531e-04 9.546731e-04
1.152593e-03 1.359245e-03
1.571718e-03 1.792923e-03
2.022859e-03 2.258617e-03
2.508927e-03 2.770880e-03
3.044476e-03 3.332624e-03
3.638236e-03 3.961311e-03
4.301850e-03 4.665674e-03
5.049871e-03 5.457354e-03
5.891032e-03 6.353815e-03
6.845705e-03 7.372521e-03
7.931354e-03 8.530936e-03
9.171265e-03 9.852343e-03
1.058290e-02 1.136294e-02
1.219828e-02 1.309183e-02
1.404650e-02 1.506812e-02
1.616250e-02 1.733256e-02
1.858702e-02 1.992880e-02
2.136372e-02 2.290342e-02
2.455082e-02 2.631463e-02
2.820069e-02 3.022355e-02
3.238903e-02 3.470586e-02
3.718568e-02 3.983723e-02
4.268087e-02 4.572244e-02
4.897648e-02 5.245754e-02
5.618018e-02 6.016478e-02
6.441715e-02 6.896640e-02
7.382417e-02 7.900793e-02
8.454096e-02 9.044072e-02
9.672177e-02 1.034074e-01
1.105121e-01 1.180564e-01
1.260518e-01 1.345129e-01
1.434455e-01 1.528554e-01
1.627456e-01 1.731073e-01
1.839259e-01 1.951783e-01
2.068381e-01 2.188646e-01
2.312084e-01 2.438084e-01
2.566004e-01 2.695089e-01
2.824523e-01 2.953491e-01
3.081091e-01 3.206479e-01
3.328811e-01 3.447214e-01
3.560960e-01 3.669350e-01
3.771774e-01 3.867649e-01
3.956538e-01 4.038034e-01
4.111789e-01 4.177510e-01
4.234994e-01 4.284154e-01
4.324844e-01 4.356889e-01
4.380087e-01 4.394145e-01
4.398947e-01 4.398947e-01
4.394145e-01 4.380087e-01
4.356889e-01 4.324844e-01
4.284154e-01 4.234994e-01
4.177510e-01 4.111789e-01
4.038034e-01 3.956538e-01
3.867649e-01 3.771774e-01
3.669350e-01 3.560960e-01
3.447214e-01 3.328811e-01
3.206479e-01 3.081091e-01
2.953491e-01 2.824523e-01
2.695089e-01 2.566004e-01
2.438084e-01 2.312084e-01
2.188646e-01 2.068381e-01
1.951783e-01 1.839259e-01
1.731073e-01 1.627456e-01
1.528554e-01 1.434455e-01
1.345129e-01 1.260518e-01
1.180564e-01 1.105121e-01
1.034074e-01 9.672177e-02
9.044072e-02 8.454096e-02
7.900793e-02 7.382417e-02
6.896640e-02 6.441715e-02
6.016478e-02 5.618018e-02
5.245754e-02 4.897648e-02
4.572244e-02 4.268087e-02
3.983723e-02 3.718568e-02
3.470586e-02 3.238903e-02
3.022355e-02 2.820069e-02
2.631463e-02 2.455082e-02
2.290342e-02 2.136372e-02
1.992880e-02 1.858702e-02
1.733256e-02 1.616250e-02
1.506812e-02 1.404650e-02
1.309183e-02 1.219828e-02
1.136294e-02 1.058290e-02
9.852343e-03 9.171265e-03
8.530936e-03 7.931354e-03
7.372521e-03 6.845705e-03
6.353815e-03 5.891032e-03
5.457354e-03 5.049871e-03
4.665674e-03 4.301850e-03
3.961311e-03 3.638236e-03
3.332624e-03 3.044476e-03
2.770880e-03 2.508927e-03
2.258617e-03 2.022859e-03
1.792923e-03 1.571718e-03
1.359245e-03 1.152593e-03
9.546731e-04 7.567531e-04
5.646542e-04 3.754659e-04
1.891883e-04 3.783765e-05
7.567531e-05 1.106024e-04
1.455294e-04 1.775459e-04
2.066518e-04 2.386683e-04
2.648636e-04 2.939695e-04
3.201648e-04 3.434495e-04
3.696448e-04 3.929295e-04
4.133036e-04 4.365883e-04
4.569624e-04 4.744260e-04
4.918895e-04 5.122636e-04
5.268166e-04 5.442801e-04
5.588330e-04 5.704754e-04
5.850283e-04 5.966707e-04
6.083130e-04 6.170448e-04
6.257766e-04 6.345083e-04
6.432401e-04 6.490613e-04
6.548825e-04 6.577931e-04
6.636142e-04 6.636142e-04
6.665248e-04 6.694354e-04
6.665248e-04 6.665248e-04
6.636142e-04 6.636142e-04
6.577931e-04 6.548825e-04
6.490613e-04 6.432401e-04
6.374189e-04 6.286872e-04
6.199554e-04 6.112236e-04
6.024919e-04 5.908495e-04
5.792072e-04 5.675648e-04
5.559224e-04 5.413695e-04
5.297271e-04 5.151742e-04
5.006213e-04 4.831577e-04
4.686048e-04 4.511413e-04
4.336777e-04 4.162142e-04
3.987507e-04 3.812871e-04
3.638236e-04 3.434495e-04
3.259859e-04 3.056118e-04
2.852377e-04 2.648636e-04
2.444895e-04 2.270259e-04
2.037412e-04 1.833671e-04
1.629930e-04 1.426188e-04
1.222447e-04 1.018706e-04
8.149648e-05 6.112236e-05
9.896002e-05 2.008306e-04
3.056118e-04 4.103930e-04
5.151742e-04 6.228660e-04
7.334684e-04 8.469813e-04
9.634049e-04 1.085650e-03
1.210805e-03 1.341781e-03
1.478579e-03 1.624109e-03
1.775459e-03 1.935542e-03
2.104356e-03 2.284812e-03
2.471090e-03 2.674831e-03
2.890215e-03 3.117241e-03
3.361730e-03 3.620772e-03
3.897278e-03 4.194158e-03
4.508502e-03 4.846130e-03
5.207043e-03 5.594152e-03
6.007455e-03 6.449865e-03
6.924291e-03 7.427822e-03
7.972103e-03 8.554220e-03
9.177086e-03 9.846522e-03
1.055962e-02 1.132801e-02
1.214880e-02 1.303071e-02
1.397665e-02 1.498953e-02
1.607809e-02 1.724524e-02
1.849679e-02 1.984148e-02
2.128805e-02 2.283939e-02
2.450716e-02 2.630008e-02
2.823562e-02 3.031378e-02
3.256076e-02 3.498237e-02
3.760190e-02 4.044263e-02
4.352785e-02 4.689832e-02
5.058021e-02 5.464048e-02
5.915189e-02 6.421341e-02
6.998511e-02 7.671730e-02
8.483493e-02 9.516752e-02
1.095808e-01 1.333079e-01
1.858033e-01 7.416762e-02
5.551075e-02 4.412744e-02
3.651042e-02 3.097449e-02
2.666681e-02 2.313045e-02
2.010635e-02 1.744025e-02
1.503319e-02 1.281823e-02
1.074880e-02 8.795799e-03
6.930112e-03 5.131368e-03
3.387925e-03 8.286446e-03
1.641281e-02 2.423938e-02
3.167303e-02 3.865553e-02
4.517525e-02 5.123800e-02
5.686999e-02 6.210323e-02
6.697847e-02 7.152481e-02
7.577136e-02 7.974140e-02
8.345531e-02 8.692473e-02
9.015840e-02 9.316503e-02
9.594465e-02 9.850014e-02
1.008286e-01 1.029271e-01
1.047928e-01 1.064228e-01
1.078140e-01 1.089608e-01
1.098544e-01 1.105034e-01
1.108934e-01 1.110331e-01
