6.940000e-01 2.850000e-01
6.462500e-01 2.850000e-01
5.985000e-01 2.850000e-01
5.985000e-01 4.850000e-01
5.985000e-01 6.850000e-01
5.985000e-01 8.417500e-01
5.985000e-01 9.985000e-01
4.759125e-01 9.985000e-01
3.533250e-01 9.985000e-01
2.307375e-01 9.985000e-01
1.081500e-01 9.985000e-01
1.081500e-01 7.492500e-01
1.081500e-01 5.000000e-01
1.081500e-01 2.500000e-01
1.081500e-01 -5.551115e-17
1.081500e-01 -2.500000e-01
1.081500e-01 -5.000000e-01
1.081500e-01 -7.492500e-01
1.081500e-01 -9.985000e-01
2.307375e-01 -9.985000e-01
3.533250e-01 -9.985000e-01
4.759125e-01 -9.985000e-01
5.985000e-01 -9.985000e-01
5.985000e-01 -8.417500e-01
5.985000e-01 -6.850000e-01
5.985000e-01 -4.850000e-01
5.985000e-01 -2.850000e-01
6.462500e-01 -2.850000e-01
6.940000e-01 -2.850000e-01
