6.780833e-01 2.850000e-01
6.462500e-01 2.850000e-01
6.144167e-01 2.850000e-01
5.985000e-01 3.516667e-01
5.985000e-01 4.850000e-01
5.985000e-01 6.183333e-01
5.985000e-01 7.372500e-01
5.985000e-01 8.417500e-01
5.985000e-01 9.462500e-01
5.576375e-01 9.985000e-01
4.759125e-01 9.985000e-01
3.941875e-01 9.985000e-01
3.124625e-01 9.985000e-01
2.307375e-01 9.985000e-01
1.490125e-01 9.985000e-01
1.081500e-01 9.154167e-01
1.081500e-01 7.492500e-01
1.081500e-01 5.830833e-01
1.081500e-01 4.166667e-01
1.081500e-01 2.500000e-01
1.081500e-01 8.333333e-02
1.081500e-01 -8.333333e-02
1.081500e-01 -2.500000e-01
1.081500e-01 -4.166667e-01
1.081500e-01 -5.830833e-01
1.081500e-01 -7.492500e-01
1.081500e-01 -9.154167e-01
1.490125e-01 -9.985000e-01
2.307375e-01 -9.985000e-01
3.124625e-01 -9.985000e-01
3.941875e-01 -9.985000e-01
4.759125e-01 -9.985000e-01
5.576375e-01 -9.985000e-01
5.985000e-01 -9.462500e-01
5.985000e-01 -8.417500e-01
5.985000e-01 -7.372500e-01
5.985000e-01 -6.183333e-01
5.985000e-01 -4.850000e-01
5.985000e-01 -3.516667e-01
6.144167e-01 -2.850000e-01
6.462500e-01 -2.850000e-01
6.780833e-01 -2.850000e-01
