0	%number_of_coils

4.	4.
-10.e3 -10.e3
-0.28	0.28
0.58	0.58

0	%number_of_coils

4.	3.	3.	4.
10e3	10e3	10e3	10e3
-1.1	-0.5	-0.5	1.1
0.22	0.685	0.685	0.22



2	%number_of_coils

1.	1.

30000.	30000.

-0.77	0.77

1.12	1.12


26	%number_of_coils

50.	50.	50.	50.	60.
25.	25.
25.	25.	25.	25.	25.	25.
25.	25.	25.	25.	25.	25.
25.	25.
60.	50.	50.	50.	50.

1600.	1600.	1600.	1600.	1600.
480.	480.
480.	480.	480.	480.	480.	480.
480.	480.	480.	480.	480.	480.
480.	480.
1600.	1600.	1600.	1600.	1600.


-2.90	-2.80	-2.60	-2.40	-2.20
-1.95	-1.95
-1.65	-1.35	-1.05	-0.75	-0.45	-0.15
0.15	0.45	0.75	1.05	1.35	1.65	
1.95	1.95
2.20	2.40	2.60	2.80	2.90

0.31	0.31	0.31	0.31	0.31
0.65	0.55
0.55	0.55	0.55	0.55	0.55	0.55
0.55	0.55	0.55	0.55	0.55	0.55
0.55	0.65
0.31	0.31	0.31	0.31	0.31

/* CF-L */
/* CF upper end */
/* CF */
/* CF */
/* CF lower end */
/* CFR */
