0.000983	0.014594
0.001966	0.014594
0.002948	0.014594
0.003931	0.014593
0.004914	0.014592
0.005897	0.014591
0.006879	0.014589
0.007862	0.014587
0.008845	0.014585
0.009828	0.014583
0.010811	0.014580
0.011793	0.014577
0.012776	0.014574
0.013759	0.014570
0.014742	0.014567
0.015724	0.014562
0.016707	0.014558
0.017690	0.014553
0.018673	0.014548
0.019656	0.014543
0.020638	0.014538
0.021621	0.014532
0.022604	0.014526
0.023587	0.014520
0.024569	0.014513
0.025552	0.014506
0.026535	0.014499
0.027518	0.014491
0.028500	0.014484
0.029483	0.014476
0.030466	0.014467
0.031449	0.014459
0.032432	0.014450
0.033414	0.014441
0.034397	0.014431
0.035380	0.014421
0.036363	0.014411
0.037345	0.014401
0.038328	0.014390
0.039311	0.014380
0.040294	0.014368
0.041277	0.014357
0.042259	0.014345
0.043242	0.014333
0.044225	0.014321
0.045208	0.014309
0.046190	0.014296
0.047173	0.014283
0.048156	0.014269
0.049139	0.014256
0.050122	0.014242
0.051104	0.014227
0.052087	0.014213
0.053070	0.014198
0.054053	0.014183
0.055035	0.014168
0.056018	0.014152
0.057001	0.014136
0.057984	0.014120
0.058967	0.014103
0.059949	0.014087
0.060932	0.014070
0.061915	0.014052
0.062898	0.014035
0.063880	0.014017
0.064863	0.013999
0.065846	0.013980
0.066829	0.013961
0.067812	0.013942
0.068794	0.013923
0.069777	0.013903
0.070760	0.013884
0.071743	0.013863
0.072725	0.013843
0.073708	0.013822
0.074691	0.013801
0.075674	0.013780
0.076656	0.013758
0.077639	0.013737
0.078622	0.013714
0.079605	0.013692
0.080588	0.013669
0.081570	0.013646
0.082553	0.013623
0.083536	0.013599
0.084519	0.013576
0.085501	0.013552
0.086484	0.013527
0.087467	0.013502
0.088450	0.013477
0.089433	0.013452
0.090415	0.013427
0.091398	0.013401
0.092381	0.013375
0.093364	0.013348
0.094346	0.013321
0.095329	0.013294
0.096312	0.013267
0.097295	0.013240
0.098278	0.013212
0.099260	0.013184
0.100243	0.013155
0.101226	0.013126
0.102209	0.013097
0.103191	0.013068
0.104174	0.013038
0.105157	0.013008
0.106140	0.012978
0.107123	0.012948
0.108105	0.012917
0.109088	0.012886
0.110071	0.012854
0.111054	0.012823
0.112036	0.012790
0.113019	0.012758
0.114002	0.012726
0.114985	0.012693
0.115968	0.012659
0.116950	0.012626
0.117933	0.012592
0.118916	0.012558
0.119899	0.012523
0.120881	0.012489
0.121864	0.012453
0.122847	0.012418
0.123830	0.012382
0.124812	0.012346
0.125795	0.012310
0.126778	0.012273
0.127761	0.012236
0.128744	0.012199
0.129726	0.012161
0.130709	0.012123
0.131692	0.012085
0.132675	0.012046
0.133657	0.012007
0.134640	0.011968
0.135623	0.011929
0.136606	0.011889
0.137589	0.011848
0.138571	0.011808
0.139554	0.011767
0.140537	0.011725
0.141520	0.011684
0.142502	0.011642
0.143485	0.011599
0.144468	0.011557
0.145451	0.011513
0.146434	0.011470
0.147416	0.011426
0.148399	0.011382
0.149382	0.011338
0.150365	0.011293
0.151347	0.011247
0.152330	0.011202
0.153313	0.011156
0.154296	0.011109
0.155279	0.011063
0.156261	0.011015
0.157244	0.010968
0.158227	0.010920
0.159210	0.010872
0.160192	0.010823
0.161175	0.010774
0.162158	0.010724
0.163141	0.010674
0.164124	0.010624
0.165106	0.010573
0.166089	0.010522
0.167072	0.010470
0.168055	0.010418
0.169037	0.010366
0.170020	0.010313
0.171003	0.010260
0.171986	0.010206
0.172969	0.010152
0.173951	0.010097
0.174934	0.010042
0.175917	0.009986
0.176900	0.009930
0.177882	0.009874
0.178865	0.009817
0.179848	0.009759
0.180831	0.009701
0.181813	0.009643
0.182796	0.009584
0.183779	0.009524
0.184762	0.009465
0.185745	0.009404
0.186727	0.009343
0.187710	0.009282
0.188693	0.009220
0.189676	0.009157
0.190658	0.009094
0.191641	0.009031
0.192624	0.008966
0.193607	0.008902
0.194590	0.008837
0.195572	0.008771
0.196555	0.008704
0.197538	0.008638
0.198521	0.008570
0.199503	0.008502
0.200486	0.008433
0.201469	0.008364
0.202452	0.008294
0.203435	0.008224
0.204417	0.008153
0.205400	0.008081
0.206383	0.008009
0.207366	0.007936
0.208348	0.007862
0.209331	0.007788
0.210314	0.007713
0.211297	0.007638
0.212280	0.007562
0.213262	0.007485
0.214245	0.007408
0.215228	0.007330
0.216211	0.007251
0.217193	0.007171
0.218176	0.007091
0.219159	0.007010
0.220142	0.006929
0.221125	0.006847
0.222107	0.006764
0.223090	0.006680
0.224073	0.006596
0.225056	0.006511
0.226038	0.006425
0.227021	0.006339
0.228004	0.006252
0.228987	0.006164
0.229969	0.006076
0.230952	0.005986
0.231935	0.005896
0.232918	0.005806
0.233901	0.005714
0.234883	0.005622
0.235866	0.005529
0.236849	0.005436
0.237832	0.005341
0.238814	0.005246
0.239797	0.005151
0.240780	0.005054
0.241763	0.004957
0.242746	0.004859
0.243728	0.004760
0.244711	0.004661
0.245694	0.004561
0.246677	0.004461
0.247659	0.004359
0.248642	0.004257
0.249625	0.004154
0.250608	0.004051
0.251591	0.003947
0.252573	0.003842
0.253556	0.003737
0.254539	0.003631
0.255522	0.003525
0.256504	0.003417
0.257487	0.003310
0.258470	0.003201
0.259453	0.003092
0.260436	0.002983
0.261418	0.002873
0.262401	0.002762
0.263384	0.002651
0.264367	0.002540
0.265349	0.002428
0.266332	0.002315
0.267315	0.002202
0.268298	0.002089
0.269281	0.001975
0.270263	0.001861
0.271246	0.001747
0.272229	0.001632
0.273212	0.001517
0.274194	0.001401
0.275177	0.001285
0.276160	0.001169
0.277143	0.001053
0.278125	0.000937
0.279108	0.000820
0.280091	0.000703
0.281074	0.000586
0.282057	0.000469
0.283039	0.000352
0.284022	0.000235
0.285005	0.000117
0.285988	-0.000000
0.286962	0.000233
0.287937	0.000350
0.288912	0.000467
0.289887	0.000584
0.290862	0.000702
0.291836	0.000820
0.292811	0.000938
0.293786	0.001057
0.294761	0.001176
0.295736	0.001296
0.296710	0.001415
0.297685	0.001536
0.298660	0.001657
0.299635	0.001778
0.300610	0.001900
0.301584	0.002023
0.302559	0.002146
0.303534	0.002270
0.304509	0.002394
0.305484	0.002519
0.306458	0.002645
0.307433	0.002772
0.308408	0.002900
0.309383	0.003028
0.310357	0.003158
0.311332	0.003288
0.312307	0.003419
0.313282	0.003551
0.314257	0.003685
0.315231	0.003819
0.316206	0.003955
0.317181	0.004091
0.318156	0.004230
0.319131	0.004369
0.320105	0.004510
0.321080	0.004652
0.322055	0.004796
0.323030	0.004941
0.324005	0.005088
0.324979	0.005236
0.325954	0.005387
0.326929	0.005539
0.327904	0.005693
0.328879	0.005849
0.329853	0.006008
0.330828	0.006168
0.331803	0.006331
0.332778	0.006497
0.333753	0.006665
0.334727	0.006835
0.335702	0.007009
0.336677	0.007185
0.337652	0.007365
0.338626	0.007548
0.339601	0.007735
0.340576	0.007925
0.341551	0.008119
0.342526	0.008317
0.343500	0.008520
0.344475	0.008727
0.345450	0.008940
0.346425	0.009157
0.347400	0.009380
0.348374	0.009610
0.349349	0.009845
0.350324	0.010088
0.351299	0.010338
0.352274	0.010596
0.353248	0.010862
0.354223	0.011138
0.355198	0.011424
0.356173	0.011722
0.357148	0.012031
0.358122	0.012354
0.359097	0.012691
0.360072	0.013044
0.361047	0.013416
0.362021	0.013807
0.362996	0.014221
0.363971	0.014661
0.364946	0.015129
0.365921	0.015631
0.366895	0.016172
0.367870	0.016757
0.368845	0.017396
0.369820	0.018098
0.370795	0.018879
0.371769	0.019756
0.372744	0.020754
0.373719	0.021913
0.374694	0.023285
0.375669	0.024960
0.376643	0.027084
0.377618	0.029930
0.378593	0.034057
0.379568	0.040770
0.380543	0.053564
0.381517	0.083158
0.382492	0.113052
0.383475	0.113884
0.384458	0.093101
0.385440	0.079136
0.386423	0.069902
0.387406	0.063524
0.388389	0.058878
0.389372	0.055327
0.390354	0.052504
0.391337	0.050189
0.392320	0.048243
0.393303	0.046574
0.394285	0.045118
0.395268	0.043832
0.396251	0.042683
0.397234	0.041646
0.398217	0.040702
0.399199	0.039838
0.400182	0.039041
0.401165	0.038302
0.402148	0.037613
0.403130	0.036969
0.404113	0.036364
0.405096	0.035794
0.406079	0.035255
0.407061	0.034743
0.408044	0.034257
0.409027	0.033793
0.410010	0.033349
0.410993	0.032925
0.411975	0.032518
0.412958	0.032127
0.413941	0.031750
0.414924	0.031387
0.415906	0.031036
0.416889	0.030697
0.417872	0.030369
0.418855	0.030050
0.419838	0.029742
0.420820	0.029442
0.421803	0.029150
0.422786	0.028866
0.423769	0.028590
0.424751	0.028320
0.425734	0.028057
0.426717	0.027800
0.427700	0.027549
0.428683	0.027304
0.429665	0.027064
0.430648	0.026829
0.431631	0.026599
0.432614	0.026373
0.433596	0.026152
0.434579	0.025935
0.435562	0.025722
0.436545	0.025512
0.437528	0.025307
0.438510	0.025105
0.439493	0.024906
0.440476	0.024710
0.441459	0.024518
0.442441	0.024329
0.443424	0.024142
0.444407	0.023958
0.445390	0.023777
0.446373	0.023599
0.447355	0.023423
0.448338	0.023250
0.449321	0.023079
0.450304	0.022910
0.451286	0.022743
0.452269	0.022579
0.453252	0.022416
0.454235	0.022256
0.455217	0.022097
0.456200	0.021941
0.457183	0.021786
0.458166	0.021633
0.459149	0.021482
0.460131	0.021333
0.461114	0.021185
0.462097	0.021039
0.463080	0.020894
0.464062	0.020751
0.465045	0.020609
0.466028	0.020469
0.467011	0.020330
0.467994	0.020193
0.468976	0.020057
0.469959	0.019922
0.470942	0.019789
0.471925	0.019657
0.472907	0.019526
0.473890	0.019397
0.474873	0.019268
0.475856	0.019141
0.476839	0.019015
0.477821	0.018890
0.478804	0.018766
0.479787	0.018643
0.480770	0.018522
0.481752	0.018401
0.482735	0.018282
0.483718	0.018163
0.484701	0.018045
0.485684	0.017929
0.486666	0.017813
0.487649	0.017698
0.488632	0.017584
0.489615	0.017472
0.490597	0.017360
0.491580	0.017248
0.492563	0.017138
0.493546	0.017029
0.494529	0.016920
0.495511	0.016813
0.496494	0.016706
0.497477	0.016600
0.498460	0.016494
0.499442	0.016390
0.500425	0.016286
0.501408	0.016183
0.502391	0.016081
0.503374	0.015979
0.504356	0.015879
0.505339	0.015779
0.506322	0.015679
0.507305	0.015581
0.508287	0.015483
0.509270	0.015386
0.510253	0.015289
0.511236	0.015193
0.512218	0.015098
0.513201	0.015004
0.514184	0.014910
0.515167	0.014816
0.516150	0.014724
0.517132	0.014632
0.518115	0.014541
0.519098	0.014450
0.520081	0.014360
0.521063	0.014270
0.522046	0.014181
0.523029	0.014093
0.524012	0.014005
0.524995	0.013918
0.525977	0.013831
0.526960	0.013745
0.527943	0.013660
0.528926	0.013575
0.529908	0.013491
0.530891	0.013407
0.531874	0.013323
0.532857	0.013241
0.533840	0.013159
0.534822	0.013077
0.535805	0.012996
0.536788	0.012915
0.537771	0.012835
0.538753	0.012755
0.539736	0.012676
0.540719	0.012598
0.541702	0.012519
0.542685	0.012442
0.543667	0.012365
0.544650	0.012288
0.545633	0.012212
0.546616	0.012136
0.547598	0.012061
0.548581	0.011986
0.549564	0.011912
0.550547	0.011838
0.551530	0.011764
0.552512	0.011691
0.553495	0.011619
0.554478	0.011547
0.555461	0.011475
0.556443	0.011404
0.557426	0.011333
0.558409	0.011263
0.559392	0.011193
0.560374	0.011124
0.561357	0.011055
0.562340	0.010986
0.563323	0.010918
0.564306	0.010850
0.565288	0.010783
0.566271	0.010716
0.567254	0.010649
0.568237	0.010583
0.569219	0.010517
0.570202	0.010452
0.571185	0.010387
0.572168	0.010322
0.573151	0.010258
0.574133	0.010195
0.575116	0.010131
0.576099	0.010068
0.577082	0.010005
0.578064	0.009943
0.579047	0.009881
0.580030	0.009820
0.581013	0.009759
0.581996	0.009698
0.582978	0.009637
0.583961	0.009577
0.584944	0.009518
0.585927	0.009458
0.586909	0.009399
0.587892	0.009341
0.588875	0.009282
0.589858	0.009224
0.590841	0.009167
0.591823	0.009109
0.592806	0.009053
0.593789	0.008996
0.594772	0.008940
0.595754	0.008884
0.596737	0.008828
0.597720	0.008773
0.598703	0.008718
0.599686	0.008664
0.600668	0.008609
0.601651	0.008555
0.602634	0.008502
0.603617	0.008448
0.604599	0.008396
0.605582	0.008343
0.606565	0.008290
0.607548	0.008238
0.608530	0.008187
0.609513	0.008135
0.610496	0.008084
0.611479	0.008033
0.612462	0.007983
0.613444	0.007933
0.614427	0.007883
0.615410	0.007833
0.616393	0.007784
0.617375	0.007735
0.618358	0.007686
0.619341	0.007638
0.620324	0.007590
0.621307	0.007542
0.622289	0.007494
0.623272	0.007447
0.624255	0.007400
0.625238	0.007353
0.626220	0.007307
0.627203	0.007260
0.628186	0.007215
0.629169	0.007169
0.630152	0.007124
0.631134	0.007078
0.632117	0.007034
0.633100	0.006989
0.634083	0.006945
0.635065	0.006901
0.636048	0.006857
0.637031	0.006814
0.638014	0.006770
0.638997	0.006727
0.639979	0.006685
0.640962	0.006642
0.641945	0.006600
0.642928	0.006558
0.643910	0.006516
0.644893	0.006475
0.645876	0.006434
0.646859	0.006393
0.647842	0.006352
0.648824	0.006312
0.649807	0.006271
0.650790	0.006231
0.651773	0.006192
0.652755	0.006152
0.653738	0.006113
0.654721	0.006074
0.655704	0.006035
0.656686	0.005996
0.657669	0.005958
0.658652	0.005920
0.659635	0.005882
0.660618	0.005844
0.661600	0.005807
0.662583	0.005770
0.663566	0.005733
0.664549	0.005696
0.665531	0.005660
0.666514	0.005623
0.667497	0.005587
0.668480	0.005551
0.669463	0.005516
0.670445	0.005480
0.671428	0.005445
0.672411	0.005410
0.673394	0.005375
0.674376	0.005341
0.675359	0.005306
0.676342	0.005272
0.677325	0.005238
0.678308	0.005204
0.679290	0.005171
0.680273	0.005137
0.681256	0.005104
0.682239	0.005071
0.683221	0.005039
0.684204	0.005006
0.685187	0.004974
0.686170	0.004942
0.687153	0.004910
0.688135	0.004878
0.689118	0.004846
0.690101	0.004815
0.691084	0.004784
0.692066	0.004753
0.693049	0.004722
0.694032	0.004691
0.695015	0.004661
0.695998	0.004631
0.696980	0.004600
0.697963	0.004571
0.698946	0.004541
0.699929	0.004511
0.700911	0.004482
0.701894	0.004453
0.702877	0.004424
0.703860	0.004395
0.704842	0.004366
0.705825	0.004338
0.706808	0.004310
0.707791	0.004282
0.708774	0.004254
0.709756	0.004226
0.710739	0.004198
0.711722	0.004171
0.712705	0.004144
0.713687	0.004116
0.714670	0.004090
0.715653	0.004063
0.716636	0.004036
0.717619	0.004010
0.718601	0.003983
0.719584	0.003957
0.720567	0.003931
0.721550	0.003906
0.722532	0.003880
0.723515	0.003854
0.724498	0.003829
0.725481	0.003804
0.726464	0.003779
0.727446	0.003754
0.728429	0.003729
0.729412	0.003705
0.730395	0.003680
0.731377	0.003656
0.732360	0.003632
0.733343	0.003608
0.734326	0.003584
0.735309	0.003561
0.736291	0.003537
0.737274	0.003514
0.738257	0.003491
0.739240	0.003468
0.740222	0.003445
0.741205	0.003422
0.742188	0.003399
0.743171	0.003377
0.744154	0.003354
0.745136	0.003332
0.746119	0.003310
0.747102	0.003288
0.748085	0.003266
0.749067	0.003244
0.750050	0.003223
0.751033	0.003201
0.752016	0.003180
0.752999	0.003159
0.753981	0.003138
0.754964	0.003117
0.755947	0.003096
0.756930	0.003076
0.757912	0.003055
0.758895	0.003035
0.759878	0.003014
0.760861	0.002994
0.761843	0.002974
0.762826	0.002954
0.763809	0.002935
0.764792	0.002915
0.765775	0.002895
0.766757	0.002876
0.767740	0.002857
0.768723	0.002838
0.769706	0.002819
0.770688	0.002800
0.771671	0.002781
0.772654	0.002762
0.773637	0.002744
0.774620	0.002725
0.775602	0.002707
0.776585	0.002689
0.777568	0.002670
0.778551	0.002652
0.779533	0.002635
0.780516	0.002617
0.781499	0.002599
0.782482	0.002582
0.783465	0.002564
0.784447	0.002547
0.785430	0.002530
0.786413	0.002512
0.787396	0.002495
0.788378	0.002478
0.789361	0.002462
0.790344	0.002445
0.791327	0.002428
0.792310	0.002412
0.793292	0.002395
0.794275	0.002379
0.795258	0.002363
0.796241	0.002347
0.797223	0.002331
0.798206	0.002315
0.799189	0.002299
0.800172	0.002283
0.801155	0.002268
0.802137	0.002252
0.803120	0.002237
0.804103	0.002222
0.805086	0.002206
0.806068	0.002191
0.807051	0.002176
0.808034	0.002161
0.809017	0.002146
0.809999	0.002132
0.810982	0.002117
0.811965	0.002102
0.812948	0.002088
0.813931	0.002074
0.814913	0.002059
0.815896	0.002045
0.816879	0.002031
0.817862	0.002017
0.818844	0.002003
0.819827	0.001989
0.820810	0.001975
0.821793	0.001962
0.822776	0.001948
0.823758	0.001934
0.824741	0.001921
0.825724	0.001908
0.826707	0.001894
0.827689	0.001881
0.828672	0.001868
0.829655	0.001855
0.830638	0.001842
0.831621	0.001829
0.832603	0.001816
0.833586	0.001804
0.834569	0.001791
0.835552	0.001778
0.836534	0.001766
0.837517	0.001754
0.838500	0.001741
0.839483	0.001729
0.840466	0.001717
0.841448	0.001705
0.842431	0.001693
0.843414	0.001681
0.844397	0.001669
0.845379	0.001657
0.846362	0.001645
0.847345	0.001634
0.848328	0.001622
0.849311	0.001610
0.850293	0.001599
0.851276	0.001588
0.852259	0.001576
0.853242	0.001565
0.854224	0.001554
0.855207	0.001543
0.856190	0.001532
0.857173	0.001521
0.858155	0.001510
0.859138	0.001499
0.860121	0.001488
0.861104	0.001477
0.862087	0.001467
0.863069	0.001456
0.864052	0.001446
0.865035	0.001435
0.866018	0.001425
0.867000	0.001415
0.867983	0.001404
0.868966	0.001394
0.869949	0.001384
0.870932	0.001374
0.871914	0.001364
0.872897	0.001354
0.873880	0.001344
0.874863	0.001334
0.875845	0.001324
0.876828	0.001315
0.877811	0.001305
0.878794	0.001295
0.879777	0.001286
0.880759	0.001276
0.881742	0.001267
0.882725	0.001257
0.883708	0.001248
0.884690	0.001239
0.885673	0.001230
0.886656	0.001220
0.887639	0.001211
0.888622	0.001202
0.889604	0.001193
0.890587	0.001184
0.891570	0.001175
0.892553	0.001167
0.893535	0.001158
0.894518	0.001149
0.895501	0.001140
0.896484	0.001132
0.897467	0.001123
0.898449	0.001114
0.899432	0.001106
0.900415	0.001098
0.901398	0.001089
0.902380	0.001081
0.903363	0.001072
0.904346	0.001064
0.905329	0.001056
0.906311	0.001048
0.907294	0.001040
0.908277	0.001032
0.909260	0.001024
0.910243	0.001016
0.911225	0.001008
0.912208	0.001000
0.913191	0.000992
0.914174	0.000984
0.915156	0.000977
0.916139	0.000969
0.917122	0.000961
0.918105	0.000954
0.919088	0.000946
0.920070	0.000938
0.921053	0.000931
0.922036	0.000923
0.923019	0.000916
0.924001	0.000909
0.924984	0.000901
0.925967	0.000894
0.926950	0.000887
0.927933	0.000880
0.928915	0.000872
0.929898	0.000865
0.930881	0.000858
0.931864	0.000851
0.932846	0.000844
0.933829	0.000837
0.934812	0.000830
0.935795	0.000823
0.936778	0.000816
0.937760	0.000810
0.938743	0.000803
0.939726	0.000796
0.940709	0.000789
0.941691	0.000783
0.942674	0.000776
0.943657	0.000769
0.944640	0.000763
0.945623	0.000756
0.946605	0.000750
0.947588	0.000743
0.948571	0.000737
0.949554	0.000730
0.950536	0.000724
0.951519	0.000718
0.952502	0.000711
0.953485	0.000705
0.954467	0.000699
0.955450	0.000693
0.956433	0.000686
0.957416	0.000680
0.958399	0.000674
0.959381	0.000668
0.960364	0.000662
0.961347	0.000656
0.962330	0.000650
0.963312	0.000644
0.964295	0.000638
0.965278	0.000632
0.966261	0.000626
0.967244	0.000620
0.968226	0.000615
0.969209	0.000609
0.970192	0.000603
0.971175	0.000597
0.972157	0.000591
0.973140	0.000586
0.974123	0.000580
0.975106	0.000574
0.976089	0.000569
0.977071	0.000563
0.978054	0.000558
0.979037	0.000552
0.980020	0.000547
0.981002	0.000541
0.981985	0.000536
0.982968	0.000530
0.983951	0.000525
0.984934	0.000519
0.985916	0.000514
0.986899	0.000509
0.987882	0.000503
0.988865	0.000498
0.989847	0.000493
0.990830	0.000487
0.991813	0.000482
0.992796	0.000477
0.993779	0.000472
0.994761	0.000467
0.995744	0.000461
0.996727	0.000456
0.997710	0.000451
0.998692	0.000446
0.999675	0.000441
1.000658	0.000436
1.001641	0.000431
1.002624	0.000426
1.003606	0.000421
1.004589	0.000416
1.005572	0.000411
1.006555	0.000406
1.007537	0.000401
1.008520	0.000396
1.009503	0.000391
1.010486	0.000387
1.011468	0.000382
1.012451	0.000377
1.013434	0.000372
1.014417	0.000367
1.015400	0.000363
1.016382	0.000358
1.017365	0.000353
1.018348	0.000348
1.019331	0.000344
1.020313	0.000339
1.021296	0.000334
1.022279	0.000330
1.023262	0.000325
1.024245	0.000320
1.025227	0.000316
1.026210	0.000311
1.027193	0.000306
1.028176	0.000302
1.029158	0.000297
1.030141	0.000293
1.031124	0.000288
1.032107	0.000284
1.033090	0.000279
1.034072	0.000275
1.035055	0.000270
1.036038	0.000266
1.037021	0.000261
1.038003	0.000257
1.038986	0.000252
1.039969	0.000248
1.040952	0.000244
1.041935	0.000239
1.042917	0.000235
1.043900	0.000230
1.044883	0.000226
1.045866	0.000222
1.046848	0.000217
1.047831	0.000213
1.048814	0.000209
1.049797	0.000204
1.050780	0.000200
1.051762	0.000196
1.052745	0.000191
1.053728	0.000187
1.054711	0.000183
1.055693	0.000179
1.056676	0.000174
1.057659	0.000170
1.058642	0.000166
1.059624	0.000162
1.060607	0.000157
1.061590	0.000153
1.062573	0.000149
1.063556	0.000145
1.064538	0.000140
1.065521	0.000136
1.066504	0.000132
1.067487	0.000128
1.068469	0.000124
1.069452	0.000119
1.070435	0.000115
1.071418	0.000111
1.072401	0.000107
1.073383	0.000103
1.074366	0.000099
1.075349	0.000095
1.076332	0.000090
1.077314	0.000086
1.078297	0.000082
1.079280	0.000078
1.080263	0.000074
1.081246	0.000070
1.082228	0.000066
1.083211	0.000062
1.084194	0.000057
1.085177	0.000053
1.086159	0.000049
1.087142	0.000045
1.088125	0.000041
1.089108	0.000037
1.090091	0.000033
1.091073	0.000029
1.092056	0.000025
1.093039	0.000020
1.094022	0.000016
1.095004	0.000012
1.095987	0.000008
1.096970	0.000004
1.097945	0.000006
1.098920	0.000008
1.099894	0.000010
1.100869	0.000012
1.101844	0.000014
1.102819	0.000016
1.103794	0.000018
1.104768	0.000020
1.105743	0.000022
1.106718	0.000025
1.107693	0.000027
1.108667	0.000029
1.109642	0.000031
1.110617	0.000033
1.111592	0.000035
1.112567	0.000037
1.113541	0.000039
1.114516	0.000041
1.115491	0.000043
1.116466	0.000045
1.117441	0.000047
1.118415	0.000049
1.119390	0.000052
1.120365	0.000054
1.121340	0.000056
1.122315	0.000058
1.123289	0.000060
1.124264	0.000062
1.125239	0.000064
1.126214	0.000066
1.127189	0.000068
1.128163	0.000070
1.129138	0.000072
1.130113	0.000075
1.131088	0.000077
1.132062	0.000079
1.133037	0.000081
1.134012	0.000083
1.134987	0.000085
1.135962	0.000087
1.136936	0.000089
1.137911	0.000091
1.138886	0.000093
1.139861	0.000096
1.140836	0.000098
1.141810	0.000100
1.142785	0.000102
1.143760	0.000104
1.144735	0.000106
1.145710	0.000108
1.146684	0.000110
1.147659	0.000112
1.148634	0.000114
1.149609	0.000116
1.150584	0.000119
1.151558	0.000121
1.152533	0.000123
1.153508	0.000125
1.154483	0.000127
1.155457	0.000129
1.156432	0.000131
1.157407	0.000133
1.158382	0.000135
1.159357	0.000137
1.160331	0.000139
1.161306	0.000141
1.162281	0.000144
1.163256	0.000146
1.164231	0.000148
1.165205	0.000150
1.166180	0.000152
1.167155	0.000154
1.168130	0.000156
1.169105	0.000158
1.170079	0.000160
1.171054	0.000162
1.172029	0.000164
1.173004	0.000166
1.173979	0.000168
1.174953	0.000170
1.175928	0.000172
1.176903	0.000174
1.177878	0.000176
1.178852	0.000178
1.179827	0.000180
1.180802	0.000182
1.181777	0.000184
1.182752	0.000186
1.183726	0.000188
1.184701	0.000190
1.185676	0.000192
1.186651	0.000194
1.187626	0.000196
1.188600	0.000198
1.189575	0.000200
1.190550	0.000202
1.191525	0.000204
1.192500	0.000206
1.193474	0.000208
1.194449	0.000210
1.195424	0.000212
1.196399	0.000214
1.197374	0.000216
1.198348	0.000218
1.199323	0.000220
1.200298	0.000222
1.201273	0.000224
1.202247	0.000226
1.203222	0.000228
1.204197	0.000229
1.205172	0.000231
1.206147	0.000233
1.207121	0.000235
1.208096	0.000237
1.209071	0.000239
1.210046	0.000241
1.211021	0.000243
1.211995	0.000245
1.212970	0.000246
1.213945	0.000248
1.214920	0.000250
1.215895	0.000252
1.216869	0.000254
1.217844	0.000256
1.218819	0.000257
1.219794	0.000259
1.220769	0.000261
1.221743	0.000263
1.222718	0.000265
1.223693	0.000266
1.224668	0.000268
1.225643	0.000270
1.226617	0.000272
1.227592	0.000273
1.228567	0.000275
1.229542	0.000277
1.230516	0.000279
1.231491	0.000280
1.232466	0.000282
1.233441	0.000284
1.234416	0.000285
1.235390	0.000287
1.236365	0.000289
1.237340	0.000290
1.238315	0.000292
1.239290	0.000294
1.240264	0.000295
1.241239	0.000297
1.242214	0.000299
1.243189	0.000300
1.244164	0.000302
1.245138	0.000303
1.246113	0.000305
1.247088	0.000307
1.248063	0.000308
1.249038	0.000310
1.250012	0.000311
1.250987	0.000313
1.251962	0.000314
1.252937	0.000316
1.253911	0.000318
1.254886	0.000319
1.255861	0.000321
1.256836	0.000322
1.257811	0.000324
1.258785	0.000325
1.259760	0.000326
1.260735	0.000328
1.261710	0.000329
1.262685	0.000331
1.263659	0.000332
1.264634	0.000334
1.265609	0.000335
1.266584	0.000336
1.267559	0.000338
1.268533	0.000339
1.269508	0.000341
1.270483	0.000342
1.271458	0.000343
1.272433	0.000345
1.273407	0.000346
1.274382	0.000347
1.275357	0.000348
1.276332	0.000350
1.277306	0.000351
1.278281	0.000352
1.279256	0.000354
1.280231	0.000355
1.281206	0.000356
1.282180	0.000357
1.283155	0.000358
1.284130	0.000360
1.285105	0.000361
1.286080	0.000362
1.287054	0.000363
1.288029	0.000364
1.289004	0.000365
1.289979	0.000367
1.290954	0.000368
1.291928	0.000369
1.292903	0.000370
1.293878	0.000371
1.294853	0.000372
1.295828	0.000373
1.296802	0.000374
1.297777	0.000375
1.298752	0.000376
1.299727	0.000377
1.300701	0.000378
1.301676	0.000379
1.302651	0.000380
1.303626	0.000381
1.304601	0.000382
1.305575	0.000383
1.306550	0.000384
1.307525	0.000385
1.308500	0.000386
1.309475	0.000387
1.310449	0.000387
1.311424	0.000388
1.312399	0.000389
1.313374	0.000390
1.314349	0.000391
1.315323	0.000392
1.316298	0.000392
1.317273	0.000393
1.318248	0.000394
1.319223	0.000395
1.320197	0.000395
1.321172	0.000396
1.322147	0.000397
1.323122	0.000397
1.324096	0.000398
1.325071	0.000399
1.326046	0.000399
1.327021	0.000400
1.327996	0.000401
1.328970	0.000401
1.329945	0.000402
1.330920	0.000403
1.331895	0.000403
1.332870	0.000404
1.333844	0.000404
1.334819	0.000405
1.335794	0.000405
1.336769	0.000406
1.337744	0.000406
1.338718	0.000407
1.339693	0.000407
1.340668	0.000408
1.341643	0.000408
1.342618	0.000408
1.343592	0.000409
1.344567	0.000409
1.345542	0.000410
1.346517	0.000410
1.347492	0.000410
1.348466	0.000411
1.349441	0.000411
1.350416	0.000411
1.351391	0.000411
1.352365	0.000412
1.353340	0.000412
1.354315	0.000412
1.355290	0.000412
1.356265	0.000413
1.357239	0.000413
1.358214	0.000413
1.359189	0.000413
1.360164	0.000413
1.361139	0.000413
1.362113	0.000413
1.363088	0.000414
1.364063	0.000414
1.365038	0.000414
1.366013	0.000414
1.366987	0.000414
1.367962	0.000414
1.368937	0.000414
1.369912	0.000414
1.370887	0.000414
1.371861	0.000414
1.372836	0.000414
1.373811	0.000414
1.374786	0.000414
1.375760	0.000413
1.376735	0.000413
1.377710	0.000413
1.378685	0.000413
1.379660	0.000413
1.380634	0.000413
1.381609	0.000413
1.382584	0.000412
1.383559	0.000412
1.384534	0.000412
1.385508	0.000412
1.386483	0.000411
1.387458	0.000411
1.388433	0.000411
1.389408	0.000410
1.390382	0.000410
1.391357	0.000410
1.392332	0.000409
1.393307	0.000409
1.394282	0.000408
1.395256	0.000408
1.396231	0.000408
1.397206	0.000407
1.398181	0.000407
1.399155	0.000406
1.400130	0.000406
1.401105	0.000405
1.402080	0.000405
1.403055	0.000404
1.404029	0.000404
1.405004	0.000403
1.405979	0.000402
1.406954	0.000402
1.407929	0.000401
1.408903	0.000400
1.409878	0.000400
1.410853	0.000399
1.411828	0.000398
1.412803	0.000398
1.413777	0.000397
1.414752	0.000396
1.415727	0.000396
1.416702	0.000395
1.417677	0.000394
1.418651	0.000393
1.419626	0.000392
1.420601	0.000391
1.421576	0.000391
1.422550	0.000390
1.423525	0.000389
1.424500	0.000388
1.425475	0.000387
1.426450	0.000386
1.427424	0.000385
1.428399	0.000384
1.429374	0.000383
1.430349	0.000382
1.431324	0.000381
1.432298	0.000380
1.433273	0.000379
1.434248	0.000378
1.435223	0.000377
1.436198	0.000376
1.437172	0.000375
1.438147	0.000373
1.439122	0.000372
1.440097	0.000371
1.441072	0.000370
1.442046	0.000369
1.443021	0.000368
1.443996	0.000366
1.444971	0.000365
1.445946	0.000364
1.446920	0.000363
1.447895	0.000361
1.448870	0.000360
1.449845	0.000359
1.450819	0.000357
1.451794	0.000356
1.452769	0.000354
1.453744	0.000353
1.454719	0.000352
1.455693	0.000350
1.456668	0.000349
1.457643	0.000347
1.458618	0.000346
1.459593	0.000344
1.460567	0.000343
1.461542	0.000341
1.462517	0.000340
1.463492	0.000338
1.464467	0.000337
1.465441	0.000335
1.466416	0.000333
1.467391	0.000332
1.468366	0.000330
1.469341	0.000328
1.470315	0.000327
1.471290	0.000325
1.472265	0.000323
1.473240	0.000322
1.474214	0.000320
1.475189	0.000318
1.476164	0.000316
1.477139	0.000314
1.478114	0.000313
1.479088	0.000311
1.480063	0.000309
1.481038	0.000307
1.482013	0.000305
1.482988	0.000303
1.483962	0.000301
1.484937	0.000299
1.485912	0.000297
1.486887	0.000295
1.487862	0.000294
1.488836	0.000292
1.489811	0.000289
1.490786	0.000287
1.491761	0.000285
1.492736	0.000283
1.493710	0.000281
1.494685	0.000279
1.495660	0.000277
1.496635	0.000275
1.497609	0.000273
1.498584	0.000271
1.499559	0.000268
1.500534	0.000266
1.501509	0.000264
1.502483	0.000262
1.503458	0.000259
1.504433	0.000257
1.505408	0.000255
1.506383	0.000253
1.507357	0.000250
1.508332	0.000248
1.509307	0.000246
1.510282	0.000243
1.511257	0.000241
1.512231	0.000238
1.513206	0.000236
1.514181	0.000234
1.515156	0.000231
1.516131	0.000229
1.517105	0.000226
1.518080	0.000224
1.519055	0.000221
1.520030	0.000219
1.521004	0.000216
1.521979	0.000213
1.522954	0.000211
1.523929	0.000208
1.524904	0.000205
1.525878	0.000203
1.526853	0.000200
1.527828	0.000197
1.528803	0.000195
1.529778	0.000192
1.530752	0.000189
1.531727	0.000186
1.532702	0.000184
1.533677	0.000181
1.534652	0.000178
1.535626	0.000175
1.536601	0.000172
1.537576	0.000169
1.538551	0.000167
1.539526	0.000164
1.540500	0.000161
1.541475	0.000158
1.542450	0.000155
1.543425	0.000152
1.544399	0.000149
1.545374	0.000146
1.546349	0.000143
1.547324	0.000140
1.548299	0.000136
1.549273	0.000133
1.550248	0.000130
1.551223	0.000127
1.552198	0.000124
1.553173	0.000121
1.554147	0.000117
1.555122	0.000114
1.556097	0.000111
1.557072	0.000107
1.558047	0.000104
1.559021	0.000101
1.559996	0.000097
1.560971	0.000094
1.561946	0.000091
1.562921	0.000087
1.563895	0.000084
1.564870	0.000080
1.565845	0.000077
1.566820	0.000073
1.567795	0.000070
1.568769	0.000066
1.569744	0.000062
1.570719	0.000059
1.571694	0.000055
1.572668	0.000051
1.573643	0.000047
1.574618	0.000044
1.575593	0.000040
1.576568	0.000036
1.577542	0.000032
1.578517	0.000028
1.579492	0.000024
1.580467	0.000020
1.581442	0.000016
1.582416	0.000012
1.583391	0.000008
1.584366	0.000004
1.585349	0.000008
1.586332	0.000013
1.587314	0.000017
1.588297	0.000021
1.589280	0.000025
1.590263	0.000029
1.591245	0.000034
1.592228	0.000038
1.593211	0.000042
1.594194	0.000046
1.595176	0.000050
1.596159	0.000055
1.597142	0.000059
1.598125	0.000063
1.599108	0.000067
1.600090	0.000072
1.601073	0.000076
1.602056	0.000080
1.603039	0.000084
1.604021	0.000088
1.605004	0.000093
1.605987	0.000097
1.606970	0.000101
1.607953	0.000105
1.608935	0.000110
1.609918	0.000114
1.610901	0.000118
1.611884	0.000123
1.612866	0.000127
1.613849	0.000131
1.614832	0.000135
1.615815	0.000140
1.616798	0.000144
1.617780	0.000148
1.618763	0.000153
1.619746	0.000157
1.620729	0.000161
1.621711	0.000166
1.622694	0.000170
1.623677	0.000174
1.624660	0.000179
1.625643	0.000183
1.626625	0.000188
1.627608	0.000192
1.628591	0.000196
1.629574	0.000201
1.630556	0.000205
1.631539	0.000210
1.632522	0.000214
1.633505	0.000219
1.634488	0.000223
1.635470	0.000228
1.636453	0.000232
1.637436	0.000237
1.638419	0.000241
1.639401	0.000246
1.640384	0.000250
1.641367	0.000255
1.642350	0.000259
1.643333	0.000264
1.644315	0.000268
1.645298	0.000273
1.646281	0.000278
1.647264	0.000282
1.648246	0.000287
1.649229	0.000292
1.650212	0.000296
1.651195	0.000301
1.652177	0.000306
1.653160	0.000310
1.654143	0.000315
1.655126	0.000320
1.656109	0.000325
1.657091	0.000329
1.658074	0.000334
1.659057	0.000339
1.660040	0.000344
1.661022	0.000349
1.662005	0.000353
1.662988	0.000358
1.663971	0.000363
1.664954	0.000368
1.665936	0.000373
1.666919	0.000378
1.667902	0.000383
1.668885	0.000388
1.669867	0.000393
1.670850	0.000398
1.671833	0.000403
1.672816	0.000408
1.673799	0.000413
1.674781	0.000418
1.675764	0.000423
1.676747	0.000429
1.677730	0.000434
1.678712	0.000439
1.679695	0.000444
1.680678	0.000449
1.681661	0.000455
1.682644	0.000460
1.683626	0.000465
1.684609	0.000471
1.685592	0.000476
1.686575	0.000481
1.687557	0.000487
1.688540	0.000492
1.689523	0.000498
1.690506	0.000503
1.691489	0.000509
1.692471	0.000514
1.693454	0.000520
1.694437	0.000525
1.695420	0.000531
1.696402	0.000536
1.697385	0.000542
1.698368	0.000548
1.699351	0.000553
1.700333	0.000559
1.701316	0.000565
1.702299	0.000571
1.703282	0.000576
1.704265	0.000582
1.705247	0.000588
1.706230	0.000594
1.707213	0.000600
1.708196	0.000606
1.709178	0.000612
1.710161	0.000618
1.711144	0.000624
1.712127	0.000630
1.713110	0.000636
1.714092	0.000642
1.715075	0.000648
1.716058	0.000655
1.717041	0.000661
1.718023	0.000667
1.719006	0.000674
1.719989	0.000680
1.720972	0.000686
1.721955	0.000693
1.722937	0.000699
1.723920	0.000706
1.724903	0.000712
1.725886	0.000719
1.726868	0.000725
1.727851	0.000732
1.728834	0.000738
1.729817	0.000745
1.730800	0.000752
1.731782	0.000759
1.732765	0.000765
1.733748	0.000772
1.734731	0.000779
1.735713	0.000786
1.736696	0.000793
1.737679	0.000800
1.738662	0.000807
1.739645	0.000814
1.740627	0.000821
1.741610	0.000828
1.742593	0.000836
1.743576	0.000843
1.744558	0.000850
1.745541	0.000857
1.746524	0.000865
1.747507	0.000872
1.748489	0.000880
1.749472	0.000887
1.750455	0.000895
1.751438	0.000902
1.752421	0.000910
1.753403	0.000918
1.754386	0.000925
1.755369	0.000933
1.756352	0.000941
1.757334	0.000949
1.758317	0.000957
1.759300	0.000965
1.760283	0.000973
1.761266	0.000981
1.762248	0.000989
1.763231	0.000997
1.764214	0.001005
1.765197	0.001013
1.766179	0.001022
1.767162	0.001030
1.768145	0.001038
1.769128	0.001047
1.770111	0.001055
1.771093	0.001064
1.772076	0.001073
1.773059	0.001081
1.774042	0.001090
1.775024	0.001099
1.776007	0.001108
1.776990	0.001117
1.777973	0.001126
1.778956	0.001135
1.779938	0.001144
1.780921	0.001153
1.781904	0.001162
1.782887	0.001171
1.783869	0.001180
1.784852	0.001190
1.785835	0.001199
1.786818	0.001209
1.787801	0.001218
1.788783	0.001228
1.789766	0.001238
1.790749	0.001247
1.791732	0.001257
1.792714	0.001267
1.793697	0.001277
1.794680	0.001287
1.795663	0.001297
1.796645	0.001307
1.797628	0.001317
1.798611	0.001327
1.799594	0.001338
1.800577	0.001348
1.801559	0.001359
1.802542	0.001369
1.803525	0.001380
1.804508	0.001390
1.805490	0.001401
1.806473	0.001412
1.807456	0.001423
1.808439	0.001434
1.809422	0.001445
1.810404	0.001456
1.811387	0.001467
1.812370	0.001478
1.813353	0.001489
1.814335	0.001501
1.815318	0.001512
1.816301	0.001524
1.817284	0.001536
1.818267	0.001547
1.819249	0.001559
1.820232	0.001571
1.821215	0.001583
1.822198	0.001595
1.823180	0.001607
1.824163	0.001619
1.825146	0.001631
1.826129	0.001644
1.827112	0.001656
1.828094	0.001669
1.829077	0.001681
1.830060	0.001694
1.831043	0.001707
1.832025	0.001720
1.833008	0.001733
1.833991	0.001746
1.834974	0.001759
1.835957	0.001772
1.836939	0.001786
1.837922	0.001799
1.838905	0.001812
1.839888	0.001826
1.840870	0.001840
1.841853	0.001854
1.842836	0.001867
1.843819	0.001881
1.844801	0.001896
1.845784	0.001910
1.846767	0.001924
1.847750	0.001938
1.848733	0.001953
1.849715	0.001968
1.850698	0.001982
1.851681	0.001997
1.852664	0.002012
1.853646	0.002027
1.854629	0.002042
1.855612	0.002057
1.856595	0.002073
1.857578	0.002088
1.858560	0.002104
1.859543	0.002119
1.860526	0.002135
1.861509	0.002151
1.862491	0.002167
1.863474	0.002183
1.864457	0.002199
1.865440	0.002216
1.866423	0.002232
1.867405	0.002249
1.868388	0.002265
1.869371	0.002282
1.870354	0.002299
1.871336	0.002316
1.872319	0.002333
1.873302	0.002351
1.874285	0.002368
1.875268	0.002386
1.876250	0.002403
1.877233	0.002421
1.878216	0.002439
1.879199	0.002457
1.880181	0.002475
1.881164	0.002494
1.882147	0.002512
1.883130	0.002531
1.884113	0.002549
1.885095	0.002568
1.886078	0.002587
1.887061	0.002607
1.888044	0.002626
1.889026	0.002645
1.890009	0.002665
1.890992	0.002685
1.891975	0.002704
1.892958	0.002724
1.893940	0.002745
1.894923	0.002765
1.895906	0.002785
1.896889	0.002806
1.897871	0.002827
1.898854	0.002848
1.899837	0.002869
1.900820	0.002890
1.901802	0.002911
1.902785	0.002933
1.903768	0.002954
1.904751	0.002976
1.905734	0.002998
1.906716	0.003021
1.907699	0.003043
1.908682	0.003065
1.909665	0.003088
1.910647	0.003111
1.911630	0.003134
1.912613	0.003157
1.913596	0.003180
1.914579	0.003204
1.915561	0.003228
1.916544	0.003252
1.917527	0.003276
1.918510	0.003300
1.919492	0.003324
1.920475	0.003349
1.921458	0.003374
1.922441	0.003399
1.923424	0.003424
1.924406	0.003449
1.925389	0.003475
1.926372	0.003501
1.927355	0.003527
1.928337	0.003553
1.929320	0.003579
1.930303	0.003606
1.931286	0.003633
1.932269	0.003659
1.933251	0.003687
1.934234	0.003714
1.935217	0.003742
1.936200	0.003769
1.937182	0.003797
1.938165	0.003826
1.939148	0.003854
1.940131	0.003883
1.941114	0.003912
1.942096	0.003941
1.943079	0.003970
1.944062	0.004000
1.945045	0.004029
1.946027	0.004059
1.947010	0.004090
1.947993	0.004120
1.948976	0.004151
1.949958	0.004182
1.950941	0.004213
1.951924	0.004244
1.952907	0.004276
1.953890	0.004308
1.954872	0.004340
1.955855	0.004373
1.956838	0.004405
1.957821	0.004438
1.958803	0.004471
1.959786	0.004505
1.960769	0.004539
1.961752	0.004573
1.962735	0.004607
1.963717	0.004641
1.964700	0.004676
1.965683	0.004711
1.966666	0.004747
1.967648	0.004782
1.968631	0.004818
1.969614	0.004854
1.970597	0.004891
1.971580	0.004927
1.972562	0.004965
1.973545	0.005002
1.974528	0.005040
1.975511	0.005077
1.976493	0.005116
1.977476	0.005154
1.978459	0.005193
1.979442	0.005232
1.980425	0.005272
1.981407	0.005312
1.982390	0.005352
1.983373	0.005392
1.984356	0.005433
1.985338	0.005474
1.986321	0.005516
1.987304	0.005557
1.988287	0.005600
1.989270	0.005642
1.990252	0.005685
1.991235	0.005728
1.992218	0.005772
1.993201	0.005815
1.994183	0.005860
1.995166	0.005904
1.996149	0.005949
1.997132	0.005995
1.998114	0.006040
1.999097	0.006086
2.000080	0.006133
2.001063	0.006180
2.002046	0.006227
2.003028	0.006274
2.004011	0.006322
2.004994	0.006371
2.005977	0.006420
2.006959	0.006469
2.007942	0.006519
2.008925	0.006569
2.009908	0.006619
2.010891	0.006670
2.011873	0.006721
2.012856	0.006773
2.013839	0.006825
2.014822	0.006878
2.015804	0.006931
2.016787	0.006984
2.017770	0.007038
2.018753	0.007093
2.019736	0.007148
2.020718	0.007203
2.021701	0.007259
2.022684	0.007315
2.023667	0.007372
2.024649	0.007429
2.025632	0.007487
2.026615	0.007545
2.027598	0.007604
2.028581	0.007663
2.029563	0.007723
2.030546	0.007783
2.031529	0.007844
2.032512	0.007905
2.033494	0.007967
2.034477	0.008030
2.035460	0.008093
2.036443	0.008156
2.037426	0.008220
2.038408	0.008285
2.039391	0.008350
2.040374	0.008416
2.041357	0.008482
2.042339	0.008549
2.043322	0.008616
2.044305	0.008685
2.045288	0.008753
2.046270	0.008823
2.047253	0.008893
2.048236	0.008963
2.049219	0.009034
2.050202	0.009106
2.051184	0.009179
2.052167	0.009252
2.053150	0.009326
2.054133	0.009400
2.055115	0.009475
2.056098	0.009551
2.057081	0.009627
2.058064	0.009705
2.059047	0.009782
2.060029	0.009861
2.061012	0.009940
2.061995	0.010020
2.062978	0.010101
2.063960	0.010183
2.064943	0.010265
2.065926	0.010348
2.066909	0.010432
2.067892	0.010516
2.068874	0.010602
2.069857	0.010688
2.070840	0.010775
2.071823	0.010863
2.072805	0.010951
2.073788	0.011041
2.074771	0.011131
2.075754	0.011222
2.076737	0.011314
2.077719	0.011407
2.078702	0.011501
2.079685	0.011595
2.080668	0.011691
2.081650	0.011787
2.082633	0.011885
2.083616	0.011983
2.084599	0.012082
2.085582	0.012183
2.086564	0.012284
2.087547	0.012386
2.088530	0.012489
2.089513	0.012593
2.090495	0.012699
2.091478	0.012805
2.092461	0.012912
2.093444	0.013020
2.094426	0.013130
2.095409	0.013240
2.096392	0.013352
2.097375	0.013464
2.098358	0.013578
2.099340	0.013693
2.100323	0.013809
2.101306	0.013926
2.102289	0.014045
2.103271	0.014164
2.104254	0.014285
2.105237	0.014407
2.106220	0.014530
2.107203	0.014655
2.108185	0.014781
2.109168	0.014908
2.110151	0.015036
2.111134	0.015166
2.112116	0.015297
2.113099	0.015429
2.114082	0.015563
2.115065	0.015698
2.116048	0.015834
2.117030	0.015972
2.118013	0.016111
2.118996	0.016252
2.119979	0.016394
2.120961	0.016538
2.121944	0.016683
2.122927	0.016830
2.123910	0.016978
2.124893	0.017128
2.125875	0.017279
2.126858	0.017432
2.127841	0.017587
2.128824	0.017743
2.129806	0.017901
2.130789	0.018061
2.131772	0.018222
2.132755	0.018385
2.133738	0.018549
2.134720	0.018716
2.135703	0.018884
2.136686	0.019054
2.137669	0.019226
2.138651	0.019399
2.139634	0.019574
2.140617	0.019752
2.141600	0.019931
2.142583	0.020112
2.143565	0.020294
2.144548	0.020479
2.145531	0.020666
2.146514	0.020854
2.147496	0.021045
2.148479	0.021238
2.149462	0.021432
2.150445	0.021629
2.151427	0.021827
2.152410	0.022028
2.153393	0.022230
2.154376	0.022435
2.155359	0.022641
2.156341	0.022850
2.157324	0.023061
2.158307	0.023273
2.159290	0.023488
2.160272	0.023705
2.161255	0.023924
2.162238	0.024144
2.163221	0.024367
2.164204	0.024592
2.165186	0.024819
2.166169	0.025047
2.167152	0.025278
2.168135	0.025511
2.169117	0.025745
2.170100	0.025981
2.171083	0.026219
2.172066	0.026459
2.173049	0.026701
2.174031	0.026944
2.175014	0.027189
2.175997	0.027435
2.176980	0.027683
2.177962	0.027932
2.178945	0.028183
2.179928	0.028435
2.180911	0.028688
2.181894	0.028943
2.182876	0.029199
2.183859	0.029455
2.184842	0.029713
2.185825	0.029971
2.186807	0.030230
2.187790	0.030490
2.188773	0.030751
2.189756	0.031012
2.190739	0.031274
2.191721	0.031536
2.192704	0.031798
2.193687	0.032060
2.194670	0.032323
2.195652	0.032585
2.196635	0.032848
2.197618	0.033110
2.198601	0.033372
2.199583	0.033634
2.200566	0.033895
2.201549	0.034156
2.202532	0.034416
2.203515	0.034676
2.204497	0.034935
2.205480	0.035194
2.206463	0.035452
2.207446	0.035709
2.208428	0.035965
2.209411	0.036220
2.210394	0.036474
2.211377	0.036728
2.212360	0.036980
2.213342	0.037232
2.214325	0.037482
2.215308	0.037731
2.216291	0.037979
2.217273	0.038227
2.218256	0.038473
2.219239	0.038718
2.220222	0.038961
2.221205	0.039204
2.222187	0.039446
2.223170	0.039686
2.224153	0.039925
2.225136	0.040163
2.226118	0.040400
2.227101	0.040636
2.228084	0.040870
2.229067	0.041103
2.230050	0.041335
2.231032	0.041566
2.232015	0.041796
2.232998	0.042025
2.233981	0.042252
2.234963	0.042478
2.235946	0.042703
2.236929	0.042926
2.237912	0.043149
2.238895	0.043371
2.239877	0.043591
2.240860	0.043811
2.241843	0.044029
2.242826	0.044246
2.243808	0.044462
2.244791	0.044677
2.245774	0.044890
2.246757	0.045103
2.247739	0.045314
2.248722	0.045525
2.249705	0.045735
2.250688	0.045944
2.251671	0.046152
2.252653	0.046359
2.253636	0.046564
2.254619	0.046768
2.255602	0.046971
2.256584	0.047172
2.257567	0.047372
2.258550	0.047572
2.259533	0.047770
2.260516	0.047968
2.261498	0.048165
2.262481	0.048362
2.263464	0.048558
2.264447	0.048754
2.265429	0.048949
2.266412	0.049143
2.267395	0.049335
2.268378	0.049526
2.269361	0.049715
2.270343	0.049903
2.271326	0.050090
2.272309	0.050275
2.273292	0.050460
2.274274	0.050643
2.275257	0.050826
2.276240	0.051008
2.277223	0.051189
2.278206	0.051370
2.279188	0.051551
2.280171	0.051733
2.281154	0.051914
2.282137	0.052095
2.283119	0.052276
2.284102	0.052455
2.285085	0.052632
2.286068	0.052808
2.287051	0.052983
2.288033	0.053156
2.289016	0.053327
2.289999	0.053498
2.290982	0.053667
2.291964	0.053836
2.292947	0.054003
2.293930	0.054170
2.294913	0.054336
2.295895	0.054500
2.296878	0.054664
2.297861	0.054828
2.298844	0.054990
2.299827	0.055152
2.300809	0.055314
2.301792	0.055475
2.302775	0.055637
2.303758	0.055798
2.304740	0.055961
2.305723	0.056124
2.306706	0.056289
2.307689	0.056452
2.308672	0.056613
2.309654	0.056772
2.310637	0.056930
2.311620	0.057086
2.312603	0.057240
2.313585	0.057394
2.314568	0.057546
2.315551	0.057697
2.316534	0.057848
2.317517	0.057997
2.318499	0.058146
2.319482	0.058293
2.320465	0.058440
2.321448	0.058586
2.322430	0.058732
2.323413	0.058876
2.324396	0.059020
2.325379	0.059163
2.326362	0.059306
2.327344	0.059447
2.328327	0.059589
2.329310	0.059729
2.330293	0.059869
2.331275	0.060008
2.332258	0.060146
2.333241	0.060284
2.334224	0.060422
2.335207	0.060559
2.336189	0.060696
2.337172	0.060833
2.338155	0.060970
2.339138	0.061108
2.340120	0.061249
2.341103	0.061393
2.342086	0.061535
2.343069	0.061674
2.344051	0.061810
2.345034	0.061945
2.346017	0.062078
2.347000	0.062210
2.347983	0.062340
2.348965	0.062470
2.349948	0.062599
2.350931	0.062727
2.351914	0.062854
2.352896	0.062980
2.353879	0.063105
2.354862	0.063230
2.355845	0.063354
2.356828	0.063478
2.357810	0.063600
2.358793	0.063722
2.359776	0.063844
2.360759	0.063964
2.361741	0.064084
2.362724	0.064204
2.363707	0.064322
2.364690	0.064441
2.365673	0.064558
2.366655	0.064675
2.367638	0.064791
2.368621	0.064907
2.369604	0.065021
2.370586	0.065136
2.371569	0.065249
2.372552	0.065363
2.373535	0.065475
2.374518	0.065587
2.375500	0.065698
2.376483	0.065809
2.377466	0.065919
2.378449	0.066029
2.379431	0.066137
2.380414	0.066246
2.381397	0.066354
2.382380	0.066461
2.383363	0.066567
2.384345	0.066673
2.385328	0.066779
2.386311	0.066884
2.387294	0.066988
2.388276	0.067092
2.389259	0.067195
2.390242	0.067298
2.391225	0.067400
2.392208	0.067502
2.393190	0.067603
2.394173	0.067705
2.395156	0.067806
2.396139	0.067909
2.397121	0.068015
2.398104	0.068133
2.399087	0.068243
2.400070	0.068348
2.401052	0.068449
2.402035	0.068549
2.403018	0.068648
2.404001	0.068745
2.404984	0.068842
2.405966	0.068938
2.406949	0.069033
2.407932	0.069127
2.408915	0.069220
2.409897	0.069313
2.410880	0.069405
2.411863	0.069496
2.412846	0.069587
2.413829	0.069678
2.414811	0.069767
2.415794	0.069856
2.416777	0.069944
2.417760	0.070032
2.418742	0.070119
2.419725	0.070206
2.420708	0.070292
2.421691	0.070377
2.422674	0.070462
2.423656	0.070547
2.424639	0.070630
2.425622	0.070713
2.426605	0.070796
2.427587	0.070878
2.428570	0.070959
2.429553	0.071040
2.430536	0.071121
2.431519	0.071200
2.432501	0.071279
2.433484	0.071358
2.434467	0.071436
2.435450	0.071514
2.436432	0.071591
2.437415	0.071667
2.438398	0.071743
2.439381	0.071818
2.440364	0.071893
2.441346	0.071967
2.442329	0.072041
2.443312	0.072114
2.444295	0.072187
2.445277	0.072259
2.446260	0.072331
2.447243	0.072402
2.448226	0.072472
2.449208	0.072542
2.450191	0.072611
2.451174	0.072680
2.452157	0.072748
2.453140	0.072816
2.454122	0.072883
2.455105	0.072950
2.456088	0.073016
2.457071	0.073082
2.458053	0.073147
2.459036	0.073212
2.460019	0.073276
2.461002	0.073339
2.461985	0.073402
2.462967	0.073465
2.463950	0.073526
2.464933	0.073588
2.465916	0.073649
2.466898	0.073709
2.467881	0.073769
2.468864	0.073828
2.469847	0.073887
2.470830	0.073945
2.471812	0.074003
2.472795	0.074060
2.473778	0.074116
2.474761	0.074173
2.475743	0.074228
2.476726	0.074283
2.477709	0.074338
2.478692	0.074392
2.479675	0.074445
2.480657	0.074498
2.481640	0.074551
2.482623	0.074603
2.483606	0.074654
2.484588	0.074705
2.485571	0.074755
2.486554	0.074805
2.487537	0.074854
2.488520	0.074903
2.489502	0.074951
2.490485	0.074999
2.491468	0.075046
2.492451	0.075093
2.493433	0.075139
2.494416	0.075185
2.495399	0.075230
2.496382	0.075275
2.497364	0.075319
2.498347	0.075363
2.499330	0.075406
2.500313	0.075448
2.501296	0.075490
2.502278	0.075532
2.503261	0.075573
2.504244	0.075614
2.505227	0.075654
2.506209	0.075693
2.507192	0.075732
2.508175	0.075771
2.509158	0.075808
2.510141	0.075846
2.511123	0.075883
2.512106	0.075919
2.513089	0.075955
2.514072	0.075991
2.515054	0.076025
2.516037	0.076060
2.517020	0.076094
2.518003	0.076127
2.518986	0.076160
2.519968	0.076192
2.520951	0.076224
2.521934	0.076255
2.522917	0.076286
2.523899	0.076316
2.524882	0.076346
2.525865	0.076375
2.526848	0.076404
2.527831	0.076432
2.528813	0.076460
2.529796	0.076487
2.530779	0.076514
2.531762	0.076540
2.532744	0.076565
2.533727	0.076591
2.534710	0.076615
2.535693	0.076639
2.536676	0.076663
2.537658	0.076686
2.538641	0.076709
2.539624	0.076731
2.540607	0.076752
2.541589	0.076774
2.542572	0.076794
2.543555	0.076814
2.544538	0.076834
2.545520	0.076853
2.546503	0.076871
2.547486	0.076889
2.548469	0.076907
2.549452	0.076924
2.550434	0.076940
2.551417	0.076956
2.552400	0.076972
2.553383	0.076987
2.554365	0.077001
2.555348	0.077015
2.556331	0.077029
2.557314	0.077042
2.558297	0.077054
2.559279	0.077066
2.560262	0.077077
2.561245	0.077088
2.562228	0.077099
2.563210	0.077109
2.564193	0.077118
2.565176	0.077127
2.566159	0.077135
2.567142	0.077143
2.568124	0.077150
2.569107	0.077157
2.570090	0.077164
2.571073	0.077169
2.572055	0.077175
2.573038	0.077180
2.574021	0.077184
2.575004	0.077188
2.575987	0.077191
2.576969	0.077194
2.577952	0.077196
2.578935	0.077198
2.579918	0.077199
2.580900	0.077200
2.581883	0.077200
2.582866	0.077200
2.583849	0.077200
2.584832	0.077199
2.585814	0.077198
2.586797	0.077196
2.587780	0.077194
2.588763	0.077191
2.589745	0.077188
2.590728	0.077184
2.591711	0.077180
2.592694	0.077175
2.593676	0.077169
2.594659	0.077164
2.595642	0.077157
2.596625	0.077150
2.597608	0.077143
2.598590	0.077135
2.599573	0.077127
2.600556	0.077118
2.601539	0.077109
2.602521	0.077099
2.603504	0.077088
2.604487	0.077077
2.605470	0.077066
2.606453	0.077054
2.607435	0.077042
2.608418	0.077029
2.609401	0.077015
2.610384	0.077001
2.611366	0.076987
2.612349	0.076972
2.613332	0.076956
2.614315	0.076940
2.615298	0.076924
2.616280	0.076907
2.617263	0.076889
2.618246	0.076871
2.619229	0.076853
2.620211	0.076834
2.621194	0.076814
2.622177	0.076794
2.623160	0.076774
2.624143	0.076752
2.625125	0.076731
2.626108	0.076709
2.627091	0.076686
2.628074	0.076663
2.629056	0.076639
2.630039	0.076615
2.631022	0.076591
2.632005	0.076565
2.632988	0.076540
2.633970	0.076514
2.634953	0.076487
2.635936	0.076460
2.636919	0.076432
2.637901	0.076404
2.638884	0.076375
2.639867	0.076346
2.640850	0.076316
2.641833	0.076286
2.642815	0.076255
2.643798	0.076224
2.644781	0.076192
2.645764	0.076160
2.646746	0.076127
2.647729	0.076094
2.648712	0.076060
2.649695	0.076025
2.650677	0.075991
2.651660	0.075955
2.652643	0.075919
2.653626	0.075883
2.654609	0.075846
2.655591	0.075808
2.656574	0.075771
2.657557	0.075732
2.658540	0.075693
2.659522	0.075654
2.660505	0.075614
2.661488	0.075573
2.662471	0.075532
2.663454	0.075490
2.664436	0.075448
2.665419	0.075406
2.666402	0.075363
2.667385	0.075319
2.668367	0.075275
2.669350	0.075230
2.670333	0.075185
2.671316	0.075139
2.672299	0.075093
2.673281	0.075046
2.674264	0.074999
2.675247	0.074951
2.676230	0.074903
2.677212	0.074854
2.678195	0.074805
2.679178	0.074755
2.680161	0.074705
2.681144	0.074654
2.682126	0.074603
2.683109	0.074551
2.684092	0.074498
2.685075	0.074445
2.686057	0.074392
2.687040	0.074338
2.688023	0.074283
2.689006	0.074228
2.689989	0.074173
2.690971	0.074116
2.691954	0.074060
2.692937	0.074003
2.693920	0.073945
2.694902	0.073887
2.695885	0.073828
2.696868	0.073769
2.697851	0.073709
2.698833	0.073649
2.699816	0.073588
2.700799	0.073526
2.701782	0.073465
2.702765	0.073402
2.703747	0.073339
2.704730	0.073276
2.705713	0.073212
2.706696	0.073147
2.707678	0.073082
2.708661	0.073016
2.709644	0.072950
2.710627	0.072883
2.711610	0.072816
2.712592	0.072748
2.713575	0.072680
2.714558	0.072611
2.715541	0.072542
2.716523	0.072472
2.717506	0.072402
2.718489	0.072331
2.719472	0.072259
2.720455	0.072187
2.721437	0.072114
2.722420	0.072041
2.723403	0.071967
2.724386	0.071893
2.725368	0.071818
2.726351	0.071743
2.727334	0.071667
2.728317	0.071591
2.729300	0.071514
2.730282	0.071436
2.731265	0.071358
2.732248	0.071279
2.733231	0.071200
2.734213	0.071121
2.735196	0.071040
2.736179	0.070959
2.737162	0.070878
2.738145	0.070796
2.739127	0.070713
2.740110	0.070630
2.741093	0.070547
2.742076	0.070462
2.743058	0.070377
2.744041	0.070292
2.745024	0.070206
2.746007	0.070119
2.746989	0.070032
2.747972	0.069944
2.748955	0.069856
2.749938	0.069767
2.750921	0.069678
2.751903	0.069587
2.752886	0.069496
2.753869	0.069405
2.754852	0.069313
2.755834	0.069220
2.756817	0.069127
2.757800	0.069033
2.758783	0.068938
2.759766	0.068842
2.760748	0.068745
2.761731	0.068648
2.762714	0.068549
2.763697	0.068449
2.764679	0.068348
2.765662	0.068243
2.766645	0.068133
2.767628	0.068015
2.768611	0.067909
2.769593	0.067806
2.770576	0.067705
2.771559	0.067603
2.772542	0.067502
2.773524	0.067400
2.774507	0.067298
2.775490	0.067195
2.776473	0.067092
2.777456	0.066988
2.778438	0.066884
2.779421	0.066779
2.780404	0.066673
2.781387	0.066567
2.782369	0.066461
2.783352	0.066354
2.784335	0.066246
2.785318	0.066137
2.786301	0.066029
2.787283	0.065919
2.788266	0.065809
2.789249	0.065698
2.790232	0.065587
2.791214	0.065475
2.792197	0.065363
2.793180	0.065249
2.794163	0.065136
2.795145	0.065021
2.796128	0.064907
2.797111	0.064791
2.798094	0.064675
2.799077	0.064558
2.800059	0.064441
2.801042	0.064322
2.802025	0.064204
2.803008	0.064084
2.803990	0.063964
2.804973	0.063844
2.805956	0.063722
2.806939	0.063600
2.807922	0.063478
2.808904	0.063354
2.809887	0.063230
2.810870	0.063105
2.811853	0.062980
2.812835	0.062854
2.813818	0.062727
2.814801	0.062599
2.815784	0.062470
2.816767	0.062340
2.817749	0.062210
2.818732	0.062078
2.819715	0.061945
2.820698	0.061810
2.821680	0.061674
2.822663	0.061535
2.823646	0.061393
2.824629	0.061249
2.825612	0.061108
2.826594	0.060970
2.827577	0.060833
2.828560	0.060696
2.829543	0.060559
2.830525	0.060422
2.831508	0.060284
2.832491	0.060146
2.833474	0.060008
2.834457	0.059869
2.835439	0.059729
2.836422	0.059589
2.837405	0.059447
2.838388	0.059306
2.839370	0.059163
2.840353	0.059020
2.841336	0.058876
2.842319	0.058732
2.843301	0.058586
2.844284	0.058440
2.845267	0.058293
2.846250	0.058146
2.847233	0.057997
2.848215	0.057848
2.849198	0.057697
2.850181	0.057546
2.851164	0.057394
2.852146	0.057240
2.853129	0.057086
2.854112	0.056930
2.855095	0.056772
2.856078	0.056613
2.857060	0.056452
2.858043	0.056289
2.859026	0.056124
2.860009	0.055961
2.860991	0.055798
2.861974	0.055637
2.862957	0.055475
2.863940	0.055314
2.864923	0.055152
2.865905	0.054990
2.866888	0.054828
2.867871	0.054664
2.868854	0.054500
2.869836	0.054336
2.870819	0.054170
2.871802	0.054003
2.872785	0.053836
2.873768	0.053667
2.874750	0.053498
2.875733	0.053327
2.876716	0.053156
2.877699	0.052983
2.878681	0.052808
2.879664	0.052632
2.880647	0.052455
2.881630	0.052276
2.882613	0.052095
2.883595	0.051914
2.884578	0.051733
2.885561	0.051551
2.886544	0.051370
2.887526	0.051189
2.888509	0.051008
2.889492	0.050826
2.890475	0.050643
2.891458	0.050460
2.892440	0.050275
2.893423	0.050090
2.894406	0.049903
2.895389	0.049715
2.896371	0.049526
2.897354	0.049335
2.898337	0.049143
2.899320	0.048949
2.900302	0.048754
2.901285	0.048558
2.902268	0.048362
2.903251	0.048165
2.904234	0.047968
2.905216	0.047770
2.906199	0.047572
2.907182	0.047372
2.908165	0.047172
2.909147	0.046971
2.910130	0.046768
2.911113	0.046564
2.912096	0.046359
2.913079	0.046152
2.914061	0.045944
2.915044	0.045735
2.916027	0.045525
2.917010	0.045314
2.917992	0.045103
2.918975	0.044890
2.919958	0.044677
2.920941	0.044462
2.921924	0.044246
2.922906	0.044029
2.923889	0.043811
2.924872	0.043591
2.925855	0.043371
2.926837	0.043149
2.927820	0.042926
2.928803	0.042703
2.929786	0.042478
2.930769	0.042252
2.931751	0.042025
2.932734	0.041796
2.933717	0.041566
2.934700	0.041335
2.935682	0.041103
2.936665	0.040870
2.937648	0.040636
2.938631	0.040400
2.939614	0.040163
2.940596	0.039925
2.941579	0.039686
2.942562	0.039446
2.943545	0.039204
2.944527	0.038961
2.945510	0.038718
2.946493	0.038473
2.947476	0.038227
2.948458	0.037979
2.949441	0.037731
2.950424	0.037482
2.951407	0.037232
2.952390	0.036980
2.953372	0.036728
2.954355	0.036474
2.955338	0.036220
2.956321	0.035965
2.957303	0.035709
2.958286	0.035452
2.959269	0.035194
2.960252	0.034935
2.961235	0.034676
2.962217	0.034416
2.963200	0.034156
2.964183	0.033895
2.965166	0.033634
2.966148	0.033372
2.967131	0.033110
2.968114	0.032848
2.969097	0.032585
2.970080	0.032323
2.971062	0.032060
2.972045	0.031798
2.973028	0.031536
2.974011	0.031274
2.974993	0.031012
2.975976	0.030751
2.976959	0.030490
2.977942	0.030230
2.978925	0.029971
2.979907	0.029713
2.980890	0.029455
2.981873	0.029199
2.982856	0.028943
2.983838	0.028688
2.984821	0.028435
2.985804	0.028183
2.986787	0.027932
2.987770	0.027683
2.988752	0.027435
2.989735	0.027189
2.990718	0.026944
2.991701	0.026701
2.992683	0.026459
2.993666	0.026219
2.994649	0.025981
2.995632	0.025745
2.996614	0.025511
2.997597	0.025278
2.998580	0.025047
2.999563	0.024819
3.000546	0.024592
3.001528	0.024367
3.002511	0.024144
3.003494	0.023924
3.004477	0.023705
3.005459	0.023488
3.006442	0.023273
3.007425	0.023061
3.008408	0.022850
3.009391	0.022641
3.010373	0.022435
3.011356	0.022230
3.012339	0.022028
3.013322	0.021827
3.014304	0.021629
3.015287	0.021432
3.016270	0.021238
3.017253	0.021045
3.018236	0.020854
3.019218	0.020666
3.020201	0.020479
3.021184	0.020294
3.022167	0.020112
3.023149	0.019931
3.024132	0.019752
3.025115	0.019574
3.026098	0.019399
3.027081	0.019226
3.028063	0.019054
3.029046	0.018884
3.030029	0.018716
3.031012	0.018549
3.031994	0.018385
3.032977	0.018222
3.033960	0.018061
3.034943	0.017901
3.035926	0.017743
3.036908	0.017587
3.037891	0.017432
3.038874	0.017279
3.039857	0.017128
3.040839	0.016978
3.041822	0.016830
3.042805	0.016683
3.043788	0.016538
3.044770	0.016394
3.045753	0.016252
3.046736	0.016111
3.047719	0.015972
3.048702	0.015834
3.049684	0.015698
3.050667	0.015563
3.051650	0.015429
3.052633	0.015297
3.053615	0.015166
3.054598	0.015036
3.055581	0.014908
3.056564	0.014781
3.057547	0.014655
3.058529	0.014530
3.059512	0.014407
3.060495	0.014285
3.061478	0.014164
3.062460	0.014045
3.063443	0.013926
3.064426	0.013809
3.065409	0.013693
3.066392	0.013578
3.067374	0.013464
3.068357	0.013352
3.069340	0.013240
3.070323	0.013130
3.071305	0.013020
3.072288	0.012912
3.073271	0.012805
3.074254	0.012699
3.075237	0.012593
3.076219	0.012489
3.077202	0.012386
3.078185	0.012284
3.079168	0.012183
3.080150	0.012082
3.081133	0.011983
3.082116	0.011885
3.083099	0.011787
3.084082	0.011691
3.085064	0.011595
3.086047	0.011501
3.087030	0.011407
3.088013	0.011314
3.088995	0.011222
3.089978	0.011131
3.090961	0.011041
3.091944	0.010951
3.092926	0.010863
3.093909	0.010775
3.094892	0.010688
3.095875	0.010602
3.096858	0.010516
3.097840	0.010432
3.098823	0.010348
3.099806	0.010265
3.100789	0.010183
3.101771	0.010101
3.102754	0.010020
3.103737	0.009940
3.104720	0.009861
3.105703	0.009782
3.106685	0.009705
3.107668	0.009627
3.108651	0.009551
3.109634	0.009475
3.110616	0.009400
3.111599	0.009326
3.112582	0.009252
3.113565	0.009179
3.114548	0.009106
3.115530	0.009034
3.116513	0.008963
3.117496	0.008893
3.118479	0.008823
3.119461	0.008753
3.120444	0.008685
3.121427	0.008616
3.122410	0.008549
3.123393	0.008482
3.124375	0.008416
3.125358	0.008350
3.126341	0.008285
3.127324	0.008220
3.128306	0.008156
3.129289	0.008093
3.130272	0.008030
3.131255	0.007967
3.132238	0.007905
3.133220	0.007844
3.134203	0.007783
3.135186	0.007723
3.136169	0.007663
3.137151	0.007604
3.138134	0.007545
3.139117	0.007487
3.140100	0.007429
3.141083	0.007372
3.142065	0.007315
3.143048	0.007259
3.144031	0.007203
3.145014	0.007148
3.145996	0.007093
3.146979	0.007038
3.147962	0.006984
3.148945	0.006931
3.149927	0.006878
3.150910	0.006825
3.151893	0.006773
3.152876	0.006721
3.153859	0.006670
3.154841	0.006619
3.155824	0.006569
3.156807	0.006519
3.157790	0.006469
3.158772	0.006420
3.159755	0.006371
3.160738	0.006322
3.161721	0.006274
3.162704	0.006227
3.163686	0.006180
3.164669	0.006133
3.165652	0.006086
3.166635	0.006040
3.167617	0.005995
3.168600	0.005949
3.169583	0.005904
3.170566	0.005860
3.171549	0.005815
3.172531	0.005772
3.173514	0.005728
3.174497	0.005685
3.175480	0.005642
3.176462	0.005600
3.177445	0.005557
3.178428	0.005516
3.179411	0.005474
3.180394	0.005433
3.181376	0.005392
3.182359	0.005352
3.183342	0.005312
3.184325	0.005272
3.185307	0.005232
3.186290	0.005193
3.187273	0.005154
3.188256	0.005116
3.189239	0.005077
3.190221	0.005040
3.191204	0.005002
3.192187	0.004965
3.193170	0.004927
3.194152	0.004891
3.195135	0.004854
3.196118	0.004818
3.197101	0.004782
3.198083	0.004747
3.199066	0.004711
3.200049	0.004676
3.201032	0.004641
3.202015	0.004607
3.202997	0.004573
3.203980	0.004539
3.204963	0.004505
3.205946	0.004471
3.206928	0.004438
3.207911	0.004405
3.208894	0.004373
3.209877	0.004340
3.210860	0.004308
3.211842	0.004276
3.212825	0.004244
3.213808	0.004213
3.214791	0.004182
3.215773	0.004151
3.216756	0.004120
3.217739	0.004090
3.218722	0.004059
3.219705	0.004029
3.220687	0.004000
3.221670	0.003970
3.222653	0.003941
3.223636	0.003912
3.224618	0.003883
3.225601	0.003854
3.226584	0.003826
3.227567	0.003797
3.228550	0.003769
3.229532	0.003742
3.230515	0.003714
3.231498	0.003687
3.232481	0.003659
3.233463	0.003633
3.234446	0.003606
3.235429	0.003579
3.236412	0.003553
3.237395	0.003527
3.238377	0.003501
3.239360	0.003475
3.240343	0.003449
3.241326	0.003424
3.242308	0.003399
3.243291	0.003374
3.244274	0.003349
3.245257	0.003324
3.246239	0.003300
3.247222	0.003276
3.248205	0.003252
3.249188	0.003228
3.250171	0.003204
3.251153	0.003180
3.252136	0.003157
3.253119	0.003134
3.254102	0.003111
3.255084	0.003088
3.256067	0.003065
3.257050	0.003043
3.258033	0.003021
3.259016	0.002998
3.259998	0.002976
3.260981	0.002954
3.261964	0.002933
3.262947	0.002911
3.263929	0.002890
3.264912	0.002869
3.265895	0.002848
3.266878	0.002827
3.267861	0.002806
3.268843	0.002785
3.269826	0.002765
3.270809	0.002745
3.271792	0.002724
3.272774	0.002704
3.273757	0.002685
3.274740	0.002665
3.275723	0.002645
3.276706	0.002626
3.277688	0.002607
3.278671	0.002587
3.279654	0.002568
3.280637	0.002549
3.281619	0.002531
3.282602	0.002512
3.283585	0.002494
3.284568	0.002475
3.285551	0.002457
3.286533	0.002439
3.287516	0.002421
3.288499	0.002403
3.289482	0.002386
3.290464	0.002368
3.291447	0.002351
3.292430	0.002333
3.293413	0.002316
3.294395	0.002299
3.295378	0.002282
3.296361	0.002265
3.297344	0.002249
3.298327	0.002232
3.299309	0.002216
3.300292	0.002199
3.301275	0.002183
3.302258	0.002167
3.303240	0.002151
3.304223	0.002135
3.305206	0.002119
3.306189	0.002104
3.307172	0.002088
3.308154	0.002073
3.309137	0.002057
3.310120	0.002042
3.311103	0.002027
3.312085	0.002012
3.313068	0.001997
3.314051	0.001982
3.315034	0.001968
3.316017	0.001953
3.316999	0.001938
3.317982	0.001924
3.318965	0.001910
3.319948	0.001896
3.320930	0.001881
3.321913	0.001867
3.322896	0.001854
3.323879	0.001840
3.324862	0.001826
3.325844	0.001812
3.326827	0.001799
3.327810	0.001786
3.328793	0.001772
3.329775	0.001759
3.330758	0.001746
3.331741	0.001733
3.332724	0.001720
3.333707	0.001707
3.334689	0.001694
3.335672	0.001681
3.336655	0.001669
3.337638	0.001656
3.338620	0.001644
3.339603	0.001631
3.340586	0.001619
3.341569	0.001607
3.342551	0.001595
3.343534	0.001583
3.344517	0.001571
3.345500	0.001559
3.346483	0.001547
3.347465	0.001536
3.348448	0.001524
3.349431	0.001512
3.350414	0.001501
3.351396	0.001489
3.352379	0.001478
3.353362	0.001467
3.354345	0.001456
3.355328	0.001445
3.356310	0.001434
3.357293	0.001423
3.358276	0.001412
3.359259	0.001401
3.360241	0.001390
3.361224	0.001380
3.362207	0.001369
3.363190	0.001359
3.364173	0.001348
3.365155	0.001338
3.366138	0.001327
3.367121	0.001317
3.368104	0.001307
3.369086	0.001297
3.370069	0.001287
3.371052	0.001277
3.372035	0.001267
3.373018	0.001257
3.374000	0.001247
3.374983	0.001238
3.375966	0.001228
3.376949	0.001218
3.377931	0.001209
3.378914	0.001199
3.379897	0.001190
3.380880	0.001180
3.381863	0.001171
3.382845	0.001162
3.383828	0.001153
3.384811	0.001144
3.385794	0.001135
3.386776	0.001126
3.387759	0.001117
3.388742	0.001108
3.389725	0.001099
3.390708	0.001090
3.391690	0.001081
3.392673	0.001073
3.393656	0.001064
3.394639	0.001055
3.395621	0.001047
3.396604	0.001038
3.397587	0.001030
3.398570	0.001022
3.399552	0.001013
3.400535	0.001005
3.401518	0.000997
3.402501	0.000989
3.403484	0.000981
3.404466	0.000973
3.405449	0.000965
3.406432	0.000957
3.407415	0.000949
3.408397	0.000941
3.409380	0.000933
3.410363	0.000925
3.411346	0.000918
3.412329	0.000910
3.413311	0.000902
3.414294	0.000895
3.415277	0.000887
3.416260	0.000880
3.417242	0.000872
3.418225	0.000865
3.419208	0.000857
3.420191	0.000850
3.421174	0.000843
3.422156	0.000836
3.423139	0.000828
3.424122	0.000821
3.425105	0.000814
3.426087	0.000807
3.427070	0.000800
3.428053	0.000793
3.429036	0.000786
3.430019	0.000779
3.431001	0.000772
3.431984	0.000765
3.432967	0.000759
3.433950	0.000752
3.434932	0.000745
3.435915	0.000738
3.436898	0.000732
3.437881	0.000725
3.438864	0.000719
3.439846	0.000712
3.440829	0.000706
3.441812	0.000699
3.442795	0.000693
3.443777	0.000686
3.444760	0.000680
3.445743	0.000674
3.446726	0.000667
3.447708	0.000661
3.448691	0.000655
3.449674	0.000648
3.450657	0.000642
3.451640	0.000636
3.452622	0.000630
3.453605	0.000624
3.454588	0.000618
3.455571	0.000612
3.456553	0.000606
3.457536	0.000600
3.458519	0.000594
3.459502	0.000588
3.460485	0.000582
3.461467	0.000576
3.462450	0.000571
3.463433	0.000565
3.464416	0.000559
3.465398	0.000553
3.466381	0.000548
3.467364	0.000542
3.468347	0.000536
3.469330	0.000531
3.470312	0.000525
3.471295	0.000520
3.472278	0.000514
3.473261	0.000509
3.474243	0.000503
3.475226	0.000498
3.476209	0.000492
3.477192	0.000487
3.478175	0.000481
3.479157	0.000476
3.480140	0.000471
3.481123	0.000465
3.482106	0.000460
3.483088	0.000455
3.484071	0.000449
3.485054	0.000444
3.486037	0.000439
3.487020	0.000434
3.488002	0.000429
3.488985	0.000423
3.489968	0.000418
3.490951	0.000413
3.491933	0.000408
3.492916	0.000403
3.493899	0.000398
3.494882	0.000393
3.495864	0.000388
3.496847	0.000383
3.497830	0.000378
3.498813	0.000373
3.499796	0.000368
3.500778	0.000363
3.501761	0.000358
3.502744	0.000353
3.503727	0.000349
3.504709	0.000344
3.505692	0.000339
3.506675	0.000334
3.507658	0.000329
3.508641	0.000325
3.509623	0.000320
3.510606	0.000315
3.511589	0.000310
3.512572	0.000306
3.513554	0.000301
3.514537	0.000296
3.515520	0.000292
3.516503	0.000287
3.517486	0.000282
3.518468	0.000278
3.519451	0.000273
3.520434	0.000268
3.521417	0.000264
3.522399	0.000259
3.523382	0.000255
3.524365	0.000250
3.525348	0.000246
3.526331	0.000241
3.527313	0.000237
3.528296	0.000232
3.529279	0.000228
3.530262	0.000223
3.531244	0.000219
3.532227	0.000214
3.533210	0.000210
3.534193	0.000205
3.535176	0.000201
3.536158	0.000196
3.537141	0.000192
3.538124	0.000188
3.539107	0.000183
3.540089	0.000179
3.541072	0.000174
3.542055	0.000170
3.543038	0.000166
3.544020	0.000161
3.545003	0.000157
3.545986	0.000153
3.546969	0.000148
3.547952	0.000144
3.548934	0.000140
3.549917	0.000135
3.550900	0.000131
3.551883	0.000127
3.552865	0.000123
3.553848	0.000118
3.554831	0.000114
3.555814	0.000110
3.556797	0.000105
3.557779	0.000101
3.558762	0.000097
3.559745	0.000093
3.560728	0.000088
3.561710	0.000084
3.562693	0.000080
3.563676	0.000076
3.564659	0.000072
3.565642	0.000067
3.566624	0.000063
3.567607	0.000059
3.568590	0.000055
3.569573	0.000050
3.570555	0.000046
3.571538	0.000042
3.572521	0.000038
3.573504	0.000034
3.574487	0.000029
3.575469	0.000025
3.576452	0.000021
3.577435	0.000017
3.578418	0.000013
3.579400	0.000008
3.580375	0.000004
3.581350	0.000008
3.582325	0.000012
3.583300	0.000016
3.584274	0.000020
3.585249	0.000024
3.586224	0.000028
3.587199	0.000032
3.588174	0.000036
3.589148	0.000040
3.590123	0.000044
3.591098	0.000047
3.592073	0.000051
3.593048	0.000055
3.594022	0.000059
3.594997	0.000062
3.595972	0.000066
3.596947	0.000070
3.597921	0.000073
3.598896	0.000077
3.599871	0.000080
3.600846	0.000084
3.601821	0.000087
3.602795	0.000091
3.603770	0.000094
3.604745	0.000097
3.605720	0.000101
3.606695	0.000104
3.607669	0.000107
3.608644	0.000111
3.609619	0.000114
3.610594	0.000117
3.611569	0.000121
3.612543	0.000124
3.613518	0.000127
3.614493	0.000130
3.615468	0.000133
3.616443	0.000136
3.617417	0.000140
3.618392	0.000143
3.619367	0.000146
3.620342	0.000149
3.621316	0.000152
3.622291	0.000155
3.623266	0.000158
3.624241	0.000161
3.625216	0.000164
3.626190	0.000167
3.627165	0.000169
3.628140	0.000172
3.629115	0.000175
3.630090	0.000178
3.631064	0.000181
3.632039	0.000184
3.633014	0.000186
3.633989	0.000189
3.634964	0.000192
3.635938	0.000195
3.636913	0.000197
3.637888	0.000200
3.638863	0.000203
3.639838	0.000205
3.640812	0.000208
3.641787	0.000211
3.642762	0.000213
3.643737	0.000216
3.644711	0.000219
3.645686	0.000221
3.646661	0.000224
3.647636	0.000226
3.648611	0.000229
3.649585	0.000231
3.650560	0.000234
3.651535	0.000236
3.652510	0.000238
3.653485	0.000241
3.654459	0.000243
3.655434	0.000246
3.656409	0.000248
3.657384	0.000250
3.658359	0.000253
3.659333	0.000255
3.660308	0.000257
3.661283	0.000259
3.662258	0.000262
3.663233	0.000264
3.664207	0.000266
3.665182	0.000268
3.666157	0.000271
3.667132	0.000273
3.668106	0.000275
3.669081	0.000277
3.670056	0.000279
3.671031	0.000281
3.672006	0.000283
3.672980	0.000285
3.673955	0.000287
3.674930	0.000289
3.675905	0.000292
3.676880	0.000294
3.677854	0.000295
3.678829	0.000297
3.679804	0.000299
3.680779	0.000301
3.681754	0.000303
3.682728	0.000305
3.683703	0.000307
3.684678	0.000309
3.685653	0.000311
3.686628	0.000313
3.687602	0.000314
3.688577	0.000316
3.689552	0.000318
3.690527	0.000320
3.691501	0.000322
3.692476	0.000323
3.693451	0.000325
3.694426	0.000327
3.695401	0.000328
3.696375	0.000330
3.697350	0.000332
3.698325	0.000333
3.699300	0.000335
3.700275	0.000337
3.701249	0.000338
3.702224	0.000340
3.703199	0.000341
3.704174	0.000343
3.705149	0.000344
3.706123	0.000346
3.707098	0.000347
3.708073	0.000349
3.709048	0.000350
3.710023	0.000352
3.710997	0.000353
3.711972	0.000354
3.712947	0.000356
3.713922	0.000357
3.714897	0.000359
3.715871	0.000360
3.716846	0.000361
3.717821	0.000363
3.718796	0.000364
3.719770	0.000365
3.720745	0.000366
3.721720	0.000368
3.722695	0.000369
3.723670	0.000370
3.724644	0.000371
3.725619	0.000372
3.726594	0.000373
3.727569	0.000375
3.728544	0.000376
3.729518	0.000377
3.730493	0.000378
3.731468	0.000379
3.732443	0.000380
3.733418	0.000381
3.734392	0.000382
3.735367	0.000383
3.736342	0.000384
3.737317	0.000385
3.738292	0.000386
3.739266	0.000387
3.740241	0.000388
3.741216	0.000389
3.742191	0.000390
3.743165	0.000391
3.744140	0.000391
3.745115	0.000392
3.746090	0.000393
3.747065	0.000394
3.748039	0.000395
3.749014	0.000396
3.749989	0.000396
3.750964	0.000397
3.751939	0.000398
3.752913	0.000398
3.753888	0.000399
3.754863	0.000400
3.755838	0.000400
3.756813	0.000401
3.757787	0.000402
3.758762	0.000402
3.759737	0.000403
3.760712	0.000404
3.761687	0.000404
3.762661	0.000405
3.763636	0.000405
3.764611	0.000406
3.765586	0.000406
3.766560	0.000407
3.767535	0.000407
3.768510	0.000408
3.769485	0.000408
3.770460	0.000408
3.771434	0.000409
3.772409	0.000409
3.773384	0.000410
3.774359	0.000410
3.775334	0.000410
3.776308	0.000411
3.777283	0.000411
3.778258	0.000411
3.779233	0.000412
3.780208	0.000412
3.781182	0.000412
3.782157	0.000412
3.783132	0.000413
3.784107	0.000413
3.785082	0.000413
3.786056	0.000413
3.787031	0.000413
3.788006	0.000413
3.788981	0.000413
3.789955	0.000414
3.790930	0.000414
3.791905	0.000414
3.792880	0.000414
3.793855	0.000414
3.794829	0.000414
3.795804	0.000414
3.796779	0.000414
3.797754	0.000414
3.798729	0.000414
3.799703	0.000414
3.800678	0.000414
3.801653	0.000414
3.802628	0.000413
3.803603	0.000413
3.804577	0.000413
3.805552	0.000413
3.806527	0.000413
3.807502	0.000413
3.808477	0.000413
3.809451	0.000412
3.810426	0.000412
3.811401	0.000412
3.812376	0.000412
3.813350	0.000411
3.814325	0.000411
3.815300	0.000411
3.816275	0.000411
3.817250	0.000410
3.818224	0.000410
3.819199	0.000410
3.820174	0.000409
3.821149	0.000409
3.822124	0.000408
3.823098	0.000408
3.824073	0.000408
3.825048	0.000407
3.826023	0.000407
3.826998	0.000406
3.827972	0.000406
3.828947	0.000405
3.829922	0.000405
3.830897	0.000404
3.831872	0.000404
3.832846	0.000403
3.833821	0.000403
3.834796	0.000402
3.835771	0.000401
3.836746	0.000401
3.837720	0.000400
3.838695	0.000399
3.839670	0.000399
3.840645	0.000398
3.841619	0.000397
3.842594	0.000397
3.843569	0.000396
3.844544	0.000395
3.845519	0.000395
3.846493	0.000394
3.847468	0.000393
3.848443	0.000392
3.849418	0.000392
3.850393	0.000391
3.851367	0.000390
3.852342	0.000389
3.853317	0.000388
3.854292	0.000387
3.855267	0.000387
3.856241	0.000386
3.857216	0.000385
3.858191	0.000384
3.859166	0.000383
3.860141	0.000382
3.861115	0.000381
3.862090	0.000380
3.863065	0.000379
3.864040	0.000378
3.865014	0.000377
3.865989	0.000376
3.866964	0.000375
3.867939	0.000374
3.868914	0.000373
3.869888	0.000372
3.870863	0.000371
3.871838	0.000370
3.872813	0.000369
3.873788	0.000368
3.874762	0.000367
3.875737	0.000365
3.876712	0.000364
3.877687	0.000363
3.878662	0.000362
3.879636	0.000361
3.880611	0.000360
3.881586	0.000358
3.882561	0.000357
3.883536	0.000356
3.884510	0.000355
3.885485	0.000354
3.886460	0.000352
3.887435	0.000351
3.888409	0.000350
3.889384	0.000348
3.890359	0.000347
3.891334	0.000346
3.892309	0.000345
3.893283	0.000343
3.894258	0.000342
3.895233	0.000341
3.896208	0.000339
3.897183	0.000338
3.898157	0.000336
3.899132	0.000335
3.900107	0.000334
3.901082	0.000332
3.902057	0.000331
3.903031	0.000329
3.904006	0.000328
3.904981	0.000326
3.905956	0.000325
3.906931	0.000324
3.907905	0.000322
3.908880	0.000321
3.909855	0.000319
3.910830	0.000318
3.911804	0.000316
3.912779	0.000314
3.913754	0.000313
3.914729	0.000311
3.915704	0.000310
3.916678	0.000308
3.917653	0.000307
3.918628	0.000305
3.919603	0.000303
3.920578	0.000302
3.921552	0.000300
3.922527	0.000299
3.923502	0.000297
3.924477	0.000295
3.925452	0.000294
3.926426	0.000292
3.927401	0.000290
3.928376	0.000289
3.929351	0.000287
3.930326	0.000285
3.931300	0.000284
3.932275	0.000282
3.933250	0.000280
3.934225	0.000279
3.935200	0.000277
3.936174	0.000275
3.937149	0.000273
3.938124	0.000272
3.939099	0.000270
3.940073	0.000268
3.941048	0.000266
3.942023	0.000265
3.942998	0.000263
3.943973	0.000261
3.944947	0.000259
3.945922	0.000257
3.946897	0.000256
3.947872	0.000254
3.948847	0.000252
3.949821	0.000250
3.950796	0.000248
3.951771	0.000246
3.952746	0.000245
3.953721	0.000243
3.954695	0.000241
3.955670	0.000239
3.956645	0.000237
3.957620	0.000235
3.958595	0.000233
3.959569	0.000231
3.960544	0.000229
3.961519	0.000228
3.962494	0.000226
3.963468	0.000224
3.964443	0.000222
3.965418	0.000220
3.966393	0.000218
3.967368	0.000216
3.968342	0.000214
3.969317	0.000212
3.970292	0.000210
3.971267	0.000208
3.972242	0.000206
3.973216	0.000204
3.974191	0.000202
3.975166	0.000200
3.976141	0.000198
3.977116	0.000196
3.978090	0.000194
3.979065	0.000192
3.980040	0.000190
3.981015	0.000188
3.981990	0.000186
3.982964	0.000184
3.983939	0.000182
3.984914	0.000180
3.985889	0.000178
3.986863	0.000176
3.987838	0.000174
3.988813	0.000172
3.989788	0.000170
3.990763	0.000168
3.991737	0.000166
3.992712	0.000164
3.993687	0.000162
3.994662	0.000160
3.995637	0.000158
3.996611	0.000156
3.997586	0.000154
3.998561	0.000152
3.999536	0.000150
4.000511	0.000148
4.001485	0.000146
4.002460	0.000144
4.003435	0.000141
4.004410	0.000139
4.005385	0.000137
4.006359	0.000135
4.007334	0.000133
4.008309	0.000131
4.009284	0.000129
4.010258	0.000127
4.011233	0.000125
4.012208	0.000123
4.013183	0.000121
4.014158	0.000119
4.015132	0.000116
4.016107	0.000114
4.017082	0.000112
4.018057	0.000110
4.019032	0.000108
4.020006	0.000106
4.020981	0.000104
4.021956	0.000102
4.022931	0.000100
4.023906	0.000098
4.024880	0.000096
4.025855	0.000093
4.026830	0.000091
4.027805	0.000089
4.028780	0.000087
4.029754	0.000085
4.030729	0.000083
4.031704	0.000081
4.032679	0.000079
4.033653	0.000077
4.034628	0.000075
4.035603	0.000072
4.036578	0.000070
4.037553	0.000068
4.038527	0.000066
4.039502	0.000064
4.040477	0.000062
4.041452	0.000060
4.042427	0.000058
4.043401	0.000056
4.044376	0.000054
4.045351	0.000052
4.046326	0.000049
4.047301	0.000047
4.048275	0.000045
4.049250	0.000043
4.050225	0.000041
4.051200	0.000039
4.052175	0.000037
4.053149	0.000035
4.054124	0.000033
4.055099	0.000031
4.056074	0.000029
4.057049	0.000027
4.058023	0.000025
4.058998	0.000022
4.059973	0.000020
4.060948	0.000018
4.061922	0.000016
4.062897	0.000014
4.063872	0.000012
4.064847	0.000010
4.065822	0.000008
4.066796	0.000006
4.067779	0.000004
4.068762	0.000008
4.069745	0.000012
4.070728	0.000016
4.071710	0.000020
4.072693	0.000025
4.073676	0.000029
4.074659	0.000033
4.075641	0.000037
4.076624	0.000041
4.077607	0.000045
4.078590	0.000049
4.079573	0.000053
4.080555	0.000057
4.081538	0.000062
4.082521	0.000066
4.083504	0.000070
4.084486	0.000074
4.085469	0.000078
4.086452	0.000082
4.087435	0.000086
4.088417	0.000090
4.089400	0.000095
4.090383	0.000099
4.091366	0.000103
4.092349	0.000107
4.093331	0.000111
4.094314	0.000115
4.095297	0.000119
4.096280	0.000124
4.097262	0.000128
4.098245	0.000132
4.099228	0.000136
4.100211	0.000140
4.101194	0.000145
4.102176	0.000149
4.103159	0.000153
4.104142	0.000157
4.105125	0.000162
4.106107	0.000166
4.107090	0.000170
4.108073	0.000174
4.109056	0.000179
4.110039	0.000183
4.111021	0.000187
4.112004	0.000191
4.112987	0.000196
4.113970	0.000200
4.114952	0.000204
4.115935	0.000209
4.116918	0.000213
4.117901	0.000217
4.118884	0.000222
4.119866	0.000226
4.120849	0.000230
4.121832	0.000235
4.122815	0.000239
4.123797	0.000244
4.124780	0.000248
4.125763	0.000252
4.126746	0.000257
4.127729	0.000261
4.128711	0.000266
4.129694	0.000270
4.130677	0.000275
4.131660	0.000279
4.132642	0.000284
4.133625	0.000288
4.134608	0.000293
4.135591	0.000297
4.136573	0.000302
4.137556	0.000306
4.138539	0.000311
4.139522	0.000316
4.140505	0.000320
4.141487	0.000325
4.142470	0.000330
4.143453	0.000334
4.144436	0.000339
4.145418	0.000344
4.146401	0.000348
4.147384	0.000353
4.148367	0.000358
4.149350	0.000363
4.150332	0.000367
4.151315	0.000372
4.152298	0.000377
4.153281	0.000382
4.154263	0.000387
4.155246	0.000391
4.156229	0.000396
4.157212	0.000401
4.158195	0.000406
4.159177	0.000411
4.160160	0.000416
4.161143	0.000421
4.162126	0.000426
4.163108	0.000431
4.164091	0.000436
4.165074	0.000441
4.166057	0.000446
4.167040	0.000451
4.168022	0.000456
4.169005	0.000461
4.169988	0.000467
4.170971	0.000472
4.171953	0.000477
4.172936	0.000482
4.173919	0.000487
4.174902	0.000493
4.175885	0.000498
4.176867	0.000503
4.177850	0.000509
4.178833	0.000514
4.179816	0.000519
4.180798	0.000525
4.181781	0.000530
4.182764	0.000536
4.183747	0.000541
4.184729	0.000547
4.185712	0.000552
4.186695	0.000558
4.187678	0.000563
4.188661	0.000569
4.189643	0.000574
4.190626	0.000580
4.191609	0.000586
4.192592	0.000591
4.193574	0.000597
4.194557	0.000603
4.195540	0.000609
4.196523	0.000615
4.197506	0.000620
4.198488	0.000626
4.199471	0.000632
4.200454	0.000638
4.201437	0.000644
4.202419	0.000650
4.203402	0.000656
4.204385	0.000662
4.205368	0.000668
4.206351	0.000674
4.207333	0.000680
4.208316	0.000686
4.209299	0.000693
4.210282	0.000699
4.211264	0.000705
4.212247	0.000711
4.213230	0.000718
4.214213	0.000724
4.215196	0.000730
4.216178	0.000737
4.217161	0.000743
4.218144	0.000750
4.219127	0.000756
4.220109	0.000763
4.221092	0.000769
4.222075	0.000776
4.223058	0.000783
4.224041	0.000789
4.225023	0.000796
4.226006	0.000803
4.226989	0.000810
4.227972	0.000816
4.228954	0.000823
4.229937	0.000830
4.230920	0.000837
4.231903	0.000844
4.232885	0.000851
4.233868	0.000858
4.234851	0.000865
4.235834	0.000872
4.236817	0.000880
4.237799	0.000887
4.238782	0.000894
4.239765	0.000901
4.240748	0.000909
4.241730	0.000916
4.242713	0.000923
4.243696	0.000931
4.244679	0.000938
4.245662	0.000946
4.246644	0.000954
4.247627	0.000961
4.248610	0.000969
4.249593	0.000977
4.250575	0.000984
4.251558	0.000992
4.252541	0.001000
4.253524	0.001008
4.254507	0.001016
4.255489	0.001024
4.256472	0.001032
4.257455	0.001040
4.258438	0.001048
4.259420	0.001056
4.260403	0.001064
4.261386	0.001072
4.262369	0.001081
4.263352	0.001089
4.264334	0.001098
4.265317	0.001106
4.266300	0.001114
4.267283	0.001123
4.268265	0.001132
4.269248	0.001140
4.270231	0.001149
4.271214	0.001158
4.272197	0.001167
4.273179	0.001175
4.274162	0.001184
4.275145	0.001193
4.276128	0.001202
4.277110	0.001211
4.278093	0.001220
4.279076	0.001230
4.280059	0.001239
4.281042	0.001248
4.282024	0.001257
4.283007	0.001267
4.283990	0.001276
4.284973	0.001286
4.285955	0.001295
4.286938	0.001305
4.287921	0.001315
4.288904	0.001324
4.289886	0.001334
4.290869	0.001344
4.291852	0.001354
4.292835	0.001364
4.293818	0.001374
4.294800	0.001384
4.295783	0.001394
4.296766	0.001404
4.297749	0.001415
4.298731	0.001425
4.299714	0.001435
4.300697	0.001446
4.301680	0.001456
4.302663	0.001467
4.303645	0.001477
4.304628	0.001488
4.305611	0.001499
4.306594	0.001510
4.307576	0.001521
4.308559	0.001532
4.309542	0.001543
4.310525	0.001554
4.311508	0.001565
4.312490	0.001576
4.313473	0.001588
4.314456	0.001599
4.315439	0.001610
4.316421	0.001622
4.317404	0.001634
4.318387	0.001645
4.319370	0.001657
4.320353	0.001669
4.321335	0.001681
4.322318	0.001693
4.323301	0.001705
4.324284	0.001717
4.325266	0.001729
4.326249	0.001741
4.327232	0.001754
4.328215	0.001766
4.329198	0.001778
4.330180	0.001791
4.331163	0.001804
4.332146	0.001816
4.333129	0.001829
4.334111	0.001842
4.335094	0.001855
4.336077	0.001868
4.337060	0.001881
4.338042	0.001894
4.339025	0.001908
4.340008	0.001921
4.340991	0.001934
4.341974	0.001948
4.342956	0.001962
4.343939	0.001975
4.344922	0.001989
4.345905	0.002003
4.346887	0.002017
4.347870	0.002031
4.348853	0.002045
4.349836	0.002059
4.350819	0.002074
4.351801	0.002088
4.352784	0.002102
4.353767	0.002117
4.354750	0.002132
4.355732	0.002146
4.356715	0.002161
4.357698	0.002176
4.358681	0.002191
4.359664	0.002206
4.360646	0.002222
4.361629	0.002237
4.362612	0.002252
4.363595	0.002268
4.364577	0.002283
4.365560	0.002299
4.366543	0.002315
4.367526	0.002331
4.368509	0.002347
4.369491	0.002363
4.370474	0.002379
4.371457	0.002395
4.372440	0.002412
4.373422	0.002428
4.374405	0.002445
4.375388	0.002462
4.376371	0.002478
4.377354	0.002495
4.378336	0.002512
4.379319	0.002530
4.380302	0.002547
4.381285	0.002564
4.382267	0.002582
4.383250	0.002599
4.384233	0.002617
4.385216	0.002635
4.386198	0.002652
4.387181	0.002670
4.388164	0.002689
4.389147	0.002707
4.390130	0.002725
4.391112	0.002744
4.392095	0.002762
4.393078	0.002781
4.394061	0.002800
4.395043	0.002819
4.396026	0.002838
4.397009	0.002857
4.397992	0.002876
4.398975	0.002895
4.399957	0.002915
4.400940	0.002935
4.401923	0.002954
4.402906	0.002974
4.403888	0.002994
4.404871	0.003014
4.405854	0.003035
4.406837	0.003055
4.407820	0.003076
4.408802	0.003096
4.409785	0.003117
4.410768	0.003138
4.411751	0.003159
4.412733	0.003180
4.413716	0.003201
4.414699	0.003223
4.415682	0.003244
4.416665	0.003266
4.417647	0.003288
4.418630	0.003310
4.419613	0.003332
4.420596	0.003354
4.421578	0.003377
4.422561	0.003399
4.423544	0.003422
4.424527	0.003445
4.425510	0.003468
4.426492	0.003491
4.427475	0.003514
4.428458	0.003537
4.429441	0.003561
4.430423	0.003584
4.431406	0.003608
4.432389	0.003632
4.433372	0.003656
4.434354	0.003680
4.435337	0.003705
4.436320	0.003729
4.437303	0.003754
4.438286	0.003779
4.439268	0.003804
4.440251	0.003829
4.441234	0.003854
4.442217	0.003880
4.443199	0.003906
4.444182	0.003931
4.445165	0.003957
4.446148	0.003983
4.447131	0.004010
4.448113	0.004036
4.449096	0.004063
4.450079	0.004090
4.451062	0.004116
4.452044	0.004144
4.453027	0.004171
4.454010	0.004198
4.454993	0.004226
4.455976	0.004254
4.456958	0.004282
4.457941	0.004310
4.458924	0.004338
4.459907	0.004366
4.460889	0.004395
4.461872	0.004424
4.462855	0.004453
4.463838	0.004482
4.464821	0.004511
4.465803	0.004541
4.466786	0.004571
4.467769	0.004600
4.468752	0.004631
4.469734	0.004661
4.470717	0.004691
4.471700	0.004722
4.472683	0.004753
4.473666	0.004784
4.474648	0.004815
4.475631	0.004846
4.476614	0.004878
4.477597	0.004910
4.478579	0.004942
4.479562	0.004974
4.480545	0.005006
4.481528	0.005039
4.482510	0.005071
4.483493	0.005104
4.484476	0.005137
4.485459	0.005171
4.486442	0.005204
4.487424	0.005238
4.488407	0.005272
4.489390	0.005306
4.490373	0.005341
4.491355	0.005375
4.492338	0.005410
4.493321	0.005445
4.494304	0.005480
4.495287	0.005516
4.496269	0.005551
4.497252	0.005587
4.498235	0.005623
4.499218	0.005660
4.500200	0.005696
4.501183	0.005733
4.502166	0.005770
4.503149	0.005807
4.504132	0.005844
4.505114	0.005882
4.506097	0.005920
4.507080	0.005958
4.508063	0.005996
4.509045	0.006035
4.510028	0.006074
4.511011	0.006113
4.511994	0.006152
4.512977	0.006192
4.513959	0.006231
4.514942	0.006271
4.515925	0.006312
4.516908	0.006352
4.517890	0.006393
4.518873	0.006434
4.519856	0.006475
4.520839	0.006516
4.521822	0.006558
4.522804	0.006600
4.523787	0.006642
4.524770	0.006685
4.525753	0.006727
4.526735	0.006770
4.527718	0.006814
4.528701	0.006857
4.529684	0.006901
4.530667	0.006945
4.531649	0.006989
4.532632	0.007034
4.533615	0.007078
4.534598	0.007124
4.535580	0.007169
4.536563	0.007215
4.537546	0.007260
4.538529	0.007307
4.539511	0.007353
4.540494	0.007400
4.541477	0.007447
4.542460	0.007494
4.543443	0.007542
4.544425	0.007590
4.545408	0.007638
4.546391	0.007686
4.547374	0.007735
4.548356	0.007784
4.549339	0.007833
4.550322	0.007883
4.551305	0.007933
4.552288	0.007983
4.553270	0.008033
4.554253	0.008084
4.555236	0.008135
4.556219	0.008187
4.557201	0.008238
4.558184	0.008290
4.559167	0.008343
4.560150	0.008396
4.561133	0.008448
4.562115	0.008502
4.563098	0.008555
4.564081	0.008609
4.565064	0.008664
4.566046	0.008718
4.567029	0.008773
4.568012	0.008828
4.568995	0.008884
4.569978	0.008940
4.570960	0.008996
4.571943	0.009053
4.572926	0.009109
4.573909	0.009167
4.574891	0.009224
4.575874	0.009282
4.576857	0.009341
4.577840	0.009399
4.578823	0.009458
4.579805	0.009518
4.580788	0.009577
4.581771	0.009637
4.582754	0.009698
4.583736	0.009759
4.584719	0.009820
4.585702	0.009881
4.586685	0.009943
4.587667	0.010005
4.588650	0.010068
4.589633	0.010131
4.590616	0.010195
4.591599	0.010258
4.592581	0.010322
4.593564	0.010387
4.594547	0.010452
4.595530	0.010517
4.596512	0.010583
4.597495	0.010649
4.598478	0.010716
4.599461	0.010783
4.600444	0.010850
4.601426	0.010918
4.602409	0.010986
4.603392	0.011055
4.604375	0.011124
4.605357	0.011193
4.606340	0.011263
4.607323	0.011333
4.608306	0.011404
4.609289	0.011475
4.610271	0.011547
4.611254	0.011619
4.612237	0.011691
4.613220	0.011764
4.614202	0.011838
4.615185	0.011912
4.616168	0.011986
4.617151	0.012061
4.618134	0.012136
4.619116	0.012212
4.620099	0.012288
4.621082	0.012365
4.622065	0.012442
4.623047	0.012519
4.624030	0.012598
4.625013	0.012676
4.625996	0.012755
4.626979	0.012835
4.627961	0.012915
4.628944	0.012996
4.629927	0.013077
4.630910	0.013159
4.631892	0.013241
4.632875	0.013323
4.633858	0.013407
4.634841	0.013491
4.635823	0.013575
4.636806	0.013660
4.637789	0.013745
4.638772	0.013831
4.639755	0.013918
4.640737	0.014005
4.641720	0.014093
4.642703	0.014181
4.643686	0.014270
4.644668	0.014360
4.645651	0.014450
4.646634	0.014541
4.647617	0.014632
4.648600	0.014724
4.649582	0.014816
4.650565	0.014910
4.651548	0.015004
4.652531	0.015098
4.653513	0.015193
4.654496	0.015289
4.655479	0.015386
4.656462	0.015483
4.657445	0.015581
4.658427	0.015679
4.659410	0.015779
4.660393	0.015879
4.661376	0.015979
4.662358	0.016081
4.663341	0.016183
4.664324	0.016286
4.665307	0.016390
4.666290	0.016494
4.667272	0.016600
4.668255	0.016706
4.669238	0.016813
4.670221	0.016920
4.671203	0.017029
4.672186	0.017138
4.673169	0.017248
4.674152	0.017360
4.675135	0.017472
4.676117	0.017584
4.677100	0.017698
4.678083	0.017813
4.679066	0.017929
4.680048	0.018045
4.681031	0.018163
4.682014	0.018282
4.682997	0.018401
4.683979	0.018522
4.684962	0.018643
4.685945	0.018766
4.686928	0.018890
4.687911	0.019015
4.688893	0.019141
4.689876	0.019268
4.690859	0.019397
4.691842	0.019526
4.692824	0.019657
4.693807	0.019789
4.694790	0.019922
4.695773	0.020057
4.696756	0.020193
4.697738	0.020330
4.698721	0.020469
4.699704	0.020609
4.700687	0.020751
4.701669	0.020894
4.702652	0.021039
4.703635	0.021185
4.704618	0.021333
4.705601	0.021482
4.706583	0.021633
4.707566	0.021786
4.708549	0.021941
4.709532	0.022097
4.710514	0.022256
4.711497	0.022416
4.712480	0.022579
4.713463	0.022743
4.714446	0.022910
4.715428	0.023079
4.716411	0.023250
4.717394	0.023423
4.718377	0.023599
4.719359	0.023777
4.720342	0.023958
4.721325	0.024142
4.722308	0.024329
4.723291	0.024518
4.724273	0.024710
4.725256	0.024906
4.726239	0.025105
4.727222	0.025307
4.728204	0.025512
4.729187	0.025722
4.730170	0.025935
4.731153	0.026152
4.732135	0.026373
4.733118	0.026599
4.734101	0.026829
4.735084	0.027064
4.736067	0.027304
4.737049	0.027549
4.738032	0.027800
4.739015	0.028057
4.739998	0.028320
4.740980	0.028590
4.741963	0.028866
4.742946	0.029150
4.743929	0.029442
4.744912	0.029742
4.745894	0.030050
4.746877	0.030369
4.747860	0.030697
4.748843	0.031036
4.749825	0.031387
4.750808	0.031750
4.751791	0.032127
4.752774	0.032518
4.753757	0.032925
4.754739	0.033349
4.755722	0.033793
4.756705	0.034257
4.757688	0.034743
4.758670	0.035255
4.759653	0.035794
4.760636	0.036364
4.761619	0.036969
4.762602	0.037613
4.763584	0.038302
4.764567	0.039041
4.765550	0.039838
4.766533	0.040702
4.767515	0.041646
4.768498	0.042683
4.769481	0.043832
4.770464	0.045118
4.771447	0.046574
4.772429	0.048243
4.773412	0.050189
4.774395	0.052504
4.775378	0.055327
4.776360	0.058878
4.777343	0.063524
4.778326	0.069902
4.779309	0.079136
4.780292	0.093101
4.781274	0.113884
4.782249	0.113052
4.783224	0.083158
4.784199	0.053564
4.785173	0.040770
4.786148	0.034057
4.787123	0.029930
4.788098	0.027084
4.789073	0.024960
4.790047	0.023285
4.791022	0.021913
4.791997	0.020754
4.792972	0.019756
4.793947	0.018879
4.794921	0.018098
4.795896	0.017396
4.796871	0.016757
4.797846	0.016172
4.798821	0.015631
4.799795	0.015129
4.800770	0.014661
4.801745	0.014221
4.802720	0.013807
4.803694	0.013416
4.804669	0.013044
4.805644	0.012691
4.806619	0.012354
4.807594	0.012031
4.808568	0.011722
4.809543	0.011424
4.810518	0.011138
4.811493	0.010862
4.812468	0.010596
4.813442	0.010338
4.814417	0.010088
4.815392	0.009845
4.816367	0.009610
4.817342	0.009380
4.818316	0.009157
4.819291	0.008940
4.820266	0.008727
4.821241	0.008520
4.822216	0.008317
4.823190	0.008119
4.824165	0.007925
4.825140	0.007735
4.826115	0.007548
4.827090	0.007365
4.828064	0.007185
4.829039	0.007009
4.830014	0.006835
4.830989	0.006665
4.831963	0.006497
4.832938	0.006331
4.833913	0.006168
4.834888	0.006008
4.835863	0.005849
4.836837	0.005693
4.837812	0.005539
4.838787	0.005387
4.839762	0.005236
4.840737	0.005088
4.841711	0.004941
4.842686	0.004796
4.843661	0.004652
4.844636	0.004510
4.845611	0.004369
4.846585	0.004230
4.847560	0.004091
4.848535	0.003955
4.849510	0.003819
4.850485	0.003685
4.851459	0.003551
4.852434	0.003419
4.853409	0.003288
4.854384	0.003158
4.855358	0.003028
4.856333	0.002900
4.857308	0.002772
4.858283	0.002645
4.859258	0.002519
4.860232	0.002394
4.861207	0.002270
4.862182	0.002146
4.863157	0.002023
4.864132	0.001900
4.865106	0.001778
4.866081	0.001657
4.867056	0.001536
4.868031	0.001415
4.869006	0.001296
4.869980	0.001176
4.870955	0.001057
4.871930	0.000938
4.872905	0.000820
4.873880	0.000702
4.874854	0.000584
4.875829	0.000467
4.876804	0.000350
4.877779	0.000233
4.878761	-0.000000
4.879744	0.000117
4.880727	0.000235
4.881710	0.000352
4.882693	0.000469
4.883675	0.000586
4.884658	0.000703
4.885641	0.000820
4.886624	0.000937
4.887606	0.001053
4.888589	0.001169
4.889572	0.001285
4.890555	0.001401
4.891538	0.001517
4.892520	0.001632
4.893503	0.001747
4.894486	0.001861
4.895469	0.001975
4.896451	0.002089
4.897434	0.002202
4.898417	0.002315
4.899400	0.002428
4.900383	0.002540
4.901365	0.002651
4.902348	0.002762
4.903331	0.002873
4.904314	0.002983
4.905296	0.003092
4.906279	0.003201
4.907262	0.003310
4.908245	0.003417
4.909228	0.003525
4.910210	0.003631
4.911193	0.003737
4.912176	0.003842
4.913159	0.003947
4.914141	0.004051
4.915124	0.004154
4.916107	0.004257
4.917090	0.004359
4.918072	0.004461
4.919055	0.004561
4.920038	0.004661
4.921021	0.004760
4.922004	0.004859
4.922986	0.004957
4.923969	0.005054
4.924952	0.005151
4.925935	0.005246
4.926917	0.005341
4.927900	0.005436
4.928883	0.005529
4.929866	0.005622
4.930849	0.005714
4.931831	0.005806
4.932814	0.005896
4.933797	0.005986
4.934780	0.006076
4.935762	0.006164
4.936745	0.006252
4.937728	0.006339
4.938711	0.006425
4.939694	0.006511
4.940676	0.006596
4.941659	0.006680
4.942642	0.006764
4.943625	0.006847
4.944607	0.006929
4.945590	0.007010
4.946573	0.007091
4.947556	0.007171
4.948539	0.007251
4.949521	0.007330
4.950504	0.007408
4.951487	0.007485
4.952470	0.007562
4.953452	0.007638
4.954435	0.007713
4.955418	0.007788
4.956401	0.007862
4.957384	0.007936
4.958366	0.008009
4.959349	0.008081
4.960332	0.008153
4.961315	0.008224
4.962297	0.008294
4.963280	0.008364
4.964263	0.008433
4.965246	0.008502
4.966228	0.008570
4.967211	0.008638
4.968194	0.008704
4.969177	0.008771
4.970160	0.008837
4.971142	0.008902
4.972125	0.008966
4.973108	0.009031
4.974091	0.009094
4.975073	0.009157
4.976056	0.009220
4.977039	0.009282
4.978022	0.009343
4.979005	0.009404
4.979987	0.009465
4.980970	0.009524
4.981953	0.009584
4.982936	0.009643
4.983918	0.009701
4.984901	0.009759
4.985884	0.009817
4.986867	0.009874
4.987850	0.009930
4.988832	0.009986
4.989815	0.010042
4.990798	0.010097
4.991781	0.010152
4.992763	0.010206
4.993746	0.010260
4.994729	0.010313
4.995712	0.010366
4.996695	0.010418
4.997677	0.010470
4.998660	0.010522
4.999643	0.010573
5.000626	0.010624
5.001608	0.010674
5.002591	0.010724
5.003574	0.010774
5.004557	0.010823
5.005540	0.010872
5.006522	0.010920
5.007505	0.010968
5.008488	0.011015
5.009471	0.011063
5.010453	0.011109
5.011436	0.011156
5.012419	0.011202
5.013402	0.011247
5.014384	0.011293
5.015367	0.011338
5.016350	0.011382
5.017333	0.011426
5.018316	0.011470
5.019298	0.011513
5.020281	0.011557
5.021264	0.011599
5.022247	0.011642
5.023229	0.011684
5.024212	0.011725
5.025195	0.011767
5.026178	0.011808
5.027161	0.011848
5.028143	0.011889
5.029126	0.011929
5.030109	0.011968
5.031092	0.012007
5.032074	0.012046
5.033057	0.012085
5.034040	0.012123
5.035023	0.012161
5.036006	0.012199
5.036988	0.012236
5.037971	0.012273
5.038954	0.012310
5.039937	0.012346
5.040919	0.012382
5.041902	0.012418
5.042885	0.012453
5.043868	0.012489
5.044851	0.012523
5.045833	0.012558
5.046816	0.012592
5.047799	0.012626
5.048782	0.012659
5.049764	0.012693
5.050747	0.012726
5.051730	0.012758
5.052713	0.012790
5.053696	0.012823
5.054678	0.012854
5.055661	0.012886
5.056644	0.012917
5.057627	0.012948
5.058609	0.012978
5.059592	0.013008
5.060575	0.013038
5.061558	0.013068
5.062540	0.013097
5.063523	0.013126
5.064506	0.013155
5.065489	0.013184
5.066472	0.013212
5.067454	0.013240
5.068437	0.013267
5.069420	0.013294
5.070403	0.013321
5.071385	0.013348
5.072368	0.013375
5.073351	0.013401
5.074334	0.013427
5.075317	0.013452
5.076299	0.013477
5.077282	0.013502
5.078265	0.013527
5.079248	0.013552
5.080230	0.013576
5.081213	0.013599
5.082196	0.013623
5.083179	0.013646
5.084162	0.013669
5.085144	0.013692
5.086127	0.013714
5.087110	0.013737
5.088093	0.013758
5.089075	0.013780
5.090058	0.013801
5.091041	0.013822
5.092024	0.013843
5.093007	0.013863
5.093989	0.013884
5.094972	0.013903
5.095955	0.013923
5.096938	0.013942
5.097920	0.013961
5.098903	0.013980
5.099886	0.013999
5.100869	0.014017
5.101852	0.014035
5.102834	0.014052
5.103817	0.014070
5.104800	0.014087
5.105783	0.014103
5.106765	0.014120
5.107748	0.014136
5.108731	0.014152
5.109714	0.014168
5.110697	0.014183
5.111679	0.014198
5.112662	0.014213
5.113645	0.014227
5.114628	0.014242
5.115610	0.014256
5.116593	0.014269
5.117576	0.014283
5.118559	0.014296
5.119541	0.014309
5.120524	0.014321
5.121507	0.014333
5.122490	0.014345
5.123473	0.014357
5.124455	0.014368
5.125438	0.014380
5.126421	0.014390
5.127404	0.014401
5.128386	0.014411
5.129369	0.014421
5.130352	0.014431
5.131335	0.014441
5.132318	0.014450
5.133300	0.014459
5.134283	0.014467
5.135266	0.014476
5.136249	0.014484
5.137231	0.014491
5.138214	0.014499
5.139197	0.014506
5.140180	0.014513
5.141163	0.014520
5.142145	0.014526
5.143128	0.014532
5.144111	0.014538
5.145094	0.014543
5.146076	0.014548
5.147059	0.014553
5.148042	0.014558
5.149025	0.014562
5.150008	0.014567
5.150990	0.014570
5.151973	0.014574
5.152956	0.014577
5.153939	0.014580
5.154921	0.014583
5.155904	0.014585
5.156887	0.014587
5.157870	0.014589
5.158853	0.014591
5.159835	0.014592
5.160818	0.014593
5.161801	0.014594
5.162784	0.014594
5.163766	0.014594
