0.000983	-0.000000
0.001966	-0.000000
0.002948	-0.000000
0.003931	0.000000
0.004914	0.000000
0.005897	0.000000
0.006879	-0.000000
0.007862	0.000000
0.008845	0.000000
0.009828	-0.000000
0.010811	0.000000
0.011793	0.000000
0.012776	-0.000000
0.013759	-0.000000
0.014742	0.000000
0.015724	0.000000
0.016707	0.000000
0.017690	-0.000000
0.018673	0.000014
0.019656	0.000028
0.020638	0.000042
0.021621	0.000056
0.022604	0.000071
0.023587	0.000085
0.024569	0.000099
0.025552	0.000113
0.026535	0.000127
0.027518	0.000141
0.028500	0.000155
0.029483	0.000169
0.030466	0.000183
0.031449	0.000197
0.032432	0.000211
0.033414	0.000225
0.034397	0.000239
0.035380	0.000253
0.036363	0.000267
0.037345	0.000281
0.038328	0.000295
0.039311	0.000309
0.040294	0.000323
0.041277	0.000337
0.042259	0.000350
0.043242	0.000364
0.044225	0.000378
0.045208	0.000392
0.046190	0.000406
0.047173	0.000419
0.048156	0.000433
0.049139	0.000447
0.050122	0.000460
0.051104	0.000474
0.052087	0.000488
0.053070	0.000501
0.054053	0.000515
0.055035	0.000528
0.056018	0.000542
0.057001	0.000555
0.057984	0.000568
0.058967	0.000582
0.059949	0.000595
0.060932	0.000608
0.061915	0.000621
0.062898	0.000635
0.063880	0.000648
0.064863	0.000661
0.065846	0.000674
0.066829	0.000687
0.067812	0.000700
0.068794	0.000713
0.069777	0.000726
0.070760	0.000738
0.071743	0.000751
0.072725	0.000764
0.073708	0.000777
0.074691	0.000789
0.075674	0.000802
0.076656	0.000814
0.077639	0.000827
0.078622	0.000839
0.079605	0.000851
0.080588	0.000864
0.081570	0.000876
0.082553	0.000888
0.083536	0.000900
0.084519	0.000912
0.085501	0.000924
0.086484	0.000936
0.087467	0.000948
0.088450	0.000960
0.089433	0.000971
0.090415	0.000983
0.091398	0.000994
0.092381	0.001006
0.093364	0.001017
0.094346	0.001029
0.095329	0.001040
0.096312	0.001051
0.097295	0.001062
0.098278	0.001073
0.099260	0.001084
0.100243	0.001095
0.101226	0.001106
0.102209	0.001117
0.103191	0.001127
0.104174	0.001138
0.105157	0.001148
0.106140	0.001159
0.107123	0.001169
0.108105	0.001179
0.109088	0.001189
0.110071	0.001199
0.111054	0.001209
0.112036	0.001219
0.113019	0.001229
0.114002	0.001238
0.114985	0.001248
0.115968	0.001257
0.116950	0.001267
0.117933	0.001276
0.118916	0.001285
0.119899	0.001294
0.120881	0.001303
0.121864	0.001312
0.122847	0.001320
0.123830	0.001329
0.124812	0.001338
0.125795	0.001346
0.126778	0.001354
0.127761	0.001362
0.128744	0.001370
0.129726	0.001378
0.130709	0.001386
0.131692	0.001394
0.132675	0.001401
0.133657	0.001409
0.134640	0.001416
0.135623	0.001423
0.136606	0.001430
0.137589	0.001437
0.138571	0.001444
0.139554	0.001450
0.140537	0.001457
0.141520	0.001463
0.142502	0.001470
0.143485	0.001476
0.144468	0.001482
0.145451	0.001487
0.146434	0.001493
0.147416	0.001499
0.148399	0.001504
0.149382	0.001509
0.150365	0.001514
0.151347	0.001519
0.152330	0.001524
0.153313	0.001529
0.154296	0.001533
0.155279	0.001537
0.156261	0.001542
0.157244	0.001545
0.158227	0.001549
0.159210	0.001553
0.160192	0.001556
0.161175	0.001560
0.162158	0.001563
0.163141	0.001566
0.164124	0.001569
0.165106	0.001571
0.166089	0.001574
0.167072	0.001576
0.168055	0.001578
0.169037	0.001580
0.170020	0.001582
0.171003	0.001583
0.171986	0.001584
0.172969	0.001585
0.173951	0.001586
0.174934	0.001587
0.175917	0.001588
0.176900	0.001588
0.177882	0.001588
0.178865	0.001588
0.179848	0.001588
0.180831	0.001587
0.181813	0.001586
0.182796	0.001585
0.183779	0.001584
0.184762	0.001583
0.185745	0.001581
0.186727	0.001579
0.187710	0.001577
0.188693	0.001575
0.189676	0.001573
0.190658	0.001570
0.191641	0.001567
0.192624	0.001564
0.193607	0.001560
0.194590	0.001556
0.195572	0.001552
0.196555	0.001548
0.197538	0.001544
0.198521	0.001539
0.199503	0.001534
0.200486	0.001529
0.201469	0.001524
0.202452	0.001518
0.203435	0.001512
0.204417	0.001506
0.205400	0.001499
0.206383	0.001492
0.207366	0.001485
0.208348	0.001478
0.209331	0.001470
0.210314	0.001462
0.211297	0.001454
0.212280	0.001446
0.213262	0.001437
0.214245	0.001428
0.215228	0.001419
0.216211	0.001409
0.217193	0.001399
0.218176	0.001389
0.219159	0.001379
0.220142	0.001368
0.221125	0.001357
0.222107	0.001346
0.223090	0.001334
0.224073	0.001322
0.225056	0.001310
0.226038	0.001297
0.227021	0.001284
0.228004	0.001271
0.228987	0.001258
0.229969	0.001244
0.230952	0.001230
0.231935	0.001215
0.232918	0.001201
0.233901	0.001186
0.234883	0.001171
0.235866	0.001155
0.236849	0.001139
0.237832	0.001123
0.238814	0.001106
0.239797	0.001090
0.240780	0.001072
0.241763	0.001055
0.242746	0.001037
0.243728	0.001019
0.244711	0.001001
0.245694	0.000982
0.246677	0.000964
0.247659	0.000944
0.248642	0.000925
0.249625	0.000905
0.250608	0.000885
0.251591	0.000865
0.252573	0.000844
0.253556	0.000824
0.254539	0.000803
0.255522	0.000781
0.256504	0.000760
0.257487	0.000738
0.258470	0.000716
0.259453	0.000693
0.260436	0.000671
0.261418	0.000648
0.262401	0.000625
0.263384	0.000602
0.264367	0.000578
0.265349	0.000555
0.266332	0.000531
0.267315	0.000507
0.268298	0.000483
0.269281	0.000458
0.270263	0.000434
0.271246	0.000409
0.272229	0.000384
0.273212	0.000359
0.274194	0.000334
0.275177	0.000309
0.276160	0.000284
0.277143	0.000258
0.278125	0.000233
0.279108	0.000207
0.280091	0.000181
0.281074	0.000156
0.282057	0.000130
0.283039	0.000104
0.284022	0.000078
0.285005	0.000052
0.285988	0.000026
0.286962	0.000103
0.287937	0.000155
0.288912	0.000207
0.289887	0.000259
0.290862	0.000311
0.291836	0.000364
0.292811	0.000416
0.293786	0.000469
0.294761	0.000522
0.295736	0.000576
0.296710	0.000629
0.297685	0.000683
0.298660	0.000738
0.299635	0.000792
0.300610	0.000847
0.301584	0.000903
0.302559	0.000959
0.303534	0.001015
0.304509	0.001072
0.305484	0.001129
0.306458	0.001187
0.307433	0.001246
0.308408	0.001305
0.309383	0.001365
0.310357	0.001425
0.311332	0.001486
0.312307	0.001548
0.313282	0.001610
0.314257	0.001673
0.315231	0.001738
0.316206	0.001802
0.317181	0.001868
0.318156	0.001935
0.319131	0.002003
0.320105	0.002072
0.321080	0.002141
0.322055	0.002212
0.323030	0.002284
0.324005	0.002358
0.324979	0.002432
0.325954	0.002508
0.326929	0.002586
0.327904	0.002664
0.328879	0.002745
0.329853	0.002827
0.330828	0.002910
0.331803	0.002995
0.332778	0.003083
0.333753	0.003172
0.334727	0.003263
0.335702	0.003356
0.336677	0.003451
0.337652	0.003549
0.338626	0.003650
0.339601	0.003752
0.340576	0.003858
0.341551	0.003967
0.342526	0.004078
0.343500	0.004193
0.344475	0.004311
0.345450	0.004433
0.346425	0.004559
0.347400	0.004689
0.348374	0.004824
0.349349	0.004963
0.350324	0.005107
0.351299	0.005257
0.352274	0.005412
0.353248	0.005574
0.354223	0.005743
0.355198	0.005919
0.356173	0.006103
0.357148	0.006295
0.358122	0.006498
0.359097	0.006710
0.360072	0.006934
0.361047	0.007171
0.362021	0.007422
0.362996	0.007690
0.363971	0.007974
0.364946	0.008280
0.365921	0.008608
0.366895	0.008963
0.367870	0.009349
0.368845	0.009772
0.369820	0.010237
0.370795	0.010755
0.371769	0.011337
0.372744	0.011999
0.373719	0.012764
0.374694	0.013664
0.375669	0.014748
0.376643	0.016094
0.377618	0.017828
0.378593	0.020168
0.379568	0.023494
0.380543	0.028431
0.381517	0.035676
0.382492	0.043778
0.383475	0.044101
0.384458	0.037122
0.385440	0.030737
0.386423	0.026477
0.387406	0.023694
0.388389	0.021798
0.389372	0.020440
0.390354	0.019418
0.391337	0.018621
0.392320	0.017977
0.393303	0.017446
0.394285	0.016998
0.395268	0.016614
0.396251	0.016280
0.397234	0.015987
0.398217	0.015726
0.399199	0.015493
0.400182	0.015283
0.401165	0.015092
0.402148	0.014917
0.403130	0.014757
0.404113	0.014609
0.405096	0.014472
0.406079	0.014345
0.407061	0.014226
0.408044	0.014114
0.409027	0.014009
0.410010	0.013911
0.410993	0.013817
0.411975	0.013729
0.412958	0.013644
0.413941	0.013564
0.414924	0.013488
0.415906	0.013415
0.416889	0.013345
0.417872	0.013277
0.418855	0.013212
0.419838	0.013150
0.420820	0.013090
0.421803	0.013032
0.422786	0.012975
0.423769	0.012921
0.424751	0.012868
0.425734	0.012816
0.426717	0.012766
0.427700	0.012717
0.428683	0.012669
0.429665	0.012623
0.430648	0.012577
0.431631	0.012533
0.432614	0.012489
0.433596	0.012446
0.434579	0.012404
0.435562	0.012363
0.436545	0.012322
0.437528	0.012282
0.438510	0.012242
0.439493	0.012204
0.440476	0.012165
0.441459	0.012127
0.442441	0.012090
0.443424	0.012053
0.444407	0.012016
0.445390	0.011980
0.446373	0.011944
0.447355	0.011909
0.448338	0.011874
0.449321	0.011839
0.450304	0.011804
0.451286	0.011770
0.452269	0.011735
0.453252	0.011701
0.454235	0.011668
0.455217	0.011634
0.456200	0.011601
0.457183	0.011567
0.458166	0.011534
0.459149	0.011501
0.460131	0.011469
0.461114	0.011436
0.462097	0.011403
0.463080	0.011371
0.464062	0.011339
0.465045	0.011306
0.466028	0.011274
0.467011	0.011242
0.467994	0.011210
0.468976	0.011178
0.469959	0.011146
0.470942	0.011114
0.471925	0.011082
0.472907	0.011050
0.473890	0.011019
0.474873	0.010987
0.475856	0.010955
0.476839	0.010924
0.477821	0.010892
0.478804	0.010860
0.479787	0.010829
0.480770	0.010797
0.481752	0.010765
0.482735	0.010734
0.483718	0.010702
0.484701	0.010670
0.485684	0.010639
0.486666	0.010607
0.487649	0.010575
0.488632	0.010544
0.489615	0.010512
0.490597	0.010481
0.491580	0.010449
0.492563	0.010417
0.493546	0.010385
0.494529	0.010354
0.495511	0.010322
0.496494	0.010290
0.497477	0.010258
0.498460	0.010227
0.499442	0.010195
0.500425	0.010163
0.501408	0.010131
0.502391	0.010099
0.503374	0.010067
0.504356	0.010036
0.505339	0.010004
0.506322	0.009972
0.507305	0.009940
0.508287	0.009908
0.509270	0.009876
0.510253	0.009844
0.511236	0.009812
0.512218	0.009780
0.513201	0.009747
0.514184	0.009715
0.515167	0.009683
0.516150	0.009651
0.517132	0.009619
0.518115	0.009587
0.519098	0.009554
0.520081	0.009522
0.521063	0.009490
0.522046	0.009458
0.523029	0.009425
0.524012	0.009393
0.524995	0.009361
0.525977	0.009329
0.526960	0.009296
0.527943	0.009264
0.528926	0.009231
0.529908	0.009199
0.530891	0.009167
0.531874	0.009134
0.532857	0.009102
0.533840	0.009070
0.534822	0.009037
0.535805	0.009005
0.536788	0.008972
0.537771	0.008940
0.538753	0.008907
0.539736	0.008875
0.540719	0.008843
0.541702	0.008810
0.542685	0.008778
0.543667	0.008745
0.544650	0.008713
0.545633	0.008680
0.546616	0.008648
0.547598	0.008616
0.548581	0.008583
0.549564	0.008551
0.550547	0.008518
0.551530	0.008486
0.552512	0.008454
0.553495	0.008421
0.554478	0.008389
0.555461	0.008357
0.556443	0.008324
0.557426	0.008292
0.558409	0.008260
0.559392	0.008227
0.560374	0.008195
0.561357	0.008163
0.562340	0.008131
0.563323	0.008098
0.564306	0.008066
0.565288	0.008034
0.566271	0.008002
0.567254	0.007970
0.568237	0.007938
0.569219	0.007906
0.570202	0.007874
0.571185	0.007842
0.572168	0.007810
0.573151	0.007778
0.574133	0.007746
0.575116	0.007714
0.576099	0.007682
0.577082	0.007650
0.578064	0.007618
0.579047	0.007587
0.580030	0.007555
0.581013	0.007523
0.581996	0.007491
0.582978	0.007460
0.583961	0.007428
0.584944	0.007397
0.585927	0.007365
0.586909	0.007334
0.587892	0.007302
0.588875	0.007271
0.589858	0.007240
0.590841	0.007208
0.591823	0.007177
0.592806	0.007146
0.593789	0.007115
0.594772	0.007084
0.595754	0.007053
0.596737	0.007022
0.597720	0.006991
0.598703	0.006960
0.599686	0.006929
0.600668	0.006898
0.601651	0.006868
0.602634	0.006837
0.603617	0.006806
0.604599	0.006776
0.605582	0.006745
0.606565	0.006715
0.607548	0.006685
0.608530	0.006654
0.609513	0.006624
0.610496	0.006594
0.611479	0.006564
0.612462	0.006534
0.613444	0.006503
0.614427	0.006474
0.615410	0.006444
0.616393	0.006414
0.617375	0.006384
0.618358	0.006354
0.619341	0.006325
0.620324	0.006295
0.621307	0.006266
0.622289	0.006236
0.623272	0.006207
0.624255	0.006178
0.625238	0.006148
0.626220	0.006119
0.627203	0.006090
0.628186	0.006061
0.629169	0.006032
0.630152	0.006003
0.631134	0.005975
0.632117	0.005946
0.633100	0.005917
0.634083	0.005889
0.635065	0.005860
0.636048	0.005832
0.637031	0.005803
0.638014	0.005775
0.638997	0.005747
0.639979	0.005719
0.640962	0.005691
0.641945	0.005663
0.642928	0.005635
0.643910	0.005607
0.644893	0.005579
0.645876	0.005552
0.646859	0.005524
0.647842	0.005497
0.648824	0.005469
0.649807	0.005442
0.650790	0.005415
0.651773	0.005387
0.652755	0.005360
0.653738	0.005333
0.654721	0.005306
0.655704	0.005280
0.656686	0.005253
0.657669	0.005226
0.658652	0.005200
0.659635	0.005173
0.660618	0.005147
0.661600	0.005120
0.662583	0.005094
0.663566	0.005068
0.664549	0.005042
0.665531	0.005016
0.666514	0.004990
0.667497	0.004964
0.668480	0.004938
0.669463	0.004913
0.670445	0.004887
0.671428	0.004862
0.672411	0.004836
0.673394	0.004811
0.674376	0.004786
0.675359	0.004761
0.676342	0.004736
0.677325	0.004711
0.678308	0.004686
0.679290	0.004661
0.680273	0.004636
0.681256	0.004612
0.682239	0.004587
0.683221	0.004563
0.684204	0.004538
0.685187	0.004514
0.686170	0.004490
0.687153	0.004466
0.688135	0.004442
0.689118	0.004418
0.690101	0.004394
0.691084	0.004370
0.692066	0.004347
0.693049	0.004323
0.694032	0.004300
0.695015	0.004277
0.695998	0.004253
0.696980	0.004230
0.697963	0.004207
0.698946	0.004184
0.699929	0.004161
0.700911	0.004138
0.701894	0.004116
0.702877	0.004093
0.703860	0.004070
0.704842	0.004048
0.705825	0.004025
0.706808	0.004003
0.707791	0.003981
0.708774	0.003959
0.709756	0.003937
0.710739	0.003915
0.711722	0.003893
0.712705	0.003871
0.713687	0.003850
0.714670	0.003828
0.715653	0.003807
0.716636	0.003785
0.717619	0.003764
0.718601	0.003743
0.719584	0.003722
0.720567	0.003701
0.721550	0.003680
0.722532	0.003659
0.723515	0.003638
0.724498	0.003617
0.725481	0.003597
0.726464	0.003576
0.727446	0.003556
0.728429	0.003535
0.729412	0.003515
0.730395	0.003495
0.731377	0.003475
0.732360	0.003455
0.733343	0.003435
0.734326	0.003415
0.735309	0.003396
0.736291	0.003376
0.737274	0.003356
0.738257	0.003337
0.739240	0.003318
0.740222	0.003298
0.741205	0.003279
0.742188	0.003260
0.743171	0.003241
0.744154	0.003222
0.745136	0.003203
0.746119	0.003184
0.747102	0.003166
0.748085	0.003147
0.749067	0.003128
0.750050	0.003110
0.751033	0.003092
0.752016	0.003073
0.752999	0.003055
0.753981	0.003037
0.754964	0.003019
0.755947	0.003001
0.756930	0.002983
0.757912	0.002966
0.758895	0.002948
0.759878	0.002930
0.760861	0.002913
0.761843	0.002895
0.762826	0.002878
0.763809	0.002861
0.764792	0.002844
0.765775	0.002826
0.766757	0.002809
0.767740	0.002793
0.768723	0.002776
0.769706	0.002759
0.770688	0.002742
0.771671	0.002726
0.772654	0.002709
0.773637	0.002693
0.774620	0.002676
0.775602	0.002660
0.776585	0.002644
0.777568	0.002627
0.778551	0.002611
0.779533	0.002595
0.780516	0.002580
0.781499	0.002564
0.782482	0.002548
0.783465	0.002532
0.784447	0.002517
0.785430	0.002501
0.786413	0.002486
0.787396	0.002470
0.788378	0.002455
0.789361	0.002440
0.790344	0.002425
0.791327	0.002410
0.792310	0.002395
0.793292	0.002380
0.794275	0.002365
0.795258	0.002350
0.796241	0.002335
0.797223	0.002321
0.798206	0.002306
0.799189	0.002292
0.800172	0.002277
0.801155	0.002263
0.802137	0.002249
0.803120	0.002234
0.804103	0.002220
0.805086	0.002206
0.806068	0.002192
0.807051	0.002178
0.808034	0.002165
0.809017	0.002151
0.809999	0.002137
0.810982	0.002123
0.811965	0.002110
0.812948	0.002096
0.813931	0.002083
0.814913	0.002070
0.815896	0.002056
0.816879	0.002043
0.817862	0.002030
0.818844	0.002017
0.819827	0.002004
0.820810	0.001991
0.821793	0.001978
0.822776	0.001965
0.823758	0.001952
0.824741	0.001940
0.825724	0.001927
0.826707	0.001915
0.827689	0.001902
0.828672	0.001890
0.829655	0.001877
0.830638	0.001865
0.831621	0.001853
0.832603	0.001841
0.833586	0.001829
0.834569	0.001817
0.835552	0.001805
0.836534	0.001793
0.837517	0.001781
0.838500	0.001769
0.839483	0.001757
0.840466	0.001746
0.841448	0.001734
0.842431	0.001722
0.843414	0.001711
0.844397	0.001700
0.845379	0.001688
0.846362	0.001677
0.847345	0.001666
0.848328	0.001654
0.849311	0.001643
0.850293	0.001632
0.851276	0.001621
0.852259	0.001610
0.853242	0.001599
0.854224	0.001588
0.855207	0.001578
0.856190	0.001567
0.857173	0.001556
0.858155	0.001546
0.859138	0.001535
0.860121	0.001525
0.861104	0.001514
0.862087	0.001504
0.863069	0.001493
0.864052	0.001483
0.865035	0.001473
0.866018	0.001463
0.867000	0.001453
0.867983	0.001443
0.868966	0.001433
0.869949	0.001423
0.870932	0.001413
0.871914	0.001403
0.872897	0.001393
0.873880	0.001383
0.874863	0.001373
0.875845	0.001364
0.876828	0.001354
0.877811	0.001345
0.878794	0.001335
0.879777	0.001326
0.880759	0.001316
0.881742	0.001307
0.882725	0.001298
0.883708	0.001288
0.884690	0.001279
0.885673	0.001270
0.886656	0.001261
0.887639	0.001252
0.888622	0.001243
0.889604	0.001234
0.890587	0.001225
0.891570	0.001216
0.892553	0.001207
0.893535	0.001198
0.894518	0.001190
0.895501	0.001181
0.896484	0.001172
0.897467	0.001164
0.898449	0.001155
0.899432	0.001147
0.900415	0.001138
0.901398	0.001130
0.902380	0.001121
0.903363	0.001113
0.904346	0.001105
0.905329	0.001096
0.906311	0.001088
0.907294	0.001080
0.908277	0.001072
0.909260	0.001064
0.910243	0.001056
0.911225	0.001048
0.912208	0.001040
0.913191	0.001032
0.914174	0.001024
0.915156	0.001016
0.916139	0.001008
0.917122	0.001001
0.918105	0.000993
0.919088	0.000985
0.920070	0.000977
0.921053	0.000970
0.922036	0.000962
0.923019	0.000955
0.924001	0.000947
0.924984	0.000940
0.925967	0.000932
0.926950	0.000925
0.927933	0.000918
0.928915	0.000910
0.929898	0.000903
0.930881	0.000896
0.931864	0.000889
0.932846	0.000881
0.933829	0.000874
0.934812	0.000867
0.935795	0.000860
0.936778	0.000853
0.937760	0.000846
0.938743	0.000839
0.939726	0.000832
0.940709	0.000825
0.941691	0.000818
0.942674	0.000812
0.943657	0.000805
0.944640	0.000798
0.945623	0.000791
0.946605	0.000785
0.947588	0.000778
0.948571	0.000771
0.949554	0.000765
0.950536	0.000758
0.951519	0.000752
0.952502	0.000745
0.953485	0.000739
0.954467	0.000732
0.955450	0.000726
0.956433	0.000719
0.957416	0.000713
0.958399	0.000707
0.959381	0.000700
0.960364	0.000694
0.961347	0.000688
0.962330	0.000682
0.963312	0.000675
0.964295	0.000669
0.965278	0.000663
0.966261	0.000657
0.967244	0.000651
0.968226	0.000645
0.969209	0.000639
0.970192	0.000633
0.971175	0.000627
0.972157	0.000621
0.973140	0.000615
0.974123	0.000609
0.975106	0.000603
0.976089	0.000597
0.977071	0.000592
0.978054	0.000586
0.979037	0.000580
0.980020	0.000574
0.981002	0.000569
0.981985	0.000563
0.982968	0.000557
0.983951	0.000552
0.984934	0.000546
0.985916	0.000540
0.986899	0.000535
0.987882	0.000529
0.988865	0.000524
0.989847	0.000518
0.990830	0.000513
0.991813	0.000507
0.992796	0.000502
0.993779	0.000496
0.994761	0.000491
0.995744	0.000486
0.996727	0.000480
0.997710	0.000475
0.998692	0.000470
0.999675	0.000464
1.000658	0.000459
1.001641	0.000454
1.002624	0.000448
1.003606	0.000443
1.004589	0.000438
1.005572	0.000433
1.006555	0.000428
1.007537	0.000422
1.008520	0.000417
1.009503	0.000412
1.010486	0.000407
1.011468	0.000402
1.012451	0.000397
1.013434	0.000392
1.014417	0.000387
1.015400	0.000382
1.016382	0.000377
1.017365	0.000372
1.018348	0.000367
1.019331	0.000362
1.020313	0.000357
1.021296	0.000352
1.022279	0.000347
1.023262	0.000342
1.024245	0.000338
1.025227	0.000333
1.026210	0.000328
1.027193	0.000323
1.028176	0.000318
1.029158	0.000313
1.030141	0.000309
1.031124	0.000304
1.032107	0.000299
1.033090	0.000294
1.034072	0.000290
1.035055	0.000285
1.036038	0.000280
1.037021	0.000275
1.038003	0.000271
1.038986	0.000266
1.039969	0.000261
1.040952	0.000257
1.041935	0.000252
1.042917	0.000247
1.043900	0.000243
1.044883	0.000238
1.045866	0.000234
1.046848	0.000229
1.047831	0.000224
1.048814	0.000220
1.049797	0.000215
1.050780	0.000211
1.051762	0.000206
1.052745	0.000202
1.053728	0.000197
1.054711	0.000193
1.055693	0.000188
1.056676	0.000184
1.057659	0.000179
1.058642	0.000175
1.059624	0.000170
1.060607	0.000166
1.061590	0.000161
1.062573	0.000157
1.063556	0.000152
1.064538	0.000148
1.065521	0.000144
1.066504	0.000139
1.067487	0.000135
1.068469	0.000130
1.069452	0.000126
1.070435	0.000122
1.071418	0.000117
1.072401	0.000113
1.073383	0.000108
1.074366	0.000104
1.075349	0.000100
1.076332	0.000095
1.077314	0.000091
1.078297	0.000087
1.079280	0.000082
1.080263	0.000078
1.081246	0.000074
1.082228	0.000069
1.083211	0.000065
1.084194	0.000060
1.085177	0.000056
1.086159	0.000052
1.087142	0.000047
1.088125	0.000043
1.089108	0.000039
1.090091	0.000035
1.091073	0.000030
1.092056	0.000026
1.093039	0.000022
1.094022	0.000017
1.095004	0.000013
1.095987	0.000009
1.096970	0.000004
1.097945	0.000006
1.098920	0.000009
1.099894	0.000011
1.100869	0.000013
1.101844	0.000015
1.102819	0.000017
1.103794	0.000019
1.104768	0.000022
1.105743	0.000024
1.106718	0.000026
1.107693	0.000028
1.108667	0.000030
1.109642	0.000032
1.110617	0.000035
1.111592	0.000037
1.112567	0.000039
1.113541	0.000041
1.114516	0.000043
1.115491	0.000046
1.116466	0.000048
1.117441	0.000050
1.118415	0.000052
1.119390	0.000054
1.120365	0.000056
1.121340	0.000059
1.122315	0.000061
1.123289	0.000063
1.124264	0.000065
1.125239	0.000068
1.126214	0.000070
1.127189	0.000072
1.128163	0.000074
1.129138	0.000076
1.130113	0.000079
1.131088	0.000081
1.132062	0.000083
1.133037	0.000085
1.134012	0.000087
1.134987	0.000090
1.135962	0.000092
1.136936	0.000094
1.137911	0.000096
1.138886	0.000098
1.139861	0.000101
1.140836	0.000103
1.141810	0.000105
1.142785	0.000107
1.143760	0.000110
1.144735	0.000112
1.145710	0.000114
1.146684	0.000116
1.147659	0.000118
1.148634	0.000121
1.149609	0.000123
1.150584	0.000125
1.151558	0.000127
1.152533	0.000130
1.153508	0.000132
1.154483	0.000134
1.155457	0.000136
1.156432	0.000138
1.157407	0.000141
1.158382	0.000143
1.159357	0.000145
1.160331	0.000147
1.161306	0.000149
1.162281	0.000152
1.163256	0.000154
1.164231	0.000156
1.165205	0.000158
1.166180	0.000160
1.167155	0.000163
1.168130	0.000165
1.169105	0.000167
1.170079	0.000169
1.171054	0.000171
1.172029	0.000173
1.173004	0.000176
1.173979	0.000178
1.174953	0.000180
1.175928	0.000182
1.176903	0.000184
1.177878	0.000186
1.178852	0.000189
1.179827	0.000191
1.180802	0.000193
1.181777	0.000195
1.182752	0.000197
1.183726	0.000199
1.184701	0.000202
1.185676	0.000204
1.186651	0.000206
1.187626	0.000208
1.188600	0.000210
1.189575	0.000212
1.190550	0.000214
1.191525	0.000216
1.192500	0.000219
1.193474	0.000221
1.194449	0.000223
1.195424	0.000225
1.196399	0.000227
1.197374	0.000229
1.198348	0.000231
1.199323	0.000233
1.200298	0.000235
1.201273	0.000237
1.202247	0.000239
1.203222	0.000242
1.204197	0.000244
1.205172	0.000246
1.206147	0.000248
1.207121	0.000250
1.208096	0.000252
1.209071	0.000254
1.210046	0.000256
1.211021	0.000258
1.211995	0.000260
1.212970	0.000262
1.213945	0.000264
1.214920	0.000266
1.215895	0.000268
1.216869	0.000270
1.217844	0.000272
1.218819	0.000274
1.219794	0.000276
1.220769	0.000278
1.221743	0.000280
1.222718	0.000282
1.223693	0.000284
1.224668	0.000286
1.225643	0.000288
1.226617	0.000289
1.227592	0.000291
1.228567	0.000293
1.229542	0.000295
1.230516	0.000297
1.231491	0.000299
1.232466	0.000301
1.233441	0.000303
1.234416	0.000305
1.235390	0.000306
1.236365	0.000308
1.237340	0.000310
1.238315	0.000312
1.239290	0.000314
1.240264	0.000316
1.241239	0.000317
1.242214	0.000319
1.243189	0.000321
1.244164	0.000323
1.245138	0.000325
1.246113	0.000326
1.247088	0.000328
1.248063	0.000330
1.249038	0.000332
1.250012	0.000333
1.250987	0.000335
1.251962	0.000337
1.252937	0.000339
1.253911	0.000340
1.254886	0.000342
1.255861	0.000344
1.256836	0.000345
1.257811	0.000347
1.258785	0.000349
1.259760	0.000350
1.260735	0.000352
1.261710	0.000354
1.262685	0.000355
1.263659	0.000357
1.264634	0.000358
1.265609	0.000360
1.266584	0.000362
1.267559	0.000363
1.268533	0.000365
1.269508	0.000366
1.270483	0.000368
1.271458	0.000369
1.272433	0.000371
1.273407	0.000372
1.274382	0.000374
1.275357	0.000375
1.276332	0.000377
1.277306	0.000378
1.278281	0.000380
1.279256	0.000381
1.280231	0.000383
1.281206	0.000384
1.282180	0.000386
1.283155	0.000387
1.284130	0.000388
1.285105	0.000390
1.286080	0.000391
1.287054	0.000392
1.288029	0.000394
1.289004	0.000395
1.289979	0.000396
1.290954	0.000398
1.291928	0.000399
1.292903	0.000400
1.293878	0.000402
1.294853	0.000403
1.295828	0.000404
1.296802	0.000405
1.297777	0.000407
1.298752	0.000408
1.299727	0.000409
1.300701	0.000410
1.301676	0.000411
1.302651	0.000413
1.303626	0.000414
1.304601	0.000415
1.305575	0.000416
1.306550	0.000417
1.307525	0.000418
1.308500	0.000419
1.309475	0.000420
1.310449	0.000421
1.311424	0.000422
1.312399	0.000423
1.313374	0.000424
1.314349	0.000425
1.315323	0.000426
1.316298	0.000427
1.317273	0.000428
1.318248	0.000429
1.319223	0.000430
1.320197	0.000431
1.321172	0.000432
1.322147	0.000433
1.323122	0.000434
1.324096	0.000435
1.325071	0.000436
1.326046	0.000436
1.327021	0.000437
1.327996	0.000438
1.328970	0.000439
1.329945	0.000440
1.330920	0.000440
1.331895	0.000441
1.332870	0.000442
1.333844	0.000443
1.334819	0.000443
1.335794	0.000444
1.336769	0.000445
1.337744	0.000445
1.338718	0.000446
1.339693	0.000447
1.340668	0.000447
1.341643	0.000448
1.342618	0.000448
1.343592	0.000449
1.344567	0.000449
1.345542	0.000450
1.346517	0.000450
1.347492	0.000451
1.348466	0.000451
1.349441	0.000452
1.350416	0.000452
1.351391	0.000453
1.352365	0.000453
1.353340	0.000454
1.354315	0.000454
1.355290	0.000454
1.356265	0.000455
1.357239	0.000455
1.358214	0.000455
1.359189	0.000456
1.360164	0.000456
1.361139	0.000456
1.362113	0.000457
1.363088	0.000457
1.364063	0.000457
1.365038	0.000457
1.366013	0.000457
1.366987	0.000458
1.367962	0.000458
1.368937	0.000458
1.369912	0.000458
1.370887	0.000458
1.371861	0.000458
1.372836	0.000458
1.373811	0.000458
1.374786	0.000458
1.375760	0.000458
1.376735	0.000458
1.377710	0.000458
1.378685	0.000458
1.379660	0.000458
1.380634	0.000458
1.381609	0.000458
1.382584	0.000458
1.383559	0.000458
1.384534	0.000458
1.385508	0.000458
1.386483	0.000457
1.387458	0.000457
1.388433	0.000457
1.389408	0.000457
1.390382	0.000456
1.391357	0.000456
1.392332	0.000456
1.393307	0.000456
1.394282	0.000455
1.395256	0.000455
1.396231	0.000455
1.397206	0.000454
1.398181	0.000454
1.399155	0.000453
1.400130	0.000453
1.401105	0.000453
1.402080	0.000452
1.403055	0.000452
1.404029	0.000451
1.405004	0.000451
1.405979	0.000450
1.406954	0.000449
1.407929	0.000449
1.408903	0.000448
1.409878	0.000448
1.410853	0.000447
1.411828	0.000446
1.412803	0.000446
1.413777	0.000445
1.414752	0.000444
1.415727	0.000444
1.416702	0.000443
1.417677	0.000442
1.418651	0.000441
1.419626	0.000440
1.420601	0.000440
1.421576	0.000439
1.422550	0.000438
1.423525	0.000437
1.424500	0.000436
1.425475	0.000435
1.426450	0.000434
1.427424	0.000433
1.428399	0.000432
1.429374	0.000431
1.430349	0.000430
1.431324	0.000429
1.432298	0.000428
1.433273	0.000427
1.434248	0.000426
1.435223	0.000425
1.436198	0.000424
1.437172	0.000423
1.438147	0.000421
1.439122	0.000420
1.440097	0.000419
1.441072	0.000418
1.442046	0.000416
1.443021	0.000415
1.443996	0.000414
1.444971	0.000413
1.445946	0.000411
1.446920	0.000410
1.447895	0.000408
1.448870	0.000407
1.449845	0.000406
1.450819	0.000404
1.451794	0.000403
1.452769	0.000401
1.453744	0.000400
1.454719	0.000398
1.455693	0.000397
1.456668	0.000395
1.457643	0.000394
1.458618	0.000392
1.459593	0.000390
1.460567	0.000389
1.461542	0.000387
1.462517	0.000385
1.463492	0.000384
1.464467	0.000382
1.465441	0.000380
1.466416	0.000379
1.467391	0.000377
1.468366	0.000375
1.469341	0.000373
1.470315	0.000371
1.471290	0.000370
1.472265	0.000368
1.473240	0.000366
1.474214	0.000364
1.475189	0.000362
1.476164	0.000360
1.477139	0.000358
1.478114	0.000356
1.479088	0.000354
1.480063	0.000352
1.481038	0.000350
1.482013	0.000348
1.482988	0.000346
1.483962	0.000344
1.484937	0.000341
1.485912	0.000339
1.486887	0.000337
1.487862	0.000335
1.488836	0.000333
1.489811	0.000330
1.490786	0.000328
1.491761	0.000326
1.492736	0.000324
1.493710	0.000321
1.494685	0.000319
1.495660	0.000317
1.496635	0.000314
1.497609	0.000312
1.498584	0.000309
1.499559	0.000307
1.500534	0.000304
1.501509	0.000302
1.502483	0.000299
1.503458	0.000297
1.504433	0.000294
1.505408	0.000292
1.506383	0.000289
1.507357	0.000287
1.508332	0.000284
1.509307	0.000281
1.510282	0.000279
1.511257	0.000276
1.512231	0.000273
1.513206	0.000271
1.514181	0.000268
1.515156	0.000265
1.516131	0.000262
1.517105	0.000259
1.518080	0.000256
1.519055	0.000254
1.520030	0.000251
1.521004	0.000248
1.521979	0.000245
1.522954	0.000242
1.523929	0.000239
1.524904	0.000236
1.525878	0.000233
1.526853	0.000230
1.527828	0.000227
1.528803	0.000224
1.529778	0.000221
1.530752	0.000217
1.531727	0.000214
1.532702	0.000211
1.533677	0.000208
1.534652	0.000205
1.535626	0.000201
1.536601	0.000198
1.537576	0.000195
1.538551	0.000192
1.539526	0.000188
1.540500	0.000185
1.541475	0.000182
1.542450	0.000178
1.543425	0.000175
1.544399	0.000171
1.545374	0.000168
1.546349	0.000164
1.547324	0.000161
1.548299	0.000157
1.549273	0.000154
1.550248	0.000150
1.551223	0.000146
1.552198	0.000143
1.553173	0.000139
1.554147	0.000135
1.555122	0.000131
1.556097	0.000128
1.557072	0.000124
1.558047	0.000120
1.559021	0.000116
1.559996	0.000112
1.560971	0.000108
1.561946	0.000104
1.562921	0.000100
1.563895	0.000096
1.564870	0.000092
1.565845	0.000088
1.566820	0.000084
1.567795	0.000080
1.568769	0.000076
1.569744	0.000072
1.570719	0.000068
1.571694	0.000063
1.572668	0.000059
1.573643	0.000055
1.574618	0.000050
1.575593	0.000046
1.576568	0.000042
1.577542	0.000037
1.578517	0.000033
1.579492	0.000028
1.580467	0.000023
1.581442	0.000019
1.582416	0.000014
1.583391	0.000010
1.584366	0.000005
1.585349	0.000010
1.586332	0.000015
1.587314	0.000019
1.588297	0.000024
1.589280	0.000029
1.590263	0.000034
1.591245	0.000039
1.592228	0.000044
1.593211	0.000048
1.594194	0.000053
1.595176	0.000058
1.596159	0.000063
1.597142	0.000068
1.598125	0.000073
1.599108	0.000078
1.600090	0.000083
1.601073	0.000087
1.602056	0.000092
1.603039	0.000097
1.604021	0.000102
1.605004	0.000107
1.605987	0.000112
1.606970	0.000117
1.607953	0.000122
1.608935	0.000127
1.609918	0.000132
1.610901	0.000136
1.611884	0.000141
1.612866	0.000146
1.613849	0.000151
1.614832	0.000156
1.615815	0.000161
1.616798	0.000166
1.617780	0.000171
1.618763	0.000176
1.619746	0.000181
1.620729	0.000186
1.621711	0.000191
1.622694	0.000196
1.623677	0.000201
1.624660	0.000206
1.625643	0.000211
1.626625	0.000217
1.627608	0.000222
1.628591	0.000227
1.629574	0.000232
1.630556	0.000237
1.631539	0.000242
1.632522	0.000247
1.633505	0.000252
1.634488	0.000258
1.635470	0.000263
1.636453	0.000268
1.637436	0.000273
1.638419	0.000278
1.639401	0.000284
1.640384	0.000289
1.641367	0.000294
1.642350	0.000299
1.643333	0.000305
1.644315	0.000310
1.645298	0.000315
1.646281	0.000321
1.647264	0.000326
1.648246	0.000332
1.649229	0.000337
1.650212	0.000342
1.651195	0.000348
1.652177	0.000353
1.653160	0.000359
1.654143	0.000364
1.655126	0.000370
1.656109	0.000375
1.657091	0.000381
1.658074	0.000386
1.659057	0.000392
1.660040	0.000398
1.661022	0.000403
1.662005	0.000409
1.662988	0.000415
1.663971	0.000420
1.664954	0.000426
1.665936	0.000432
1.666919	0.000438
1.667902	0.000443
1.668885	0.000449
1.669867	0.000455
1.670850	0.000461
1.671833	0.000467
1.672816	0.000473
1.673799	0.000479
1.674781	0.000485
1.675764	0.000491
1.676747	0.000497
1.677730	0.000503
1.678712	0.000509
1.679695	0.000515
1.680678	0.000521
1.681661	0.000527
1.682644	0.000533
1.683626	0.000540
1.684609	0.000546
1.685592	0.000552
1.686575	0.000558
1.687557	0.000565
1.688540	0.000571
1.689523	0.000577
1.690506	0.000584
1.691489	0.000590
1.692471	0.000597
1.693454	0.000603
1.694437	0.000610
1.695420	0.000616
1.696402	0.000623
1.697385	0.000630
1.698368	0.000636
1.699351	0.000643
1.700333	0.000650
1.701316	0.000657
1.702299	0.000663
1.703282	0.000670
1.704265	0.000677
1.705247	0.000684
1.706230	0.000691
1.707213	0.000698
1.708196	0.000705
1.709178	0.000712
1.710161	0.000719
1.711144	0.000726
1.712127	0.000734
1.713110	0.000741
1.714092	0.000748
1.715075	0.000756
1.716058	0.000763
1.717041	0.000770
1.718023	0.000778
1.719006	0.000785
1.719989	0.000793
1.720972	0.000800
1.721955	0.000808
1.722937	0.000816
1.723920	0.000823
1.724903	0.000831
1.725886	0.000839
1.726868	0.000847
1.727851	0.000855
1.728834	0.000863
1.729817	0.000871
1.730800	0.000879
1.731782	0.000887
1.732765	0.000895
1.733748	0.000903
1.734731	0.000911
1.735713	0.000920
1.736696	0.000928
1.737679	0.000936
1.738662	0.000945
1.739645	0.000953
1.740627	0.000962
1.741610	0.000970
1.742593	0.000979
1.743576	0.000988
1.744558	0.000997
1.745541	0.001005
1.746524	0.001014
1.747507	0.001023
1.748489	0.001032
1.749472	0.001041
1.750455	0.001050
1.751438	0.001059
1.752421	0.001069
1.753403	0.001078
1.754386	0.001087
1.755369	0.001097
1.756352	0.001106
1.757334	0.001116
1.758317	0.001125
1.759300	0.001135
1.760283	0.001145
1.761266	0.001155
1.762248	0.001164
1.763231	0.001174
1.764214	0.001184
1.765197	0.001194
1.766179	0.001205
1.767162	0.001215
1.768145	0.001225
1.769128	0.001235
1.770111	0.001246
1.771093	0.001256
1.772076	0.001267
1.773059	0.001277
1.774042	0.001288
1.775024	0.001299
1.776007	0.001310
1.776990	0.001321
1.777973	0.001332
1.778956	0.001343
1.779938	0.001354
1.780921	0.001365
1.781904	0.001377
1.782887	0.001388
1.783869	0.001399
1.784852	0.001411
1.785835	0.001423
1.786818	0.001434
1.787801	0.001446
1.788783	0.001458
1.789766	0.001470
1.790749	0.001482
1.791732	0.001494
1.792714	0.001507
1.793697	0.001519
1.794680	0.001531
1.795663	0.001544
1.796645	0.001556
1.797628	0.001569
1.798611	0.001582
1.799594	0.001595
1.800577	0.001608
1.801559	0.001621
1.802542	0.001634
1.803525	0.001647
1.804508	0.001661
1.805490	0.001674
1.806473	0.001688
1.807456	0.001701
1.808439	0.001715
1.809422	0.001729
1.810404	0.001743
1.811387	0.001757
1.812370	0.001771
1.813353	0.001786
1.814335	0.001800
1.815318	0.001815
1.816301	0.001829
1.817284	0.001844
1.818267	0.001859
1.819249	0.001874
1.820232	0.001889
1.821215	0.001904
1.822198	0.001919
1.823180	0.001935
1.824163	0.001950
1.825146	0.001966
1.826129	0.001982
1.827112	0.001998
1.828094	0.002014
1.829077	0.002030
1.830060	0.002046
1.831043	0.002063
1.832025	0.002079
1.833008	0.002096
1.833991	0.002113
1.834974	0.002130
1.835957	0.002147
1.836939	0.002164
1.837922	0.002182
1.838905	0.002199
1.839888	0.002217
1.840870	0.002235
1.841853	0.002252
1.842836	0.002271
1.843819	0.002289
1.844801	0.002307
1.845784	0.002326
1.846767	0.002344
1.847750	0.002363
1.848733	0.002382
1.849715	0.002401
1.850698	0.002420
1.851681	0.002440
1.852664	0.002459
1.853646	0.002479
1.854629	0.002499
1.855612	0.002519
1.856595	0.002539
1.857578	0.002560
1.858560	0.002580
1.859543	0.002601
1.860526	0.002622
1.861509	0.002643
1.862491	0.002664
1.863474	0.002686
1.864457	0.002707
1.865440	0.002729
1.866423	0.002751
1.867405	0.002773
1.868388	0.002796
1.869371	0.002818
1.870354	0.002841
1.871336	0.002864
1.872319	0.002887
1.873302	0.002910
1.874285	0.002934
1.875268	0.002957
1.876250	0.002981
1.877233	0.003005
1.878216	0.003030
1.879199	0.003054
1.880181	0.003079
1.881164	0.003104
1.882147	0.003129
1.883130	0.003154
1.884113	0.003180
1.885095	0.003206
1.886078	0.003232
1.887061	0.003258
1.888044	0.003284
1.889026	0.003311
1.890009	0.003338
1.890992	0.003365
1.891975	0.003393
1.892958	0.003420
1.893940	0.003448
1.894923	0.003476
1.895906	0.003505
1.896889	0.003533
1.897871	0.003562
1.898854	0.003591
1.899837	0.003621
1.900820	0.003650
1.901802	0.003680
1.902785	0.003711
1.903768	0.003741
1.904751	0.003772
1.905734	0.003803
1.906716	0.003834
1.907699	0.003866
1.908682	0.003897
1.909665	0.003930
1.910647	0.003962
1.911630	0.003995
1.912613	0.004028
1.913596	0.004061
1.914579	0.004095
1.915561	0.004129
1.916544	0.004163
1.917527	0.004197
1.918510	0.004232
1.919492	0.004267
1.920475	0.004303
1.921458	0.004339
1.922441	0.004375
1.923424	0.004411
1.924406	0.004448
1.925389	0.004485
1.926372	0.004523
1.927355	0.004561
1.928337	0.004599
1.929320	0.004638
1.930303	0.004677
1.931286	0.004716
1.932269	0.004756
1.933251	0.004796
1.934234	0.004836
1.935217	0.004877
1.936200	0.004918
1.937182	0.004960
1.938165	0.005002
1.939148	0.005044
1.940131	0.005087
1.941114	0.005130
1.942096	0.005174
1.943079	0.005218
1.944062	0.005262
1.945045	0.005307
1.946027	0.005352
1.947010	0.005398
1.947993	0.005444
1.948976	0.005491
1.949958	0.005538
1.950941	0.005586
1.951924	0.005634
1.952907	0.005682
1.953890	0.005731
1.954872	0.005781
1.955855	0.005831
1.956838	0.005881
1.957821	0.005932
1.958803	0.005984
1.959786	0.006036
1.960769	0.006088
1.961752	0.006141
1.962735	0.006195
1.963717	0.006249
1.964700	0.006303
1.965683	0.006359
1.966666	0.006414
1.967648	0.006471
1.968631	0.006528
1.969614	0.006585
1.970597	0.006643
1.971580	0.006702
1.972562	0.006761
1.973545	0.006821
1.974528	0.006881
1.975511	0.006942
1.976493	0.007004
1.977476	0.007067
1.978459	0.007130
1.979442	0.007193
1.980425	0.007258
1.981407	0.007323
1.982390	0.007388
1.983373	0.007455
1.984356	0.007522
1.985338	0.007590
1.986321	0.007658
1.987304	0.007727
1.988287	0.007797
1.989270	0.007868
1.990252	0.007940
1.991235	0.008012
1.992218	0.008085
1.993201	0.008159
1.994183	0.008234
1.995166	0.008309
1.996149	0.008385
1.997132	0.008462
1.998114	0.008540
1.999097	0.008619
2.000080	0.008699
2.001063	0.008779
2.002046	0.008861
2.003028	0.008943
2.004011	0.009026
2.004994	0.009111
2.005977	0.009196
2.006959	0.009282
2.007942	0.009369
2.008925	0.009457
2.009908	0.009546
2.010891	0.009636
2.011873	0.009727
2.012856	0.009819
2.013839	0.009912
2.014822	0.010006
2.015804	0.010101
2.016787	0.010198
2.017770	0.010295
2.018753	0.010394
2.019736	0.010494
2.020718	0.010595
2.021701	0.010697
2.022684	0.010800
2.023667	0.010904
2.024649	0.011010
2.025632	0.011117
2.026615	0.011225
2.027598	0.011335
2.028581	0.011446
2.029563	0.011558
2.030546	0.011671
2.031529	0.011786
2.032512	0.011902
2.033494	0.012020
2.034477	0.012139
2.035460	0.012259
2.036443	0.012381
2.037426	0.012505
2.038408	0.012629
2.039391	0.012756
2.040374	0.012884
2.041357	0.013013
2.042339	0.013145
2.043322	0.013277
2.044305	0.013412
2.045288	0.013548
2.046270	0.013686
2.047253	0.013825
2.048236	0.013967
2.049219	0.014110
2.050202	0.014255
2.051184	0.014402
2.052167	0.014550
2.053150	0.014701
2.054133	0.014853
2.055115	0.015007
2.056098	0.015164
2.057081	0.015322
2.058064	0.015482
2.059047	0.015645
2.060029	0.015809
2.061012	0.015976
2.061995	0.016145
2.062978	0.016316
2.063960	0.016489
2.064943	0.016665
2.065926	0.016843
2.066909	0.017023
2.067892	0.017205
2.068874	0.017390
2.069857	0.017578
2.070840	0.017768
2.071823	0.017960
2.072805	0.018155
2.073788	0.018353
2.074771	0.018553
2.075754	0.018756
2.076737	0.018961
2.077719	0.019169
2.078702	0.019380
2.079685	0.019594
2.080668	0.019811
2.081650	0.020031
2.082633	0.020253
2.083616	0.020479
2.084599	0.020707
2.085582	0.020939
2.086564	0.021173
2.087547	0.021411
2.088530	0.021652
2.089513	0.021896
2.090495	0.022143
2.091478	0.022393
2.092461	0.022647
2.093444	0.022904
2.094426	0.023164
2.095409	0.023428
2.096392	0.023695
2.097375	0.023965
2.098358	0.024239
2.099340	0.024516
2.100323	0.024797
2.101306	0.025081
2.102289	0.025368
2.103271	0.025660
2.104254	0.025954
2.105237	0.026252
2.106220	0.026554
2.107203	0.026859
2.108185	0.027167
2.109168	0.027479
2.110151	0.027794
2.111134	0.028112
2.112116	0.028434
2.113099	0.028759
2.114082	0.029087
2.115065	0.029418
2.116048	0.029752
2.117030	0.030089
2.118013	0.030429
2.118996	0.030772
2.119979	0.031117
2.120961	0.031465
2.121944	0.031816
2.122927	0.032169
2.123910	0.032524
2.124893	0.032881
2.125875	0.033240
2.126858	0.033601
2.127841	0.033963
2.128824	0.034327
2.129806	0.034692
2.130789	0.035058
2.131772	0.035425
2.132755	0.035793
2.133738	0.036161
2.134720	0.036530
2.135703	0.036899
2.136686	0.037269
2.137669	0.037638
2.138651	0.038006
2.139634	0.038375
2.140617	0.038743
2.141600	0.039110
2.142583	0.039476
2.143565	0.039841
2.144548	0.040205
2.145531	0.040567
2.146514	0.040928
2.147496	0.041288
2.148479	0.041646
2.149462	0.042002
2.150445	0.042356
2.151427	0.042708
2.152410	0.043058
2.153393	0.043406
2.154376	0.043752
2.155359	0.044096
2.156341	0.044437
2.157324	0.044775
2.158307	0.045112
2.159290	0.045446
2.160272	0.045777
2.161255	0.046106
2.162238	0.046432
2.163221	0.046755
2.164204	0.047076
2.165186	0.047394
2.166169	0.047710
2.167152	0.048023
2.168135	0.048333
2.169117	0.048641
2.170100	0.048946
2.171083	0.049248
2.172066	0.049548
2.173049	0.049845
2.174031	0.050140
2.175014	0.050432
2.175997	0.050721
2.176980	0.051008
2.177962	0.051293
2.178945	0.051575
2.179928	0.051854
2.180911	0.052130
2.181894	0.052404
2.182876	0.052676
2.183859	0.052945
2.184842	0.053212
2.185825	0.053476
2.186807	0.053739
2.187790	0.053998
2.188773	0.054254
2.189756	0.054508
2.190739	0.054759
2.191721	0.055007
2.192704	0.055253
2.193687	0.055497
2.194670	0.055739
2.195652	0.055979
2.196635	0.056217
2.197618	0.056454
2.198601	0.056689
2.199583	0.056921
2.200566	0.057151
2.201549	0.057378
2.202532	0.057601
2.203515	0.057822
2.204497	0.058040
2.205480	0.058256
2.206463	0.058469
2.207446	0.058679
2.208428	0.058888
2.209411	0.059095
2.210394	0.059300
2.211377	0.059504
2.212360	0.059708
2.213342	0.059910
2.214325	0.060112
2.215308	0.060312
2.216291	0.060510
2.217273	0.060705
2.218256	0.060897
2.219239	0.061086
2.220222	0.061272
2.221205	0.061455
2.222187	0.061635
2.223170	0.061813
2.224153	0.061988
2.225136	0.062161
2.226118	0.062332
2.227101	0.062501
2.228084	0.062667
2.229067	0.062832
2.230050	0.062996
2.231032	0.063158
2.232015	0.063319
2.232998	0.063479
2.233981	0.063639
2.234963	0.063799
2.235946	0.063960
2.236929	0.064119
2.237912	0.064277
2.238895	0.064432
2.239877	0.064583
2.240860	0.064730
2.241843	0.064875
2.242826	0.065017
2.243808	0.065156
2.244791	0.065292
2.245774	0.065427
2.246757	0.065558
2.247739	0.065688
2.248722	0.065815
2.249705	0.065941
2.250688	0.066064
2.251671	0.066186
2.252653	0.066305
2.253636	0.066423
2.254619	0.066538
2.255602	0.066652
2.256584	0.066764
2.257567	0.066875
2.258550	0.066984
2.259533	0.067091
2.260516	0.067196
2.261498	0.067300
2.262481	0.067403
2.263464	0.067506
2.264447	0.067607
2.265429	0.067709
2.266412	0.067811
2.267395	0.067915
2.268378	0.068021
2.269361	0.068124
2.270343	0.068223
2.271326	0.068318
2.272309	0.068410
2.273292	0.068498
2.274274	0.068584
2.275257	0.068666
2.276240	0.068746
2.277223	0.068824
2.278206	0.068900
2.279188	0.068973
2.280171	0.069045
2.281154	0.069114
2.282137	0.069182
2.283119	0.069247
2.284102	0.069311
2.285085	0.069373
2.286068	0.069433
2.287051	0.069491
2.288033	0.069547
2.289016	0.069601
2.289999	0.069654
2.290982	0.069705
2.291964	0.069754
2.292947	0.069801
2.293930	0.069846
2.294913	0.069890
2.295895	0.069932
2.296878	0.069972
2.297861	0.070010
2.298844	0.070047
2.299827	0.070082
2.300809	0.070115
2.301792	0.070146
2.302775	0.070176
2.303758	0.070204
2.304740	0.070230
2.305723	0.070255
2.306706	0.070278
2.307689	0.070299
2.308672	0.070319
2.309654	0.070337
2.310637	0.070354
2.311620	0.070369
2.312603	0.070384
2.313585	0.070398
2.314568	0.070412
2.315551	0.070427
2.316534	0.070447
2.317517	0.070472
2.318499	0.070492
2.319482	0.070506
2.320465	0.070514
2.321448	0.070519
2.322430	0.070520
2.323413	0.070518
2.324396	0.070513
2.325379	0.070507
2.326362	0.070497
2.327344	0.070486
2.328327	0.070473
2.329310	0.070457
2.330293	0.070440
2.331275	0.070421
2.332258	0.070399
2.333241	0.070376
2.334224	0.070351
2.335207	0.070324
2.336189	0.070295
2.337172	0.070264
2.338155	0.070232
2.339138	0.070197
2.340120	0.070161
2.341103	0.070122
2.342086	0.070082
2.343069	0.070040
2.344051	0.069996
2.345034	0.069950
2.346017	0.069903
2.347000	0.069853
2.347983	0.069802
2.348965	0.069749
2.349948	0.069694
2.350931	0.069637
2.351914	0.069578
2.352896	0.069517
2.353879	0.069455
2.354862	0.069391
2.355845	0.069324
2.356828	0.069256
2.357810	0.069186
2.358793	0.069114
2.359776	0.069040
2.360759	0.068965
2.361741	0.068887
2.362724	0.068808
2.363707	0.068726
2.364690	0.068643
2.365673	0.068558
2.366655	0.068471
2.367638	0.068382
2.368621	0.068291
2.369604	0.068198
2.370586	0.068103
2.371569	0.068006
2.372552	0.067908
2.373535	0.067807
2.374518	0.067705
2.375500	0.067600
2.376483	0.067494
2.377466	0.067385
2.378449	0.067275
2.379431	0.067163
2.380414	0.067048
2.381397	0.066932
2.382380	0.066814
2.383363	0.066693
2.384345	0.066571
2.385328	0.066447
2.386311	0.066321
2.387294	0.066193
2.388276	0.066062
2.389259	0.065930
2.390242	0.065796
2.391225	0.065660
2.392208	0.065521
2.393190	0.065381
2.394173	0.065239
2.395156	0.065094
2.396139	0.064948
2.397121	0.064800
2.398104	0.064650
2.399087	0.064498
2.400070	0.064344
2.401052	0.064189
2.402035	0.064033
2.403018	0.063879
2.404001	0.063731
2.404984	0.063607
2.405966	0.063458
2.406949	0.063300
2.407932	0.063135
2.408915	0.062966
2.409897	0.062794
2.410880	0.062619
2.411863	0.062441
2.412846	0.062261
2.413829	0.062078
2.414811	0.061893
2.415794	0.061705
2.416777	0.061515
2.417760	0.061322
2.418742	0.061127
2.419725	0.060930
2.420708	0.060730
2.421691	0.060528
2.422674	0.060323
2.423656	0.060116
2.424639	0.059907
2.425622	0.059695
2.426605	0.059481
2.427587	0.059265
2.428570	0.059046
2.429553	0.058824
2.430536	0.058600
2.431519	0.058374
2.432501	0.058145
2.433484	0.057914
2.434467	0.057680
2.435450	0.057444
2.436432	0.057205
2.437415	0.056964
2.438398	0.056720
2.439381	0.056474
2.440364	0.056225
2.441346	0.055974
2.442329	0.055720
2.443312	0.055463
2.444295	0.055204
2.445277	0.054942
2.446260	0.054678
2.447243	0.054411
2.448226	0.054141
2.449208	0.053869
2.450191	0.053594
2.451174	0.053316
2.452157	0.053035
2.453140	0.052752
2.454122	0.052466
2.455105	0.052177
2.456088	0.051885
2.457071	0.051591
2.458053	0.051294
2.459036	0.050994
2.460019	0.050691
2.461002	0.050385
2.461985	0.050076
2.462967	0.049764
2.463950	0.049450
2.464933	0.049132
2.465916	0.048812
2.466898	0.048488
2.467881	0.048162
2.468864	0.047832
2.469847	0.047499
2.470830	0.047163
2.471812	0.046824
2.472795	0.046482
2.473778	0.046137
2.474761	0.045789
2.475743	0.045437
2.476726	0.045082
2.477709	0.044724
2.478692	0.044362
2.479675	0.043998
2.480657	0.043629
2.481640	0.043258
2.482623	0.042883
2.483606	0.042505
2.484588	0.042123
2.485571	0.041737
2.486554	0.041348
2.487537	0.040956
2.488520	0.040560
2.489502	0.040160
2.490485	0.039757
2.491468	0.039349
2.492451	0.038938
2.493433	0.038524
2.494416	0.038105
2.495399	0.037683
2.496382	0.037256
2.497364	0.036826
2.498347	0.036392
2.499330	0.035954
2.500313	0.035511
2.501296	0.035064
2.502278	0.034614
2.503261	0.034159
2.504244	0.033699
2.505227	0.033235
2.506209	0.032767
2.507192	0.032294
2.508175	0.031817
2.509158	0.031335
2.510141	0.030849
2.511123	0.030357
2.512106	0.029861
2.513089	0.029360
2.514072	0.028854
2.515054	0.028342
2.516037	0.027826
2.517020	0.027304
2.518003	0.026776
2.518986	0.026243
2.519968	0.025705
2.520951	0.025160
2.521934	0.024609
2.522917	0.024052
2.523899	0.023489
2.524882	0.022919
2.525865	0.022341
2.526848	0.021757
2.527831	0.021164
2.528813	0.020562
2.529796	0.019950
2.530779	0.019325
2.531762	0.018683
2.532744	0.018008
2.533727	0.017348
2.534710	0.016685
2.535693	0.016015
2.536676	0.015355
2.537658	0.014712
2.538641	0.014086
2.539624	0.013476
2.540607	0.012880
2.541589	0.012296
2.542572	0.011723
2.543555	0.011159
2.544538	0.010605
2.545520	0.010058
2.546503	0.009518
2.547486	0.008985
2.548469	0.008458
2.549452	0.007936
2.550434	0.007419
2.551417	0.006906
2.552400	0.006397
2.553383	0.005892
2.554365	0.005390
2.555348	0.004891
2.556331	0.004395
2.557314	0.003901
2.558297	0.003409
2.559279	0.002919
2.560262	0.002430
2.561245	0.001942
2.562228	0.001456
2.563210	0.000970
2.564193	0.000485
2.565176	0.000000
2.566159	0.000000
2.567142	0.000000
2.568124	0.000000
2.569107	0.000000
2.570090	0.000000
2.571073	0.000000
2.572055	0.000000
2.573038	0.000000
2.574021	0.000000
2.575004	0.000000
2.575987	0.000000
2.576969	0.000000
2.577952	0.000000
2.578935	0.000000
2.579918	0.000000
2.580900	0.000000
2.581883	0.000000
2.582866	0.000000
2.583849	0.000000
2.584832	0.000000
2.585814	0.000000
2.586797	0.000000
2.587780	0.000000
2.588763	0.000000
2.589745	0.000000
2.590728	0.000000
2.591711	0.000000
2.592694	0.000000
2.593676	0.000000
2.594659	0.000000
2.595642	0.000000
2.596625	0.000000
2.597608	0.000000
2.598590	0.000000
2.599573	0.000000
2.600556	0.000485
2.601539	0.000970
2.602521	0.001456
2.603504	0.001942
2.604487	0.002430
2.605470	0.002919
2.606453	0.003409
2.607435	0.003901
2.608418	0.004395
2.609401	0.004891
2.610384	0.005390
2.611366	0.005892
2.612349	0.006397
2.613332	0.006906
2.614315	0.007419
2.615298	0.007936
2.616280	0.008458
2.617263	0.008985
2.618246	0.009518
2.619229	0.010058
2.620211	0.010605
2.621194	0.011159
2.622177	0.011723
2.623160	0.012296
2.624143	0.012880
2.625125	0.013476
2.626108	0.014086
2.627091	0.014712
2.628074	0.015355
2.629056	0.016015
2.630039	0.016685
2.631022	0.017348
2.632005	0.018008
2.632988	0.018683
2.633970	0.019325
2.634953	0.019950
2.635936	0.020562
2.636919	0.021164
2.637901	0.021757
2.638884	0.022341
2.639867	0.022919
2.640850	0.023489
2.641833	0.024052
2.642815	0.024609
2.643798	0.025160
2.644781	0.025705
2.645764	0.026243
2.646746	0.026776
2.647729	0.027304
2.648712	0.027826
2.649695	0.028342
2.650677	0.028854
2.651660	0.029360
2.652643	0.029861
2.653626	0.030357
2.654609	0.030849
2.655591	0.031335
2.656574	0.031817
2.657557	0.032294
2.658540	0.032767
2.659522	0.033235
2.660505	0.033699
2.661488	0.034159
2.662471	0.034614
2.663454	0.035064
2.664436	0.035511
2.665419	0.035954
2.666402	0.036392
2.667385	0.036826
2.668367	0.037256
2.669350	0.037683
2.670333	0.038105
2.671316	0.038524
2.672299	0.038938
2.673281	0.039349
2.674264	0.039757
2.675247	0.040160
2.676230	0.040560
2.677212	0.040956
2.678195	0.041348
2.679178	0.041737
2.680161	0.042123
2.681144	0.042505
2.682126	0.042883
2.683109	0.043258
2.684092	0.043629
2.685075	0.043998
2.686057	0.044362
2.687040	0.044724
2.688023	0.045082
2.689006	0.045437
2.689989	0.045789
2.690971	0.046137
2.691954	0.046482
2.692937	0.046824
2.693920	0.047163
2.694902	0.047499
2.695885	0.047832
2.696868	0.048162
2.697851	0.048488
2.698833	0.048812
2.699816	0.049132
2.700799	0.049450
2.701782	0.049764
2.702765	0.050076
2.703747	0.050385
2.704730	0.050691
2.705713	0.050994
2.706696	0.051294
2.707678	0.051591
2.708661	0.051885
2.709644	0.052177
2.710627	0.052466
2.711610	0.052752
2.712592	0.053035
2.713575	0.053316
2.714558	0.053594
2.715541	0.053869
2.716523	0.054141
2.717506	0.054411
2.718489	0.054678
2.719472	0.054942
2.720455	0.055204
2.721437	0.055463
2.722420	0.055720
2.723403	0.055974
2.724386	0.056225
2.725368	0.056474
2.726351	0.056720
2.727334	0.056964
2.728317	0.057205
2.729300	0.057444
2.730282	0.057680
2.731265	0.057914
2.732248	0.058145
2.733231	0.058374
2.734213	0.058600
2.735196	0.058824
2.736179	0.059046
2.737162	0.059265
2.738145	0.059481
2.739127	0.059695
2.740110	0.059907
2.741093	0.060116
2.742076	0.060323
2.743058	0.060528
2.744041	0.060730
2.745024	0.060930
2.746007	0.061127
2.746989	0.061322
2.747972	0.061515
2.748955	0.061705
2.749938	0.061893
2.750921	0.062078
2.751903	0.062261
2.752886	0.062441
2.753869	0.062619
2.754852	0.062794
2.755834	0.062966
2.756817	0.063135
2.757800	0.063300
2.758783	0.063458
2.759766	0.063607
2.760748	0.063731
2.761731	0.063879
2.762714	0.064033
2.763697	0.064189
2.764679	0.064344
2.765662	0.064498
2.766645	0.064650
2.767628	0.064800
2.768611	0.064948
2.769593	0.065094
2.770576	0.065239
2.771559	0.065381
2.772542	0.065521
2.773524	0.065660
2.774507	0.065796
2.775490	0.065930
2.776473	0.066062
2.777456	0.066193
2.778438	0.066321
2.779421	0.066447
2.780404	0.066571
2.781387	0.066693
2.782369	0.066814
2.783352	0.066932
2.784335	0.067048
2.785318	0.067163
2.786301	0.067275
2.787283	0.067385
2.788266	0.067494
2.789249	0.067600
2.790232	0.067705
2.791214	0.067807
2.792197	0.067908
2.793180	0.068006
2.794163	0.068103
2.795145	0.068198
2.796128	0.068291
2.797111	0.068382
2.798094	0.068471
2.799077	0.068558
2.800059	0.068643
2.801042	0.068726
2.802025	0.068808
2.803008	0.068887
2.803990	0.068965
2.804973	0.069040
2.805956	0.069114
2.806939	0.069186
2.807922	0.069256
2.808904	0.069324
2.809887	0.069391
2.810870	0.069455
2.811853	0.069517
2.812835	0.069578
2.813818	0.069637
2.814801	0.069694
2.815784	0.069749
2.816767	0.069802
2.817749	0.069853
2.818732	0.069903
2.819715	0.069950
2.820698	0.069996
2.821680	0.070040
2.822663	0.070082
2.823646	0.070122
2.824629	0.070161
2.825612	0.070197
2.826594	0.070232
2.827577	0.070264
2.828560	0.070295
2.829543	0.070324
2.830525	0.070351
2.831508	0.070376
2.832491	0.070399
2.833474	0.070421
2.834457	0.070440
2.835439	0.070457
2.836422	0.070473
2.837405	0.070486
2.838388	0.070497
2.839370	0.070507
2.840353	0.070513
2.841336	0.070518
2.842319	0.070520
2.843301	0.070519
2.844284	0.070514
2.845267	0.070506
2.846250	0.070492
2.847233	0.070472
2.848215	0.070447
2.849198	0.070427
2.850181	0.070412
2.851164	0.070398
2.852146	0.070384
2.853129	0.070369
2.854112	0.070354
2.855095	0.070337
2.856078	0.070319
2.857060	0.070299
2.858043	0.070278
2.859026	0.070255
2.860009	0.070230
2.860991	0.070204
2.861974	0.070176
2.862957	0.070146
2.863940	0.070115
2.864923	0.070082
2.865905	0.070047
2.866888	0.070010
2.867871	0.069972
2.868854	0.069932
2.869836	0.069890
2.870819	0.069846
2.871802	0.069801
2.872785	0.069754
2.873768	0.069705
2.874750	0.069654
2.875733	0.069601
2.876716	0.069547
2.877699	0.069491
2.878681	0.069433
2.879664	0.069373
2.880647	0.069311
2.881630	0.069247
2.882613	0.069182
2.883595	0.069114
2.884578	0.069045
2.885561	0.068973
2.886544	0.068900
2.887526	0.068824
2.888509	0.068746
2.889492	0.068666
2.890475	0.068584
2.891458	0.068498
2.892440	0.068410
2.893423	0.068318
2.894406	0.068223
2.895389	0.068124
2.896371	0.068021
2.897354	0.067915
2.898337	0.067811
2.899320	0.067709
2.900302	0.067607
2.901285	0.067506
2.902268	0.067403
2.903251	0.067300
2.904234	0.067196
2.905216	0.067091
2.906199	0.066984
2.907182	0.066875
2.908165	0.066764
2.909147	0.066652
2.910130	0.066538
2.911113	0.066423
2.912096	0.066305
2.913079	0.066186
2.914061	0.066064
2.915044	0.065941
2.916027	0.065815
2.917010	0.065688
2.917992	0.065558
2.918975	0.065427
2.919958	0.065292
2.920941	0.065156
2.921924	0.065017
2.922906	0.064875
2.923889	0.064730
2.924872	0.064583
2.925855	0.064432
2.926837	0.064277
2.927820	0.064119
2.928803	0.063960
2.929786	0.063799
2.930769	0.063639
2.931751	0.063479
2.932734	0.063319
2.933717	0.063158
2.934700	0.062996
2.935682	0.062832
2.936665	0.062667
2.937648	0.062501
2.938631	0.062332
2.939614	0.062161
2.940596	0.061988
2.941579	0.061813
2.942562	0.061635
2.943545	0.061455
2.944527	0.061272
2.945510	0.061086
2.946493	0.060897
2.947476	0.060705
2.948458	0.060510
2.949441	0.060312
2.950424	0.060112
2.951407	0.059910
2.952390	0.059708
2.953372	0.059504
2.954355	0.059300
2.955338	0.059095
2.956321	0.058888
2.957303	0.058679
2.958286	0.058469
2.959269	0.058256
2.960252	0.058040
2.961235	0.057822
2.962217	0.057601
2.963200	0.057378
2.964183	0.057151
2.965166	0.056921
2.966148	0.056689
2.967131	0.056454
2.968114	0.056217
2.969097	0.055979
2.970080	0.055739
2.971062	0.055497
2.972045	0.055253
2.973028	0.055007
2.974011	0.054759
2.974993	0.054508
2.975976	0.054254
2.976959	0.053998
2.977942	0.053739
2.978925	0.053476
2.979907	0.053212
2.980890	0.052945
2.981873	0.052676
2.982856	0.052404
2.983838	0.052130
2.984821	0.051854
2.985804	0.051575
2.986787	0.051293
2.987770	0.051008
2.988752	0.050721
2.989735	0.050432
2.990718	0.050140
2.991701	0.049845
2.992683	0.049548
2.993666	0.049248
2.994649	0.048946
2.995632	0.048641
2.996614	0.048333
2.997597	0.048023
2.998580	0.047710
2.999563	0.047394
3.000546	0.047076
3.001528	0.046755
3.002511	0.046432
3.003494	0.046106
3.004477	0.045777
3.005459	0.045446
3.006442	0.045112
3.007425	0.044775
3.008408	0.044437
3.009391	0.044096
3.010373	0.043752
3.011356	0.043406
3.012339	0.043058
3.013322	0.042708
3.014304	0.042356
3.015287	0.042002
3.016270	0.041646
3.017253	0.041288
3.018236	0.040928
3.019218	0.040567
3.020201	0.040205
3.021184	0.039841
3.022167	0.039476
3.023149	0.039110
3.024132	0.038743
3.025115	0.038375
3.026098	0.038006
3.027081	0.037638
3.028063	0.037269
3.029046	0.036899
3.030029	0.036530
3.031012	0.036161
3.031994	0.035793
3.032977	0.035425
3.033960	0.035058
3.034943	0.034692
3.035926	0.034327
3.036908	0.033963
3.037891	0.033601
3.038874	0.033240
3.039857	0.032881
3.040839	0.032524
3.041822	0.032169
3.042805	0.031816
3.043788	0.031465
3.044770	0.031117
3.045753	0.030772
3.046736	0.030429
3.047719	0.030089
3.048702	0.029752
3.049684	0.029418
3.050667	0.029087
3.051650	0.028759
3.052633	0.028434
3.053615	0.028112
3.054598	0.027794
3.055581	0.027479
3.056564	0.027167
3.057547	0.026859
3.058529	0.026554
3.059512	0.026252
3.060495	0.025954
3.061478	0.025660
3.062460	0.025368
3.063443	0.025081
3.064426	0.024797
3.065409	0.024516
3.066392	0.024239
3.067374	0.023965
3.068357	0.023695
3.069340	0.023428
3.070323	0.023164
3.071305	0.022904
3.072288	0.022647
3.073271	0.022393
3.074254	0.022143
3.075237	0.021896
3.076219	0.021652
3.077202	0.021411
3.078185	0.021173
3.079168	0.020939
3.080150	0.020707
3.081133	0.020479
3.082116	0.020253
3.083099	0.020031
3.084082	0.019811
3.085064	0.019594
3.086047	0.019380
3.087030	0.019169
3.088013	0.018961
3.088995	0.018756
3.089978	0.018553
3.090961	0.018353
3.091944	0.018155
3.092926	0.017960
3.093909	0.017768
3.094892	0.017578
3.095875	0.017390
3.096858	0.017205
3.097840	0.017023
3.098823	0.016843
3.099806	0.016665
3.100789	0.016489
3.101771	0.016316
3.102754	0.016145
3.103737	0.015976
3.104720	0.015809
3.105703	0.015645
3.106685	0.015482
3.107668	0.015322
3.108651	0.015164
3.109634	0.015007
3.110616	0.014853
3.111599	0.014701
3.112582	0.014550
3.113565	0.014402
3.114548	0.014255
3.115530	0.014110
3.116513	0.013967
3.117496	0.013825
3.118479	0.013686
3.119461	0.013548
3.120444	0.013412
3.121427	0.013277
3.122410	0.013145
3.123393	0.013013
3.124375	0.012884
3.125358	0.012756
3.126341	0.012629
3.127324	0.012505
3.128306	0.012381
3.129289	0.012259
3.130272	0.012139
3.131255	0.012020
3.132238	0.011902
3.133220	0.011786
3.134203	0.011671
3.135186	0.011558
3.136169	0.011446
3.137151	0.011335
3.138134	0.011225
3.139117	0.011117
3.140100	0.011010
3.141083	0.010904
3.142065	0.010800
3.143048	0.010697
3.144031	0.010595
3.145014	0.010494
3.145996	0.010394
3.146979	0.010295
3.147962	0.010198
3.148945	0.010101
3.149927	0.010006
3.150910	0.009912
3.151893	0.009819
3.152876	0.009727
3.153859	0.009636
3.154841	0.009546
3.155824	0.009457
3.156807	0.009369
3.157790	0.009282
3.158772	0.009196
3.159755	0.009111
3.160738	0.009026
3.161721	0.008943
3.162704	0.008861
3.163686	0.008779
3.164669	0.008699
3.165652	0.008619
3.166635	0.008540
3.167617	0.008462
3.168600	0.008385
3.169583	0.008309
3.170566	0.008234
3.171549	0.008159
3.172531	0.008085
3.173514	0.008012
3.174497	0.007940
3.175480	0.007868
3.176462	0.007797
3.177445	0.007727
3.178428	0.007658
3.179411	0.007590
3.180394	0.007522
3.181376	0.007455
3.182359	0.007388
3.183342	0.007323
3.184325	0.007258
3.185307	0.007193
3.186290	0.007130
3.187273	0.007067
3.188256	0.007004
3.189239	0.006942
3.190221	0.006881
3.191204	0.006821
3.192187	0.006761
3.193170	0.006702
3.194152	0.006643
3.195135	0.006585
3.196118	0.006528
3.197101	0.006471
3.198083	0.006414
3.199066	0.006359
3.200049	0.006303
3.201032	0.006249
3.202015	0.006195
3.202997	0.006141
3.203980	0.006088
3.204963	0.006036
3.205946	0.005984
3.206928	0.005932
3.207911	0.005881
3.208894	0.005831
3.209877	0.005781
3.210860	0.005731
3.211842	0.005682
3.212825	0.005634
3.213808	0.005586
3.214791	0.005538
3.215773	0.005491
3.216756	0.005444
3.217739	0.005398
3.218722	0.005352
3.219705	0.005307
3.220687	0.005262
3.221670	0.005218
3.222653	0.005174
3.223636	0.005130
3.224618	0.005087
3.225601	0.005044
3.226584	0.005002
3.227567	0.004960
3.228550	0.004918
3.229532	0.004877
3.230515	0.004836
3.231498	0.004796
3.232481	0.004756
3.233463	0.004716
3.234446	0.004677
3.235429	0.004638
3.236412	0.004599
3.237395	0.004561
3.238377	0.004523
3.239360	0.004485
3.240343	0.004448
3.241326	0.004411
3.242308	0.004375
3.243291	0.004339
3.244274	0.004303
3.245257	0.004267
3.246239	0.004232
3.247222	0.004197
3.248205	0.004163
3.249188	0.004129
3.250171	0.004095
3.251153	0.004061
3.252136	0.004028
3.253119	0.003995
3.254102	0.003962
3.255084	0.003930
3.256067	0.003897
3.257050	0.003866
3.258033	0.003834
3.259016	0.003803
3.259998	0.003772
3.260981	0.003741
3.261964	0.003711
3.262947	0.003680
3.263929	0.003650
3.264912	0.003621
3.265895	0.003591
3.266878	0.003562
3.267861	0.003533
3.268843	0.003505
3.269826	0.003476
3.270809	0.003448
3.271792	0.003420
3.272774	0.003393
3.273757	0.003365
3.274740	0.003338
3.275723	0.003311
3.276706	0.003284
3.277688	0.003258
3.278671	0.003232
3.279654	0.003206
3.280637	0.003180
3.281619	0.003154
3.282602	0.003129
3.283585	0.003104
3.284568	0.003079
3.285551	0.003054
3.286533	0.003030
3.287516	0.003005
3.288499	0.002981
3.289482	0.002957
3.290464	0.002934
3.291447	0.002910
3.292430	0.002887
3.293413	0.002864
3.294395	0.002841
3.295378	0.002818
3.296361	0.002796
3.297344	0.002773
3.298327	0.002751
3.299309	0.002729
3.300292	0.002707
3.301275	0.002686
3.302258	0.002664
3.303240	0.002643
3.304223	0.002622
3.305206	0.002601
3.306189	0.002580
3.307172	0.002560
3.308154	0.002539
3.309137	0.002519
3.310120	0.002499
3.311103	0.002479
3.312085	0.002459
3.313068	0.002440
3.314051	0.002420
3.315034	0.002401
3.316017	0.002382
3.316999	0.002363
3.317982	0.002344
3.318965	0.002326
3.319948	0.002307
3.320930	0.002289
3.321913	0.002271
3.322896	0.002252
3.323879	0.002235
3.324862	0.002217
3.325844	0.002199
3.326827	0.002182
3.327810	0.002164
3.328793	0.002147
3.329775	0.002130
3.330758	0.002113
3.331741	0.002096
3.332724	0.002079
3.333707	0.002063
3.334689	0.002046
3.335672	0.002030
3.336655	0.002014
3.337638	0.001998
3.338620	0.001982
3.339603	0.001966
3.340586	0.001950
3.341569	0.001935
3.342551	0.001919
3.343534	0.001904
3.344517	0.001889
3.345500	0.001874
3.346483	0.001859
3.347465	0.001844
3.348448	0.001829
3.349431	0.001815
3.350414	0.001800
3.351396	0.001786
3.352379	0.001771
3.353362	0.001757
3.354345	0.001743
3.355328	0.001729
3.356310	0.001715
3.357293	0.001701
3.358276	0.001688
3.359259	0.001674
3.360241	0.001661
3.361224	0.001647
3.362207	0.001634
3.363190	0.001621
3.364173	0.001608
3.365155	0.001595
3.366138	0.001582
3.367121	0.001569
3.368104	0.001556
3.369086	0.001544
3.370069	0.001531
3.371052	0.001519
3.372035	0.001507
3.373018	0.001494
3.374000	0.001482
3.374983	0.001470
3.375966	0.001458
3.376949	0.001446
3.377931	0.001434
3.378914	0.001423
3.379897	0.001411
3.380880	0.001399
3.381863	0.001388
3.382845	0.001377
3.383828	0.001365
3.384811	0.001354
3.385794	0.001343
3.386776	0.001332
3.387759	0.001321
3.388742	0.001310
3.389725	0.001299
3.390708	0.001288
3.391690	0.001277
3.392673	0.001267
3.393656	0.001256
3.394639	0.001246
3.395621	0.001235
3.396604	0.001225
3.397587	0.001215
3.398570	0.001205
3.399552	0.001194
3.400535	0.001184
3.401518	0.001174
3.402501	0.001164
3.403484	0.001155
3.404466	0.001145
3.405449	0.001135
3.406432	0.001125
3.407415	0.001116
3.408397	0.001106
3.409380	0.001097
3.410363	0.001087
3.411346	0.001078
3.412329	0.001069
3.413311	0.001059
3.414294	0.001050
3.415277	0.001041
3.416260	0.001032
3.417242	0.001023
3.418225	0.001014
3.419208	0.001005
3.420191	0.000997
3.421174	0.000988
3.422156	0.000979
3.423139	0.000970
3.424122	0.000962
3.425105	0.000953
3.426087	0.000945
3.427070	0.000936
3.428053	0.000928
3.429036	0.000920
3.430019	0.000911
3.431001	0.000903
3.431984	0.000895
3.432967	0.000887
3.433950	0.000879
3.434932	0.000871
3.435915	0.000863
3.436898	0.000855
3.437881	0.000847
3.438864	0.000839
3.439846	0.000831
3.440829	0.000823
3.441812	0.000816
3.442795	0.000808
3.443777	0.000800
3.444760	0.000793
3.445743	0.000785
3.446726	0.000778
3.447708	0.000770
3.448691	0.000763
3.449674	0.000756
3.450657	0.000748
3.451640	0.000741
3.452622	0.000734
3.453605	0.000726
3.454588	0.000719
3.455571	0.000712
3.456553	0.000705
3.457536	0.000698
3.458519	0.000691
3.459502	0.000684
3.460485	0.000677
3.461467	0.000670
3.462450	0.000663
3.463433	0.000657
3.464416	0.000650
3.465398	0.000643
3.466381	0.000636
3.467364	0.000630
3.468347	0.000623
3.469330	0.000616
3.470312	0.000610
3.471295	0.000603
3.472278	0.000597
3.473261	0.000590
3.474243	0.000584
3.475226	0.000577
3.476209	0.000571
3.477192	0.000565
3.478175	0.000558
3.479157	0.000552
3.480140	0.000546
3.481123	0.000540
3.482106	0.000533
3.483088	0.000527
3.484071	0.000521
3.485054	0.000515
3.486037	0.000509
3.487020	0.000503
3.488002	0.000497
3.488985	0.000491
3.489968	0.000485
3.490951	0.000479
3.491933	0.000473
3.492916	0.000467
3.493899	0.000461
3.494882	0.000455
3.495864	0.000449
3.496847	0.000443
3.497830	0.000438
3.498813	0.000432
3.499796	0.000426
3.500778	0.000420
3.501761	0.000415
3.502744	0.000409
3.503727	0.000403
3.504709	0.000398
3.505692	0.000392
3.506675	0.000386
3.507658	0.000381
3.508641	0.000375
3.509623	0.000370
3.510606	0.000364
3.511589	0.000359
3.512572	0.000353
3.513554	0.000348
3.514537	0.000342
3.515520	0.000337
3.516503	0.000332
3.517486	0.000326
3.518468	0.000321
3.519451	0.000315
3.520434	0.000310
3.521417	0.000305
3.522399	0.000299
3.523382	0.000294
3.524365	0.000289
3.525348	0.000284
3.526331	0.000278
3.527313	0.000273
3.528296	0.000268
3.529279	0.000263
3.530262	0.000258
3.531244	0.000252
3.532227	0.000247
3.533210	0.000242
3.534193	0.000237
3.535176	0.000232
3.536158	0.000227
3.537141	0.000222
3.538124	0.000217
3.539107	0.000211
3.540089	0.000206
3.541072	0.000201
3.542055	0.000196
3.543038	0.000191
3.544020	0.000186
3.545003	0.000181
3.545986	0.000176
3.546969	0.000171
3.547952	0.000166
3.548934	0.000161
3.549917	0.000156
3.550900	0.000151
3.551883	0.000146
3.552865	0.000141
3.553848	0.000136
3.554831	0.000132
3.555814	0.000127
3.556797	0.000122
3.557779	0.000117
3.558762	0.000112
3.559745	0.000107
3.560728	0.000102
3.561710	0.000097
3.562693	0.000092
3.563676	0.000087
3.564659	0.000083
3.565642	0.000078
3.566624	0.000073
3.567607	0.000068
3.568590	0.000063
3.569573	0.000058
3.570555	0.000053
3.571538	0.000048
3.572521	0.000044
3.573504	0.000039
3.574487	0.000034
3.575469	0.000029
3.576452	0.000024
3.577435	0.000019
3.578418	0.000015
3.579400	0.000010
3.580375	0.000005
3.581350	0.000010
3.582325	0.000014
3.583300	0.000019
3.584274	0.000023
3.585249	0.000028
3.586224	0.000033
3.587199	0.000037
3.588174	0.000042
3.589148	0.000046
3.590123	0.000050
3.591098	0.000055
3.592073	0.000059
3.593048	0.000063
3.594022	0.000068
3.594997	0.000072
3.595972	0.000076
3.596947	0.000080
3.597921	0.000084
3.598896	0.000088
3.599871	0.000092
3.600846	0.000096
3.601821	0.000100
3.602795	0.000104
3.603770	0.000108
3.604745	0.000112
3.605720	0.000116
3.606695	0.000120
3.607669	0.000124
3.608644	0.000128
3.609619	0.000131
3.610594	0.000135
3.611569	0.000139
3.612543	0.000143
3.613518	0.000146
3.614493	0.000150
3.615468	0.000154
3.616443	0.000157
3.617417	0.000161
3.618392	0.000164
3.619367	0.000168
3.620342	0.000171
3.621316	0.000175
3.622291	0.000178
3.623266	0.000182
3.624241	0.000185
3.625216	0.000188
3.626190	0.000192
3.627165	0.000195
3.628140	0.000198
3.629115	0.000201
3.630090	0.000205
3.631064	0.000208
3.632039	0.000211
3.633014	0.000214
3.633989	0.000217
3.634964	0.000221
3.635938	0.000224
3.636913	0.000227
3.637888	0.000230
3.638863	0.000233
3.639838	0.000236
3.640812	0.000239
3.641787	0.000242
3.642762	0.000245
3.643737	0.000248
3.644711	0.000251
3.645686	0.000254
3.646661	0.000256
3.647636	0.000259
3.648611	0.000262
3.649585	0.000265
3.650560	0.000268
3.651535	0.000271
3.652510	0.000273
3.653485	0.000276
3.654459	0.000279
3.655434	0.000281
3.656409	0.000284
3.657384	0.000287
3.658359	0.000289
3.659333	0.000292
3.660308	0.000294
3.661283	0.000297
3.662258	0.000299
3.663233	0.000302
3.664207	0.000304
3.665182	0.000307
3.666157	0.000309
3.667132	0.000312
3.668106	0.000314
3.669081	0.000317
3.670056	0.000319
3.671031	0.000321
3.672006	0.000324
3.672980	0.000326
3.673955	0.000328
3.674930	0.000330
3.675905	0.000333
3.676880	0.000335
3.677854	0.000337
3.678829	0.000339
3.679804	0.000341
3.680779	0.000344
3.681754	0.000346
3.682728	0.000348
3.683703	0.000350
3.684678	0.000352
3.685653	0.000354
3.686628	0.000356
3.687602	0.000358
3.688577	0.000360
3.689552	0.000362
3.690527	0.000364
3.691501	0.000366
3.692476	0.000368
3.693451	0.000370
3.694426	0.000371
3.695401	0.000373
3.696375	0.000375
3.697350	0.000377
3.698325	0.000379
3.699300	0.000380
3.700275	0.000382
3.701249	0.000384
3.702224	0.000385
3.703199	0.000387
3.704174	0.000389
3.705149	0.000390
3.706123	0.000392
3.707098	0.000394
3.708073	0.000395
3.709048	0.000397
3.710023	0.000398
3.710997	0.000400
3.711972	0.000401
3.712947	0.000403
3.713922	0.000404
3.714897	0.000406
3.715871	0.000407
3.716846	0.000408
3.717821	0.000410
3.718796	0.000411
3.719770	0.000413
3.720745	0.000414
3.721720	0.000415
3.722695	0.000416
3.723670	0.000418
3.724644	0.000419
3.725619	0.000420
3.726594	0.000421
3.727569	0.000423
3.728544	0.000424
3.729518	0.000425
3.730493	0.000426
3.731468	0.000427
3.732443	0.000428
3.733418	0.000429
3.734392	0.000430
3.735367	0.000431
3.736342	0.000432
3.737317	0.000433
3.738292	0.000434
3.739266	0.000435
3.740241	0.000436
3.741216	0.000437
3.742191	0.000438
3.743165	0.000439
3.744140	0.000440
3.745115	0.000440
3.746090	0.000441
3.747065	0.000442
3.748039	0.000443
3.749014	0.000444
3.749989	0.000444
3.750964	0.000445
3.751939	0.000446
3.752913	0.000446
3.753888	0.000447
3.754863	0.000448
3.755838	0.000448
3.756813	0.000449
3.757787	0.000449
3.758762	0.000450
3.759737	0.000451
3.760712	0.000451
3.761687	0.000452
3.762661	0.000452
3.763636	0.000453
3.764611	0.000453
3.765586	0.000453
3.766560	0.000454
3.767535	0.000454
3.768510	0.000455
3.769485	0.000455
3.770460	0.000455
3.771434	0.000456
3.772409	0.000456
3.773384	0.000456
3.774359	0.000456
3.775334	0.000457
3.776308	0.000457
3.777283	0.000457
3.778258	0.000457
3.779233	0.000458
3.780208	0.000458
3.781182	0.000458
3.782157	0.000458
3.783132	0.000458
3.784107	0.000458
3.785082	0.000458
3.786056	0.000458
3.787031	0.000458
3.788006	0.000458
3.788981	0.000458
3.789955	0.000458
3.790930	0.000458
3.791905	0.000458
3.792880	0.000458
3.793855	0.000458
3.794829	0.000458
3.795804	0.000458
3.796779	0.000458
3.797754	0.000458
3.798729	0.000457
3.799703	0.000457
3.800678	0.000457
3.801653	0.000457
3.802628	0.000457
3.803603	0.000456
3.804577	0.000456
3.805552	0.000456
3.806527	0.000455
3.807502	0.000455
3.808477	0.000455
3.809451	0.000454
3.810426	0.000454
3.811401	0.000454
3.812376	0.000453
3.813350	0.000453
3.814325	0.000452
3.815300	0.000452
3.816275	0.000451
3.817250	0.000451
3.818224	0.000450
3.819199	0.000450
3.820174	0.000449
3.821149	0.000449
3.822124	0.000448
3.823098	0.000448
3.824073	0.000447
3.825048	0.000447
3.826023	0.000446
3.826998	0.000445
3.827972	0.000445
3.828947	0.000444
3.829922	0.000443
3.830897	0.000443
3.831872	0.000442
3.832846	0.000441
3.833821	0.000440
3.834796	0.000440
3.835771	0.000439
3.836746	0.000438
3.837720	0.000437
3.838695	0.000436
3.839670	0.000436
3.840645	0.000435
3.841619	0.000434
3.842594	0.000433
3.843569	0.000432
3.844544	0.000431
3.845519	0.000430
3.846493	0.000429
3.847468	0.000428
3.848443	0.000427
3.849418	0.000426
3.850393	0.000425
3.851367	0.000424
3.852342	0.000423
3.853317	0.000422
3.854292	0.000421
3.855267	0.000420
3.856241	0.000419
3.857216	0.000418
3.858191	0.000417
3.859166	0.000416
3.860141	0.000415
3.861115	0.000414
3.862090	0.000413
3.863065	0.000411
3.864040	0.000410
3.865014	0.000409
3.865989	0.000408
3.866964	0.000407
3.867939	0.000405
3.868914	0.000404
3.869888	0.000403
3.870863	0.000402
3.871838	0.000400
3.872813	0.000399
3.873788	0.000398
3.874762	0.000396
3.875737	0.000395
3.876712	0.000394
3.877687	0.000392
3.878662	0.000391
3.879636	0.000390
3.880611	0.000388
3.881586	0.000387
3.882561	0.000386
3.883536	0.000384
3.884510	0.000383
3.885485	0.000381
3.886460	0.000380
3.887435	0.000378
3.888409	0.000377
3.889384	0.000375
3.890359	0.000374
3.891334	0.000372
3.892309	0.000371
3.893283	0.000369
3.894258	0.000368
3.895233	0.000366
3.896208	0.000365
3.897183	0.000363
3.898157	0.000362
3.899132	0.000360
3.900107	0.000358
3.901082	0.000357
3.902057	0.000355
3.903031	0.000354
3.904006	0.000352
3.904981	0.000350
3.905956	0.000349
3.906931	0.000347
3.907905	0.000345
3.908880	0.000344
3.909855	0.000342
3.910830	0.000340
3.911804	0.000339
3.912779	0.000337
3.913754	0.000335
3.914729	0.000333
3.915704	0.000332
3.916678	0.000330
3.917653	0.000328
3.918628	0.000326
3.919603	0.000325
3.920578	0.000323
3.921552	0.000321
3.922527	0.000319
3.923502	0.000317
3.924477	0.000316
3.925452	0.000314
3.926426	0.000312
3.927401	0.000310
3.928376	0.000308
3.929351	0.000306
3.930326	0.000305
3.931300	0.000303
3.932275	0.000301
3.933250	0.000299
3.934225	0.000297
3.935200	0.000295
3.936174	0.000293
3.937149	0.000291
3.938124	0.000289
3.939099	0.000288
3.940073	0.000286
3.941048	0.000284
3.942023	0.000282
3.942998	0.000280
3.943973	0.000278
3.944947	0.000276
3.945922	0.000274
3.946897	0.000272
3.947872	0.000270
3.948847	0.000268
3.949821	0.000266
3.950796	0.000264
3.951771	0.000262
3.952746	0.000260
3.953721	0.000258
3.954695	0.000256
3.955670	0.000254
3.956645	0.000252
3.957620	0.000250
3.958595	0.000248
3.959569	0.000246
3.960544	0.000244
3.961519	0.000242
3.962494	0.000239
3.963468	0.000237
3.964443	0.000235
3.965418	0.000233
3.966393	0.000231
3.967368	0.000229
3.968342	0.000227
3.969317	0.000225
3.970292	0.000223
3.971267	0.000221
3.972242	0.000219
3.973216	0.000216
3.974191	0.000214
3.975166	0.000212
3.976141	0.000210
3.977116	0.000208
3.978090	0.000206
3.979065	0.000204
3.980040	0.000202
3.981015	0.000199
3.981990	0.000197
3.982964	0.000195
3.983939	0.000193
3.984914	0.000191
3.985889	0.000189
3.986863	0.000186
3.987838	0.000184
3.988813	0.000182
3.989788	0.000180
3.990763	0.000178
3.991737	0.000176
3.992712	0.000173
3.993687	0.000171
3.994662	0.000169
3.995637	0.000167
3.996611	0.000165
3.997586	0.000163
3.998561	0.000160
3.999536	0.000158
4.000511	0.000156
4.001485	0.000154
4.002460	0.000152
4.003435	0.000149
4.004410	0.000147
4.005385	0.000145
4.006359	0.000143
4.007334	0.000141
4.008309	0.000138
4.009284	0.000136
4.010258	0.000134
4.011233	0.000132
4.012208	0.000130
4.013183	0.000127
4.014158	0.000125
4.015132	0.000123
4.016107	0.000121
4.017082	0.000118
4.018057	0.000116
4.019032	0.000114
4.020006	0.000112
4.020981	0.000110
4.021956	0.000107
4.022931	0.000105
4.023906	0.000103
4.024880	0.000101
4.025855	0.000098
4.026830	0.000096
4.027805	0.000094
4.028780	0.000092
4.029754	0.000090
4.030729	0.000087
4.031704	0.000085
4.032679	0.000083
4.033653	0.000081
4.034628	0.000079
4.035603	0.000076
4.036578	0.000074
4.037553	0.000072
4.038527	0.000070
4.039502	0.000068
4.040477	0.000065
4.041452	0.000063
4.042427	0.000061
4.043401	0.000059
4.044376	0.000056
4.045351	0.000054
4.046326	0.000052
4.047301	0.000050
4.048275	0.000048
4.049250	0.000046
4.050225	0.000043
4.051200	0.000041
4.052175	0.000039
4.053149	0.000037
4.054124	0.000035
4.055099	0.000032
4.056074	0.000030
4.057049	0.000028
4.058023	0.000026
4.058998	0.000024
4.059973	0.000022
4.060948	0.000019
4.061922	0.000017
4.062897	0.000015
4.063872	0.000013
4.064847	0.000011
4.065822	0.000009
4.066796	0.000006
4.067779	0.000004
4.068762	0.000009
4.069745	0.000013
4.070728	0.000017
4.071710	0.000022
4.072693	0.000026
4.073676	0.000030
4.074659	0.000035
4.075641	0.000039
4.076624	0.000043
4.077607	0.000047
4.078590	0.000052
4.079573	0.000056
4.080555	0.000060
4.081538	0.000065
4.082521	0.000069
4.083504	0.000074
4.084486	0.000078
4.085469	0.000082
4.086452	0.000087
4.087435	0.000091
4.088417	0.000095
4.089400	0.000100
4.090383	0.000104
4.091366	0.000108
4.092349	0.000113
4.093331	0.000117
4.094314	0.000122
4.095297	0.000126
4.096280	0.000130
4.097262	0.000135
4.098245	0.000139
4.099228	0.000144
4.100211	0.000148
4.101194	0.000152
4.102176	0.000157
4.103159	0.000161
4.104142	0.000166
4.105125	0.000170
4.106107	0.000175
4.107090	0.000179
4.108073	0.000184
4.109056	0.000188
4.110039	0.000193
4.111021	0.000197
4.112004	0.000202
4.112987	0.000206
4.113970	0.000211
4.114952	0.000215
4.115935	0.000220
4.116918	0.000224
4.117901	0.000229
4.118884	0.000234
4.119866	0.000238
4.120849	0.000243
4.121832	0.000247
4.122815	0.000252
4.123797	0.000257
4.124780	0.000261
4.125763	0.000266
4.126746	0.000271
4.127729	0.000275
4.128711	0.000280
4.129694	0.000285
4.130677	0.000290
4.131660	0.000294
4.132642	0.000299
4.133625	0.000304
4.134608	0.000309
4.135591	0.000313
4.136573	0.000318
4.137556	0.000323
4.138539	0.000328
4.139522	0.000333
4.140505	0.000338
4.141487	0.000342
4.142470	0.000347
4.143453	0.000352
4.144436	0.000357
4.145418	0.000362
4.146401	0.000367
4.147384	0.000372
4.148367	0.000377
4.149350	0.000382
4.150332	0.000387
4.151315	0.000392
4.152298	0.000397
4.153281	0.000402
4.154263	0.000407
4.155246	0.000412
4.156229	0.000417
4.157212	0.000422
4.158195	0.000428
4.159177	0.000433
4.160160	0.000438
4.161143	0.000443
4.162126	0.000448
4.163108	0.000454
4.164091	0.000459
4.165074	0.000464
4.166057	0.000470
4.167040	0.000475
4.168022	0.000480
4.169005	0.000486
4.169988	0.000491
4.170971	0.000496
4.171953	0.000502
4.172936	0.000507
4.173919	0.000513
4.174902	0.000518
4.175885	0.000524
4.176867	0.000529
4.177850	0.000535
4.178833	0.000540
4.179816	0.000546
4.180798	0.000552
4.181781	0.000557
4.182764	0.000563
4.183747	0.000569
4.184729	0.000574
4.185712	0.000580
4.186695	0.000586
4.187678	0.000592
4.188661	0.000597
4.189643	0.000603
4.190626	0.000609
4.191609	0.000615
4.192592	0.000621
4.193574	0.000627
4.194557	0.000633
4.195540	0.000639
4.196523	0.000645
4.197506	0.000651
4.198488	0.000657
4.199471	0.000663
4.200454	0.000669
4.201437	0.000675
4.202419	0.000682
4.203402	0.000688
4.204385	0.000694
4.205368	0.000700
4.206351	0.000707
4.207333	0.000713
4.208316	0.000719
4.209299	0.000726
4.210282	0.000732
4.211264	0.000739
4.212247	0.000745
4.213230	0.000752
4.214213	0.000758
4.215196	0.000765
4.216178	0.000771
4.217161	0.000778
4.218144	0.000785
4.219127	0.000791
4.220109	0.000798
4.221092	0.000805
4.222075	0.000812
4.223058	0.000818
4.224041	0.000825
4.225023	0.000832
4.226006	0.000839
4.226989	0.000846
4.227972	0.000853
4.228954	0.000860
4.229937	0.000867
4.230920	0.000874
4.231903	0.000881
4.232885	0.000889
4.233868	0.000896
4.234851	0.000903
4.235834	0.000910
4.236817	0.000918
4.237799	0.000925
4.238782	0.000932
4.239765	0.000940
4.240748	0.000947
4.241730	0.000955
4.242713	0.000962
4.243696	0.000970
4.244679	0.000977
4.245662	0.000985
4.246644	0.000993
4.247627	0.001001
4.248610	0.001008
4.249593	0.001016
4.250575	0.001024
4.251558	0.001032
4.252541	0.001040
4.253524	0.001048
4.254507	0.001056
4.255489	0.001064
4.256472	0.001072
4.257455	0.001080
4.258438	0.001088
4.259420	0.001096
4.260403	0.001105
4.261386	0.001113
4.262369	0.001121
4.263352	0.001130
4.264334	0.001138
4.265317	0.001147
4.266300	0.001155
4.267283	0.001164
4.268265	0.001172
4.269248	0.001181
4.270231	0.001190
4.271214	0.001198
4.272197	0.001207
4.273179	0.001216
4.274162	0.001225
4.275145	0.001234
4.276128	0.001243
4.277110	0.001252
4.278093	0.001261
4.279076	0.001270
4.280059	0.001279
4.281042	0.001288
4.282024	0.001298
4.283007	0.001307
4.283990	0.001316
4.284973	0.001326
4.285955	0.001335
4.286938	0.001345
4.287921	0.001354
4.288904	0.001364
4.289886	0.001373
4.290869	0.001383
4.291852	0.001393
4.292835	0.001403
4.293818	0.001413
4.294800	0.001423
4.295783	0.001433
4.296766	0.001443
4.297749	0.001453
4.298731	0.001463
4.299714	0.001473
4.300697	0.001483
4.301680	0.001493
4.302663	0.001504
4.303645	0.001514
4.304628	0.001525
4.305611	0.001535
4.306594	0.001546
4.307576	0.001556
4.308559	0.001567
4.309542	0.001578
4.310525	0.001588
4.311508	0.001599
4.312490	0.001610
4.313473	0.001621
4.314456	0.001632
4.315439	0.001643
4.316421	0.001654
4.317404	0.001666
4.318387	0.001677
4.319370	0.001688
4.320353	0.001700
4.321335	0.001711
4.322318	0.001722
4.323301	0.001734
4.324284	0.001746
4.325266	0.001757
4.326249	0.001769
4.327232	0.001781
4.328215	0.001793
4.329198	0.001805
4.330180	0.001817
4.331163	0.001829
4.332146	0.001841
4.333129	0.001853
4.334111	0.001865
4.335094	0.001877
4.336077	0.001890
4.337060	0.001902
4.338042	0.001915
4.339025	0.001927
4.340008	0.001940
4.340991	0.001952
4.341974	0.001965
4.342956	0.001978
4.343939	0.001991
4.344922	0.002004
4.345905	0.002017
4.346887	0.002030
4.347870	0.002043
4.348853	0.002056
4.349836	0.002070
4.350819	0.002083
4.351801	0.002096
4.352784	0.002110
4.353767	0.002123
4.354750	0.002137
4.355732	0.002151
4.356715	0.002165
4.357698	0.002178
4.358681	0.002192
4.359664	0.002206
4.360646	0.002220
4.361629	0.002234
4.362612	0.002249
4.363595	0.002263
4.364577	0.002277
4.365560	0.002292
4.366543	0.002306
4.367526	0.002321
4.368509	0.002335
4.369491	0.002350
4.370474	0.002365
4.371457	0.002380
4.372440	0.002395
4.373422	0.002410
4.374405	0.002425
4.375388	0.002440
4.376371	0.002455
4.377354	0.002470
4.378336	0.002486
4.379319	0.002501
4.380302	0.002517
4.381285	0.002532
4.382267	0.002548
4.383250	0.002564
4.384233	0.002580
4.385216	0.002595
4.386198	0.002611
4.387181	0.002627
4.388164	0.002644
4.389147	0.002660
4.390130	0.002676
4.391112	0.002693
4.392095	0.002709
4.393078	0.002726
4.394061	0.002742
4.395043	0.002759
4.396026	0.002776
4.397009	0.002793
4.397992	0.002809
4.398975	0.002826
4.399957	0.002844
4.400940	0.002861
4.401923	0.002878
4.402906	0.002895
4.403888	0.002913
4.404871	0.002930
4.405854	0.002948
4.406837	0.002966
4.407820	0.002983
4.408802	0.003001
4.409785	0.003019
4.410768	0.003037
4.411751	0.003055
4.412733	0.003073
4.413716	0.003092
4.414699	0.003110
4.415682	0.003128
4.416665	0.003147
4.417647	0.003166
4.418630	0.003184
4.419613	0.003203
4.420596	0.003222
4.421578	0.003241
4.422561	0.003260
4.423544	0.003279
4.424527	0.003298
4.425510	0.003318
4.426492	0.003337
4.427475	0.003356
4.428458	0.003376
4.429441	0.003396
4.430423	0.003415
4.431406	0.003435
4.432389	0.003455
4.433372	0.003475
4.434354	0.003495
4.435337	0.003515
4.436320	0.003535
4.437303	0.003556
4.438286	0.003576
4.439268	0.003597
4.440251	0.003617
4.441234	0.003638
4.442217	0.003659
4.443199	0.003680
4.444182	0.003701
4.445165	0.003722
4.446148	0.003743
4.447131	0.003764
4.448113	0.003785
4.449096	0.003807
4.450079	0.003828
4.451062	0.003850
4.452044	0.003871
4.453027	0.003893
4.454010	0.003915
4.454993	0.003937
4.455976	0.003959
4.456958	0.003981
4.457941	0.004003
4.458924	0.004025
4.459907	0.004048
4.460889	0.004070
4.461872	0.004093
4.462855	0.004116
4.463838	0.004138
4.464821	0.004161
4.465803	0.004184
4.466786	0.004207
4.467769	0.004230
4.468752	0.004253
4.469734	0.004277
4.470717	0.004300
4.471700	0.004323
4.472683	0.004347
4.473666	0.004370
4.474648	0.004394
4.475631	0.004418
4.476614	0.004442
4.477597	0.004466
4.478579	0.004490
4.479562	0.004514
4.480545	0.004538
4.481528	0.004563
4.482510	0.004587
4.483493	0.004612
4.484476	0.004636
4.485459	0.004661
4.486442	0.004686
4.487424	0.004711
4.488407	0.004736
4.489390	0.004761
4.490373	0.004786
4.491355	0.004811
4.492338	0.004836
4.493321	0.004862
4.494304	0.004887
4.495287	0.004913
4.496269	0.004938
4.497252	0.004964
4.498235	0.004990
4.499218	0.005016
4.500200	0.005042
4.501183	0.005068
4.502166	0.005094
4.503149	0.005120
4.504132	0.005147
4.505114	0.005173
4.506097	0.005200
4.507080	0.005226
4.508063	0.005253
4.509045	0.005280
4.510028	0.005306
4.511011	0.005333
4.511994	0.005360
4.512977	0.005387
4.513959	0.005415
4.514942	0.005442
4.515925	0.005469
4.516908	0.005497
4.517890	0.005524
4.518873	0.005552
4.519856	0.005579
4.520839	0.005607
4.521822	0.005635
4.522804	0.005663
4.523787	0.005691
4.524770	0.005719
4.525753	0.005747
4.526735	0.005775
4.527718	0.005803
4.528701	0.005832
4.529684	0.005860
4.530667	0.005889
4.531649	0.005917
4.532632	0.005946
4.533615	0.005975
4.534598	0.006003
4.535580	0.006032
4.536563	0.006061
4.537546	0.006090
4.538529	0.006119
4.539511	0.006148
4.540494	0.006178
4.541477	0.006207
4.542460	0.006236
4.543443	0.006266
4.544425	0.006295
4.545408	0.006325
4.546391	0.006354
4.547374	0.006384
4.548356	0.006414
4.549339	0.006444
4.550322	0.006474
4.551305	0.006503
4.552288	0.006534
4.553270	0.006564
4.554253	0.006594
4.555236	0.006624
4.556219	0.006654
4.557201	0.006685
4.558184	0.006715
4.559167	0.006745
4.560150	0.006776
4.561133	0.006806
4.562115	0.006837
4.563098	0.006868
4.564081	0.006898
4.565064	0.006929
4.566046	0.006960
4.567029	0.006991
4.568012	0.007022
4.568995	0.007053
4.569978	0.007084
4.570960	0.007115
4.571943	0.007146
4.572926	0.007177
4.573909	0.007208
4.574891	0.007240
4.575874	0.007271
4.576857	0.007302
4.577840	0.007334
4.578823	0.007365
4.579805	0.007397
4.580788	0.007428
4.581771	0.007460
4.582754	0.007491
4.583736	0.007523
4.584719	0.007555
4.585702	0.007587
4.586685	0.007618
4.587667	0.007650
4.588650	0.007682
4.589633	0.007714
4.590616	0.007746
4.591599	0.007778
4.592581	0.007810
4.593564	0.007842
4.594547	0.007874
4.595530	0.007906
4.596512	0.007938
4.597495	0.007970
4.598478	0.008002
4.599461	0.008034
4.600444	0.008066
4.601426	0.008098
4.602409	0.008131
4.603392	0.008163
4.604375	0.008195
4.605357	0.008227
4.606340	0.008260
4.607323	0.008292
4.608306	0.008324
4.609289	0.008357
4.610271	0.008389
4.611254	0.008421
4.612237	0.008454
4.613220	0.008486
4.614202	0.008518
4.615185	0.008551
4.616168	0.008583
4.617151	0.008616
4.618134	0.008648
4.619116	0.008680
4.620099	0.008713
4.621082	0.008745
4.622065	0.008778
4.623047	0.008810
4.624030	0.008843
4.625013	0.008875
4.625996	0.008907
4.626979	0.008940
4.627961	0.008972
4.628944	0.009005
4.629927	0.009037
4.630910	0.009070
4.631892	0.009102
4.632875	0.009134
4.633858	0.009167
4.634841	0.009199
4.635823	0.009231
4.636806	0.009264
4.637789	0.009296
4.638772	0.009329
4.639755	0.009361
4.640737	0.009393
4.641720	0.009425
4.642703	0.009458
4.643686	0.009490
4.644668	0.009522
4.645651	0.009554
4.646634	0.009587
4.647617	0.009619
4.648600	0.009651
4.649582	0.009683
4.650565	0.009715
4.651548	0.009747
4.652531	0.009780
4.653513	0.009812
4.654496	0.009844
4.655479	0.009876
4.656462	0.009908
4.657445	0.009940
4.658427	0.009972
4.659410	0.010004
4.660393	0.010036
4.661376	0.010067
4.662358	0.010099
4.663341	0.010131
4.664324	0.010163
4.665307	0.010195
4.666290	0.010227
4.667272	0.010258
4.668255	0.010290
4.669238	0.010322
4.670221	0.010354
4.671203	0.010385
4.672186	0.010417
4.673169	0.010449
4.674152	0.010481
4.675135	0.010512
4.676117	0.010544
4.677100	0.010575
4.678083	0.010607
4.679066	0.010639
4.680048	0.010670
4.681031	0.010702
4.682014	0.010734
4.682997	0.010765
4.683979	0.010797
4.684962	0.010829
4.685945	0.010860
4.686928	0.010892
4.687911	0.010924
4.688893	0.010955
4.689876	0.010987
4.690859	0.011019
4.691842	0.011050
4.692824	0.011082
4.693807	0.011114
4.694790	0.011146
4.695773	0.011178
4.696756	0.011210
4.697738	0.011242
4.698721	0.011274
4.699704	0.011306
4.700687	0.011339
4.701669	0.011371
4.702652	0.011403
4.703635	0.011436
4.704618	0.011469
4.705601	0.011501
4.706583	0.011534
4.707566	0.011567
4.708549	0.011601
4.709532	0.011634
4.710514	0.011668
4.711497	0.011701
4.712480	0.011735
4.713463	0.011770
4.714446	0.011804
4.715428	0.011839
4.716411	0.011874
4.717394	0.011909
4.718377	0.011944
4.719359	0.011980
4.720342	0.012016
4.721325	0.012053
4.722308	0.012090
4.723291	0.012127
4.724273	0.012165
4.725256	0.012204
4.726239	0.012242
4.727222	0.012282
4.728204	0.012322
4.729187	0.012363
4.730170	0.012404
4.731153	0.012446
4.732135	0.012489
4.733118	0.012533
4.734101	0.012577
4.735084	0.012623
4.736067	0.012669
4.737049	0.012717
4.738032	0.012766
4.739015	0.012816
4.739998	0.012868
4.740980	0.012921
4.741963	0.012975
4.742946	0.013032
4.743929	0.013090
4.744912	0.013150
4.745894	0.013212
4.746877	0.013277
4.747860	0.013345
4.748843	0.013415
4.749825	0.013488
4.750808	0.013564
4.751791	0.013644
4.752774	0.013729
4.753757	0.013817
4.754739	0.013911
4.755722	0.014009
4.756705	0.014114
4.757688	0.014226
4.758670	0.014345
4.759653	0.014472
4.760636	0.014609
4.761619	0.014757
4.762602	0.014917
4.763584	0.015092
4.764567	0.015283
4.765550	0.015493
4.766533	0.015726
4.767515	0.015987
4.768498	0.016280
4.769481	0.016614
4.770464	0.016998
4.771447	0.017446
4.772429	0.017977
4.773412	0.018621
4.774395	0.019418
4.775378	0.020440
4.776360	0.021798
4.777343	0.023694
4.778326	0.026477
4.779309	0.030737
4.780292	0.037122
4.781274	0.044101
4.782249	0.043778
4.783224	0.035676
4.784199	0.028431
4.785173	0.023494
4.786148	0.020168
4.787123	0.017828
4.788098	0.016094
4.789073	0.014748
4.790047	0.013664
4.791022	0.012764
4.791997	0.011999
4.792972	0.011337
4.793947	0.010755
4.794921	0.010237
4.795896	0.009772
4.796871	0.009349
4.797846	0.008963
4.798821	0.008608
4.799795	0.008280
4.800770	0.007974
4.801745	0.007690
4.802720	0.007422
4.803694	0.007171
4.804669	0.006934
4.805644	0.006710
4.806619	0.006498
4.807594	0.006295
4.808568	0.006103
4.809543	0.005919
4.810518	0.005743
4.811493	0.005574
4.812468	0.005412
4.813442	0.005257
4.814417	0.005107
4.815392	0.004963
4.816367	0.004824
4.817342	0.004689
4.818316	0.004559
4.819291	0.004433
4.820266	0.004311
4.821241	0.004193
4.822216	0.004078
4.823190	0.003967
4.824165	0.003858
4.825140	0.003752
4.826115	0.003650
4.827090	0.003549
4.828064	0.003451
4.829039	0.003356
4.830014	0.003263
4.830989	0.003172
4.831963	0.003083
4.832938	0.002995
4.833913	0.002910
4.834888	0.002827
4.835863	0.002745
4.836837	0.002664
4.837812	0.002586
4.838787	0.002508
4.839762	0.002432
4.840737	0.002358
4.841711	0.002284
4.842686	0.002212
4.843661	0.002141
4.844636	0.002072
4.845611	0.002003
4.846585	0.001935
4.847560	0.001868
4.848535	0.001802
4.849510	0.001738
4.850485	0.001673
4.851459	0.001610
4.852434	0.001548
4.853409	0.001486
4.854384	0.001425
4.855358	0.001365
4.856333	0.001305
4.857308	0.001246
4.858283	0.001187
4.859258	0.001129
4.860232	0.001072
4.861207	0.001015
4.862182	0.000959
4.863157	0.000903
4.864132	0.000847
4.865106	0.000792
4.866081	0.000738
4.867056	0.000683
4.868031	0.000629
4.869006	0.000576
4.869980	0.000522
4.870955	0.000469
4.871930	0.000416
4.872905	0.000364
4.873880	0.000311
4.874854	0.000259
4.875829	0.000207
4.876804	0.000155
4.877779	0.000103
4.878761	0.000026
4.879744	0.000052
4.880727	0.000078
4.881710	0.000104
4.882693	0.000130
4.883675	0.000156
4.884658	0.000181
4.885641	0.000207
4.886624	0.000233
4.887606	0.000258
4.888589	0.000284
4.889572	0.000309
4.890555	0.000334
4.891538	0.000359
4.892520	0.000384
4.893503	0.000409
4.894486	0.000434
4.895469	0.000458
4.896451	0.000483
4.897434	0.000507
4.898417	0.000531
4.899400	0.000555
4.900383	0.000578
4.901365	0.000602
4.902348	0.000625
4.903331	0.000648
4.904314	0.000671
4.905296	0.000693
4.906279	0.000716
4.907262	0.000738
4.908245	0.000760
4.909228	0.000781
4.910210	0.000803
4.911193	0.000824
4.912176	0.000844
4.913159	0.000865
4.914141	0.000885
4.915124	0.000905
4.916107	0.000925
4.917090	0.000944
4.918072	0.000964
4.919055	0.000982
4.920038	0.001001
4.921021	0.001019
4.922004	0.001037
4.922986	0.001055
4.923969	0.001072
4.924952	0.001090
4.925935	0.001106
4.926917	0.001123
4.927900	0.001139
4.928883	0.001155
4.929866	0.001171
4.930849	0.001186
4.931831	0.001201
4.932814	0.001215
4.933797	0.001230
4.934780	0.001244
4.935762	0.001258
4.936745	0.001271
4.937728	0.001284
4.938711	0.001297
4.939694	0.001310
4.940676	0.001322
4.941659	0.001334
4.942642	0.001346
4.943625	0.001357
4.944607	0.001368
4.945590	0.001379
4.946573	0.001389
4.947556	0.001399
4.948539	0.001409
4.949521	0.001419
4.950504	0.001428
4.951487	0.001437
4.952470	0.001446
4.953452	0.001454
4.954435	0.001462
4.955418	0.001470
4.956401	0.001478
4.957384	0.001485
4.958366	0.001492
4.959349	0.001499
4.960332	0.001506
4.961315	0.001512
4.962297	0.001518
4.963280	0.001524
4.964263	0.001529
4.965246	0.001534
4.966228	0.001539
4.967211	0.001544
4.968194	0.001548
4.969177	0.001552
4.970160	0.001556
4.971142	0.001560
4.972125	0.001564
4.973108	0.001567
4.974091	0.001570
4.975073	0.001573
4.976056	0.001575
4.977039	0.001577
4.978022	0.001579
4.979005	0.001581
4.979987	0.001583
4.980970	0.001584
4.981953	0.001585
4.982936	0.001586
4.983918	0.001587
4.984901	0.001588
4.985884	0.001588
4.986867	0.001588
4.987850	0.001588
4.988832	0.001588
4.989815	0.001587
4.990798	0.001586
4.991781	0.001585
4.992763	0.001584
4.993746	0.001583
4.994729	0.001582
4.995712	0.001580
4.996695	0.001578
4.997677	0.001576
4.998660	0.001574
4.999643	0.001571
5.000626	0.001569
5.001608	0.001566
5.002591	0.001563
5.003574	0.001560
5.004557	0.001556
5.005540	0.001553
5.006522	0.001549
5.007505	0.001545
5.008488	0.001542
5.009471	0.001537
5.010453	0.001533
5.011436	0.001529
5.012419	0.001524
5.013402	0.001519
5.014384	0.001514
5.015367	0.001509
5.016350	0.001504
5.017333	0.001499
5.018316	0.001493
5.019298	0.001487
5.020281	0.001482
5.021264	0.001476
5.022247	0.001470
5.023229	0.001463
5.024212	0.001457
5.025195	0.001450
5.026178	0.001444
5.027161	0.001437
5.028143	0.001430
5.029126	0.001423
5.030109	0.001416
5.031092	0.001409
5.032074	0.001401
5.033057	0.001394
5.034040	0.001386
5.035023	0.001378
5.036006	0.001370
5.036988	0.001362
5.037971	0.001354
5.038954	0.001346
5.039937	0.001338
5.040919	0.001329
5.041902	0.001320
5.042885	0.001312
5.043868	0.001303
5.044851	0.001294
5.045833	0.001285
5.046816	0.001276
5.047799	0.001267
5.048782	0.001257
5.049764	0.001248
5.050747	0.001238
5.051730	0.001229
5.052713	0.001219
5.053696	0.001209
5.054678	0.001199
5.055661	0.001189
5.056644	0.001179
5.057627	0.001169
5.058609	0.001159
5.059592	0.001148
5.060575	0.001138
5.061558	0.001127
5.062540	0.001117
5.063523	0.001106
5.064506	0.001095
5.065489	0.001084
5.066472	0.001073
5.067454	0.001062
5.068437	0.001051
5.069420	0.001040
5.070403	0.001029
5.071385	0.001017
5.072368	0.001006
5.073351	0.000994
5.074334	0.000983
5.075317	0.000971
5.076299	0.000960
5.077282	0.000948
5.078265	0.000936
5.079248	0.000924
5.080230	0.000912
5.081213	0.000900
5.082196	0.000888
5.083179	0.000876
5.084162	0.000864
5.085144	0.000851
5.086127	0.000839
5.087110	0.000827
5.088093	0.000814
5.089075	0.000802
5.090058	0.000789
5.091041	0.000777
5.092024	0.000764
5.093007	0.000751
5.093989	0.000738
5.094972	0.000726
5.095955	0.000713
5.096938	0.000700
5.097920	0.000687
5.098903	0.000674
5.099886	0.000661
5.100869	0.000648
5.101852	0.000635
5.102834	0.000621
5.103817	0.000608
5.104800	0.000595
5.105783	0.000582
5.106765	0.000568
5.107748	0.000555
5.108731	0.000542
5.109714	0.000528
5.110697	0.000515
5.111679	0.000501
5.112662	0.000488
5.113645	0.000474
5.114628	0.000460
5.115610	0.000447
5.116593	0.000433
5.117576	0.000419
5.118559	0.000406
5.119541	0.000392
5.120524	0.000378
5.121507	0.000364
5.122490	0.000350
5.123473	0.000337
5.124455	0.000323
5.125438	0.000309
5.126421	0.000295
5.127404	0.000281
5.128386	0.000267
5.129369	0.000253
5.130352	0.000239
5.131335	0.000225
5.132318	0.000211
5.133300	0.000197
5.134283	0.000183
5.135266	0.000169
5.136249	0.000155
5.137231	0.000141
5.138214	0.000127
5.139197	0.000113
5.140180	0.000099
5.141163	0.000085
5.142145	0.000071
5.143128	0.000056
5.144111	0.000042
5.145094	0.000028
5.146076	0.000014
5.147059	-0.000000
5.148042	0.000000
5.149025	0.000000
5.150008	0.000000
5.150990	-0.000000
5.151973	-0.000000
5.152956	0.000000
5.153939	0.000000
5.154921	-0.000000
5.155904	0.000000
5.156887	0.000000
5.157870	-0.000000
5.158853	0.000000
5.159835	0.000000
5.160818	0.000000
5.161801	-0.000000
5.162784	-0.000000
5.163766	-0.000000
