0.000983	-0.000000
0.001966	0.000000
0.002948	-0.000000
0.003931	-0.000000
0.004914	0.000000
0.005897	-0.000000
0.006879	-0.000000
0.007862	-0.000000
0.008845	-0.000000
0.009828	-0.000000
0.010811	0.000000
0.011793	-0.000000
0.012776	-0.000000
0.013759	-0.000000
0.014742	-0.000000
0.015724	-0.000000
0.016707	-0.000000
0.017690	-0.000000
0.018673	0.000000
0.019656	0.000000
0.020638	0.000000
0.021621	0.000000
0.022604	-0.000000
0.023587	0.000000
0.024569	-0.000000
0.025552	-0.000000
0.026535	0.000000
0.027518	-0.000000
0.028500	-0.000000
0.029483	-0.000000
0.030466	-0.000000
0.031449	0.000000
0.032432	-0.000000
0.033414	0.000000
0.034397	-0.000000
0.035380	0.000000
0.036363	0.000000
0.037345	0.000000
0.038328	-0.000000
0.039311	0.000000
0.040294	0.000000
0.041277	0.000000
0.042259	0.000000
0.043242	0.000000
0.044225	0.000000
0.045208	-0.000000
0.046190	0.000000
0.047173	-0.000000
0.048156	0.000000
0.049139	-0.000000
0.050122	0.000000
0.051104	-0.000000
0.052087	-0.000000
0.053070	0.000000
0.054053	0.000000
0.055035	-0.000000
0.056018	0.000000
0.057001	0.000000
0.057984	0.000000
0.058967	0.000000
0.059949	0.000000
0.060932	-0.000000
0.061915	-0.000000
0.062898	-0.000000
0.063880	-0.000000
0.064863	0.000000
0.065846	-0.000000
0.066829	-0.000000
0.067812	-0.000000
0.068794	-0.000000
0.069777	0.000000
0.070760	-0.000000
0.071743	-0.000000
0.072725	0.000000
0.073708	-0.000000
0.074691	-0.000000
0.075674	-0.000000
0.076656	-0.000000
0.077639	-0.000000
0.078622	-0.000000
0.079605	0.000000
0.080588	0.000000
0.081570	-0.000000
0.082553	-0.000000
0.083536	0.000000
0.084519	-0.000000
0.085501	-0.000000
0.086484	0.000000
0.087467	0.000000
0.088450	0.000000
0.089433	-0.000000
0.090415	-0.000000
0.091398	-0.000000
0.092381	-0.000000
0.093364	0.000000
0.094346	0.000000
0.095329	0.000000
0.096312	-0.000000
0.097295	-0.000000
0.098278	-0.000000
0.099260	-0.000000
0.100243	-0.000000
0.101226	-0.000000
0.102209	-0.000000
0.103191	0.000000
0.104174	0.000000
0.105157	-0.000000
0.106140	0.000000
0.107123	0.000000
0.108105	-0.000000
0.109088	-0.000000
0.110071	0.000000
0.111054	-0.000000
0.112036	0.000000
0.113019	0.000000
0.114002	0.000000
0.114985	0.000000
0.115968	0.000000
0.116950	-0.000000
0.117933	-0.000000
0.118916	-0.000000
0.119899	0.000000
0.120881	0.000000
0.121864	0.000000
0.122847	-0.000000
0.123830	-0.000000
0.124812	0.000000
0.125795	-0.000000
0.126778	0.000000
0.127761	0.000000
0.128744	-0.000000
0.129726	0.000000
0.130709	-0.000000
0.131692	-0.000000
0.132675	-0.000000
0.133657	0.000000
0.134640	-0.000000
0.135623	-0.000000
0.136606	0.000000
0.137589	0.000000
0.138571	0.000000
0.139554	-0.000000
0.140537	-0.000000
0.141520	-0.000000
0.142502	0.000000
0.143485	-0.000000
0.144468	-0.000000
0.145451	0.000000
0.146434	-0.000000
0.147416	-0.000000
0.148399	0.000000
0.149382	-0.000000
0.150365	-0.000000
0.151347	0.000000
0.152330	0.000000
0.153313	0.000000
0.154296	0.000000
0.155279	0.000000
0.156261	-0.000000
0.157244	0.000000
0.158227	-0.000000
0.159210	0.000000
0.160192	-0.000000
0.161175	0.000000
0.162158	-0.000000
0.163141	0.000000
0.164124	-0.000000
0.165106	-0.000000
0.166089	0.000000
0.167072	-0.000000
0.168055	-0.000000
0.169037	-0.000000
0.170020	-0.000000
0.171003	0.000000
0.171986	0.000000
0.172969	-0.000000
0.173951	-0.000000
0.174934	0.000000
0.175917	0.000000
0.176900	0.000000
0.177882	-0.000000
0.178865	0.000000
0.179848	0.000000
0.180831	-0.000000
0.181813	-0.000000
0.182796	0.000000
0.183779	0.000000
0.184762	-0.000000
0.185745	-0.000000
0.186727	0.000000
0.187710	-0.000000
0.188693	0.000000
0.189676	-0.000000
0.190658	0.000000
0.191641	0.000000
0.192624	0.000000
0.193607	-0.000000
0.194590	0.000000
0.195572	0.000000
0.196555	0.000000
0.197538	0.000000
0.198521	0.000000
0.199503	0.000000
0.200486	-0.000000
0.201469	-0.000000
0.202452	0.000000
0.203435	-0.000000
0.204417	-0.000000
0.205400	-0.000000
0.206383	-0.000000
0.207366	0.000000
0.208348	-0.000000
0.209331	0.000000
0.210314	-0.000000
0.211297	0.000000
0.212280	0.000000
0.213262	-0.000000
0.214245	0.000000
0.215228	0.000001
0.216211	0.000002
0.217193	0.000002
0.218176	0.000003
0.219159	0.000004
0.220142	0.000005
0.221125	0.000005
0.222107	0.000006
0.223090	0.000007
0.224073	0.000008
0.225056	0.000008
0.226038	0.000009
0.227021	0.000010
0.228004	0.000010
0.228987	0.000011
0.229969	0.000012
0.230952	0.000012
0.231935	0.000013
0.232918	0.000013
0.233901	0.000014
0.234883	0.000014
0.235866	0.000015
0.236849	0.000015
0.237832	0.000016
0.238814	0.000016
0.239797	0.000017
0.240780	0.000017
0.241763	0.000017
0.242746	0.000018
0.243728	0.000018
0.244711	0.000018
0.245694	0.000018
0.246677	0.000018
0.247659	0.000019
0.248642	0.000019
0.249625	0.000019
0.250608	0.000019
0.251591	0.000019
0.252573	0.000019
0.253556	0.000019
0.254539	0.000019
0.255522	0.000018
0.256504	0.000018
0.257487	0.000018
0.258470	0.000018
0.259453	0.000018
0.260436	0.000017
0.261418	0.000017
0.262401	0.000017
0.263384	0.000016
0.264367	0.000016
0.265349	0.000015
0.266332	0.000015
0.267315	0.000014
0.268298	0.000014
0.269281	0.000013
0.270263	0.000013
0.271246	0.000012
0.272229	0.000011
0.273212	0.000011
0.274194	0.000010
0.275177	0.000009
0.276160	0.000009
0.277143	0.000008
0.278125	0.000007
0.279108	0.000006
0.280091	0.000006
0.281074	0.000005
0.282057	0.000004
0.283039	0.000003
0.284022	0.000002
0.285005	0.000002
0.285988	0.000001
0.286962	0.000003
0.287937	0.000005
0.288912	0.000006
0.289887	0.000008
0.290862	0.000010
0.291836	0.000011
0.292811	0.000013
0.293786	0.000015
0.294761	0.000017
0.295736	0.000018
0.296710	0.000020
0.297685	0.000022
0.298660	0.000024
0.299635	0.000026
0.300610	0.000028
0.301584	0.000030
0.302559	0.000032
0.303534	0.000035
0.304509	0.000037
0.305484	0.000039
0.306458	0.000042
0.307433	0.000044
0.308408	0.000047
0.309383	0.000049
0.310357	0.000052
0.311332	0.000055
0.312307	0.000058
0.313282	0.000061
0.314257	0.000064
0.315231	0.000068
0.316206	0.000071
0.317181	0.000075
0.318156	0.000079
0.319131	0.000083
0.320105	0.000087
0.321080	0.000091
0.322055	0.000096
0.323030	0.000100
0.324005	0.000105
0.324979	0.000110
0.325954	0.000116
0.326929	0.000122
0.327904	0.000127
0.328879	0.000134
0.329853	0.000140
0.330828	0.000147
0.331803	0.000154
0.332778	0.000161
0.333753	0.000169
0.334727	0.000177
0.335702	0.000186
0.336677	0.000195
0.337652	0.000205
0.338626	0.000215
0.339601	0.000225
0.340576	0.000236
0.341551	0.000248
0.342526	0.000260
0.343500	0.000273
0.344475	0.000287
0.345450	0.000302
0.346425	0.000317
0.347400	0.000333
0.348374	0.000350
0.349349	0.000368
0.350324	0.000388
0.351299	0.000408
0.352274	0.000430
0.353248	0.000453
0.354223	0.000477
0.355198	0.000503
0.356173	0.000531
0.357148	0.000561
0.358122	0.000593
0.359097	0.000628
0.360072	0.000664
0.361047	0.000704
0.362021	0.000747
0.362996	0.000794
0.363971	0.000844
0.364946	0.000899
0.365921	0.000959
0.366895	0.001025
0.367870	0.001098
0.368845	0.001180
0.369820	0.001270
0.370795	0.001373
0.371769	0.001489
0.372744	0.001623
0.373719	0.001780
0.374694	0.001965
0.375669	0.002191
0.376643	0.002472
0.377618	0.002835
0.378593	0.003326
0.379568	0.004024
0.380543	0.005057
0.381517	0.006572
0.382492	0.008293
0.383475	0.008354
0.384458	0.007260
0.385440	0.006237
0.386423	0.005576
0.387406	0.005168
0.388389	0.004911
0.389372	0.004745
0.390354	0.004634
0.391337	0.004560
0.392320	0.004511
0.393303	0.004480
0.394285	0.004461
0.395268	0.004453
0.396251	0.004452
0.397234	0.004456
0.398217	0.004466
0.399199	0.004479
0.400182	0.004496
0.401165	0.004515
0.402148	0.004536
0.403130	0.004559
0.404113	0.004584
0.405096	0.004610
0.406079	0.004637
0.407061	0.004665
0.408044	0.004694
0.409027	0.004723
0.410010	0.004753
0.410993	0.004784
0.411975	0.004815
0.412958	0.004846
0.413941	0.004878
0.414924	0.004910
0.415906	0.004942
0.416889	0.004974
0.417872	0.005007
0.418855	0.005039
0.419838	0.005072
0.420820	0.005104
0.421803	0.005137
0.422786	0.005170
0.423769	0.005203
0.424751	0.005235
0.425734	0.005268
0.426717	0.005301
0.427700	0.005333
0.428683	0.005366
0.429665	0.005398
0.430648	0.005430
0.431631	0.005463
0.432614	0.005495
0.433596	0.005526
0.434579	0.005558
0.435562	0.005590
0.436545	0.005621
0.437528	0.005653
0.438510	0.005684
0.439493	0.005715
0.440476	0.005746
0.441459	0.005776
0.442441	0.005807
0.443424	0.005837
0.444407	0.005867
0.445390	0.005897
0.446373	0.005926
0.447355	0.005956
0.448338	0.005985
0.449321	0.006014
0.450304	0.006043
0.451286	0.006072
0.452269	0.006100
0.453252	0.006128
0.454235	0.006156
0.455217	0.006184
0.456200	0.006211
0.457183	0.006238
0.458166	0.006265
0.459149	0.006292
0.460131	0.006319
0.461114	0.006345
0.462097	0.006371
0.463080	0.006397
0.464062	0.006422
0.465045	0.006448
0.466028	0.006473
0.467011	0.006498
0.467994	0.006522
0.468976	0.006546
0.469959	0.006570
0.470942	0.006594
0.471925	0.006618
0.472907	0.006641
0.473890	0.006664
0.474873	0.006687
0.475856	0.006709
0.476839	0.006732
0.477821	0.006754
0.478804	0.006775
0.479787	0.006797
0.480770	0.006818
0.481752	0.006839
0.482735	0.006859
0.483718	0.006880
0.484701	0.006900
0.485684	0.006920
0.486666	0.006939
0.487649	0.006959
0.488632	0.006978
0.489615	0.006997
0.490597	0.007015
0.491580	0.007033
0.492563	0.007051
0.493546	0.007069
0.494529	0.007086
0.495511	0.007103
0.496494	0.007120
0.497477	0.007137
0.498460	0.007153
0.499442	0.007169
0.500425	0.007185
0.501408	0.007201
0.502391	0.007216
0.503374	0.007231
0.504356	0.007245
0.505339	0.007260
0.506322	0.007274
0.507305	0.007288
0.508287	0.007301
0.509270	0.007315
0.510253	0.007328
0.511236	0.007340
0.512218	0.007353
0.513201	0.007365
0.514184	0.007377
0.515167	0.007389
0.516150	0.007400
0.517132	0.007411
0.518115	0.007422
0.519098	0.007433
0.520081	0.007443
0.521063	0.007453
0.522046	0.007463
0.523029	0.007472
0.524012	0.007481
0.524995	0.007490
0.525977	0.007499
0.526960	0.007508
0.527943	0.007516
0.528926	0.007524
0.529908	0.007531
0.530891	0.007539
0.531874	0.007546
0.532857	0.007552
0.533840	0.007559
0.534822	0.007565
0.535805	0.007571
0.536788	0.007577
0.537771	0.007583
0.538753	0.007588
0.539736	0.007593
0.540719	0.007598
0.541702	0.007602
0.542685	0.007606
0.543667	0.007610
0.544650	0.007614
0.545633	0.007617
0.546616	0.007620
0.547598	0.007623
0.548581	0.007626
0.549564	0.007629
0.550547	0.007631
0.551530	0.007633
0.552512	0.007634
0.553495	0.007636
0.554478	0.007637
0.555461	0.007638
0.556443	0.007638
0.557426	0.007639
0.558409	0.007639
0.559392	0.007639
0.560374	0.007639
0.561357	0.007638
0.562340	0.007638
0.563323	0.007637
0.564306	0.007635
0.565288	0.007634
0.566271	0.007632
0.567254	0.007630
0.568237	0.007628
0.569219	0.007626
0.570202	0.007623
0.571185	0.007620
0.572168	0.007617
0.573151	0.007614
0.574133	0.007610
0.575116	0.007606
0.576099	0.007602
0.577082	0.007598
0.578064	0.007594
0.579047	0.007589
0.580030	0.007584
0.581013	0.007579
0.581996	0.007574
0.582978	0.007568
0.583961	0.007563
0.584944	0.007557
0.585927	0.007551
0.586909	0.007544
0.587892	0.007538
0.588875	0.007531
0.589858	0.007524
0.590841	0.007517
0.591823	0.007510
0.592806	0.007502
0.593789	0.007494
0.594772	0.007486
0.595754	0.007478
0.596737	0.007470
0.597720	0.007461
0.598703	0.007453
0.599686	0.007444
0.600668	0.007435
0.601651	0.007425
0.602634	0.007416
0.603617	0.007406
0.604599	0.007396
0.605582	0.007386
0.606565	0.007376
0.607548	0.007366
0.608530	0.007355
0.609513	0.007345
0.610496	0.007334
0.611479	0.007323
0.612462	0.007311
0.613444	0.007300
0.614427	0.007288
0.615410	0.007277
0.616393	0.007265
0.617375	0.007253
0.618358	0.007241
0.619341	0.007228
0.620324	0.007216
0.621307	0.007203
0.622289	0.007190
0.623272	0.007177
0.624255	0.007164
0.625238	0.007151
0.626220	0.007137
0.627203	0.007124
0.628186	0.007110
0.629169	0.007096
0.630152	0.007082
0.631134	0.007068
0.632117	0.007054
0.633100	0.007039
0.634083	0.007025
0.635065	0.007010
0.636048	0.006995
0.637031	0.006980
0.638014	0.006965
0.638997	0.006950
0.639979	0.006935
0.640962	0.006919
0.641945	0.006904
0.642928	0.006888
0.643910	0.006872
0.644893	0.006856
0.645876	0.006840
0.646859	0.006824
0.647842	0.006808
0.648824	0.006791
0.649807	0.006775
0.650790	0.006758
0.651773	0.006742
0.652755	0.006725
0.653738	0.006708
0.654721	0.006691
0.655704	0.006674
0.656686	0.006656
0.657669	0.006639
0.658652	0.006622
0.659635	0.006604
0.660618	0.006586
0.661600	0.006569
0.662583	0.006551
0.663566	0.006533
0.664549	0.006515
0.665531	0.006497
0.666514	0.006479
0.667497	0.006461
0.668480	0.006442
0.669463	0.006424
0.670445	0.006406
0.671428	0.006387
0.672411	0.006368
0.673394	0.006350
0.674376	0.006331
0.675359	0.006312
0.676342	0.006293
0.677325	0.006274
0.678308	0.006255
0.679290	0.006236
0.680273	0.006217
0.681256	0.006198
0.682239	0.006178
0.683221	0.006159
0.684204	0.006140
0.685187	0.006120
0.686170	0.006101
0.687153	0.006081
0.688135	0.006061
0.689118	0.006042
0.690101	0.006022
0.691084	0.006002
0.692066	0.005982
0.693049	0.005962
0.694032	0.005942
0.695015	0.005922
0.695998	0.005902
0.696980	0.005882
0.697963	0.005862
0.698946	0.005842
0.699929	0.005822
0.700911	0.005802
0.701894	0.005781
0.702877	0.005761
0.703860	0.005741
0.704842	0.005720
0.705825	0.005700
0.706808	0.005680
0.707791	0.005659
0.708774	0.005639
0.709756	0.005618
0.710739	0.005598
0.711722	0.005577
0.712705	0.005557
0.713687	0.005536
0.714670	0.005515
0.715653	0.005495
0.716636	0.005474
0.717619	0.005453
0.718601	0.005433
0.719584	0.005412
0.720567	0.005391
0.721550	0.005371
0.722532	0.005350
0.723515	0.005329
0.724498	0.005308
0.725481	0.005288
0.726464	0.005267
0.727446	0.005246
0.728429	0.005225
0.729412	0.005204
0.730395	0.005184
0.731377	0.005163
0.732360	0.005142
0.733343	0.005121
0.734326	0.005100
0.735309	0.005080
0.736291	0.005059
0.737274	0.005038
0.738257	0.005017
0.739240	0.004996
0.740222	0.004976
0.741205	0.004955
0.742188	0.004934
0.743171	0.004913
0.744154	0.004892
0.745136	0.004872
0.746119	0.004851
0.747102	0.004830
0.748085	0.004810
0.749067	0.004789
0.750050	0.004768
0.751033	0.004747
0.752016	0.004727
0.752999	0.004706
0.753981	0.004686
0.754964	0.004665
0.755947	0.004644
0.756930	0.004624
0.757912	0.004603
0.758895	0.004583
0.759878	0.004562
0.760861	0.004542
0.761843	0.004521
0.762826	0.004501
0.763809	0.004480
0.764792	0.004460
0.765775	0.004440
0.766757	0.004419
0.767740	0.004399
0.768723	0.004379
0.769706	0.004358
0.770688	0.004338
0.771671	0.004318
0.772654	0.004298
0.773637	0.004278
0.774620	0.004257
0.775602	0.004237
0.776585	0.004217
0.777568	0.004197
0.778551	0.004177
0.779533	0.004157
0.780516	0.004137
0.781499	0.004117
0.782482	0.004098
0.783465	0.004078
0.784447	0.004058
0.785430	0.004038
0.786413	0.004019
0.787396	0.003999
0.788378	0.003979
0.789361	0.003960
0.790344	0.003940
0.791327	0.003921
0.792310	0.003901
0.793292	0.003882
0.794275	0.003862
0.795258	0.003843
0.796241	0.003824
0.797223	0.003804
0.798206	0.003785
0.799189	0.003766
0.800172	0.003747
0.801155	0.003728
0.802137	0.003708
0.803120	0.003689
0.804103	0.003671
0.805086	0.003652
0.806068	0.003633
0.807051	0.003614
0.808034	0.003595
0.809017	0.003576
0.809999	0.003558
0.810982	0.003539
0.811965	0.003520
0.812948	0.003502
0.813931	0.003483
0.814913	0.003465
0.815896	0.003446
0.816879	0.003428
0.817862	0.003410
0.818844	0.003391
0.819827	0.003373
0.820810	0.003355
0.821793	0.003337
0.822776	0.003319
0.823758	0.003301
0.824741	0.003283
0.825724	0.003265
0.826707	0.003247
0.827689	0.003229
0.828672	0.003211
0.829655	0.003194
0.830638	0.003176
0.831621	0.003158
0.832603	0.003141
0.833586	0.003123
0.834569	0.003106
0.835552	0.003088
0.836534	0.003071
0.837517	0.003054
0.838500	0.003036
0.839483	0.003019
0.840466	0.003002
0.841448	0.002985
0.842431	0.002968
0.843414	0.002951
0.844397	0.002934
0.845379	0.002917
0.846362	0.002900
0.847345	0.002883
0.848328	0.002867
0.849311	0.002850
0.850293	0.002833
0.851276	0.002817
0.852259	0.002800
0.853242	0.002784
0.854224	0.002767
0.855207	0.002751
0.856190	0.002735
0.857173	0.002718
0.858155	0.002702
0.859138	0.002686
0.860121	0.002670
0.861104	0.002654
0.862087	0.002638
0.863069	0.002622
0.864052	0.002606
0.865035	0.002590
0.866018	0.002574
0.867000	0.002559
0.867983	0.002543
0.868966	0.002527
0.869949	0.002512
0.870932	0.002496
0.871914	0.002481
0.872897	0.002466
0.873880	0.002450
0.874863	0.002435
0.875845	0.002420
0.876828	0.002405
0.877811	0.002389
0.878794	0.002374
0.879777	0.002359
0.880759	0.002344
0.881742	0.002329
0.882725	0.002315
0.883708	0.002300
0.884690	0.002285
0.885673	0.002270
0.886656	0.002256
0.887639	0.002241
0.888622	0.002226
0.889604	0.002212
0.890587	0.002197
0.891570	0.002183
0.892553	0.002169
0.893535	0.002154
0.894518	0.002140
0.895501	0.002126
0.896484	0.002112
0.897467	0.002098
0.898449	0.002084
0.899432	0.002070
0.900415	0.002056
0.901398	0.002042
0.902380	0.002028
0.903363	0.002014
0.904346	0.002001
0.905329	0.001987
0.906311	0.001973
0.907294	0.001960
0.908277	0.001946
0.909260	0.001933
0.910243	0.001919
0.911225	0.001906
0.912208	0.001893
0.913191	0.001879
0.914174	0.001866
0.915156	0.001853
0.916139	0.001840
0.917122	0.001827
0.918105	0.001814
0.919088	0.001801
0.920070	0.001788
0.921053	0.001775
0.922036	0.001762
0.923019	0.001749
0.924001	0.001736
0.924984	0.001724
0.925967	0.001711
0.926950	0.001698
0.927933	0.001686
0.928915	0.001673
0.929898	0.001661
0.930881	0.001648
0.931864	0.001636
0.932846	0.001624
0.933829	0.001611
0.934812	0.001599
0.935795	0.001587
0.936778	0.001575
0.937760	0.001563
0.938743	0.001551
0.939726	0.001539
0.940709	0.001527
0.941691	0.001515
0.942674	0.001503
0.943657	0.001491
0.944640	0.001479
0.945623	0.001467
0.946605	0.001456
0.947588	0.001444
0.948571	0.001432
0.949554	0.001421
0.950536	0.001409
0.951519	0.001398
0.952502	0.001386
0.953485	0.001375
0.954467	0.001363
0.955450	0.001352
0.956433	0.001341
0.957416	0.001330
0.958399	0.001318
0.959381	0.001307
0.960364	0.001296
0.961347	0.001285
0.962330	0.001274
0.963312	0.001263
0.964295	0.001252
0.965278	0.001241
0.966261	0.001230
0.967244	0.001219
0.968226	0.001208
0.969209	0.001197
0.970192	0.001187
0.971175	0.001176
0.972157	0.001165
0.973140	0.001154
0.974123	0.001144
0.975106	0.001133
0.976089	0.001123
0.977071	0.001112
0.978054	0.001102
0.979037	0.001091
0.980020	0.001081
0.981002	0.001070
0.981985	0.001060
0.982968	0.001050
0.983951	0.001040
0.984934	0.001029
0.985916	0.001019
0.986899	0.001009
0.987882	0.000999
0.988865	0.000989
0.989847	0.000979
0.990830	0.000968
0.991813	0.000958
0.992796	0.000948
0.993779	0.000939
0.994761	0.000929
0.995744	0.000919
0.996727	0.000909
0.997710	0.000899
0.998692	0.000889
0.999675	0.000879
1.000658	0.000870
1.001641	0.000860
1.002624	0.000850
1.003606	0.000841
1.004589	0.000831
1.005572	0.000821
1.006555	0.000812
1.007537	0.000802
1.008520	0.000793
1.009503	0.000783
1.010486	0.000774
1.011468	0.000764
1.012451	0.000755
1.013434	0.000745
1.014417	0.000736
1.015400	0.000727
1.016382	0.000717
1.017365	0.000708
1.018348	0.000699
1.019331	0.000689
1.020313	0.000680
1.021296	0.000671
1.022279	0.000662
1.023262	0.000653
1.024245	0.000643
1.025227	0.000634
1.026210	0.000625
1.027193	0.000616
1.028176	0.000607
1.029158	0.000598
1.030141	0.000589
1.031124	0.000580
1.032107	0.000571
1.033090	0.000562
1.034072	0.000553
1.035055	0.000544
1.036038	0.000535
1.037021	0.000526
1.038003	0.000518
1.038986	0.000509
1.039969	0.000500
1.040952	0.000491
1.041935	0.000482
1.042917	0.000474
1.043900	0.000465
1.044883	0.000456
1.045866	0.000447
1.046848	0.000439
1.047831	0.000430
1.048814	0.000421
1.049797	0.000413
1.050780	0.000404
1.051762	0.000395
1.052745	0.000387
1.053728	0.000378
1.054711	0.000369
1.055693	0.000361
1.056676	0.000352
1.057659	0.000344
1.058642	0.000335
1.059624	0.000327
1.060607	0.000318
1.061590	0.000310
1.062573	0.000301
1.063556	0.000293
1.064538	0.000284
1.065521	0.000276
1.066504	0.000267
1.067487	0.000259
1.068469	0.000250
1.069452	0.000242
1.070435	0.000233
1.071418	0.000225
1.072401	0.000217
1.073383	0.000208
1.074366	0.000200
1.075349	0.000191
1.076332	0.000183
1.077314	0.000175
1.078297	0.000166
1.079280	0.000158
1.080263	0.000150
1.081246	0.000141
1.082228	0.000133
1.083211	0.000125
1.084194	0.000116
1.085177	0.000108
1.086159	0.000100
1.087142	0.000091
1.088125	0.000083
1.089108	0.000075
1.090091	0.000066
1.091073	0.000058
1.092056	0.000050
1.093039	0.000041
1.094022	0.000033
1.095004	0.000025
1.095987	0.000017
1.096970	0.000008
1.097945	0.000012
1.098920	0.000016
1.099894	0.000021
1.100869	0.000025
1.101844	0.000029
1.102819	0.000033
1.103794	0.000037
1.104768	0.000041
1.105743	0.000046
1.106718	0.000050
1.107693	0.000054
1.108667	0.000058
1.109642	0.000062
1.110617	0.000067
1.111592	0.000071
1.112567	0.000075
1.113541	0.000079
1.114516	0.000083
1.115491	0.000088
1.116466	0.000092
1.117441	0.000096
1.118415	0.000100
1.119390	0.000105
1.120365	0.000109
1.121340	0.000113
1.122315	0.000117
1.123289	0.000122
1.124264	0.000126
1.125239	0.000130
1.126214	0.000134
1.127189	0.000139
1.128163	0.000143
1.129138	0.000147
1.130113	0.000151
1.131088	0.000156
1.132062	0.000160
1.133037	0.000164
1.134012	0.000169
1.134987	0.000173
1.135962	0.000177
1.136936	0.000181
1.137911	0.000186
1.138886	0.000190
1.139861	0.000194
1.140836	0.000199
1.141810	0.000203
1.142785	0.000207
1.143760	0.000211
1.144735	0.000216
1.145710	0.000220
1.146684	0.000224
1.147659	0.000229
1.148634	0.000233
1.149609	0.000237
1.150584	0.000242
1.151558	0.000246
1.152533	0.000250
1.153508	0.000255
1.154483	0.000259
1.155457	0.000263
1.156432	0.000268
1.157407	0.000272
1.158382	0.000276
1.159357	0.000280
1.160331	0.000285
1.161306	0.000289
1.162281	0.000293
1.163256	0.000298
1.164231	0.000302
1.165205	0.000306
1.166180	0.000311
1.167155	0.000315
1.168130	0.000319
1.169105	0.000324
1.170079	0.000328
1.171054	0.000332
1.172029	0.000336
1.173004	0.000341
1.173979	0.000345
1.174953	0.000349
1.175928	0.000354
1.176903	0.000358
1.177878	0.000362
1.178852	0.000366
1.179827	0.000371
1.180802	0.000375
1.181777	0.000379
1.182752	0.000383
1.183726	0.000388
1.184701	0.000392
1.185676	0.000396
1.186651	0.000400
1.187626	0.000405
1.188600	0.000409
1.189575	0.000413
1.190550	0.000417
1.191525	0.000422
1.192500	0.000426
1.193474	0.000430
1.194449	0.000434
1.195424	0.000438
1.196399	0.000443
1.197374	0.000447
1.198348	0.000451
1.199323	0.000455
1.200298	0.000459
1.201273	0.000464
1.202247	0.000468
1.203222	0.000472
1.204197	0.000476
1.205172	0.000480
1.206147	0.000484
1.207121	0.000489
1.208096	0.000493
1.209071	0.000497
1.210046	0.000501
1.211021	0.000505
1.211995	0.000509
1.212970	0.000513
1.213945	0.000517
1.214920	0.000521
1.215895	0.000525
1.216869	0.000529
1.217844	0.000533
1.218819	0.000538
1.219794	0.000542
1.220769	0.000546
1.221743	0.000550
1.222718	0.000554
1.223693	0.000558
1.224668	0.000562
1.225643	0.000566
1.226617	0.000570
1.227592	0.000573
1.228567	0.000577
1.229542	0.000581
1.230516	0.000585
1.231491	0.000589
1.232466	0.000593
1.233441	0.000597
1.234416	0.000601
1.235390	0.000605
1.236365	0.000609
1.237340	0.000612
1.238315	0.000616
1.239290	0.000620
1.240264	0.000624
1.241239	0.000628
1.242214	0.000632
1.243189	0.000635
1.244164	0.000639
1.245138	0.000643
1.246113	0.000647
1.247088	0.000650
1.248063	0.000654
1.249038	0.000658
1.250012	0.000661
1.250987	0.000665
1.251962	0.000669
1.252937	0.000672
1.253911	0.000676
1.254886	0.000680
1.255861	0.000683
1.256836	0.000687
1.257811	0.000690
1.258785	0.000694
1.259760	0.000697
1.260735	0.000701
1.261710	0.000704
1.262685	0.000708
1.263659	0.000711
1.264634	0.000715
1.265609	0.000718
1.266584	0.000722
1.267559	0.000725
1.268533	0.000729
1.269508	0.000732
1.270483	0.000735
1.271458	0.000739
1.272433	0.000742
1.273407	0.000745
1.274382	0.000749
1.275357	0.000752
1.276332	0.000755
1.277306	0.000758
1.278281	0.000762
1.279256	0.000765
1.280231	0.000768
1.281206	0.000771
1.282180	0.000774
1.283155	0.000777
1.284130	0.000780
1.285105	0.000784
1.286080	0.000787
1.287054	0.000790
1.288029	0.000793
1.289004	0.000796
1.289979	0.000799
1.290954	0.000802
1.291928	0.000805
1.292903	0.000807
1.293878	0.000810
1.294853	0.000813
1.295828	0.000816
1.296802	0.000819
1.297777	0.000822
1.298752	0.000825
1.299727	0.000827
1.300701	0.000830
1.301676	0.000833
1.302651	0.000835
1.303626	0.000838
1.304601	0.000841
1.305575	0.000843
1.306550	0.000846
1.307525	0.000849
1.308500	0.000851
1.309475	0.000854
1.310449	0.000856
1.311424	0.000859
1.312399	0.000861
1.313374	0.000864
1.314349	0.000866
1.315323	0.000868
1.316298	0.000871
1.317273	0.000873
1.318248	0.000875
1.319223	0.000878
1.320197	0.000880
1.321172	0.000882
1.322147	0.000884
1.323122	0.000886
1.324096	0.000888
1.325071	0.000891
1.326046	0.000893
1.327021	0.000895
1.327996	0.000897
1.328970	0.000899
1.329945	0.000901
1.330920	0.000903
1.331895	0.000905
1.332870	0.000906
1.333844	0.000908
1.334819	0.000910
1.335794	0.000912
1.336769	0.000914
1.337744	0.000915
1.338718	0.000917
1.339693	0.000919
1.340668	0.000921
1.341643	0.000922
1.342618	0.000924
1.343592	0.000925
1.344567	0.000927
1.345542	0.000928
1.346517	0.000930
1.347492	0.000931
1.348466	0.000933
1.349441	0.000934
1.350416	0.000935
1.351391	0.000937
1.352365	0.000938
1.353340	0.000939
1.354315	0.000940
1.355290	0.000941
1.356265	0.000943
1.357239	0.000944
1.358214	0.000945
1.359189	0.000946
1.360164	0.000947
1.361139	0.000948
1.362113	0.000949
1.363088	0.000950
1.364063	0.000951
1.365038	0.000951
1.366013	0.000952
1.366987	0.000953
1.367962	0.000954
1.368937	0.000954
1.369912	0.000955
1.370887	0.000956
1.371861	0.000956
1.372836	0.000957
1.373811	0.000957
1.374786	0.000958
1.375760	0.000958
1.376735	0.000959
1.377710	0.000959
1.378685	0.000959
1.379660	0.000960
1.380634	0.000960
1.381609	0.000960
1.382584	0.000960
1.383559	0.000960
1.384534	0.000960
1.385508	0.000960
1.386483	0.000960
1.387458	0.000960
1.388433	0.000960
1.389408	0.000960
1.390382	0.000960
1.391357	0.000960
1.392332	0.000960
1.393307	0.000960
1.394282	0.000959
1.395256	0.000959
1.396231	0.000959
1.397206	0.000958
1.398181	0.000958
1.399155	0.000957
1.400130	0.000957
1.401105	0.000956
1.402080	0.000956
1.403055	0.000955
1.404029	0.000954
1.405004	0.000953
1.405979	0.000953
1.406954	0.000952
1.407929	0.000951
1.408903	0.000950
1.409878	0.000949
1.410853	0.000948
1.411828	0.000947
1.412803	0.000946
1.413777	0.000945
1.414752	0.000944
1.415727	0.000943
1.416702	0.000941
1.417677	0.000940
1.418651	0.000939
1.419626	0.000937
1.420601	0.000936
1.421576	0.000935
1.422550	0.000933
1.423525	0.000932
1.424500	0.000930
1.425475	0.000928
1.426450	0.000927
1.427424	0.000925
1.428399	0.000923
1.429374	0.000921
1.430349	0.000920
1.431324	0.000918
1.432298	0.000916
1.433273	0.000914
1.434248	0.000912
1.435223	0.000910
1.436198	0.000908
1.437172	0.000905
1.438147	0.000903
1.439122	0.000901
1.440097	0.000899
1.441072	0.000896
1.442046	0.000894
1.443021	0.000891
1.443996	0.000889
1.444971	0.000886
1.445946	0.000884
1.446920	0.000881
1.447895	0.000879
1.448870	0.000876
1.449845	0.000873
1.450819	0.000870
1.451794	0.000868
1.452769	0.000865
1.453744	0.000862
1.454719	0.000859
1.455693	0.000856
1.456668	0.000853
1.457643	0.000850
1.458618	0.000846
1.459593	0.000843
1.460567	0.000840
1.461542	0.000837
1.462517	0.000833
1.463492	0.000830
1.464467	0.000826
1.465441	0.000823
1.466416	0.000819
1.467391	0.000816
1.468366	0.000812
1.469341	0.000808
1.470315	0.000805
1.471290	0.000801
1.472265	0.000797
1.473240	0.000793
1.474214	0.000789
1.475189	0.000785
1.476164	0.000781
1.477139	0.000777
1.478114	0.000773
1.479088	0.000769
1.480063	0.000765
1.481038	0.000760
1.482013	0.000756
1.482988	0.000752
1.483962	0.000747
1.484937	0.000743
1.485912	0.000738
1.486887	0.000734
1.487862	0.000729
1.488836	0.000725
1.489811	0.000720
1.490786	0.000715
1.491761	0.000710
1.492736	0.000706
1.493710	0.000701
1.494685	0.000696
1.495660	0.000691
1.496635	0.000686
1.497609	0.000681
1.498584	0.000676
1.499559	0.000670
1.500534	0.000665
1.501509	0.000660
1.502483	0.000654
1.503458	0.000649
1.504433	0.000644
1.505408	0.000638
1.506383	0.000633
1.507357	0.000627
1.508332	0.000621
1.509307	0.000616
1.510282	0.000610
1.511257	0.000604
1.512231	0.000598
1.513206	0.000593
1.514181	0.000587
1.515156	0.000581
1.516131	0.000575
1.517105	0.000569
1.518080	0.000562
1.519055	0.000556
1.520030	0.000550
1.521004	0.000544
1.521979	0.000537
1.522954	0.000531
1.523929	0.000524
1.524904	0.000518
1.525878	0.000511
1.526853	0.000505
1.527828	0.000498
1.528803	0.000491
1.529778	0.000485
1.530752	0.000478
1.531727	0.000471
1.532702	0.000464
1.533677	0.000457
1.534652	0.000450
1.535626	0.000443
1.536601	0.000436
1.537576	0.000429
1.538551	0.000421
1.539526	0.000414
1.540500	0.000407
1.541475	0.000399
1.542450	0.000392
1.543425	0.000384
1.544399	0.000377
1.545374	0.000369
1.546349	0.000362
1.547324	0.000354
1.548299	0.000346
1.549273	0.000338
1.550248	0.000330
1.551223	0.000322
1.552198	0.000314
1.553173	0.000306
1.554147	0.000298
1.555122	0.000290
1.556097	0.000281
1.557072	0.000273
1.558047	0.000265
1.559021	0.000256
1.559996	0.000248
1.560971	0.000239
1.561946	0.000230
1.562921	0.000222
1.563895	0.000213
1.564870	0.000204
1.565845	0.000195
1.566820	0.000186
1.567795	0.000177
1.568769	0.000168
1.569744	0.000158
1.570719	0.000149
1.571694	0.000140
1.572668	0.000130
1.573643	0.000121
1.574618	0.000111
1.575593	0.000101
1.576568	0.000092
1.577542	0.000082
1.578517	0.000072
1.579492	0.000062
1.580467	0.000052
1.581442	0.000042
1.582416	0.000031
1.583391	0.000021
1.584366	0.000011
1.585349	0.000021
1.586332	0.000032
1.587314	0.000043
1.588297	0.000053
1.589280	0.000064
1.590263	0.000075
1.591245	0.000086
1.592228	0.000096
1.593211	0.000107
1.594194	0.000118
1.595176	0.000128
1.596159	0.000139
1.597142	0.000150
1.598125	0.000161
1.599108	0.000171
1.600090	0.000182
1.601073	0.000193
1.602056	0.000204
1.603039	0.000215
1.604021	0.000225
1.605004	0.000236
1.605987	0.000247
1.606970	0.000258
1.607953	0.000269
1.608935	0.000280
1.609918	0.000291
1.610901	0.000302
1.611884	0.000312
1.612866	0.000323
1.613849	0.000334
1.614832	0.000345
1.615815	0.000356
1.616798	0.000368
1.617780	0.000379
1.618763	0.000390
1.619746	0.000401
1.620729	0.000412
1.621711	0.000423
1.622694	0.000434
1.623677	0.000446
1.624660	0.000457
1.625643	0.000468
1.626625	0.000479
1.627608	0.000491
1.628591	0.000502
1.629574	0.000514
1.630556	0.000525
1.631539	0.000536
1.632522	0.000548
1.633505	0.000559
1.634488	0.000571
1.635470	0.000583
1.636453	0.000594
1.637436	0.000606
1.638419	0.000618
1.639401	0.000629
1.640384	0.000641
1.641367	0.000653
1.642350	0.000665
1.643333	0.000677
1.644315	0.000689
1.645298	0.000701
1.646281	0.000713
1.647264	0.000725
1.648246	0.000737
1.649229	0.000749
1.650212	0.000762
1.651195	0.000774
1.652177	0.000786
1.653160	0.000799
1.654143	0.000811
1.655126	0.000824
1.656109	0.000836
1.657091	0.000849
1.658074	0.000861
1.659057	0.000874
1.660040	0.000887
1.661022	0.000900
1.662005	0.000913
1.662988	0.000926
1.663971	0.000939
1.664954	0.000952
1.665936	0.000965
1.666919	0.000978
1.667902	0.000991
1.668885	0.001004
1.669867	0.001018
1.670850	0.001031
1.671833	0.001045
1.672816	0.001058
1.673799	0.001072
1.674781	0.001086
1.675764	0.001100
1.676747	0.001113
1.677730	0.001127
1.678712	0.001141
1.679695	0.001155
1.680678	0.001170
1.681661	0.001184
1.682644	0.001198
1.683626	0.001212
1.684609	0.001227
1.685592	0.001242
1.686575	0.001256
1.687557	0.001271
1.688540	0.001286
1.689523	0.001301
1.690506	0.001316
1.691489	0.001331
1.692471	0.001346
1.693454	0.001361
1.694437	0.001376
1.695420	0.001392
1.696402	0.001407
1.697385	0.001423
1.698368	0.001439
1.699351	0.001454
1.700333	0.001470
1.701316	0.001486
1.702299	0.001502
1.703282	0.001519
1.704265	0.001535
1.705247	0.001551
1.706230	0.001568
1.707213	0.001585
1.708196	0.001601
1.709178	0.001618
1.710161	0.001635
1.711144	0.001652
1.712127	0.001669
1.713110	0.001687
1.714092	0.001704
1.715075	0.001722
1.716058	0.001739
1.717041	0.001757
1.718023	0.001775
1.719006	0.001793
1.719989	0.001811
1.720972	0.001829
1.721955	0.001848
1.722937	0.001866
1.723920	0.001885
1.724903	0.001904
1.725886	0.001923
1.726868	0.001942
1.727851	0.001961
1.728834	0.001980
1.729817	0.002000
1.730800	0.002020
1.731782	0.002039
1.732765	0.002059
1.733748	0.002079
1.734731	0.002100
1.735713	0.002120
1.736696	0.002140
1.737679	0.002161
1.738662	0.002182
1.739645	0.002203
1.740627	0.002224
1.741610	0.002245
1.742593	0.002267
1.743576	0.002288
1.744558	0.002310
1.745541	0.002332
1.746524	0.002354
1.747507	0.002377
1.748489	0.002399
1.749472	0.002422
1.750455	0.002445
1.751438	0.002468
1.752421	0.002491
1.753403	0.002514
1.754386	0.002538
1.755369	0.002562
1.756352	0.002586
1.757334	0.002610
1.758317	0.002634
1.759300	0.002659
1.760283	0.002684
1.761266	0.002709
1.762248	0.002734
1.763231	0.002759
1.764214	0.002785
1.765197	0.002811
1.766179	0.002837
1.767162	0.002863
1.768145	0.002889
1.769128	0.002916
1.770111	0.002943
1.771093	0.002970
1.772076	0.002998
1.773059	0.003025
1.774042	0.003053
1.775024	0.003081
1.776007	0.003110
1.776990	0.003138
1.777973	0.003167
1.778956	0.003196
1.779938	0.003225
1.780921	0.003255
1.781904	0.003285
1.782887	0.003315
1.783869	0.003345
1.784852	0.003376
1.785835	0.003407
1.786818	0.003438
1.787801	0.003470
1.788783	0.003502
1.789766	0.003534
1.790749	0.003566
1.791732	0.003599
1.792714	0.003632
1.793697	0.003665
1.794680	0.003698
1.795663	0.003732
1.796645	0.003767
1.797628	0.003801
1.798611	0.003836
1.799594	0.003871
1.800577	0.003906
1.801559	0.003942
1.802542	0.003978
1.803525	0.004015
1.804508	0.004052
1.805490	0.004089
1.806473	0.004126
1.807456	0.004164
1.808439	0.004203
1.809422	0.004241
1.810404	0.004280
1.811387	0.004319
1.812370	0.004359
1.813353	0.004399
1.814335	0.004440
1.815318	0.004481
1.816301	0.004522
1.817284	0.004564
1.818267	0.004606
1.819249	0.004648
1.820232	0.004691
1.821215	0.004735
1.822198	0.004779
1.823180	0.004823
1.824163	0.004868
1.825146	0.004913
1.826129	0.004958
1.827112	0.005004
1.828094	0.005051
1.829077	0.005098
1.830060	0.005145
1.831043	0.005193
1.832025	0.005242
1.833008	0.005291
1.833991	0.005340
1.834974	0.005390
1.835957	0.005440
1.836939	0.005491
1.837922	0.005543
1.838905	0.005595
1.839888	0.005648
1.840870	0.005701
1.841853	0.005755
1.842836	0.005809
1.843819	0.005864
1.844801	0.005919
1.845784	0.005975
1.846767	0.006032
1.847750	0.006089
1.848733	0.006147
1.849715	0.006205
1.850698	0.006264
1.851681	0.006324
1.852664	0.006384
1.853646	0.006446
1.854629	0.006507
1.855612	0.006570
1.856595	0.006633
1.857578	0.006696
1.858560	0.006761
1.859543	0.006826
1.860526	0.006892
1.861509	0.006959
1.862491	0.007026
1.863474	0.007094
1.864457	0.007163
1.865440	0.007233
1.866423	0.007303
1.867405	0.007374
1.868388	0.007446
1.869371	0.007519
1.870354	0.007593
1.871336	0.007668
1.872319	0.007743
1.873302	0.007819
1.874285	0.007896
1.875268	0.007975
1.876250	0.008054
1.877233	0.008133
1.878216	0.008214
1.879199	0.008296
1.880181	0.008379
1.881164	0.008463
1.882147	0.008547
1.883130	0.008633
1.884113	0.008720
1.885095	0.008808
1.886078	0.008896
1.887061	0.008986
1.888044	0.009077
1.889026	0.009169
1.890009	0.009263
1.890992	0.009357
1.891975	0.009453
1.892958	0.009549
1.893940	0.009647
1.894923	0.009746
1.895906	0.009847
1.896889	0.009948
1.897871	0.010051
1.898854	0.010155
1.899837	0.010261
1.900820	0.010367
1.901802	0.010475
1.902785	0.010585
1.903768	0.010696
1.904751	0.010808
1.905734	0.010922
1.906716	0.011037
1.907699	0.011154
1.908682	0.011272
1.909665	0.011391
1.910647	0.011513
1.911630	0.011636
1.912613	0.011760
1.913596	0.011886
1.914579	0.012014
1.915561	0.012143
1.916544	0.012274
1.917527	0.012407
1.918510	0.012542
1.919492	0.012678
1.920475	0.012817
1.921458	0.012957
1.922441	0.013099
1.923424	0.013243
1.924406	0.013389
1.925389	0.013537
1.926372	0.013687
1.927355	0.013839
1.928337	0.013993
1.929320	0.014149
1.930303	0.014308
1.931286	0.014468
1.932269	0.014631
1.933251	0.014797
1.934234	0.014964
1.935217	0.015134
1.936200	0.015306
1.937182	0.015481
1.938165	0.015658
1.939148	0.015838
1.940131	0.016020
1.941114	0.016205
1.942096	0.016393
1.943079	0.016583
1.944062	0.016777
1.945045	0.016973
1.946027	0.017171
1.947010	0.017373
1.947993	0.017578
1.948976	0.017785
1.949958	0.017996
1.950941	0.018210
1.951924	0.018427
1.952907	0.018648
1.953890	0.018871
1.954872	0.019098
1.955855	0.019328
1.956838	0.019562
1.957821	0.019800
1.958803	0.020040
1.959786	0.020285
1.960769	0.020533
1.961752	0.020785
1.962735	0.021041
1.963717	0.021301
1.964700	0.021565
1.965683	0.021833
1.966666	0.022105
1.967648	0.022381
1.968631	0.022661
1.969614	0.022946
1.970597	0.023235
1.971580	0.023528
1.972562	0.023826
1.973545	0.024129
1.974528	0.024436
1.975511	0.024747
1.976493	0.025064
1.977476	0.025386
1.978459	0.025712
1.979442	0.026043
1.980425	0.026379
1.981407	0.026721
1.982390	0.027067
1.983373	0.027419
1.984356	0.027776
1.985338	0.028138
1.986321	0.028506
1.987304	0.028879
1.988287	0.029258
1.989270	0.029642
1.990252	0.030031
1.991235	0.030426
1.992218	0.030826
1.993201	0.031232
1.994183	0.031644
1.995166	0.032061
1.996149	0.032484
1.997132	0.032912
1.998114	0.033346
1.999097	0.033785
2.000080	0.034229
2.001063	0.034679
2.002046	0.035134
2.003028	0.035595
2.004011	0.036060
2.004994	0.036531
2.005977	0.037006
2.006959	0.037486
2.007942	0.037971
2.008925	0.038460
2.009908	0.038953
2.010891	0.039450
2.011873	0.039952
2.012856	0.040457
2.013839	0.040965
2.014822	0.041476
2.015804	0.041991
2.016787	0.042508
2.017770	0.043027
2.018753	0.043549
2.019736	0.044073
2.020718	0.044598
2.021701	0.045124
2.022684	0.045652
2.023667	0.046180
2.024649	0.046708
2.025632	0.047237
2.026615	0.047765
2.027598	0.048293
2.028581	0.048820
2.029563	0.049347
2.030546	0.049871
2.031529	0.050395
2.032512	0.050916
2.033494	0.051436
2.034477	0.051953
2.035460	0.052468
2.036443	0.052980
2.037426	0.053489
2.038408	0.053996
2.039391	0.054499
2.040374	0.054999
2.041357	0.055495
2.042339	0.055988
2.043322	0.056477
2.044305	0.056963
2.045288	0.057444
2.046270	0.057922
2.047253	0.058395
2.048236	0.058864
2.049219	0.059329
2.050202	0.059789
2.051184	0.060245
2.052167	0.060697
2.053150	0.061145
2.054133	0.061588
2.055115	0.062026
2.056098	0.062461
2.057081	0.062890
2.058064	0.063315
2.059047	0.063736
2.060029	0.064153
2.061012	0.064565
2.061995	0.064972
2.062978	0.065376
2.063960	0.065775
2.064943	0.066169
2.065926	0.066559
2.066909	0.066945
2.067892	0.067325
2.068874	0.067702
2.069857	0.068074
2.070840	0.068443
2.071823	0.068807
2.072805	0.069168
2.073788	0.069525
2.074771	0.069877
2.075754	0.070225
2.076737	0.070567
2.077719	0.070906
2.078702	0.071239
2.079685	0.071568
2.080668	0.071893
2.081650	0.072214
2.082633	0.072532
2.083616	0.072847
2.084599	0.073158
2.085582	0.073467
2.086564	0.073772
2.087547	0.074074
2.088530	0.074371
2.089513	0.074663
2.090495	0.074950
2.091478	0.075232
2.092461	0.075510
2.093444	0.075783
2.094426	0.076051
2.095409	0.076316
2.096392	0.076576
2.097375	0.076833
2.098358	0.077087
2.099340	0.077338
2.100323	0.077587
2.101306	0.077833
2.102289	0.078078
2.103271	0.078321
2.104254	0.078562
2.105237	0.078799
2.106220	0.079031
2.107203	0.079259
2.108185	0.079482
2.109168	0.079699
2.110151	0.079912
2.111134	0.080120
2.112116	0.080324
2.113099	0.080523
2.114082	0.080718
2.115065	0.080910
2.116048	0.081097
2.117030	0.081281
2.118013	0.081461
2.118996	0.081637
2.119979	0.081811
2.120961	0.081981
2.121944	0.082148
2.122927	0.082313
2.123910	0.082476
2.124893	0.082636
2.125875	0.082796
2.126858	0.082955
2.127841	0.083113
2.128824	0.083271
2.129806	0.083425
2.130789	0.083575
2.131772	0.083720
2.132755	0.083859
2.133738	0.083993
2.134720	0.084122
2.135703	0.084247
2.136686	0.084367
2.137669	0.084483
2.138651	0.084595
2.139634	0.084703
2.140617	0.084807
2.141600	0.084907
2.142583	0.085004
2.143565	0.085097
2.144548	0.085186
2.145531	0.085272
2.146514	0.085354
2.147496	0.085433
2.148479	0.085508
2.149462	0.085580
2.150445	0.085649
2.151427	0.085714
2.152410	0.085776
2.153393	0.085835
2.154376	0.085890
2.155359	0.085943
2.156341	0.085992
2.157324	0.086038
2.158307	0.086081
2.159290	0.086121
2.160272	0.086159
2.161255	0.086194
2.162238	0.086228
2.163221	0.086260
2.164204	0.086291
2.165186	0.086324
2.166169	0.086358
2.167152	0.086393
2.168135	0.086424
2.169117	0.086447
2.170100	0.086464
2.171083	0.086475
2.172066	0.086480
2.173049	0.086480
2.174031	0.086476
2.175014	0.086468
2.175997	0.086455
2.176980	0.086439
2.177962	0.086418
2.178945	0.086394
2.179928	0.086366
2.180911	0.086334
2.181894	0.086299
2.182876	0.086260
2.183859	0.086217
2.184842	0.086171
2.185825	0.086122
2.186807	0.086068
2.187790	0.086012
2.188773	0.085951
2.189756	0.085887
2.190739	0.085820
2.191721	0.085749
2.192704	0.085674
2.193687	0.085596
2.194670	0.085515
2.195652	0.085430
2.196635	0.085341
2.197618	0.085249
2.198601	0.085153
2.199583	0.085054
2.200566	0.084952
2.201549	0.084845
2.202532	0.084736
2.203515	0.084622
2.204497	0.084505
2.205480	0.084385
2.206463	0.084261
2.207446	0.084133
2.208428	0.084002
2.209411	0.083867
2.210394	0.083729
2.211377	0.083587
2.212360	0.083441
2.213342	0.083292
2.214325	0.083139
2.215308	0.082983
2.216291	0.082823
2.217273	0.082660
2.218256	0.082493
2.219239	0.082322
2.220222	0.082148
2.221205	0.081971
2.222187	0.081790
2.223170	0.081606
2.224153	0.081419
2.225136	0.081231
2.226118	0.081041
2.227101	0.080852
2.228084	0.080666
2.229067	0.080487
2.230050	0.080299
2.231032	0.080101
2.232015	0.079895
2.232998	0.079682
2.233981	0.079462
2.234963	0.079238
2.235946	0.079008
2.236929	0.078773
2.237912	0.078534
2.238895	0.078290
2.239877	0.078042
2.240860	0.077789
2.241843	0.077532
2.242826	0.077270
2.243808	0.077004
2.244791	0.076734
2.245774	0.076459
2.246757	0.076180
2.247739	0.075897
2.248722	0.075610
2.249705	0.075318
2.250688	0.075021
2.251671	0.074720
2.252653	0.074415
2.253636	0.074106
2.254619	0.073792
2.255602	0.073473
2.256584	0.073150
2.257567	0.072823
2.258550	0.072491
2.259533	0.072154
2.260516	0.071813
2.261498	0.071467
2.262481	0.071117
2.263464	0.070762
2.264447	0.070402
2.265429	0.070038
2.266412	0.069669
2.267395	0.069295
2.268378	0.068917
2.269361	0.068533
2.270343	0.068145
2.271326	0.067752
2.272309	0.067354
2.273292	0.066951
2.274274	0.066543
2.275257	0.066130
2.276240	0.065712
2.277223	0.065289
2.278206	0.064860
2.279188	0.064427
2.280171	0.063988
2.281154	0.063544
2.282137	0.063095
2.283119	0.062641
2.284102	0.062181
2.285085	0.061715
2.286068	0.061245
2.287051	0.060768
2.288033	0.060287
2.289016	0.059799
2.289999	0.059306
2.290982	0.058807
2.291964	0.058303
2.292947	0.057792
2.293930	0.057276
2.294913	0.056754
2.295895	0.056226
2.296878	0.055692
2.297861	0.055152
2.298844	0.054605
2.299827	0.054053
2.300809	0.053494
2.301792	0.052928
2.302775	0.052357
2.303758	0.051778
2.304740	0.051194
2.305723	0.050602
2.306706	0.050004
2.307689	0.049399
2.308672	0.048787
2.309654	0.048168
2.310637	0.047542
2.311620	0.046909
2.312603	0.046269
2.313585	0.045621
2.314568	0.044966
2.315551	0.044303
2.316534	0.043633
2.317517	0.042955
2.318499	0.042268
2.319482	0.041574
2.320465	0.040872
2.321448	0.040161
2.322430	0.039441
2.323413	0.038713
2.324396	0.037976
2.325379	0.037230
2.326362	0.036474
2.327344	0.035709
2.328327	0.034934
2.329310	0.034149
2.330293	0.033353
2.331275	0.032546
2.332258	0.031727
2.333241	0.030895
2.334224	0.030048
2.335207	0.029186
2.336189	0.028305
2.337172	0.027406
2.338155	0.026505
2.339138	0.025598
2.340120	0.024680
2.341103	0.023751
2.342086	0.022808
2.343069	0.021855
2.344051	0.020899
2.345034	0.019944
2.346017	0.018997
2.347000	0.018060
2.347983	0.017136
2.348965	0.016226
2.349948	0.015330
2.350931	0.014448
2.351914	0.013579
2.352896	0.012722
2.353879	0.011876
2.354862	0.011041
2.355845	0.010215
2.356828	0.009398
2.357810	0.008589
2.358793	0.007786
2.359776	0.006991
2.360759	0.006200
2.361741	0.005415
2.362724	0.004634
2.363707	0.003856
2.364690	0.003081
2.365673	0.002309
2.366655	0.001538
2.367638	0.000769
2.368621	0.000000
2.369604	0.000000
2.370586	0.000000
2.371569	0.000000
2.372552	0.000000
2.373535	0.000000
2.374518	0.000000
2.375500	0.000000
2.376483	0.000000
2.377466	0.000000
2.378449	0.000000
2.379431	0.000000
2.380414	0.000000
2.381397	0.000000
2.382380	0.000000
2.383363	0.000000
2.384345	0.000000
2.385328	0.000000
2.386311	0.000000
2.387294	0.000000
2.388276	0.000000
2.389259	0.000000
2.390242	0.000000
2.391225	0.000000
2.392208	0.000000
2.393190	0.000000
2.394173	0.000000
2.395156	0.000000
2.396139	0.000000
2.397121	0.000000
2.398104	0.000000
2.399087	0.000000
2.400070	0.000000
2.401052	0.000000
2.402035	0.000000
2.403018	0.000000
2.404001	0.000000
2.404984	0.000000
2.405966	0.000000
2.406949	0.000000
2.407932	0.000000
2.408915	0.000000
2.409897	0.000000
2.410880	0.000000
2.411863	0.000000
2.412846	0.000000
2.413829	0.000000
2.414811	0.000000
2.415794	0.000000
2.416777	0.000000
2.417760	0.000000
2.418742	0.000000
2.419725	0.000000
2.420708	0.000000
2.421691	0.000000
2.422674	0.000000
2.423656	0.000000
2.424639	0.000000
2.425622	0.000000
2.426605	0.000000
2.427587	0.000000
2.428570	0.000000
2.429553	0.000000
2.430536	0.000000
2.431519	0.000000
2.432501	0.000000
2.433484	0.000000
2.434467	0.000000
2.435450	0.000000
2.436432	0.000000
2.437415	0.000000
2.438398	0.000000
2.439381	0.000000
2.440364	0.000000
2.441346	0.000000
2.442329	0.000000
2.443312	0.000000
2.444295	0.000000
2.445277	0.000000
2.446260	0.000000
2.447243	0.000000
2.448226	0.000000
2.449208	0.000000
2.450191	0.000000
2.451174	0.000000
2.452157	0.000000
2.453140	0.000000
2.454122	0.000000
2.455105	0.000000
2.456088	0.000000
2.457071	0.000000
2.458053	0.000000
2.459036	0.000000
2.460019	0.000000
2.461002	0.000000
2.461985	0.000000
2.462967	0.000000
2.463950	0.000000
2.464933	0.000000
2.465916	0.000000
2.466898	0.000000
2.467881	0.000000
2.468864	0.000000
2.469847	0.000000
2.470830	0.000000
2.471812	0.000000
2.472795	0.000000
2.473778	0.000000
2.474761	0.000000
2.475743	0.000000
2.476726	0.000000
2.477709	0.000000
2.478692	0.000000
2.479675	0.000000
2.480657	0.000000
2.481640	0.000000
2.482623	0.000000
2.483606	0.000000
2.484588	0.000000
2.485571	0.000000
2.486554	0.000000
2.487537	0.000000
2.488520	0.000000
2.489502	0.000000
2.490485	0.000000
2.491468	0.000000
2.492451	0.000000
2.493433	0.000000
2.494416	0.000000
2.495399	0.000000
2.496382	0.000000
2.497364	0.000000
2.498347	0.000000
2.499330	0.000000
2.500313	0.000000
2.501296	0.000000
2.502278	0.000000
2.503261	0.000000
2.504244	0.000000
2.505227	0.000000
2.506209	0.000000
2.507192	0.000000
2.508175	0.000000
2.509158	0.000000
2.510141	0.000000
2.511123	0.000000
2.512106	0.000000
2.513089	0.000000
2.514072	0.000000
2.515054	0.000000
2.516037	0.000000
2.517020	0.000000
2.518003	0.000000
2.518986	0.000000
2.519968	0.000000
2.520951	0.000000
2.521934	0.000000
2.522917	0.000000
2.523899	0.000000
2.524882	0.000000
2.525865	0.000000
2.526848	0.000000
2.527831	0.000000
2.528813	0.000000
2.529796	0.000000
2.530779	0.000000
2.531762	0.000000
2.532744	0.000000
2.533727	0.000000
2.534710	0.000000
2.535693	0.000000
2.536676	0.000000
2.537658	0.000000
2.538641	0.000000
2.539624	0.000000
2.540607	0.000000
2.541589	0.000000
2.542572	0.000000
2.543555	0.000000
2.544538	0.000000
2.545520	0.000000
2.546503	0.000000
2.547486	0.000000
2.548469	0.000000
2.549452	0.000000
2.550434	0.000000
2.551417	0.000000
2.552400	0.000000
2.553383	0.000000
2.554365	0.000000
2.555348	0.000000
2.556331	0.000000
2.557314	0.000000
2.558297	0.000000
2.559279	0.000000
2.560262	0.000000
2.561245	0.000000
2.562228	0.000000
2.563210	0.000000
2.564193	0.000000
2.565176	0.000000
2.566159	0.000000
2.567142	0.000000
2.568124	0.000000
2.569107	0.000000
2.570090	0.000000
2.571073	0.000000
2.572055	0.000000
2.573038	0.000000
2.574021	0.000000
2.575004	0.000000
2.575987	0.000000
2.576969	0.000000
2.577952	0.000000
2.578935	0.000000
2.579918	0.000000
2.580900	0.000000
2.581883	0.000000
2.582866	0.000000
2.583849	0.000000
2.584832	0.000000
2.585814	0.000000
2.586797	0.000000
2.587780	0.000000
2.588763	0.000000
2.589745	0.000000
2.590728	0.000000
2.591711	0.000000
2.592694	0.000000
2.593676	0.000000
2.594659	0.000000
2.595642	0.000000
2.596625	0.000000
2.597608	0.000000
2.598590	0.000000
2.599573	0.000000
2.600556	0.000000
2.601539	0.000000
2.602521	0.000000
2.603504	0.000000
2.604487	0.000000
2.605470	0.000000
2.606453	0.000000
2.607435	0.000000
2.608418	0.000000
2.609401	0.000000
2.610384	0.000000
2.611366	0.000000
2.612349	0.000000
2.613332	0.000000
2.614315	0.000000
2.615298	0.000000
2.616280	0.000000
2.617263	0.000000
2.618246	0.000000
2.619229	0.000000
2.620211	0.000000
2.621194	0.000000
2.622177	0.000000
2.623160	0.000000
2.624143	0.000000
2.625125	0.000000
2.626108	0.000000
2.627091	0.000000
2.628074	0.000000
2.629056	0.000000
2.630039	0.000000
2.631022	0.000000
2.632005	0.000000
2.632988	0.000000
2.633970	0.000000
2.634953	0.000000
2.635936	0.000000
2.636919	0.000000
2.637901	0.000000
2.638884	0.000000
2.639867	0.000000
2.640850	0.000000
2.641833	0.000000
2.642815	0.000000
2.643798	0.000000
2.644781	0.000000
2.645764	0.000000
2.646746	0.000000
2.647729	0.000000
2.648712	0.000000
2.649695	0.000000
2.650677	0.000000
2.651660	0.000000
2.652643	0.000000
2.653626	0.000000
2.654609	0.000000
2.655591	0.000000
2.656574	0.000000
2.657557	0.000000
2.658540	0.000000
2.659522	0.000000
2.660505	0.000000
2.661488	0.000000
2.662471	0.000000
2.663454	0.000000
2.664436	0.000000
2.665419	0.000000
2.666402	0.000000
2.667385	0.000000
2.668367	0.000000
2.669350	0.000000
2.670333	0.000000
2.671316	0.000000
2.672299	0.000000
2.673281	0.000000
2.674264	0.000000
2.675247	0.000000
2.676230	0.000000
2.677212	0.000000
2.678195	0.000000
2.679178	0.000000
2.680161	0.000000
2.681144	0.000000
2.682126	0.000000
2.683109	0.000000
2.684092	0.000000
2.685075	0.000000
2.686057	0.000000
2.687040	0.000000
2.688023	0.000000
2.689006	0.000000
2.689989	0.000000
2.690971	0.000000
2.691954	0.000000
2.692937	0.000000
2.693920	0.000000
2.694902	0.000000
2.695885	0.000000
2.696868	0.000000
2.697851	0.000000
2.698833	0.000000
2.699816	0.000000
2.700799	0.000000
2.701782	0.000000
2.702765	0.000000
2.703747	0.000000
2.704730	0.000000
2.705713	0.000000
2.706696	0.000000
2.707678	0.000000
2.708661	0.000000
2.709644	0.000000
2.710627	0.000000
2.711610	0.000000
2.712592	0.000000
2.713575	0.000000
2.714558	0.000000
2.715541	0.000000
2.716523	0.000000
2.717506	0.000000
2.718489	0.000000
2.719472	0.000000
2.720455	0.000000
2.721437	0.000000
2.722420	0.000000
2.723403	0.000000
2.724386	0.000000
2.725368	0.000000
2.726351	0.000000
2.727334	0.000000
2.728317	0.000000
2.729300	0.000000
2.730282	0.000000
2.731265	0.000000
2.732248	0.000000
2.733231	0.000000
2.734213	0.000000
2.735196	0.000000
2.736179	0.000000
2.737162	0.000000
2.738145	0.000000
2.739127	0.000000
2.740110	0.000000
2.741093	0.000000
2.742076	0.000000
2.743058	0.000000
2.744041	0.000000
2.745024	0.000000
2.746007	0.000000
2.746989	0.000000
2.747972	0.000000
2.748955	0.000000
2.749938	0.000000
2.750921	0.000000
2.751903	0.000000
2.752886	0.000000
2.753869	0.000000
2.754852	0.000000
2.755834	0.000000
2.756817	0.000000
2.757800	0.000000
2.758783	0.000000
2.759766	0.000000
2.760748	0.000000
2.761731	0.000000
2.762714	0.000000
2.763697	0.000000
2.764679	0.000000
2.765662	0.000000
2.766645	0.000000
2.767628	0.000000
2.768611	0.000000
2.769593	0.000000
2.770576	0.000000
2.771559	0.000000
2.772542	0.000000
2.773524	0.000000
2.774507	0.000000
2.775490	0.000000
2.776473	0.000000
2.777456	0.000000
2.778438	0.000000
2.779421	0.000000
2.780404	0.000000
2.781387	0.000000
2.782369	0.000000
2.783352	0.000000
2.784335	0.000000
2.785318	0.000000
2.786301	0.000000
2.787283	0.000000
2.788266	0.000000
2.789249	0.000000
2.790232	0.000000
2.791214	0.000000
2.792197	0.000000
2.793180	0.000000
2.794163	0.000000
2.795145	0.000000
2.796128	0.000000
2.797111	0.000769
2.798094	0.001538
2.799077	0.002309
2.800059	0.003081
2.801042	0.003856
2.802025	0.004634
2.803008	0.005415
2.803990	0.006200
2.804973	0.006991
2.805956	0.007786
2.806939	0.008589
2.807922	0.009398
2.808904	0.010215
2.809887	0.011041
2.810870	0.011876
2.811853	0.012722
2.812835	0.013579
2.813818	0.014448
2.814801	0.015330
2.815784	0.016226
2.816767	0.017136
2.817749	0.018060
2.818732	0.018997
2.819715	0.019944
2.820698	0.020899
2.821680	0.021855
2.822663	0.022808
2.823646	0.023751
2.824629	0.024680
2.825612	0.025598
2.826594	0.026505
2.827577	0.027406
2.828560	0.028305
2.829543	0.029186
2.830525	0.030048
2.831508	0.030895
2.832491	0.031727
2.833474	0.032546
2.834457	0.033353
2.835439	0.034149
2.836422	0.034934
2.837405	0.035709
2.838388	0.036474
2.839370	0.037230
2.840353	0.037976
2.841336	0.038713
2.842319	0.039441
2.843301	0.040161
2.844284	0.040872
2.845267	0.041574
2.846250	0.042268
2.847233	0.042955
2.848215	0.043633
2.849198	0.044303
2.850181	0.044966
2.851164	0.045621
2.852146	0.046269
2.853129	0.046909
2.854112	0.047542
2.855095	0.048168
2.856078	0.048787
2.857060	0.049399
2.858043	0.050004
2.859026	0.050602
2.860009	0.051194
2.860991	0.051778
2.861974	0.052357
2.862957	0.052928
2.863940	0.053494
2.864923	0.054053
2.865905	0.054605
2.866888	0.055152
2.867871	0.055692
2.868854	0.056226
2.869836	0.056754
2.870819	0.057276
2.871802	0.057792
2.872785	0.058303
2.873768	0.058807
2.874750	0.059306
2.875733	0.059799
2.876716	0.060287
2.877699	0.060768
2.878681	0.061245
2.879664	0.061715
2.880647	0.062181
2.881630	0.062641
2.882613	0.063095
2.883595	0.063544
2.884578	0.063988
2.885561	0.064427
2.886544	0.064860
2.887526	0.065289
2.888509	0.065712
2.889492	0.066130
2.890475	0.066543
2.891458	0.066951
2.892440	0.067354
2.893423	0.067752
2.894406	0.068145
2.895389	0.068533
2.896371	0.068917
2.897354	0.069295
2.898337	0.069669
2.899320	0.070038
2.900302	0.070402
2.901285	0.070762
2.902268	0.071117
2.903251	0.071467
2.904234	0.071813
2.905216	0.072154
2.906199	0.072491
2.907182	0.072823
2.908165	0.073150
2.909147	0.073473
2.910130	0.073792
2.911113	0.074106
2.912096	0.074415
2.913079	0.074720
2.914061	0.075021
2.915044	0.075318
2.916027	0.075610
2.917010	0.075897
2.917992	0.076180
2.918975	0.076459
2.919958	0.076734
2.920941	0.077004
2.921924	0.077270
2.922906	0.077532
2.923889	0.077789
2.924872	0.078042
2.925855	0.078290
2.926837	0.078534
2.927820	0.078773
2.928803	0.079008
2.929786	0.079238
2.930769	0.079462
2.931751	0.079682
2.932734	0.079895
2.933717	0.080101
2.934700	0.080299
2.935682	0.080487
2.936665	0.080666
2.937648	0.080852
2.938631	0.081041
2.939614	0.081231
2.940596	0.081419
2.941579	0.081606
2.942562	0.081790
2.943545	0.081971
2.944527	0.082148
2.945510	0.082322
2.946493	0.082493
2.947476	0.082660
2.948458	0.082823
2.949441	0.082983
2.950424	0.083139
2.951407	0.083292
2.952390	0.083441
2.953372	0.083587
2.954355	0.083729
2.955338	0.083867
2.956321	0.084002
2.957303	0.084133
2.958286	0.084261
2.959269	0.084385
2.960252	0.084505
2.961235	0.084622
2.962217	0.084736
2.963200	0.084845
2.964183	0.084952
2.965166	0.085054
2.966148	0.085153
2.967131	0.085249
2.968114	0.085341
2.969097	0.085430
2.970080	0.085515
2.971062	0.085596
2.972045	0.085674
2.973028	0.085749
2.974011	0.085820
2.974993	0.085887
2.975976	0.085951
2.976959	0.086012
2.977942	0.086068
2.978925	0.086122
2.979907	0.086171
2.980890	0.086217
2.981873	0.086260
2.982856	0.086299
2.983838	0.086334
2.984821	0.086366
2.985804	0.086394
2.986787	0.086418
2.987770	0.086439
2.988752	0.086455
2.989735	0.086468
2.990718	0.086476
2.991701	0.086480
2.992683	0.086480
2.993666	0.086475
2.994649	0.086464
2.995632	0.086447
2.996614	0.086424
2.997597	0.086393
2.998580	0.086358
2.999563	0.086324
3.000546	0.086291
3.001528	0.086260
3.002511	0.086228
3.003494	0.086194
3.004477	0.086159
3.005459	0.086121
3.006442	0.086081
3.007425	0.086038
3.008408	0.085992
3.009391	0.085943
3.010373	0.085890
3.011356	0.085835
3.012339	0.085776
3.013322	0.085714
3.014304	0.085649
3.015287	0.085580
3.016270	0.085508
3.017253	0.085433
3.018236	0.085354
3.019218	0.085272
3.020201	0.085186
3.021184	0.085097
3.022167	0.085004
3.023149	0.084907
3.024132	0.084807
3.025115	0.084703
3.026098	0.084595
3.027081	0.084483
3.028063	0.084367
3.029046	0.084247
3.030029	0.084122
3.031012	0.083993
3.031994	0.083859
3.032977	0.083720
3.033960	0.083575
3.034943	0.083425
3.035926	0.083271
3.036908	0.083113
3.037891	0.082955
3.038874	0.082796
3.039857	0.082636
3.040839	0.082476
3.041822	0.082313
3.042805	0.082148
3.043788	0.081981
3.044770	0.081811
3.045753	0.081637
3.046736	0.081461
3.047719	0.081281
3.048702	0.081097
3.049684	0.080910
3.050667	0.080718
3.051650	0.080523
3.052633	0.080324
3.053615	0.080120
3.054598	0.079912
3.055581	0.079699
3.056564	0.079482
3.057547	0.079259
3.058529	0.079031
3.059512	0.078799
3.060495	0.078562
3.061478	0.078321
3.062460	0.078078
3.063443	0.077833
3.064426	0.077587
3.065409	0.077338
3.066392	0.077087
3.067374	0.076833
3.068357	0.076576
3.069340	0.076316
3.070323	0.076051
3.071305	0.075783
3.072288	0.075510
3.073271	0.075232
3.074254	0.074950
3.075237	0.074663
3.076219	0.074371
3.077202	0.074074
3.078185	0.073772
3.079168	0.073467
3.080150	0.073158
3.081133	0.072847
3.082116	0.072532
3.083099	0.072214
3.084082	0.071893
3.085064	0.071568
3.086047	0.071239
3.087030	0.070906
3.088013	0.070567
3.088995	0.070225
3.089978	0.069877
3.090961	0.069525
3.091944	0.069168
3.092926	0.068807
3.093909	0.068443
3.094892	0.068074
3.095875	0.067702
3.096858	0.067325
3.097840	0.066945
3.098823	0.066559
3.099806	0.066169
3.100789	0.065775
3.101771	0.065376
3.102754	0.064972
3.103737	0.064565
3.104720	0.064153
3.105703	0.063736
3.106685	0.063315
3.107668	0.062890
3.108651	0.062461
3.109634	0.062026
3.110616	0.061588
3.111599	0.061145
3.112582	0.060697
3.113565	0.060245
3.114548	0.059789
3.115530	0.059329
3.116513	0.058864
3.117496	0.058395
3.118479	0.057922
3.119461	0.057444
3.120444	0.056963
3.121427	0.056477
3.122410	0.055988
3.123393	0.055495
3.124375	0.054999
3.125358	0.054499
3.126341	0.053996
3.127324	0.053489
3.128306	0.052980
3.129289	0.052468
3.130272	0.051953
3.131255	0.051436
3.132238	0.050916
3.133220	0.050395
3.134203	0.049871
3.135186	0.049347
3.136169	0.048820
3.137151	0.048293
3.138134	0.047765
3.139117	0.047237
3.140100	0.046708
3.141083	0.046180
3.142065	0.045652
3.143048	0.045124
3.144031	0.044598
3.145014	0.044073
3.145996	0.043549
3.146979	0.043027
3.147962	0.042508
3.148945	0.041991
3.149927	0.041476
3.150910	0.040965
3.151893	0.040457
3.152876	0.039952
3.153859	0.039450
3.154841	0.038953
3.155824	0.038460
3.156807	0.037971
3.157790	0.037486
3.158772	0.037006
3.159755	0.036531
3.160738	0.036060
3.161721	0.035595
3.162704	0.035134
3.163686	0.034679
3.164669	0.034229
3.165652	0.033785
3.166635	0.033346
3.167617	0.032912
3.168600	0.032484
3.169583	0.032061
3.170566	0.031644
3.171549	0.031232
3.172531	0.030826
3.173514	0.030426
3.174497	0.030031
3.175480	0.029642
3.176462	0.029258
3.177445	0.028879
3.178428	0.028506
3.179411	0.028138
3.180394	0.027776
3.181376	0.027419
3.182359	0.027067
3.183342	0.026721
3.184325	0.026379
3.185307	0.026043
3.186290	0.025712
3.187273	0.025386
3.188256	0.025064
3.189239	0.024747
3.190221	0.024436
3.191204	0.024129
3.192187	0.023826
3.193170	0.023528
3.194152	0.023235
3.195135	0.022946
3.196118	0.022661
3.197101	0.022381
3.198083	0.022105
3.199066	0.021833
3.200049	0.021565
3.201032	0.021301
3.202015	0.021041
3.202997	0.020785
3.203980	0.020533
3.204963	0.020285
3.205946	0.020040
3.206928	0.019800
3.207911	0.019562
3.208894	0.019328
3.209877	0.019098
3.210860	0.018871
3.211842	0.018648
3.212825	0.018427
3.213808	0.018210
3.214791	0.017996
3.215773	0.017785
3.216756	0.017578
3.217739	0.017373
3.218722	0.017171
3.219705	0.016973
3.220687	0.016777
3.221670	0.016583
3.222653	0.016393
3.223636	0.016205
3.224618	0.016020
3.225601	0.015838
3.226584	0.015658
3.227567	0.015481
3.228550	0.015306
3.229532	0.015134
3.230515	0.014964
3.231498	0.014797
3.232481	0.014631
3.233463	0.014468
3.234446	0.014308
3.235429	0.014149
3.236412	0.013993
3.237395	0.013839
3.238377	0.013687
3.239360	0.013537
3.240343	0.013389
3.241326	0.013243
3.242308	0.013099
3.243291	0.012957
3.244274	0.012817
3.245257	0.012678
3.246239	0.012542
3.247222	0.012407
3.248205	0.012274
3.249188	0.012143
3.250171	0.012014
3.251153	0.011886
3.252136	0.011760
3.253119	0.011636
3.254102	0.011513
3.255084	0.011391
3.256067	0.011272
3.257050	0.011154
3.258033	0.011037
3.259016	0.010922
3.259998	0.010808
3.260981	0.010696
3.261964	0.010585
3.262947	0.010475
3.263929	0.010367
3.264912	0.010261
3.265895	0.010155
3.266878	0.010051
3.267861	0.009948
3.268843	0.009847
3.269826	0.009746
3.270809	0.009647
3.271792	0.009549
3.272774	0.009453
3.273757	0.009357
3.274740	0.009263
3.275723	0.009169
3.276706	0.009077
3.277688	0.008986
3.278671	0.008896
3.279654	0.008808
3.280637	0.008720
3.281619	0.008633
3.282602	0.008547
3.283585	0.008463
3.284568	0.008379
3.285551	0.008296
3.286533	0.008214
3.287516	0.008133
3.288499	0.008054
3.289482	0.007975
3.290464	0.007896
3.291447	0.007819
3.292430	0.007743
3.293413	0.007668
3.294395	0.007593
3.295378	0.007519
3.296361	0.007446
3.297344	0.007374
3.298327	0.007303
3.299309	0.007233
3.300292	0.007163
3.301275	0.007094
3.302258	0.007026
3.303240	0.006959
3.304223	0.006892
3.305206	0.006826
3.306189	0.006761
3.307172	0.006696
3.308154	0.006633
3.309137	0.006570
3.310120	0.006507
3.311103	0.006446
3.312085	0.006384
3.313068	0.006324
3.314051	0.006264
3.315034	0.006205
3.316017	0.006147
3.316999	0.006089
3.317982	0.006032
3.318965	0.005975
3.319948	0.005919
3.320930	0.005864
3.321913	0.005809
3.322896	0.005755
3.323879	0.005701
3.324862	0.005648
3.325844	0.005595
3.326827	0.005543
3.327810	0.005491
3.328793	0.005440
3.329775	0.005390
3.330758	0.005340
3.331741	0.005291
3.332724	0.005242
3.333707	0.005193
3.334689	0.005145
3.335672	0.005098
3.336655	0.005051
3.337638	0.005004
3.338620	0.004958
3.339603	0.004913
3.340586	0.004868
3.341569	0.004823
3.342551	0.004779
3.343534	0.004735
3.344517	0.004691
3.345500	0.004648
3.346483	0.004606
3.347465	0.004564
3.348448	0.004522
3.349431	0.004481
3.350414	0.004440
3.351396	0.004399
3.352379	0.004359
3.353362	0.004319
3.354345	0.004280
3.355328	0.004241
3.356310	0.004203
3.357293	0.004164
3.358276	0.004126
3.359259	0.004089
3.360241	0.004052
3.361224	0.004015
3.362207	0.003978
3.363190	0.003942
3.364173	0.003906
3.365155	0.003871
3.366138	0.003836
3.367121	0.003801
3.368104	0.003767
3.369086	0.003732
3.370069	0.003698
3.371052	0.003665
3.372035	0.003632
3.373018	0.003599
3.374000	0.003566
3.374983	0.003534
3.375966	0.003502
3.376949	0.003470
3.377931	0.003438
3.378914	0.003407
3.379897	0.003376
3.380880	0.003345
3.381863	0.003315
3.382845	0.003285
3.383828	0.003255
3.384811	0.003225
3.385794	0.003196
3.386776	0.003167
3.387759	0.003138
3.388742	0.003110
3.389725	0.003081
3.390708	0.003053
3.391690	0.003025
3.392673	0.002998
3.393656	0.002970
3.394639	0.002943
3.395621	0.002916
3.396604	0.002889
3.397587	0.002863
3.398570	0.002837
3.399552	0.002811
3.400535	0.002785
3.401518	0.002759
3.402501	0.002734
3.403484	0.002709
3.404466	0.002684
3.405449	0.002659
3.406432	0.002634
3.407415	0.002610
3.408397	0.002586
3.409380	0.002562
3.410363	0.002538
3.411346	0.002514
3.412329	0.002491
3.413311	0.002468
3.414294	0.002445
3.415277	0.002422
3.416260	0.002399
3.417242	0.002377
3.418225	0.002354
3.419208	0.002332
3.420191	0.002310
3.421174	0.002288
3.422156	0.002267
3.423139	0.002245
3.424122	0.002224
3.425105	0.002203
3.426087	0.002182
3.427070	0.002161
3.428053	0.002140
3.429036	0.002120
3.430019	0.002100
3.431001	0.002079
3.431984	0.002059
3.432967	0.002039
3.433950	0.002020
3.434932	0.002000
3.435915	0.001980
3.436898	0.001961
3.437881	0.001942
3.438864	0.001923
3.439846	0.001904
3.440829	0.001885
3.441812	0.001866
3.442795	0.001848
3.443777	0.001829
3.444760	0.001811
3.445743	0.001793
3.446726	0.001775
3.447708	0.001757
3.448691	0.001739
3.449674	0.001722
3.450657	0.001704
3.451640	0.001687
3.452622	0.001669
3.453605	0.001652
3.454588	0.001635
3.455571	0.001618
3.456553	0.001601
3.457536	0.001585
3.458519	0.001568
3.459502	0.001551
3.460485	0.001535
3.461467	0.001519
3.462450	0.001502
3.463433	0.001486
3.464416	0.001470
3.465398	0.001454
3.466381	0.001439
3.467364	0.001423
3.468347	0.001407
3.469330	0.001392
3.470312	0.001376
3.471295	0.001361
3.472278	0.001346
3.473261	0.001331
3.474243	0.001316
3.475226	0.001301
3.476209	0.001286
3.477192	0.001271
3.478175	0.001256
3.479157	0.001242
3.480140	0.001227
3.481123	0.001212
3.482106	0.001198
3.483088	0.001184
3.484071	0.001170
3.485054	0.001155
3.486037	0.001141
3.487020	0.001127
3.488002	0.001113
3.488985	0.001100
3.489968	0.001086
3.490951	0.001072
3.491933	0.001058
3.492916	0.001045
3.493899	0.001031
3.494882	0.001018
3.495864	0.001004
3.496847	0.000991
3.497830	0.000978
3.498813	0.000965
3.499796	0.000952
3.500778	0.000939
3.501761	0.000926
3.502744	0.000913
3.503727	0.000900
3.504709	0.000887
3.505692	0.000874
3.506675	0.000861
3.507658	0.000849
3.508641	0.000836
3.509623	0.000824
3.510606	0.000811
3.511589	0.000799
3.512572	0.000786
3.513554	0.000774
3.514537	0.000762
3.515520	0.000749
3.516503	0.000737
3.517486	0.000725
3.518468	0.000713
3.519451	0.000701
3.520434	0.000689
3.521417	0.000677
3.522399	0.000665
3.523382	0.000653
3.524365	0.000641
3.525348	0.000629
3.526331	0.000618
3.527313	0.000606
3.528296	0.000594
3.529279	0.000583
3.530262	0.000571
3.531244	0.000559
3.532227	0.000548
3.533210	0.000536
3.534193	0.000525
3.535176	0.000514
3.536158	0.000502
3.537141	0.000491
3.538124	0.000479
3.539107	0.000468
3.540089	0.000457
3.541072	0.000446
3.542055	0.000434
3.543038	0.000423
3.544020	0.000412
3.545003	0.000401
3.545986	0.000390
3.546969	0.000379
3.547952	0.000368
3.548934	0.000356
3.549917	0.000345
3.550900	0.000334
3.551883	0.000323
3.552865	0.000312
3.553848	0.000302
3.554831	0.000291
3.555814	0.000280
3.556797	0.000269
3.557779	0.000258
3.558762	0.000247
3.559745	0.000236
3.560728	0.000225
3.561710	0.000215
3.562693	0.000204
3.563676	0.000193
3.564659	0.000182
3.565642	0.000171
3.566624	0.000161
3.567607	0.000150
3.568590	0.000139
3.569573	0.000128
3.570555	0.000118
3.571538	0.000107
3.572521	0.000096
3.573504	0.000086
3.574487	0.000075
3.575469	0.000064
3.576452	0.000053
3.577435	0.000043
3.578418	0.000032
3.579400	0.000021
3.580375	0.000011
3.581350	0.000021
3.582325	0.000031
3.583300	0.000042
3.584274	0.000052
3.585249	0.000062
3.586224	0.000072
3.587199	0.000082
3.588174	0.000092
3.589148	0.000101
3.590123	0.000111
3.591098	0.000121
3.592073	0.000130
3.593048	0.000140
3.594022	0.000149
3.594997	0.000158
3.595972	0.000168
3.596947	0.000177
3.597921	0.000186
3.598896	0.000195
3.599871	0.000204
3.600846	0.000213
3.601821	0.000222
3.602795	0.000230
3.603770	0.000239
3.604745	0.000248
3.605720	0.000256
3.606695	0.000265
3.607669	0.000273
3.608644	0.000281
3.609619	0.000290
3.610594	0.000298
3.611569	0.000306
3.612543	0.000314
3.613518	0.000322
3.614493	0.000330
3.615468	0.000338
3.616443	0.000346
3.617417	0.000354
3.618392	0.000362
3.619367	0.000369
3.620342	0.000377
3.621316	0.000384
3.622291	0.000392
3.623266	0.000399
3.624241	0.000407
3.625216	0.000414
3.626190	0.000421
3.627165	0.000429
3.628140	0.000436
3.629115	0.000443
3.630090	0.000450
3.631064	0.000457
3.632039	0.000464
3.633014	0.000471
3.633989	0.000478
3.634964	0.000485
3.635938	0.000491
3.636913	0.000498
3.637888	0.000505
3.638863	0.000511
3.639838	0.000518
3.640812	0.000524
3.641787	0.000531
3.642762	0.000537
3.643737	0.000544
3.644711	0.000550
3.645686	0.000556
3.646661	0.000562
3.647636	0.000569
3.648611	0.000575
3.649585	0.000581
3.650560	0.000587
3.651535	0.000593
3.652510	0.000598
3.653485	0.000604
3.654459	0.000610
3.655434	0.000616
3.656409	0.000621
3.657384	0.000627
3.658359	0.000633
3.659333	0.000638
3.660308	0.000644
3.661283	0.000649
3.662258	0.000654
3.663233	0.000660
3.664207	0.000665
3.665182	0.000670
3.666157	0.000676
3.667132	0.000681
3.668106	0.000686
3.669081	0.000691
3.670056	0.000696
3.671031	0.000701
3.672006	0.000706
3.672980	0.000710
3.673955	0.000715
3.674930	0.000720
3.675905	0.000725
3.676880	0.000729
3.677854	0.000734
3.678829	0.000738
3.679804	0.000743
3.680779	0.000747
3.681754	0.000752
3.682728	0.000756
3.683703	0.000760
3.684678	0.000765
3.685653	0.000769
3.686628	0.000773
3.687602	0.000777
3.688577	0.000781
3.689552	0.000785
3.690527	0.000789
3.691501	0.000793
3.692476	0.000797
3.693451	0.000801
3.694426	0.000805
3.695401	0.000808
3.696375	0.000812
3.697350	0.000816
3.698325	0.000819
3.699300	0.000823
3.700275	0.000826
3.701249	0.000830
3.702224	0.000833
3.703199	0.000837
3.704174	0.000840
3.705149	0.000843
3.706123	0.000846
3.707098	0.000850
3.708073	0.000853
3.709048	0.000856
3.710023	0.000859
3.710997	0.000862
3.711972	0.000865
3.712947	0.000868
3.713922	0.000870
3.714897	0.000873
3.715871	0.000876
3.716846	0.000879
3.717821	0.000881
3.718796	0.000884
3.719770	0.000886
3.720745	0.000889
3.721720	0.000891
3.722695	0.000894
3.723670	0.000896
3.724644	0.000899
3.725619	0.000901
3.726594	0.000903
3.727569	0.000905
3.728544	0.000908
3.729518	0.000910
3.730493	0.000912
3.731468	0.000914
3.732443	0.000916
3.733418	0.000918
3.734392	0.000920
3.735367	0.000921
3.736342	0.000923
3.737317	0.000925
3.738292	0.000927
3.739266	0.000928
3.740241	0.000930
3.741216	0.000932
3.742191	0.000933
3.743165	0.000935
3.744140	0.000936
3.745115	0.000937
3.746090	0.000939
3.747065	0.000940
3.748039	0.000941
3.749014	0.000943
3.749989	0.000944
3.750964	0.000945
3.751939	0.000946
3.752913	0.000947
3.753888	0.000948
3.754863	0.000949
3.755838	0.000950
3.756813	0.000951
3.757787	0.000952
3.758762	0.000953
3.759737	0.000953
3.760712	0.000954
3.761687	0.000955
3.762661	0.000956
3.763636	0.000956
3.764611	0.000957
3.765586	0.000957
3.766560	0.000958
3.767535	0.000958
3.768510	0.000959
3.769485	0.000959
3.770460	0.000959
3.771434	0.000960
3.772409	0.000960
3.773384	0.000960
3.774359	0.000960
3.775334	0.000960
3.776308	0.000960
3.777283	0.000960
3.778258	0.000960
3.779233	0.000960
3.780208	0.000960
3.781182	0.000960
3.782157	0.000960
3.783132	0.000960
3.784107	0.000960
3.785082	0.000960
3.786056	0.000959
3.787031	0.000959
3.788006	0.000959
3.788981	0.000958
3.789955	0.000958
3.790930	0.000957
3.791905	0.000957
3.792880	0.000956
3.793855	0.000956
3.794829	0.000955
3.795804	0.000954
3.796779	0.000954
3.797754	0.000953
3.798729	0.000952
3.799703	0.000951
3.800678	0.000951
3.801653	0.000950
3.802628	0.000949
3.803603	0.000948
3.804577	0.000947
3.805552	0.000946
3.806527	0.000945
3.807502	0.000944
3.808477	0.000943
3.809451	0.000941
3.810426	0.000940
3.811401	0.000939
3.812376	0.000938
3.813350	0.000937
3.814325	0.000935
3.815300	0.000934
3.816275	0.000933
3.817250	0.000931
3.818224	0.000930
3.819199	0.000928
3.820174	0.000927
3.821149	0.000925
3.822124	0.000924
3.823098	0.000922
3.824073	0.000921
3.825048	0.000919
3.826023	0.000917
3.826998	0.000915
3.827972	0.000914
3.828947	0.000912
3.829922	0.000910
3.830897	0.000908
3.831872	0.000906
3.832846	0.000905
3.833821	0.000903
3.834796	0.000901
3.835771	0.000899
3.836746	0.000897
3.837720	0.000895
3.838695	0.000893
3.839670	0.000891
3.840645	0.000888
3.841619	0.000886
3.842594	0.000884
3.843569	0.000882
3.844544	0.000880
3.845519	0.000878
3.846493	0.000875
3.847468	0.000873
3.848443	0.000871
3.849418	0.000868
3.850393	0.000866
3.851367	0.000864
3.852342	0.000861
3.853317	0.000859
3.854292	0.000856
3.855267	0.000854
3.856241	0.000851
3.857216	0.000849
3.858191	0.000846
3.859166	0.000843
3.860141	0.000841
3.861115	0.000838
3.862090	0.000835
3.863065	0.000833
3.864040	0.000830
3.865014	0.000827
3.865989	0.000825
3.866964	0.000822
3.867939	0.000819
3.868914	0.000816
3.869888	0.000813
3.870863	0.000810
3.871838	0.000807
3.872813	0.000805
3.873788	0.000802
3.874762	0.000799
3.875737	0.000796
3.876712	0.000793
3.877687	0.000790
3.878662	0.000787
3.879636	0.000784
3.880611	0.000780
3.881586	0.000777
3.882561	0.000774
3.883536	0.000771
3.884510	0.000768
3.885485	0.000765
3.886460	0.000762
3.887435	0.000758
3.888409	0.000755
3.889384	0.000752
3.890359	0.000749
3.891334	0.000745
3.892309	0.000742
3.893283	0.000739
3.894258	0.000735
3.895233	0.000732
3.896208	0.000729
3.897183	0.000725
3.898157	0.000722
3.899132	0.000718
3.900107	0.000715
3.901082	0.000711
3.902057	0.000708
3.903031	0.000704
3.904006	0.000701
3.904981	0.000697
3.905956	0.000694
3.906931	0.000690
3.907905	0.000687
3.908880	0.000683
3.909855	0.000680
3.910830	0.000676
3.911804	0.000672
3.912779	0.000669
3.913754	0.000665
3.914729	0.000661
3.915704	0.000658
3.916678	0.000654
3.917653	0.000650
3.918628	0.000647
3.919603	0.000643
3.920578	0.000639
3.921552	0.000635
3.922527	0.000632
3.923502	0.000628
3.924477	0.000624
3.925452	0.000620
3.926426	0.000616
3.927401	0.000612
3.928376	0.000609
3.929351	0.000605
3.930326	0.000601
3.931300	0.000597
3.932275	0.000593
3.933250	0.000589
3.934225	0.000585
3.935200	0.000581
3.936174	0.000577
3.937149	0.000573
3.938124	0.000570
3.939099	0.000566
3.940073	0.000562
3.941048	0.000558
3.942023	0.000554
3.942998	0.000550
3.943973	0.000546
3.944947	0.000542
3.945922	0.000538
3.946897	0.000533
3.947872	0.000529
3.948847	0.000525
3.949821	0.000521
3.950796	0.000517
3.951771	0.000513
3.952746	0.000509
3.953721	0.000505
3.954695	0.000501
3.955670	0.000497
3.956645	0.000493
3.957620	0.000489
3.958595	0.000484
3.959569	0.000480
3.960544	0.000476
3.961519	0.000472
3.962494	0.000468
3.963468	0.000464
3.964443	0.000459
3.965418	0.000455
3.966393	0.000451
3.967368	0.000447
3.968342	0.000443
3.969317	0.000438
3.970292	0.000434
3.971267	0.000430
3.972242	0.000426
3.973216	0.000422
3.974191	0.000417
3.975166	0.000413
3.976141	0.000409
3.977116	0.000405
3.978090	0.000400
3.979065	0.000396
3.980040	0.000392
3.981015	0.000388
3.981990	0.000383
3.982964	0.000379
3.983939	0.000375
3.984914	0.000371
3.985889	0.000366
3.986863	0.000362
3.987838	0.000358
3.988813	0.000354
3.989788	0.000349
3.990763	0.000345
3.991737	0.000341
3.992712	0.000336
3.993687	0.000332
3.994662	0.000328
3.995637	0.000324
3.996611	0.000319
3.997586	0.000315
3.998561	0.000311
3.999536	0.000306
4.000511	0.000302
4.001485	0.000298
4.002460	0.000293
4.003435	0.000289
4.004410	0.000285
4.005385	0.000280
4.006359	0.000276
4.007334	0.000272
4.008309	0.000268
4.009284	0.000263
4.010258	0.000259
4.011233	0.000255
4.012208	0.000250
4.013183	0.000246
4.014158	0.000242
4.015132	0.000237
4.016107	0.000233
4.017082	0.000229
4.018057	0.000224
4.019032	0.000220
4.020006	0.000216
4.020981	0.000211
4.021956	0.000207
4.022931	0.000203
4.023906	0.000199
4.024880	0.000194
4.025855	0.000190
4.026830	0.000186
4.027805	0.000181
4.028780	0.000177
4.029754	0.000173
4.030729	0.000169
4.031704	0.000164
4.032679	0.000160
4.033653	0.000156
4.034628	0.000151
4.035603	0.000147
4.036578	0.000143
4.037553	0.000139
4.038527	0.000134
4.039502	0.000130
4.040477	0.000126
4.041452	0.000122
4.042427	0.000117
4.043401	0.000113
4.044376	0.000109
4.045351	0.000105
4.046326	0.000100
4.047301	0.000096
4.048275	0.000092
4.049250	0.000088
4.050225	0.000083
4.051200	0.000079
4.052175	0.000075
4.053149	0.000071
4.054124	0.000067
4.055099	0.000062
4.056074	0.000058
4.057049	0.000054
4.058023	0.000050
4.058998	0.000046
4.059973	0.000041
4.060948	0.000037
4.061922	0.000033
4.062897	0.000029
4.063872	0.000025
4.064847	0.000021
4.065822	0.000016
4.066796	0.000012
4.067779	0.000008
4.068762	0.000017
4.069745	0.000025
4.070728	0.000033
4.071710	0.000041
4.072693	0.000050
4.073676	0.000058
4.074659	0.000066
4.075641	0.000075
4.076624	0.000083
4.077607	0.000091
4.078590	0.000100
4.079573	0.000108
4.080555	0.000116
4.081538	0.000125
4.082521	0.000133
4.083504	0.000141
4.084486	0.000150
4.085469	0.000158
4.086452	0.000166
4.087435	0.000175
4.088417	0.000183
4.089400	0.000191
4.090383	0.000200
4.091366	0.000208
4.092349	0.000217
4.093331	0.000225
4.094314	0.000233
4.095297	0.000242
4.096280	0.000250
4.097262	0.000259
4.098245	0.000267
4.099228	0.000276
4.100211	0.000284
4.101194	0.000293
4.102176	0.000301
4.103159	0.000310
4.104142	0.000318
4.105125	0.000327
4.106107	0.000335
4.107090	0.000344
4.108073	0.000352
4.109056	0.000361
4.110039	0.000369
4.111021	0.000378
4.112004	0.000387
4.112987	0.000395
4.113970	0.000404
4.114952	0.000413
4.115935	0.000421
4.116918	0.000430
4.117901	0.000439
4.118884	0.000447
4.119866	0.000456
4.120849	0.000465
4.121832	0.000474
4.122815	0.000482
4.123797	0.000491
4.124780	0.000500
4.125763	0.000509
4.126746	0.000518
4.127729	0.000526
4.128711	0.000535
4.129694	0.000544
4.130677	0.000553
4.131660	0.000562
4.132642	0.000571
4.133625	0.000580
4.134608	0.000589
4.135591	0.000598
4.136573	0.000607
4.137556	0.000616
4.138539	0.000625
4.139522	0.000634
4.140505	0.000643
4.141487	0.000653
4.142470	0.000662
4.143453	0.000671
4.144436	0.000680
4.145418	0.000689
4.146401	0.000699
4.147384	0.000708
4.148367	0.000717
4.149350	0.000727
4.150332	0.000736
4.151315	0.000745
4.152298	0.000755
4.153281	0.000764
4.154263	0.000774
4.155246	0.000783
4.156229	0.000793
4.157212	0.000802
4.158195	0.000812
4.159177	0.000821
4.160160	0.000831
4.161143	0.000841
4.162126	0.000850
4.163108	0.000860
4.164091	0.000870
4.165074	0.000879
4.166057	0.000889
4.167040	0.000899
4.168022	0.000909
4.169005	0.000919
4.169988	0.000929
4.170971	0.000939
4.171953	0.000948
4.172936	0.000958
4.173919	0.000968
4.174902	0.000979
4.175885	0.000989
4.176867	0.000999
4.177850	0.001009
4.178833	0.001019
4.179816	0.001029
4.180798	0.001040
4.181781	0.001050
4.182764	0.001060
4.183747	0.001070
4.184729	0.001081
4.185712	0.001091
4.186695	0.001102
4.187678	0.001112
4.188661	0.001123
4.189643	0.001133
4.190626	0.001144
4.191609	0.001154
4.192592	0.001165
4.193574	0.001176
4.194557	0.001187
4.195540	0.001197
4.196523	0.001208
4.197506	0.001219
4.198488	0.001230
4.199471	0.001241
4.200454	0.001252
4.201437	0.001263
4.202419	0.001274
4.203402	0.001285
4.204385	0.001296
4.205368	0.001307
4.206351	0.001318
4.207333	0.001330
4.208316	0.001341
4.209299	0.001352
4.210282	0.001363
4.211264	0.001375
4.212247	0.001386
4.213230	0.001398
4.214213	0.001409
4.215196	0.001421
4.216178	0.001432
4.217161	0.001444
4.218144	0.001456
4.219127	0.001467
4.220109	0.001479
4.221092	0.001491
4.222075	0.001503
4.223058	0.001515
4.224041	0.001527
4.225023	0.001539
4.226006	0.001551
4.226989	0.001563
4.227972	0.001575
4.228954	0.001587
4.229937	0.001599
4.230920	0.001611
4.231903	0.001624
4.232885	0.001636
4.233868	0.001648
4.234851	0.001661
4.235834	0.001673
4.236817	0.001686
4.237799	0.001698
4.238782	0.001711
4.239765	0.001724
4.240748	0.001736
4.241730	0.001749
4.242713	0.001762
4.243696	0.001775
4.244679	0.001788
4.245662	0.001801
4.246644	0.001814
4.247627	0.001827
4.248610	0.001840
4.249593	0.001853
4.250575	0.001866
4.251558	0.001879
4.252541	0.001893
4.253524	0.001906
4.254507	0.001919
4.255489	0.001933
4.256472	0.001946
4.257455	0.001960
4.258438	0.001973
4.259420	0.001987
4.260403	0.002001
4.261386	0.002014
4.262369	0.002028
4.263352	0.002042
4.264334	0.002056
4.265317	0.002070
4.266300	0.002084
4.267283	0.002098
4.268265	0.002112
4.269248	0.002126
4.270231	0.002140
4.271214	0.002154
4.272197	0.002169
4.273179	0.002183
4.274162	0.002197
4.275145	0.002212
4.276128	0.002226
4.277110	0.002241
4.278093	0.002256
4.279076	0.002270
4.280059	0.002285
4.281042	0.002300
4.282024	0.002315
4.283007	0.002329
4.283990	0.002344
4.284973	0.002359
4.285955	0.002374
4.286938	0.002389
4.287921	0.002405
4.288904	0.002420
4.289886	0.002435
4.290869	0.002450
4.291852	0.002466
4.292835	0.002481
4.293818	0.002496
4.294800	0.002512
4.295783	0.002527
4.296766	0.002543
4.297749	0.002559
4.298731	0.002574
4.299714	0.002590
4.300697	0.002606
4.301680	0.002622
4.302663	0.002638
4.303645	0.002654
4.304628	0.002670
4.305611	0.002686
4.306594	0.002702
4.307576	0.002718
4.308559	0.002735
4.309542	0.002751
4.310525	0.002767
4.311508	0.002784
4.312490	0.002800
4.313473	0.002817
4.314456	0.002833
4.315439	0.002850
4.316421	0.002867
4.317404	0.002883
4.318387	0.002900
4.319370	0.002917
4.320353	0.002934
4.321335	0.002951
4.322318	0.002968
4.323301	0.002985
4.324284	0.003002
4.325266	0.003019
4.326249	0.003036
4.327232	0.003054
4.328215	0.003071
4.329198	0.003088
4.330180	0.003106
4.331163	0.003123
4.332146	0.003141
4.333129	0.003158
4.334111	0.003176
4.335094	0.003194
4.336077	0.003211
4.337060	0.003229
4.338042	0.003247
4.339025	0.003265
4.340008	0.003283
4.340991	0.003301
4.341974	0.003319
4.342956	0.003337
4.343939	0.003355
4.344922	0.003373
4.345905	0.003391
4.346887	0.003410
4.347870	0.003428
4.348853	0.003446
4.349836	0.003465
4.350819	0.003483
4.351801	0.003502
4.352784	0.003520
4.353767	0.003539
4.354750	0.003558
4.355732	0.003576
4.356715	0.003595
4.357698	0.003614
4.358681	0.003633
4.359664	0.003652
4.360646	0.003671
4.361629	0.003689
4.362612	0.003708
4.363595	0.003728
4.364577	0.003747
4.365560	0.003766
4.366543	0.003785
4.367526	0.003804
4.368509	0.003824
4.369491	0.003843
4.370474	0.003862
4.371457	0.003882
4.372440	0.003901
4.373422	0.003921
4.374405	0.003940
4.375388	0.003960
4.376371	0.003979
4.377354	0.003999
4.378336	0.004019
4.379319	0.004038
4.380302	0.004058
4.381285	0.004078
4.382267	0.004098
4.383250	0.004117
4.384233	0.004137
4.385216	0.004157
4.386198	0.004177
4.387181	0.004197
4.388164	0.004217
4.389147	0.004237
4.390130	0.004257
4.391112	0.004278
4.392095	0.004298
4.393078	0.004318
4.394061	0.004338
4.395043	0.004358
4.396026	0.004379
4.397009	0.004399
4.397992	0.004419
4.398975	0.004440
4.399957	0.004460
4.400940	0.004480
4.401923	0.004501
4.402906	0.004521
4.403888	0.004542
4.404871	0.004562
4.405854	0.004583
4.406837	0.004603
4.407820	0.004624
4.408802	0.004644
4.409785	0.004665
4.410768	0.004686
4.411751	0.004706
4.412733	0.004727
4.413716	0.004747
4.414699	0.004768
4.415682	0.004789
4.416665	0.004810
4.417647	0.004830
4.418630	0.004851
4.419613	0.004872
4.420596	0.004892
4.421578	0.004913
4.422561	0.004934
4.423544	0.004955
4.424527	0.004976
4.425510	0.004996
4.426492	0.005017
4.427475	0.005038
4.428458	0.005059
4.429441	0.005080
4.430423	0.005100
4.431406	0.005121
4.432389	0.005142
4.433372	0.005163
4.434354	0.005184
4.435337	0.005204
4.436320	0.005225
4.437303	0.005246
4.438286	0.005267
4.439268	0.005288
4.440251	0.005308
4.441234	0.005329
4.442217	0.005350
4.443199	0.005371
4.444182	0.005391
4.445165	0.005412
4.446148	0.005433
4.447131	0.005453
4.448113	0.005474
4.449096	0.005495
4.450079	0.005515
4.451062	0.005536
4.452044	0.005557
4.453027	0.005577
4.454010	0.005598
4.454993	0.005618
4.455976	0.005639
4.456958	0.005659
4.457941	0.005680
4.458924	0.005700
4.459907	0.005720
4.460889	0.005741
4.461872	0.005761
4.462855	0.005781
4.463838	0.005802
4.464821	0.005822
4.465803	0.005842
4.466786	0.005862
4.467769	0.005882
4.468752	0.005902
4.469734	0.005922
4.470717	0.005942
4.471700	0.005962
4.472683	0.005982
4.473666	0.006002
4.474648	0.006022
4.475631	0.006042
4.476614	0.006061
4.477597	0.006081
4.478579	0.006101
4.479562	0.006120
4.480545	0.006140
4.481528	0.006159
4.482510	0.006178
4.483493	0.006198
4.484476	0.006217
4.485459	0.006236
4.486442	0.006255
4.487424	0.006274
4.488407	0.006293
4.489390	0.006312
4.490373	0.006331
4.491355	0.006350
4.492338	0.006368
4.493321	0.006387
4.494304	0.006406
4.495287	0.006424
4.496269	0.006442
4.497252	0.006461
4.498235	0.006479
4.499218	0.006497
4.500200	0.006515
4.501183	0.006533
4.502166	0.006551
4.503149	0.006569
4.504132	0.006586
4.505114	0.006604
4.506097	0.006622
4.507080	0.006639
4.508063	0.006656
4.509045	0.006674
4.510028	0.006691
4.511011	0.006708
4.511994	0.006725
4.512977	0.006742
4.513959	0.006758
4.514942	0.006775
4.515925	0.006791
4.516908	0.006808
4.517890	0.006824
4.518873	0.006840
4.519856	0.006856
4.520839	0.006872
4.521822	0.006888
4.522804	0.006904
4.523787	0.006919
4.524770	0.006935
4.525753	0.006950
4.526735	0.006965
4.527718	0.006980
4.528701	0.006995
4.529684	0.007010
4.530667	0.007025
4.531649	0.007039
4.532632	0.007054
4.533615	0.007068
4.534598	0.007082
4.535580	0.007096
4.536563	0.007110
4.537546	0.007124
4.538529	0.007137
4.539511	0.007151
4.540494	0.007164
4.541477	0.007177
4.542460	0.007190
4.543443	0.007203
4.544425	0.007216
4.545408	0.007228
4.546391	0.007241
4.547374	0.007253
4.548356	0.007265
4.549339	0.007277
4.550322	0.007288
4.551305	0.007300
4.552288	0.007311
4.553270	0.007323
4.554253	0.007334
4.555236	0.007345
4.556219	0.007355
4.557201	0.007366
4.558184	0.007376
4.559167	0.007386
4.560150	0.007396
4.561133	0.007406
4.562115	0.007416
4.563098	0.007425
4.564081	0.007435
4.565064	0.007444
4.566046	0.007453
4.567029	0.007461
4.568012	0.007470
4.568995	0.007478
4.569978	0.007486
4.570960	0.007494
4.571943	0.007502
4.572926	0.007510
4.573909	0.007517
4.574891	0.007524
4.575874	0.007531
4.576857	0.007538
4.577840	0.007544
4.578823	0.007551
4.579805	0.007557
4.580788	0.007563
4.581771	0.007568
4.582754	0.007574
4.583736	0.007579
4.584719	0.007584
4.585702	0.007589
4.586685	0.007594
4.587667	0.007598
4.588650	0.007602
4.589633	0.007606
4.590616	0.007610
4.591599	0.007614
4.592581	0.007617
4.593564	0.007620
4.594547	0.007623
4.595530	0.007626
4.596512	0.007628
4.597495	0.007630
4.598478	0.007632
4.599461	0.007634
4.600444	0.007635
4.601426	0.007637
4.602409	0.007638
4.603392	0.007638
4.604375	0.007639
4.605357	0.007639
4.606340	0.007639
4.607323	0.007639
4.608306	0.007638
4.609289	0.007638
4.610271	0.007637
4.611254	0.007636
4.612237	0.007634
4.613220	0.007633
4.614202	0.007631
4.615185	0.007629
4.616168	0.007626
4.617151	0.007623
4.618134	0.007620
4.619116	0.007617
4.620099	0.007614
4.621082	0.007610
4.622065	0.007606
4.623047	0.007602
4.624030	0.007598
4.625013	0.007593
4.625996	0.007588
4.626979	0.007583
4.627961	0.007577
4.628944	0.007571
4.629927	0.007565
4.630910	0.007559
4.631892	0.007552
4.632875	0.007546
4.633858	0.007539
4.634841	0.007531
4.635823	0.007524
4.636806	0.007516
4.637789	0.007508
4.638772	0.007499
4.639755	0.007490
4.640737	0.007481
4.641720	0.007472
4.642703	0.007463
4.643686	0.007453
4.644668	0.007443
4.645651	0.007433
4.646634	0.007422
4.647617	0.007411
4.648600	0.007400
4.649582	0.007389
4.650565	0.007377
4.651548	0.007365
4.652531	0.007353
4.653513	0.007340
4.654496	0.007328
4.655479	0.007315
4.656462	0.007301
4.657445	0.007288
4.658427	0.007274
4.659410	0.007260
4.660393	0.007245
4.661376	0.007231
4.662358	0.007216
4.663341	0.007201
4.664324	0.007185
4.665307	0.007169
4.666290	0.007153
4.667272	0.007137
4.668255	0.007120
4.669238	0.007103
4.670221	0.007086
4.671203	0.007069
4.672186	0.007051
4.673169	0.007033
4.674152	0.007015
4.675135	0.006997
4.676117	0.006978
4.677100	0.006959
4.678083	0.006939
4.679066	0.006920
4.680048	0.006900
4.681031	0.006880
4.682014	0.006859
4.682997	0.006839
4.683979	0.006818
4.684962	0.006797
4.685945	0.006775
4.686928	0.006754
4.687911	0.006732
4.688893	0.006709
4.689876	0.006687
4.690859	0.006664
4.691842	0.006641
4.692824	0.006618
4.693807	0.006594
4.694790	0.006570
4.695773	0.006546
4.696756	0.006522
4.697738	0.006498
4.698721	0.006473
4.699704	0.006448
4.700687	0.006422
4.701669	0.006397
4.702652	0.006371
4.703635	0.006345
4.704618	0.006319
4.705601	0.006292
4.706583	0.006265
4.707566	0.006238
4.708549	0.006211
4.709532	0.006184
4.710514	0.006156
4.711497	0.006128
4.712480	0.006100
4.713463	0.006072
4.714446	0.006043
4.715428	0.006014
4.716411	0.005985
4.717394	0.005956
4.718377	0.005926
4.719359	0.005897
4.720342	0.005867
4.721325	0.005837
4.722308	0.005807
4.723291	0.005776
4.724273	0.005746
4.725256	0.005715
4.726239	0.005684
4.727222	0.005653
4.728204	0.005621
4.729187	0.005590
4.730170	0.005558
4.731153	0.005526
4.732135	0.005495
4.733118	0.005463
4.734101	0.005430
4.735084	0.005398
4.736067	0.005366
4.737049	0.005333
4.738032	0.005301
4.739015	0.005268
4.739998	0.005235
4.740980	0.005203
4.741963	0.005170
4.742946	0.005137
4.743929	0.005104
4.744912	0.005072
4.745894	0.005039
4.746877	0.005007
4.747860	0.004974
4.748843	0.004942
4.749825	0.004910
4.750808	0.004878
4.751791	0.004846
4.752774	0.004815
4.753757	0.004784
4.754739	0.004753
4.755722	0.004723
4.756705	0.004694
4.757688	0.004665
4.758670	0.004637
4.759653	0.004610
4.760636	0.004584
4.761619	0.004559
4.762602	0.004536
4.763584	0.004515
4.764567	0.004496
4.765550	0.004479
4.766533	0.004466
4.767515	0.004456
4.768498	0.004452
4.769481	0.004453
4.770464	0.004461
4.771447	0.004480
4.772429	0.004511
4.773412	0.004560
4.774395	0.004634
4.775378	0.004745
4.776360	0.004911
4.777343	0.005168
4.778326	0.005576
4.779309	0.006237
4.780292	0.007260
4.781274	0.008354
4.782249	0.008293
4.783224	0.006572
4.784199	0.005057
4.785173	0.004024
4.786148	0.003326
4.787123	0.002835
4.788098	0.002472
4.789073	0.002191
4.790047	0.001965
4.791022	0.001780
4.791997	0.001623
4.792972	0.001489
4.793947	0.001373
4.794921	0.001270
4.795896	0.001180
4.796871	0.001098
4.797846	0.001025
4.798821	0.000959
4.799795	0.000899
4.800770	0.000844
4.801745	0.000794
4.802720	0.000747
4.803694	0.000704
4.804669	0.000664
4.805644	0.000628
4.806619	0.000593
4.807594	0.000561
4.808568	0.000531
4.809543	0.000503
4.810518	0.000477
4.811493	0.000453
4.812468	0.000430
4.813442	0.000408
4.814417	0.000388
4.815392	0.000368
4.816367	0.000350
4.817342	0.000333
4.818316	0.000317
4.819291	0.000302
4.820266	0.000287
4.821241	0.000273
4.822216	0.000260
4.823190	0.000248
4.824165	0.000236
4.825140	0.000225
4.826115	0.000215
4.827090	0.000205
4.828064	0.000195
4.829039	0.000186
4.830014	0.000177
4.830989	0.000169
4.831963	0.000161
4.832938	0.000154
4.833913	0.000147
4.834888	0.000140
4.835863	0.000134
4.836837	0.000127
4.837812	0.000122
4.838787	0.000116
4.839762	0.000110
4.840737	0.000105
4.841711	0.000100
4.842686	0.000096
4.843661	0.000091
4.844636	0.000087
4.845611	0.000083
4.846585	0.000079
4.847560	0.000075
4.848535	0.000071
4.849510	0.000068
4.850485	0.000064
4.851459	0.000061
4.852434	0.000058
4.853409	0.000055
4.854384	0.000052
4.855358	0.000049
4.856333	0.000047
4.857308	0.000044
4.858283	0.000042
4.859258	0.000039
4.860232	0.000037
4.861207	0.000035
4.862182	0.000032
4.863157	0.000030
4.864132	0.000028
4.865106	0.000026
4.866081	0.000024
4.867056	0.000022
4.868031	0.000020
4.869006	0.000018
4.869980	0.000017
4.870955	0.000015
4.871930	0.000013
4.872905	0.000011
4.873880	0.000010
4.874854	0.000008
4.875829	0.000006
4.876804	0.000005
4.877779	0.000003
4.878761	0.000001
4.879744	0.000002
4.880727	0.000002
4.881710	0.000003
4.882693	0.000004
4.883675	0.000005
4.884658	0.000006
4.885641	0.000006
4.886624	0.000007
4.887606	0.000008
4.888589	0.000009
4.889572	0.000009
4.890555	0.000010
4.891538	0.000011
4.892520	0.000011
4.893503	0.000012
4.894486	0.000013
4.895469	0.000013
4.896451	0.000014
4.897434	0.000014
4.898417	0.000015
4.899400	0.000015
4.900383	0.000016
4.901365	0.000016
4.902348	0.000017
4.903331	0.000017
4.904314	0.000017
4.905296	0.000018
4.906279	0.000018
4.907262	0.000018
4.908245	0.000018
4.909228	0.000018
4.910210	0.000019
4.911193	0.000019
4.912176	0.000019
4.913159	0.000019
4.914141	0.000019
4.915124	0.000019
4.916107	0.000019
4.917090	0.000019
4.918072	0.000018
4.919055	0.000018
4.920038	0.000018
4.921021	0.000018
4.922004	0.000018
4.922986	0.000017
4.923969	0.000017
4.924952	0.000017
4.925935	0.000016
4.926917	0.000016
4.927900	0.000015
4.928883	0.000015
4.929866	0.000014
4.930849	0.000014
4.931831	0.000013
4.932814	0.000013
4.933797	0.000012
4.934780	0.000012
4.935762	0.000011
4.936745	0.000010
4.937728	0.000010
4.938711	0.000009
4.939694	0.000008
4.940676	0.000008
4.941659	0.000007
4.942642	0.000006
4.943625	0.000005
4.944607	0.000005
4.945590	0.000004
4.946573	0.000003
4.947556	0.000002
4.948539	0.000002
4.949521	0.000001
4.950504	0.000000
4.951487	-0.000000
4.952470	0.000000
4.953452	0.000000
4.954435	-0.000000
4.955418	0.000000
4.956401	-0.000000
4.957384	0.000000
4.958366	-0.000000
4.959349	-0.000000
4.960332	-0.000000
4.961315	-0.000000
4.962297	0.000000
4.963280	-0.000000
4.964263	-0.000000
4.965246	0.000000
4.966228	0.000000
4.967211	0.000000
4.968194	0.000000
4.969177	0.000000
4.970160	0.000000
4.971142	-0.000000
4.972125	0.000000
4.973108	0.000000
4.974091	0.000000
4.975073	-0.000000
4.976056	0.000000
4.977039	-0.000000
4.978022	0.000000
4.979005	-0.000000
4.979987	-0.000000
4.980970	0.000000
4.981953	0.000000
4.982936	-0.000000
4.983918	-0.000000
4.984901	0.000000
4.985884	0.000000
4.986867	-0.000000
4.987850	0.000000
4.988832	0.000000
4.989815	0.000000
4.990798	-0.000000
4.991781	-0.000000
4.992763	0.000000
4.993746	0.000000
4.994729	-0.000000
4.995712	-0.000000
4.996695	-0.000000
4.997677	-0.000000
4.998660	0.000000
4.999643	-0.000000
5.000626	-0.000000
5.001608	0.000000
5.002591	-0.000000
5.003574	0.000000
5.004557	-0.000000
5.005540	0.000000
5.006522	-0.000000
5.007505	0.000000
5.008488	-0.000000
5.009471	0.000000
5.010453	0.000000
5.011436	0.000000
5.012419	0.000000
5.013402	0.000000
5.014384	-0.000000
5.015367	-0.000000
5.016350	0.000000
5.017333	-0.000000
5.018316	-0.000000
5.019298	0.000000
5.020281	-0.000000
5.021264	-0.000000
5.022247	0.000000
5.023229	-0.000000
5.024212	-0.000000
5.025195	-0.000000
5.026178	0.000000
5.027161	0.000000
5.028143	0.000000
5.029126	-0.000000
5.030109	-0.000000
5.031092	0.000000
5.032074	-0.000000
5.033057	-0.000000
5.034040	-0.000000
5.035023	0.000000
5.036006	-0.000000
5.036988	0.000000
5.037971	0.000000
5.038954	-0.000000
5.039937	0.000000
5.040919	-0.000000
5.041902	-0.000000
5.042885	0.000000
5.043868	0.000000
5.044851	0.000000
5.045833	-0.000000
5.046816	-0.000000
5.047799	-0.000000
5.048782	0.000000
5.049764	0.000000
5.050747	0.000000
5.051730	0.000000
5.052713	0.000000
5.053696	-0.000000
5.054678	0.000000
5.055661	-0.000000
5.056644	-0.000000
5.057627	0.000000
5.058609	0.000000
5.059592	-0.000000
5.060575	0.000000
5.061558	0.000000
5.062540	-0.000000
5.063523	-0.000000
5.064506	-0.000000
5.065489	-0.000000
5.066472	-0.000000
5.067454	-0.000000
5.068437	-0.000000
5.069420	0.000000
5.070403	0.000000
5.071385	0.000000
5.072368	-0.000000
5.073351	-0.000000
5.074334	-0.000000
5.075317	-0.000000
5.076299	0.000000
5.077282	0.000000
5.078265	0.000000
5.079248	-0.000000
5.080230	-0.000000
5.081213	0.000000
5.082196	-0.000000
5.083179	-0.000000
5.084162	0.000000
5.085144	0.000000
5.086127	-0.000000
5.087110	-0.000000
5.088093	-0.000000
5.089075	-0.000000
5.090058	-0.000000
5.091041	-0.000000
5.092024	0.000000
5.093007	-0.000000
5.093989	-0.000000
5.094972	0.000000
5.095955	-0.000000
5.096938	-0.000000
5.097920	-0.000000
5.098903	-0.000000
5.099886	0.000000
5.100869	-0.000000
5.101852	-0.000000
5.102834	-0.000000
5.103817	-0.000000
5.104800	0.000000
5.105783	0.000000
5.106765	0.000000
5.107748	0.000000
5.108731	0.000000
5.109714	-0.000000
5.110697	0.000000
5.111679	0.000000
5.112662	-0.000000
5.113645	-0.000000
5.114628	0.000000
5.115610	-0.000000
5.116593	0.000000
5.117576	-0.000000
5.118559	0.000000
5.119541	-0.000000
5.120524	0.000000
5.121507	0.000000
5.122490	0.000000
5.123473	0.000000
5.124455	0.000000
5.125438	0.000000
5.126421	-0.000000
5.127404	0.000000
5.128386	0.000000
5.129369	0.000000
5.130352	-0.000000
5.131335	0.000000
5.132318	-0.000000
5.133300	0.000000
5.134283	-0.000000
5.135266	-0.000000
5.136249	-0.000000
5.137231	-0.000000
5.138214	0.000000
5.139197	-0.000000
5.140180	-0.000000
5.141163	0.000000
5.142145	-0.000000
5.143128	0.000000
5.144111	0.000000
5.145094	0.000000
5.146076	0.000000
5.147059	-0.000000
5.148042	-0.000000
5.149025	-0.000000
5.150008	-0.000000
5.150990	-0.000000
5.151973	-0.000000
5.152956	-0.000000
5.153939	0.000000
5.154921	-0.000000
5.155904	-0.000000
5.156887	-0.000000
5.157870	-0.000000
5.158853	-0.000000
5.159835	0.000000
5.160818	-0.000000
5.161801	-0.000000
5.162784	0.000000
5.163766	-0.000000
