0.000983	-0.000000
0.001966	0.000000
0.002948	-0.000000
0.003931	0.000000
0.004914	-0.000000
0.005897	-0.000000
0.006879	0.000000
0.007862	0.000000
0.008845	-0.000000
0.009828	0.000000
0.010811	-0.000000
0.011793	0.000000
0.012776	0.000000
0.013759	-0.000000
0.014742	-0.000000
0.015724	0.000000
0.016707	-0.000000
0.017690	-0.000000
0.018673	-0.000000
0.019656	-0.000000
0.020638	0.000000
0.021621	0.000000
0.022604	0.000000
0.023587	-0.000000
0.024569	-0.000000
0.025552	0.000000
0.026535	0.000000
0.027518	-0.000000
0.028500	-0.000000
0.029483	-0.000000
0.030466	-0.000000
0.031449	0.000000
0.032432	0.000000
0.033414	0.000000
0.034397	-0.000000
0.035380	0.000000
0.036363	0.000000
0.037345	-0.000000
0.038328	0.000000
0.039311	0.000000
0.040294	0.000000
0.041277	0.000000
0.042259	0.000000
0.043242	-0.000000
0.044225	-0.000000
0.045208	-0.000000
0.046190	0.000000
0.047173	-0.000000
0.048156	-0.000000
0.049139	-0.000000
0.050122	-0.000000
0.051104	-0.000000
0.052087	-0.000000
0.053070	-0.000000
0.054053	-0.000000
0.055035	-0.000000
0.056018	0.000000
0.057001	-0.000000
0.057984	-0.000000
0.058967	0.000000
0.059949	-0.000000
0.060932	0.000000
0.061915	-0.000000
0.062898	-0.000000
0.063880	-0.000000
0.064863	-0.000000
0.065846	0.000000
0.066829	-0.000000
0.067812	0.000000
0.068794	0.000000
0.069777	0.000000
0.070760	0.000000
0.071743	-0.000000
0.072725	0.000000
0.073708	-0.000000
0.074691	-0.000000
0.075674	-0.000000
0.076656	0.000000
0.077639	-0.000000
0.078622	-0.000000
0.079605	0.000000
0.080588	-0.000000
0.081570	-0.000000
0.082553	0.000000
0.083536	-0.000000
0.084519	-0.000000
0.085501	-0.000000
0.086484	-0.000000
0.087467	0.000000
0.088450	0.000000
0.089433	-0.000000
0.090415	0.000000
0.091398	0.000000
0.092381	0.000000
0.093364	-0.000000
0.094346	0.000000
0.095329	-0.000000
0.096312	-0.000000
0.097295	0.000000
0.098278	-0.000000
0.099260	0.000000
0.100243	0.000000
0.101226	0.000000
0.102209	0.000000
0.103191	0.000000
0.104174	-0.000000
0.105157	-0.000000
0.106140	-0.000000
0.107123	-0.000000
0.108105	-0.000000
0.109088	0.000000
0.110071	0.000000
0.111054	0.000000
0.112036	-0.000000
0.113019	-0.000000
0.114002	-0.000000
0.114985	0.000000
0.115968	0.000000
0.116950	0.000000
0.117933	-0.000000
0.118916	-0.000000
0.119899	-0.000000
0.120881	-0.000000
0.121864	0.000000
0.122847	-0.000000
0.123830	0.000000
0.124812	0.000000
0.125795	0.000000
0.126778	-0.000000
0.127761	0.000000
0.128744	-0.000000
0.129726	-0.000000
0.130709	0.000000
0.131692	-0.000000
0.132675	0.000000
0.133657	0.000000
0.134640	-0.000000
0.135623	0.000000
0.136606	-0.000000
0.137589	0.000000
0.138571	0.000000
0.139554	-0.000000
0.140537	-0.000000
0.141520	-0.000000
0.142502	0.000000
0.143485	-0.000000
0.144468	-0.000000
0.145451	0.000000
0.146434	-0.000000
0.147416	0.000000
0.148399	0.000000
0.149382	-0.000000
0.150365	0.000000
0.151347	-0.000000
0.152330	-0.000000
0.153313	-0.000000
0.154296	0.000000
0.155279	-0.000000
0.156261	0.000000
0.157244	0.000000
0.158227	-0.000000
0.159210	-0.000000
0.160192	0.000000
0.161175	-0.000000
0.162158	-0.000000
0.163141	0.000000
0.164124	-0.000000
0.165106	0.000000
0.166089	0.000000
0.167072	0.000000
0.168055	0.000000
0.169037	0.000000
0.170020	-0.000000
0.171003	0.000000
0.171986	-0.000000
0.172969	-0.000000
0.173951	0.000000
0.174934	-0.000000
0.175917	0.000000
0.176900	0.000000
0.177882	0.000000
0.178865	-0.000000
0.179848	0.000000
0.180831	-0.000000
0.181813	0.000000
0.182796	-0.000000
0.183779	0.000000
0.184762	0.000000
0.185745	-0.000000
0.186727	0.000000
0.187710	-0.000000
0.188693	-0.000000
0.189676	-0.000000
0.190658	-0.000000
0.191641	-0.000000
0.192624	0.000000
0.193607	0.000000
0.194590	-0.000000
0.195572	-0.000000
0.196555	-0.000000
0.197538	0.000000
0.198521	-0.000000
0.199503	-0.000000
0.200486	-0.000000
0.201469	-0.000000
0.202452	0.000000
0.203435	0.000000
0.204417	0.000000
0.205400	0.000000
0.206383	-0.000000
0.207366	0.000000
0.208348	0.000000
0.209331	-0.000000
0.210314	-0.000000
0.211297	0.000000
0.212280	0.000000
0.213262	-0.000000
0.214245	0.000000
0.215228	-0.000000
0.216211	0.000000
0.217193	0.000000
0.218176	0.000000
0.219159	-0.000000
0.220142	-0.000000
0.221125	-0.000000
0.222107	-0.000000
0.223090	0.000000
0.224073	0.000000
0.225056	-0.000000
0.226038	0.000000
0.227021	-0.000000
0.228004	-0.000000
0.228987	-0.000000
0.229969	-0.000000
0.230952	-0.000000
0.231935	-0.000000
0.232918	0.000000
0.233901	-0.000000
0.234883	0.000000
0.235866	0.000000
0.236849	0.000000
0.237832	-0.000000
0.238814	-0.000000
0.239797	-0.000000
0.240780	-0.000000
0.241763	-0.000000
0.242746	-0.000000
0.243728	0.000000
0.244711	-0.000000
0.245694	-0.000000
0.246677	0.000000
0.247659	-0.000000
0.248642	-0.000000
0.249625	-0.000000
0.250608	0.000000
0.251591	0.000000
0.252573	0.000000
0.253556	0.000000
0.254539	-0.000000
0.255522	-0.000000
0.256504	0.000000
0.257487	0.000000
0.258470	0.000000
0.259453	-0.000000
0.260436	0.000000
0.261418	0.000000
0.262401	0.000000
0.263384	-0.000000
0.264367	0.000000
0.265349	0.000000
0.266332	0.000000
0.267315	-0.000000
0.268298	0.000000
0.269281	-0.000000
0.270263	-0.000000
0.271246	-0.000000
0.272229	0.000000
0.273212	-0.000000
0.274194	-0.000000
0.275177	-0.000000
0.276160	0.000000
0.277143	0.000000
0.278125	0.000000
0.279108	-0.000000
0.280091	0.000000
0.281074	-0.000000
0.282057	0.000000
0.283039	-0.000000
0.284022	0.000000
0.285005	0.000000
0.285988	-0.000000
0.286962	-0.000000
0.287937	-0.000000
0.288912	-0.000000
0.289887	-0.000000
0.290862	-0.000000
0.291836	0.000000
0.292811	-0.000000
0.293786	-0.000000
0.294761	0.000000
0.295736	0.000000
0.296710	-0.000000
0.297685	0.000000
0.298660	-0.000000
0.299635	0.000000
0.300610	-0.000000
0.301584	-0.000000
0.302559	0.000000
0.303534	-0.000000
0.304509	-0.000000
0.305484	0.000000
0.306458	0.000000
0.307433	-0.000000
0.308408	-0.000000
0.309383	-0.000000
0.310357	-0.000000
0.311332	0.000000
0.312307	0.000000
0.313282	-0.000000
0.314257	-0.000000
0.315231	-0.000000
0.316206	0.000000
0.317181	-0.000000
0.318156	-0.000000
0.319131	-0.000000
0.320105	0.000000
0.321080	0.000000
0.322055	0.000000
0.323030	0.000000
0.324005	0.000000
0.324979	-0.000000
0.325954	-0.000000
0.326929	-0.000000
0.327904	0.000000
0.328879	0.000000
0.329853	-0.000000
0.330828	-0.000000
0.331803	-0.000000
0.332778	-0.000000
0.333753	0.000000
0.334727	0.000000
0.335702	-0.000000
0.336677	0.000000
0.337652	-0.000000
0.338626	-0.000000
0.339601	0.000000
0.340576	-0.000000
0.341551	0.000000
0.342526	0.000000
0.343500	0.000000
0.344475	-0.000000
0.345450	0.000000
0.346425	-0.000000
0.347400	0.000000
0.348374	0.000000
0.349349	0.000000
0.350324	0.000000
0.351299	-0.000000
0.352274	-0.000000
0.353248	0.000000
0.354223	-0.000000
0.355198	-0.000000
0.356173	0.000000
0.357148	-0.000000
0.358122	0.000000
0.359097	0.000000
0.360072	0.000000
0.361047	0.000000
0.362021	-0.000000
0.362996	0.000000
0.363971	-0.000000
0.364946	-0.000000
0.365921	-0.000000
0.366895	-0.000000
0.367870	0.000000
0.368845	0.000000
0.369820	0.000000
0.370795	0.000000
0.371769	-0.000000
0.372744	-0.000000
0.373719	-0.000000
0.374694	-0.000000
0.375669	-0.000000
0.376643	-0.000000
0.377618	-0.000000
0.378593	0.000000
0.379568	-0.000000
0.380543	-0.000000
0.381517	0.000000
0.382492	-0.000000
0.383475	-0.000000
0.384458	-0.000000
0.385440	0.000000
0.386423	-0.000000
0.387406	0.000000
0.388389	-0.000000
0.389372	-0.000000
0.390354	-0.000000
0.391337	0.000000
0.392320	0.000000
0.393303	-0.000000
0.394285	-0.000000
0.395268	0.000000
0.396251	-0.000000
0.397234	-0.000000
0.398217	0.000000
0.399199	0.000000
0.400182	-0.000000
0.401165	-0.000000
0.402148	-0.000000
0.403130	0.000000
0.404113	-0.000000
0.405096	-0.000000
0.406079	0.000000
0.407061	0.000000
0.408044	0.000000
0.409027	-0.000000
0.410010	-0.000000
0.410993	0.000000
0.411975	0.000000
0.412958	0.000000
0.413941	0.000000
0.414924	0.000000
0.415906	-0.000000
0.416889	0.000000
0.417872	0.000000
0.418855	-0.000000
0.419838	0.000000
0.420820	0.000000
0.421803	-0.000000
0.422786	0.000000
0.423769	0.000000
0.424751	-0.000000
0.425734	-0.000000
0.426717	0.000000
0.427700	0.000000
0.428683	-0.000000
0.429665	0.000000
0.430648	-0.000000
0.431631	0.000040
0.432614	0.000080
0.433596	0.000120
0.434579	0.000160
0.435562	0.000200
0.436545	0.000240
0.437528	0.000281
0.438510	0.000321
0.439493	0.000361
0.440476	0.000401
0.441459	0.000441
0.442441	0.000480
0.443424	0.000520
0.444407	0.000560
0.445390	0.000600
0.446373	0.000640
0.447355	0.000680
0.448338	0.000720
0.449321	0.000759
0.450304	0.000799
0.451286	0.000839
0.452269	0.000878
0.453252	0.000918
0.454235	0.000957
0.455217	0.000997
0.456200	0.001036
0.457183	0.001076
0.458166	0.001115
0.459149	0.001154
0.460131	0.001193
0.461114	0.001232
0.462097	0.001272
0.463080	0.001310
0.464062	0.001349
0.465045	0.001388
0.466028	0.001427
0.467011	0.001466
0.467994	0.001504
0.468976	0.001543
0.469959	0.001581
0.470942	0.001620
0.471925	0.001658
0.472907	0.001696
0.473890	0.001734
0.474873	0.001773
0.475856	0.001810
0.476839	0.001848
0.477821	0.001886
0.478804	0.001924
0.479787	0.001961
0.480770	0.001999
0.481752	0.002036
0.482735	0.002073
0.483718	0.002111
0.484701	0.002148
0.485684	0.002185
0.486666	0.002221
0.487649	0.002258
0.488632	0.002295
0.489615	0.002331
0.490597	0.002368
0.491580	0.002404
0.492563	0.002440
0.493546	0.002476
0.494529	0.002512
0.495511	0.002547
0.496494	0.002583
0.497477	0.002618
0.498460	0.002654
0.499442	0.002689
0.500425	0.002724
0.501408	0.002759
0.502391	0.002794
0.503374	0.002828
0.504356	0.002863
0.505339	0.002897
0.506322	0.002931
0.507305	0.002966
0.508287	0.002999
0.509270	0.003033
0.510253	0.003067
0.511236	0.003100
0.512218	0.003134
0.513201	0.003167
0.514184	0.003200
0.515167	0.003232
0.516150	0.003265
0.517132	0.003298
0.518115	0.003330
0.519098	0.003362
0.520081	0.003394
0.521063	0.003426
0.522046	0.003458
0.523029	0.003489
0.524012	0.003520
0.524995	0.003551
0.525977	0.003582
0.526960	0.003613
0.527943	0.003644
0.528926	0.003674
0.529908	0.003704
0.530891	0.003734
0.531874	0.003764
0.532857	0.003794
0.533840	0.003823
0.534822	0.003853
0.535805	0.003882
0.536788	0.003911
0.537771	0.003939
0.538753	0.003968
0.539736	0.003996
0.540719	0.004024
0.541702	0.004052
0.542685	0.004080
0.543667	0.004108
0.544650	0.004135
0.545633	0.004162
0.546616	0.004189
0.547598	0.004216
0.548581	0.004242
0.549564	0.004269
0.550547	0.004295
0.551530	0.004321
0.552512	0.004347
0.553495	0.004372
0.554478	0.004397
0.555461	0.004422
0.556443	0.004447
0.557426	0.004472
0.558409	0.004496
0.559392	0.004521
0.560374	0.004545
0.561357	0.004569
0.562340	0.004592
0.563323	0.004616
0.564306	0.004639
0.565288	0.004662
0.566271	0.004684
0.567254	0.004707
0.568237	0.004729
0.569219	0.004751
0.570202	0.004773
0.571185	0.004795
0.572168	0.004816
0.573151	0.004837
0.574133	0.004858
0.575116	0.004879
0.576099	0.004899
0.577082	0.004920
0.578064	0.004940
0.579047	0.004960
0.580030	0.004979
0.581013	0.004999
0.581996	0.005018
0.582978	0.005037
0.583961	0.005055
0.584944	0.005074
0.585927	0.005092
0.586909	0.005110
0.587892	0.005128
0.588875	0.005145
0.589858	0.005163
0.590841	0.005180
0.591823	0.005197
0.592806	0.005213
0.593789	0.005230
0.594772	0.005246
0.595754	0.005262
0.596737	0.005277
0.597720	0.005293
0.598703	0.005308
0.599686	0.005323
0.600668	0.005338
0.601651	0.005352
0.602634	0.005367
0.603617	0.005381
0.604599	0.005395
0.605582	0.005408
0.606565	0.005422
0.607548	0.005435
0.608530	0.005448
0.609513	0.005460
0.610496	0.005473
0.611479	0.005485
0.612462	0.005497
0.613444	0.005509
0.614427	0.005520
0.615410	0.005532
0.616393	0.005543
0.617375	0.005553
0.618358	0.005564
0.619341	0.005574
0.620324	0.005585
0.621307	0.005595
0.622289	0.005604
0.623272	0.005614
0.624255	0.005623
0.625238	0.005632
0.626220	0.005641
0.627203	0.005649
0.628186	0.005658
0.629169	0.005666
0.630152	0.005674
0.631134	0.005681
0.632117	0.005689
0.633100	0.005696
0.634083	0.005703
0.635065	0.005710
0.636048	0.005716
0.637031	0.005723
0.638014	0.005729
0.638997	0.005735
0.639979	0.005740
0.640962	0.005746
0.641945	0.005751
0.642928	0.005756
0.643910	0.005761
0.644893	0.005765
0.645876	0.005770
0.646859	0.005774
0.647842	0.005778
0.648824	0.005781
0.649807	0.005785
0.650790	0.005788
0.651773	0.005791
0.652755	0.005794
0.653738	0.005797
0.654721	0.005799
0.655704	0.005801
0.656686	0.005803
0.657669	0.005805
0.658652	0.005807
0.659635	0.005808
0.660618	0.005809
0.661600	0.005810
0.662583	0.005811
0.663566	0.005812
0.664549	0.005812
0.665531	0.005812
0.666514	0.005812
0.667497	0.005812
0.668480	0.005812
0.669463	0.005811
0.670445	0.005810
0.671428	0.005809
0.672411	0.005808
0.673394	0.005807
0.674376	0.005805
0.675359	0.005803
0.676342	0.005802
0.677325	0.005799
0.678308	0.005797
0.679290	0.005795
0.680273	0.005792
0.681256	0.005789
0.682239	0.005786
0.683221	0.005783
0.684204	0.005779
0.685187	0.005776
0.686170	0.005772
0.687153	0.005768
0.688135	0.005764
0.689118	0.005760
0.690101	0.005755
0.691084	0.005750
0.692066	0.005746
0.693049	0.005741
0.694032	0.005735
0.695015	0.005730
0.695998	0.005725
0.696980	0.005719
0.697963	0.005713
0.698946	0.005707
0.699929	0.005701
0.700911	0.005695
0.701894	0.005688
0.702877	0.005682
0.703860	0.005675
0.704842	0.005668
0.705825	0.005661
0.706808	0.005653
0.707791	0.005646
0.708774	0.005639
0.709756	0.005631
0.710739	0.005623
0.711722	0.005615
0.712705	0.005607
0.713687	0.005599
0.714670	0.005590
0.715653	0.005582
0.716636	0.005573
0.717619	0.005564
0.718601	0.005555
0.719584	0.005546
0.720567	0.005537
0.721550	0.005527
0.722532	0.005518
0.723515	0.005508
0.724498	0.005498
0.725481	0.005488
0.726464	0.005478
0.727446	0.005468
0.728429	0.005458
0.729412	0.005447
0.730395	0.005437
0.731377	0.005426
0.732360	0.005415
0.733343	0.005404
0.734326	0.005393
0.735309	0.005382
0.736291	0.005371
0.737274	0.005359
0.738257	0.005348
0.739240	0.005336
0.740222	0.005325
0.741205	0.005313
0.742188	0.005301
0.743171	0.005289
0.744154	0.005277
0.745136	0.005264
0.746119	0.005252
0.747102	0.005240
0.748085	0.005227
0.749067	0.005214
0.750050	0.005202
0.751033	0.005189
0.752016	0.005176
0.752999	0.005163
0.753981	0.005150
0.754964	0.005136
0.755947	0.005123
0.756930	0.005110
0.757912	0.005096
0.758895	0.005083
0.759878	0.005069
0.760861	0.005055
0.761843	0.005041
0.762826	0.005027
0.763809	0.005013
0.764792	0.004999
0.765775	0.004985
0.766757	0.004971
0.767740	0.004957
0.768723	0.004942
0.769706	0.004928
0.770688	0.004913
0.771671	0.004899
0.772654	0.004884
0.773637	0.004869
0.774620	0.004855
0.775602	0.004840
0.776585	0.004825
0.777568	0.004810
0.778551	0.004795
0.779533	0.004780
0.780516	0.004764
0.781499	0.004749
0.782482	0.004734
0.783465	0.004719
0.784447	0.004703
0.785430	0.004688
0.786413	0.004672
0.787396	0.004657
0.788378	0.004641
0.789361	0.004625
0.790344	0.004610
0.791327	0.004594
0.792310	0.004578
0.793292	0.004562
0.794275	0.004546
0.795258	0.004530
0.796241	0.004514
0.797223	0.004498
0.798206	0.004482
0.799189	0.004466
0.800172	0.004450
0.801155	0.004434
0.802137	0.004417
0.803120	0.004401
0.804103	0.004385
0.805086	0.004368
0.806068	0.004352
0.807051	0.004336
0.808034	0.004319
0.809017	0.004303
0.809999	0.004286
0.810982	0.004270
0.811965	0.004253
0.812948	0.004236
0.813931	0.004220
0.814913	0.004203
0.815896	0.004186
0.816879	0.004170
0.817862	0.004153
0.818844	0.004136
0.819827	0.004120
0.820810	0.004103
0.821793	0.004086
0.822776	0.004069
0.823758	0.004052
0.824741	0.004035
0.825724	0.004019
0.826707	0.004002
0.827689	0.003985
0.828672	0.003968
0.829655	0.003951
0.830638	0.003934
0.831621	0.003917
0.832603	0.003900
0.833586	0.003883
0.834569	0.003866
0.835552	0.003849
0.836534	0.003832
0.837517	0.003815
0.838500	0.003798
0.839483	0.003781
0.840466	0.003764
0.841448	0.003747
0.842431	0.003730
0.843414	0.003713
0.844397	0.003696
0.845379	0.003679
0.846362	0.003662
0.847345	0.003645
0.848328	0.003628
0.849311	0.003611
0.850293	0.003594
0.851276	0.003577
0.852259	0.003560
0.853242	0.003543
0.854224	0.003526
0.855207	0.003509
0.856190	0.003492
0.857173	0.003475
0.858155	0.003458
0.859138	0.003441
0.860121	0.003424
0.861104	0.003407
0.862087	0.003390
0.863069	0.003373
0.864052	0.003356
0.865035	0.003339
0.866018	0.003322
0.867000	0.003306
0.867983	0.003289
0.868966	0.003272
0.869949	0.003255
0.870932	0.003238
0.871914	0.003221
0.872897	0.003204
0.873880	0.003188
0.874863	0.003171
0.875845	0.003154
0.876828	0.003137
0.877811	0.003121
0.878794	0.003104
0.879777	0.003087
0.880759	0.003070
0.881742	0.003054
0.882725	0.003037
0.883708	0.003020
0.884690	0.003004
0.885673	0.002987
0.886656	0.002971
0.887639	0.002954
0.888622	0.002938
0.889604	0.002921
0.890587	0.002905
0.891570	0.002888
0.892553	0.002872
0.893535	0.002855
0.894518	0.002839
0.895501	0.002822
0.896484	0.002806
0.897467	0.002790
0.898449	0.002773
0.899432	0.002757
0.900415	0.002741
0.901398	0.002725
0.902380	0.002708
0.903363	0.002692
0.904346	0.002676
0.905329	0.002660
0.906311	0.002644
0.907294	0.002628
0.908277	0.002612
0.909260	0.002596
0.910243	0.002580
0.911225	0.002564
0.912208	0.002548
0.913191	0.002532
0.914174	0.002516
0.915156	0.002500
0.916139	0.002484
0.917122	0.002468
0.918105	0.002453
0.919088	0.002437
0.920070	0.002421
0.921053	0.002405
0.922036	0.002390
0.923019	0.002374
0.924001	0.002358
0.924984	0.002343
0.925967	0.002327
0.926950	0.002312
0.927933	0.002296
0.928915	0.002281
0.929898	0.002265
0.930881	0.002250
0.931864	0.002234
0.932846	0.002219
0.933829	0.002204
0.934812	0.002189
0.935795	0.002173
0.936778	0.002158
0.937760	0.002143
0.938743	0.002128
0.939726	0.002112
0.940709	0.002097
0.941691	0.002082
0.942674	0.002067
0.943657	0.002052
0.944640	0.002037
0.945623	0.002022
0.946605	0.002007
0.947588	0.001992
0.948571	0.001978
0.949554	0.001963
0.950536	0.001948
0.951519	0.001933
0.952502	0.001918
0.953485	0.001904
0.954467	0.001889
0.955450	0.001874
0.956433	0.001860
0.957416	0.001845
0.958399	0.001831
0.959381	0.001816
0.960364	0.001801
0.961347	0.001787
0.962330	0.001773
0.963312	0.001758
0.964295	0.001744
0.965278	0.001729
0.966261	0.001715
0.967244	0.001701
0.968226	0.001687
0.969209	0.001672
0.970192	0.001658
0.971175	0.001644
0.972157	0.001630
0.973140	0.001616
0.974123	0.001602
0.975106	0.001587
0.976089	0.001573
0.977071	0.001559
0.978054	0.001545
0.979037	0.001532
0.980020	0.001518
0.981002	0.001504
0.981985	0.001490
0.982968	0.001476
0.983951	0.001462
0.984934	0.001448
0.985916	0.001435
0.986899	0.001421
0.987882	0.001407
0.988865	0.001394
0.989847	0.001380
0.990830	0.001366
0.991813	0.001353
0.992796	0.001339
0.993779	0.001326
0.994761	0.001312
0.995744	0.001299
0.996727	0.001285
0.997710	0.001272
0.998692	0.001258
0.999675	0.001245
1.000658	0.001232
1.001641	0.001218
1.002624	0.001205
1.003606	0.001192
1.004589	0.001179
1.005572	0.001165
1.006555	0.001152
1.007537	0.001139
1.008520	0.001126
1.009503	0.001113
1.010486	0.001100
1.011468	0.001087
1.012451	0.001074
1.013434	0.001060
1.014417	0.001047
1.015400	0.001034
1.016382	0.001022
1.017365	0.001009
1.018348	0.000996
1.019331	0.000983
1.020313	0.000970
1.021296	0.000957
1.022279	0.000944
1.023262	0.000931
1.024245	0.000919
1.025227	0.000906
1.026210	0.000893
1.027193	0.000880
1.028176	0.000868
1.029158	0.000855
1.030141	0.000842
1.031124	0.000830
1.032107	0.000817
1.033090	0.000804
1.034072	0.000792
1.035055	0.000779
1.036038	0.000767
1.037021	0.000754
1.038003	0.000742
1.038986	0.000729
1.039969	0.000717
1.040952	0.000704
1.041935	0.000692
1.042917	0.000679
1.043900	0.000667
1.044883	0.000654
1.045866	0.000642
1.046848	0.000630
1.047831	0.000617
1.048814	0.000605
1.049797	0.000592
1.050780	0.000580
1.051762	0.000568
1.052745	0.000556
1.053728	0.000543
1.054711	0.000531
1.055693	0.000519
1.056676	0.000507
1.057659	0.000494
1.058642	0.000482
1.059624	0.000470
1.060607	0.000458
1.061590	0.000445
1.062573	0.000433
1.063556	0.000421
1.064538	0.000409
1.065521	0.000397
1.066504	0.000385
1.067487	0.000373
1.068469	0.000360
1.069452	0.000348
1.070435	0.000336
1.071418	0.000324
1.072401	0.000312
1.073383	0.000300
1.074366	0.000288
1.075349	0.000276
1.076332	0.000264
1.077314	0.000252
1.078297	0.000240
1.079280	0.000228
1.080263	0.000216
1.081246	0.000204
1.082228	0.000192
1.083211	0.000180
1.084194	0.000168
1.085177	0.000156
1.086159	0.000144
1.087142	0.000132
1.088125	0.000120
1.089108	0.000108
1.090091	0.000096
1.091073	0.000084
1.092056	0.000072
1.093039	0.000060
1.094022	0.000048
1.095004	0.000036
1.095987	0.000024
1.096970	0.000012
1.097945	0.000018
1.098920	0.000024
1.099894	0.000030
1.100869	0.000036
1.101844	0.000042
1.102819	0.000048
1.103794	0.000054
1.104768	0.000060
1.105743	0.000066
1.106718	0.000072
1.107693	0.000078
1.108667	0.000084
1.109642	0.000090
1.110617	0.000096
1.111592	0.000102
1.112567	0.000108
1.113541	0.000114
1.114516	0.000120
1.115491	0.000126
1.116466	0.000133
1.117441	0.000139
1.118415	0.000145
1.119390	0.000151
1.120365	0.000157
1.121340	0.000163
1.122315	0.000169
1.123289	0.000176
1.124264	0.000182
1.125239	0.000188
1.126214	0.000194
1.127189	0.000200
1.128163	0.000206
1.129138	0.000213
1.130113	0.000219
1.131088	0.000225
1.132062	0.000231
1.133037	0.000238
1.134012	0.000244
1.134987	0.000250
1.135962	0.000256
1.136936	0.000263
1.137911	0.000269
1.138886	0.000275
1.139861	0.000281
1.140836	0.000288
1.141810	0.000294
1.142785	0.000300
1.143760	0.000306
1.144735	0.000313
1.145710	0.000319
1.146684	0.000325
1.147659	0.000332
1.148634	0.000338
1.149609	0.000344
1.150584	0.000351
1.151558	0.000357
1.152533	0.000363
1.153508	0.000370
1.154483	0.000376
1.155457	0.000382
1.156432	0.000389
1.157407	0.000395
1.158382	0.000401
1.159357	0.000408
1.160331	0.000414
1.161306	0.000420
1.162281	0.000427
1.163256	0.000433
1.164231	0.000440
1.165205	0.000446
1.166180	0.000452
1.167155	0.000459
1.168130	0.000465
1.169105	0.000471
1.170079	0.000478
1.171054	0.000484
1.172029	0.000491
1.173004	0.000497
1.173979	0.000503
1.174953	0.000510
1.175928	0.000516
1.176903	0.000523
1.177878	0.000529
1.178852	0.000535
1.179827	0.000542
1.180802	0.000548
1.181777	0.000555
1.182752	0.000561
1.183726	0.000567
1.184701	0.000574
1.185676	0.000580
1.186651	0.000587
1.187626	0.000593
1.188600	0.000599
1.189575	0.000606
1.190550	0.000612
1.191525	0.000619
1.192500	0.000625
1.193474	0.000631
1.194449	0.000638
1.195424	0.000644
1.196399	0.000651
1.197374	0.000657
1.198348	0.000663
1.199323	0.000670
1.200298	0.000676
1.201273	0.000683
1.202247	0.000689
1.203222	0.000695
1.204197	0.000702
1.205172	0.000708
1.206147	0.000714
1.207121	0.000721
1.208096	0.000727
1.209071	0.000733
1.210046	0.000740
1.211021	0.000746
1.211995	0.000753
1.212970	0.000759
1.213945	0.000765
1.214920	0.000772
1.215895	0.000778
1.216869	0.000784
1.217844	0.000791
1.218819	0.000797
1.219794	0.000803
1.220769	0.000809
1.221743	0.000816
1.222718	0.000822
1.223693	0.000828
1.224668	0.000835
1.225643	0.000841
1.226617	0.000847
1.227592	0.000853
1.228567	0.000860
1.229542	0.000866
1.230516	0.000872
1.231491	0.000878
1.232466	0.000884
1.233441	0.000891
1.234416	0.000897
1.235390	0.000903
1.236365	0.000909
1.237340	0.000915
1.238315	0.000922
1.239290	0.000928
1.240264	0.000934
1.241239	0.000940
1.242214	0.000946
1.243189	0.000952
1.244164	0.000958
1.245138	0.000964
1.246113	0.000970
1.247088	0.000976
1.248063	0.000982
1.249038	0.000989
1.250012	0.000995
1.250987	0.001001
1.251962	0.001007
1.252937	0.001012
1.253911	0.001018
1.254886	0.001024
1.255861	0.001030
1.256836	0.001036
1.257811	0.001042
1.258785	0.001048
1.259760	0.001054
1.260735	0.001060
1.261710	0.001066
1.262685	0.001072
1.263659	0.001077
1.264634	0.001083
1.265609	0.001089
1.266584	0.001095
1.267559	0.001100
1.268533	0.001106
1.269508	0.001112
1.270483	0.001118
1.271458	0.001123
1.272433	0.001129
1.273407	0.001135
1.274382	0.001140
1.275357	0.001146
1.276332	0.001151
1.277306	0.001157
1.278281	0.001162
1.279256	0.001168
1.280231	0.001173
1.281206	0.001179
1.282180	0.001184
1.283155	0.001190
1.284130	0.001195
1.285105	0.001201
1.286080	0.001206
1.287054	0.001211
1.288029	0.001217
1.289004	0.001222
1.289979	0.001227
1.290954	0.001232
1.291928	0.001238
1.292903	0.001243
1.293878	0.001248
1.294853	0.001253
1.295828	0.001258
1.296802	0.001263
1.297777	0.001268
1.298752	0.001273
1.299727	0.001278
1.300701	0.001283
1.301676	0.001288
1.302651	0.001293
1.303626	0.001298
1.304601	0.001303
1.305575	0.001308
1.306550	0.001313
1.307525	0.001317
1.308500	0.001322
1.309475	0.001327
1.310449	0.001331
1.311424	0.001336
1.312399	0.001341
1.313374	0.001345
1.314349	0.001350
1.315323	0.001354
1.316298	0.001359
1.317273	0.001363
1.318248	0.001368
1.319223	0.001372
1.320197	0.001376
1.321172	0.001381
1.322147	0.001385
1.323122	0.001389
1.324096	0.001393
1.325071	0.001397
1.326046	0.001402
1.327021	0.001406
1.327996	0.001410
1.328970	0.001414
1.329945	0.001418
1.330920	0.001422
1.331895	0.001425
1.332870	0.001429
1.333844	0.001433
1.334819	0.001437
1.335794	0.001441
1.336769	0.001444
1.337744	0.001448
1.338718	0.001451
1.339693	0.001455
1.340668	0.001458
1.341643	0.001462
1.342618	0.001465
1.343592	0.001469
1.344567	0.001472
1.345542	0.001475
1.346517	0.001479
1.347492	0.001482
1.348466	0.001485
1.349441	0.001488
1.350416	0.001491
1.351391	0.001494
1.352365	0.001497
1.353340	0.001500
1.354315	0.001503
1.355290	0.001505
1.356265	0.001508
1.357239	0.001511
1.358214	0.001514
1.359189	0.001516
1.360164	0.001519
1.361139	0.001521
1.362113	0.001524
1.363088	0.001526
1.364063	0.001528
1.365038	0.001531
1.366013	0.001533
1.366987	0.001535
1.367962	0.001537
1.368937	0.001539
1.369912	0.001541
1.370887	0.001543
1.371861	0.001545
1.372836	0.001547
1.373811	0.001549
1.374786	0.001550
1.375760	0.001552
1.376735	0.001554
1.377710	0.001555
1.378685	0.001557
1.379660	0.001558
1.380634	0.001559
1.381609	0.001561
1.382584	0.001562
1.383559	0.001563
1.384534	0.001564
1.385508	0.001565
1.386483	0.001566
1.387458	0.001567
1.388433	0.001568
1.389408	0.001569
1.390382	0.001570
1.391357	0.001570
1.392332	0.001571
1.393307	0.001571
1.394282	0.001572
1.395256	0.001572
1.396231	0.001573
1.397206	0.001573
1.398181	0.001573
1.399155	0.001573
1.400130	0.001573
1.401105	0.001573
1.402080	0.001573
1.403055	0.001573
1.404029	0.001573
1.405004	0.001573
1.405979	0.001572
1.406954	0.001572
1.407929	0.001571
1.408903	0.001571
1.409878	0.001570
1.410853	0.001569
1.411828	0.001569
1.412803	0.001568
1.413777	0.001567
1.414752	0.001566
1.415727	0.001565
1.416702	0.001564
1.417677	0.001562
1.418651	0.001561
1.419626	0.001560
1.420601	0.001558
1.421576	0.001557
1.422550	0.001555
1.423525	0.001553
1.424500	0.001552
1.425475	0.001550
1.426450	0.001548
1.427424	0.001546
1.428399	0.001544
1.429374	0.001542
1.430349	0.001539
1.431324	0.001537
1.432298	0.001535
1.433273	0.001532
1.434248	0.001530
1.435223	0.001527
1.436198	0.001524
1.437172	0.001521
1.438147	0.001519
1.439122	0.001516
1.440097	0.001512
1.441072	0.001509
1.442046	0.001506
1.443021	0.001503
1.443996	0.001499
1.444971	0.001496
1.445946	0.001492
1.446920	0.001489
1.447895	0.001485
1.448870	0.001481
1.449845	0.001477
1.450819	0.001473
1.451794	0.001469
1.452769	0.001465
1.453744	0.001461
1.454719	0.001457
1.455693	0.001452
1.456668	0.001448
1.457643	0.001443
1.458618	0.001438
1.459593	0.001434
1.460567	0.001429
1.461542	0.001424
1.462517	0.001419
1.463492	0.001414
1.464467	0.001408
1.465441	0.001403
1.466416	0.001398
1.467391	0.001392
1.468366	0.001387
1.469341	0.001381
1.470315	0.001375
1.471290	0.001369
1.472265	0.001364
1.473240	0.001357
1.474214	0.001351
1.475189	0.001345
1.476164	0.001339
1.477139	0.001332
1.478114	0.001326
1.479088	0.001319
1.480063	0.001313
1.481038	0.001306
1.482013	0.001299
1.482988	0.001292
1.483962	0.001285
1.484937	0.001278
1.485912	0.001271
1.486887	0.001264
1.487862	0.001256
1.488836	0.001249
1.489811	0.001241
1.490786	0.001233
1.491761	0.001226
1.492736	0.001218
1.493710	0.001210
1.494685	0.001202
1.495660	0.001193
1.496635	0.001185
1.497609	0.001177
1.498584	0.001168
1.499559	0.001160
1.500534	0.001151
1.501509	0.001142
1.502483	0.001134
1.503458	0.001125
1.504433	0.001116
1.505408	0.001107
1.506383	0.001097
1.507357	0.001088
1.508332	0.001079
1.509307	0.001069
1.510282	0.001059
1.511257	0.001050
1.512231	0.001040
1.513206	0.001030
1.514181	0.001020
1.515156	0.001010
1.516131	0.001000
1.517105	0.000989
1.518080	0.000979
1.519055	0.000969
1.520030	0.000958
1.521004	0.000947
1.521979	0.000937
1.522954	0.000926
1.523929	0.000915
1.524904	0.000904
1.525878	0.000892
1.526853	0.000881
1.527828	0.000870
1.528803	0.000858
1.529778	0.000847
1.530752	0.000835
1.531727	0.000823
1.532702	0.000811
1.533677	0.000799
1.534652	0.000787
1.535626	0.000775
1.536601	0.000763
1.537576	0.000750
1.538551	0.000738
1.539526	0.000725
1.540500	0.000712
1.541475	0.000699
1.542450	0.000687
1.543425	0.000673
1.544399	0.000660
1.545374	0.000647
1.546349	0.000634
1.547324	0.000620
1.548299	0.000607
1.549273	0.000593
1.550248	0.000579
1.551223	0.000565
1.552198	0.000551
1.553173	0.000537
1.554147	0.000523
1.555122	0.000508
1.556097	0.000494
1.557072	0.000479
1.558047	0.000465
1.559021	0.000450
1.559996	0.000435
1.560971	0.000420
1.561946	0.000405
1.562921	0.000389
1.563895	0.000374
1.564870	0.000358
1.565845	0.000343
1.566820	0.000327
1.567795	0.000311
1.568769	0.000295
1.569744	0.000278
1.570719	0.000262
1.571694	0.000246
1.572668	0.000229
1.573643	0.000212
1.574618	0.000195
1.575593	0.000178
1.576568	0.000161
1.577542	0.000144
1.578517	0.000127
1.579492	0.000109
1.580467	0.000091
1.581442	0.000073
1.582416	0.000055
1.583391	0.000037
1.584366	0.000019
1.585349	0.000038
1.586332	0.000056
1.587314	0.000075
1.588297	0.000094
1.589280	0.000113
1.590263	0.000132
1.591245	0.000150
1.592228	0.000169
1.593211	0.000188
1.594194	0.000207
1.595176	0.000226
1.596159	0.000245
1.597142	0.000264
1.598125	0.000283
1.599108	0.000302
1.600090	0.000321
1.601073	0.000340
1.602056	0.000359
1.603039	0.000378
1.604021	0.000397
1.605004	0.000416
1.605987	0.000435
1.606970	0.000454
1.607953	0.000473
1.608935	0.000493
1.609918	0.000512
1.610901	0.000531
1.611884	0.000551
1.612866	0.000570
1.613849	0.000590
1.614832	0.000609
1.615815	0.000629
1.616798	0.000648
1.617780	0.000668
1.618763	0.000688
1.619746	0.000707
1.620729	0.000727
1.621711	0.000747
1.622694	0.000767
1.623677	0.000787
1.624660	0.000807
1.625643	0.000827
1.626625	0.000847
1.627608	0.000867
1.628591	0.000888
1.629574	0.000908
1.630556	0.000929
1.631539	0.000949
1.632522	0.000970
1.633505	0.000990
1.634488	0.001011
1.635470	0.001032
1.636453	0.001053
1.637436	0.001074
1.638419	0.001095
1.639401	0.001116
1.640384	0.001137
1.641367	0.001159
1.642350	0.001180
1.643333	0.001202
1.644315	0.001223
1.645298	0.001245
1.646281	0.001267
1.647264	0.001289
1.648246	0.001311
1.649229	0.001333
1.650212	0.001355
1.651195	0.001377
1.652177	0.001400
1.653160	0.001422
1.654143	0.001445
1.655126	0.001468
1.656109	0.001491
1.657091	0.001514
1.658074	0.001537
1.659057	0.001560
1.660040	0.001584
1.661022	0.001607
1.662005	0.001631
1.662988	0.001655
1.663971	0.001679
1.664954	0.001703
1.665936	0.001727
1.666919	0.001751
1.667902	0.001776
1.668885	0.001800
1.669867	0.001825
1.670850	0.001850
1.671833	0.001875
1.672816	0.001900
1.673799	0.001926
1.674781	0.001951
1.675764	0.001977
1.676747	0.002003
1.677730	0.002029
1.678712	0.002055
1.679695	0.002082
1.680678	0.002108
1.681661	0.002135
1.682644	0.002162
1.683626	0.002189
1.684609	0.002217
1.685592	0.002244
1.686575	0.002272
1.687557	0.002300
1.688540	0.002328
1.689523	0.002356
1.690506	0.002384
1.691489	0.002413
1.692471	0.002442
1.693454	0.002471
1.694437	0.002501
1.695420	0.002530
1.696402	0.002560
1.697385	0.002590
1.698368	0.002620
1.699351	0.002651
1.700333	0.002681
1.701316	0.002712
1.702299	0.002743
1.703282	0.002775
1.704265	0.002807
1.705247	0.002838
1.706230	0.002871
1.707213	0.002903
1.708196	0.002936
1.709178	0.002969
1.710161	0.003002
1.711144	0.003035
1.712127	0.003069
1.713110	0.003103
1.714092	0.003138
1.715075	0.003172
1.716058	0.003207
1.717041	0.003242
1.718023	0.003278
1.719006	0.003314
1.719989	0.003350
1.720972	0.003386
1.721955	0.003423
1.722937	0.003460
1.723920	0.003498
1.724903	0.003535
1.725886	0.003573
1.726868	0.003612
1.727851	0.003651
1.728834	0.003690
1.729817	0.003729
1.730800	0.003769
1.731782	0.003809
1.732765	0.003850
1.733748	0.003891
1.734731	0.003932
1.735713	0.003974
1.736696	0.004016
1.737679	0.004058
1.738662	0.004101
1.739645	0.004145
1.740627	0.004188
1.741610	0.004233
1.742593	0.004277
1.743576	0.004322
1.744558	0.004368
1.745541	0.004413
1.746524	0.004460
1.747507	0.004507
1.748489	0.004554
1.749472	0.004602
1.750455	0.004650
1.751438	0.004698
1.752421	0.004748
1.753403	0.004797
1.754386	0.004847
1.755369	0.004898
1.756352	0.004949
1.757334	0.005001
1.758317	0.005053
1.759300	0.005106
1.760283	0.005159
1.761266	0.005213
1.762248	0.005268
1.763231	0.005323
1.764214	0.005378
1.765197	0.005435
1.766179	0.005491
1.767162	0.005549
1.768145	0.005607
1.769128	0.005666
1.770111	0.005725
1.771093	0.005785
1.772076	0.005845
1.773059	0.005907
1.774042	0.005969
1.775024	0.006031
1.776007	0.006094
1.776990	0.006158
1.777973	0.006223
1.778956	0.006289
1.779938	0.006355
1.780921	0.006422
1.781904	0.006489
1.782887	0.006558
1.783869	0.006627
1.784852	0.006697
1.785835	0.006768
1.786818	0.006840
1.787801	0.006912
1.788783	0.006985
1.789766	0.007060
1.790749	0.007135
1.791732	0.007211
1.792714	0.007287
1.793697	0.007365
1.794680	0.007444
1.795663	0.007523
1.796645	0.007604
1.797628	0.007686
1.798611	0.007768
1.799594	0.007852
1.800577	0.007936
1.801559	0.008022
1.802542	0.008108
1.803525	0.008196
1.804508	0.008285
1.805490	0.008375
1.806473	0.008466
1.807456	0.008558
1.808439	0.008651
1.809422	0.008745
1.810404	0.008841
1.811387	0.008938
1.812370	0.009036
1.813353	0.009135
1.814335	0.009236
1.815318	0.009338
1.816301	0.009441
1.817284	0.009546
1.818267	0.009652
1.819249	0.009759
1.820232	0.009868
1.821215	0.009978
1.822198	0.010090
1.823180	0.010203
1.824163	0.010317
1.825146	0.010433
1.826129	0.010551
1.827112	0.010670
1.828094	0.010791
1.829077	0.010914
1.830060	0.011038
1.831043	0.011164
1.832025	0.011292
1.833008	0.011421
1.833991	0.011552
1.834974	0.011685
1.835957	0.011820
1.836939	0.011957
1.837922	0.012096
1.838905	0.012236
1.839888	0.012379
1.840870	0.012524
1.841853	0.012671
1.842836	0.012820
1.843819	0.012971
1.844801	0.013124
1.845784	0.013279
1.846767	0.013437
1.847750	0.013597
1.848733	0.013759
1.849715	0.013924
1.850698	0.014091
1.851681	0.014261
1.852664	0.014433
1.853646	0.014608
1.854629	0.014785
1.855612	0.014965
1.856595	0.015148
1.857578	0.015334
1.858560	0.015522
1.859543	0.015714
1.860526	0.015908
1.861509	0.016105
1.862491	0.016305
1.863474	0.016509
1.864457	0.016715
1.865440	0.016925
1.866423	0.017138
1.867405	0.017355
1.868388	0.017575
1.869371	0.017798
1.870354	0.018026
1.871336	0.018256
1.872319	0.018491
1.873302	0.018729
1.874285	0.018971
1.875268	0.019217
1.876250	0.019467
1.877233	0.019721
1.878216	0.019979
1.879199	0.020242
1.880181	0.020509
1.881164	0.020780
1.882147	0.021056
1.883130	0.021336
1.884113	0.021621
1.885095	0.021911
1.886078	0.022206
1.887061	0.022505
1.888044	0.022810
1.889026	0.023120
1.890009	0.023435
1.890992	0.023756
1.891975	0.024082
1.892958	0.024413
1.893940	0.024750
1.894923	0.025093
1.895906	0.025442
1.896889	0.025797
1.897871	0.026158
1.898854	0.026525
1.899837	0.026898
1.900820	0.027278
1.901802	0.027664
1.902785	0.028057
1.903768	0.028456
1.904751	0.028863
1.905734	0.029276
1.906716	0.029696
1.907699	0.030124
1.908682	0.030558
1.909665	0.031000
1.910647	0.031449
1.911630	0.031906
1.912613	0.032370
1.913596	0.032842
1.914579	0.033321
1.915561	0.033808
1.916544	0.034303
1.917527	0.034805
1.918510	0.035316
1.919492	0.035834
1.920475	0.036360
1.921458	0.036893
1.922441	0.037435
1.923424	0.037984
1.924406	0.038541
1.925389	0.039105
1.926372	0.039677
1.927355	0.040256
1.928337	0.040843
1.929320	0.041436
1.930303	0.042037
1.931286	0.042644
1.932269	0.043258
1.933251	0.043877
1.934234	0.044503
1.935217	0.045135
1.936200	0.045771
1.937182	0.046413
1.938165	0.047059
1.939148	0.047710
1.940131	0.048365
1.941114	0.049023
1.942096	0.049684
1.943079	0.050348
1.944062	0.051014
1.945045	0.051682
1.946027	0.052351
1.947010	0.053021
1.947993	0.053692
1.948976	0.054363
1.949958	0.055033
1.950941	0.055702
1.951924	0.056371
1.952907	0.057037
1.953890	0.057702
1.954872	0.058364
1.955855	0.059024
1.956838	0.059680
1.957821	0.060333
1.958803	0.060982
1.959786	0.061627
1.960769	0.062268
1.961752	0.062904
1.962735	0.063536
1.963717	0.064162
1.964700	0.064783
1.965683	0.065399
1.966666	0.066010
1.967648	0.066615
1.968631	0.067214
1.969614	0.067807
1.970597	0.068394
1.971580	0.068976
1.972562	0.069551
1.973545	0.070120
1.974528	0.070683
1.975511	0.071240
1.976493	0.071791
1.977476	0.072335
1.978459	0.072874
1.979442	0.073406
1.980425	0.073931
1.981407	0.074451
1.982390	0.074964
1.983373	0.075470
1.984356	0.075970
1.985338	0.076464
1.986321	0.076951
1.987304	0.077433
1.988287	0.077910
1.989270	0.078380
1.990252	0.078844
1.991235	0.079301
1.992218	0.079751
1.993201	0.080195
1.994183	0.080632
1.995166	0.081063
1.996149	0.081488
1.997132	0.081907
1.998114	0.082322
1.999097	0.082732
2.000080	0.083137
2.001063	0.083538
2.002046	0.083932
2.003028	0.084320
2.004011	0.084701
2.004994	0.085075
2.005977	0.085442
2.006959	0.085802
2.007942	0.086156
2.008925	0.086503
2.009908	0.086845
2.010891	0.087181
2.011873	0.087512
2.012856	0.087839
2.013839	0.088162
2.014822	0.088481
2.015804	0.088798
2.016787	0.089112
2.017770	0.089422
2.018753	0.089727
2.019736	0.090025
2.020718	0.090316
2.021701	0.090600
2.022684	0.090877
2.023667	0.091147
2.024649	0.091410
2.025632	0.091667
2.026615	0.091918
2.027598	0.092163
2.028581	0.092402
2.029563	0.092635
2.030546	0.092863
2.031529	0.093087
2.032512	0.093305
2.033494	0.093518
2.034477	0.093727
2.035460	0.093933
2.036443	0.094134
2.037426	0.094333
2.038408	0.094530
2.039391	0.094726
2.040374	0.094920
2.041357	0.095113
2.042339	0.095301
2.043322	0.095481
2.044305	0.095655
2.045288	0.095820
2.046270	0.095979
2.047253	0.096130
2.048236	0.096275
2.049219	0.096414
2.050202	0.096547
2.051184	0.096673
2.052167	0.096795
2.053150	0.096910
2.054133	0.097020
2.055115	0.097125
2.056098	0.097225
2.057081	0.097319
2.058064	0.097408
2.059047	0.097492
2.060029	0.097571
2.061012	0.097645
2.061995	0.097713
2.062978	0.097777
2.063960	0.097836
2.064943	0.097891
2.065926	0.097940
2.066909	0.097985
2.067892	0.098025
2.068874	0.098060
2.069857	0.098091
2.070840	0.098118
2.071823	0.098142
2.072805	0.098161
2.073788	0.098178
2.074771	0.098194
2.075754	0.098209
2.076737	0.098225
2.077719	0.098241
2.078702	0.098254
2.079685	0.098258
2.080668	0.098254
2.081650	0.098241
2.082633	0.098221
2.083616	0.098193
2.084599	0.098159
2.085582	0.098118
2.086564	0.098072
2.087547	0.098019
2.088530	0.097961
2.089513	0.097897
2.090495	0.097827
2.091478	0.097752
2.092461	0.097671
2.093444	0.097585
2.094426	0.097494
2.095409	0.097397
2.096392	0.097295
2.097375	0.097188
2.098358	0.097075
2.099340	0.096957
2.100323	0.096834
2.101306	0.096705
2.102289	0.096571
2.103271	0.096432
2.104254	0.096288
2.105237	0.096138
2.106220	0.095983
2.107203	0.095822
2.108185	0.095657
2.109168	0.095486
2.110151	0.095309
2.111134	0.095128
2.112116	0.094941
2.113099	0.094748
2.114082	0.094550
2.115065	0.094347
2.116048	0.094138
2.117030	0.093924
2.118013	0.093705
2.118996	0.093480
2.119979	0.093249
2.120961	0.093013
2.121944	0.092772
2.122927	0.092525
2.123910	0.092272
2.124893	0.092014
2.125875	0.091751
2.126858	0.091481
2.127841	0.091207
2.128824	0.090926
2.129806	0.090640
2.130789	0.090349
2.131772	0.090051
2.132755	0.089748
2.133738	0.089440
2.134720	0.089126
2.135703	0.088807
2.136686	0.088482
2.137669	0.088153
2.138651	0.087818
2.139634	0.087480
2.140617	0.087139
2.141600	0.086798
2.142583	0.086461
2.143565	0.086131
2.144548	0.085787
2.145531	0.085428
2.146514	0.085058
2.147496	0.084678
2.148479	0.084289
2.149462	0.083891
2.150445	0.083486
2.151427	0.083074
2.152410	0.082654
2.153393	0.082227
2.154376	0.081793
2.155359	0.081352
2.156341	0.080904
2.157324	0.080449
2.158307	0.079987
2.159290	0.079518
2.160272	0.079042
2.161255	0.078559
2.162238	0.078068
2.163221	0.077571
2.164204	0.077066
2.165186	0.076554
2.166169	0.076034
2.167152	0.075508
2.168135	0.074974
2.169117	0.074432
2.170100	0.073883
2.171083	0.073327
2.172066	0.072763
2.173049	0.072191
2.174031	0.071612
2.175014	0.071024
2.175997	0.070429
2.176980	0.069826
2.177962	0.069215
2.178945	0.068596
2.179928	0.067968
2.180911	0.067333
2.181894	0.066689
2.182876	0.066037
2.183859	0.065376
2.184842	0.064707
2.185825	0.064029
2.186807	0.063342
2.187790	0.062646
2.188773	0.061942
2.189756	0.061228
2.190739	0.060505
2.191721	0.059773
2.192704	0.059031
2.193687	0.058280
2.194670	0.057520
2.195652	0.056749
2.196635	0.055969
2.197618	0.055178
2.198601	0.054378
2.199583	0.053566
2.200566	0.052745
2.201549	0.051913
2.202532	0.051069
2.203515	0.050215
2.204497	0.049349
2.205480	0.048472
2.206463	0.047583
2.207446	0.046681
2.208428	0.045768
2.209411	0.044841
2.210394	0.043901
2.211377	0.042947
2.212360	0.041979
2.213342	0.040994
2.214325	0.039993
2.215308	0.038971
2.216291	0.037928
2.217273	0.036862
2.218256	0.035795
2.219239	0.034722
2.220222	0.033638
2.221205	0.032540
2.222187	0.031425
2.223170	0.030292
2.224153	0.029140
2.225136	0.027967
2.226118	0.026778
2.227101	0.025582
2.228084	0.024383
2.229067	0.023187
2.230050	0.021999
2.231032	0.020824
2.232015	0.019663
2.232998	0.018519
2.233981	0.017392
2.234963	0.016282
2.235946	0.015188
2.236929	0.014109
2.237912	0.013044
2.238895	0.011993
2.239877	0.010953
2.240860	0.009925
2.241843	0.008906
2.242826	0.007895
2.243808	0.006892
2.244791	0.005896
2.245774	0.004905
2.246757	0.003918
2.247739	0.002936
2.248722	0.001956
2.249705	0.000977
2.250688	0.000000
2.251671	0.000000
2.252653	0.000000
2.253636	0.000000
2.254619	0.000000
2.255602	0.000000
2.256584	0.000000
2.257567	0.000000
2.258550	0.000000
2.259533	0.000000
2.260516	0.000000
2.261498	0.000000
2.262481	0.000000
2.263464	0.000000
2.264447	0.000000
2.265429	0.000000
2.266412	0.000000
2.267395	0.000000
2.268378	0.000000
2.269361	0.000000
2.270343	0.000000
2.271326	0.000000
2.272309	0.000000
2.273292	0.000000
2.274274	0.000000
2.275257	0.000000
2.276240	0.000000
2.277223	0.000000
2.278206	0.000000
2.279188	0.000000
2.280171	0.000000
2.281154	0.000000
2.282137	0.000000
2.283119	0.000000
2.284102	0.000000
2.285085	0.000000
2.286068	0.000000
2.287051	0.000000
2.288033	0.000000
2.289016	0.000000
2.289999	0.000000
2.290982	0.000000
2.291964	0.000000
2.292947	0.000000
2.293930	0.000000
2.294913	0.000000
2.295895	0.000000
2.296878	0.000000
2.297861	0.000000
2.298844	0.000000
2.299827	0.000000
2.300809	0.000000
2.301792	0.000000
2.302775	0.000000
2.303758	0.000000
2.304740	0.000000
2.305723	0.000000
2.306706	0.000000
2.307689	0.000000
2.308672	0.000000
2.309654	0.000000
2.310637	0.000000
2.311620	0.000000
2.312603	0.000000
2.313585	0.000000
2.314568	0.000000
2.315551	0.000000
2.316534	0.000000
2.317517	0.000000
2.318499	0.000000
2.319482	0.000000
2.320465	0.000000
2.321448	0.000000
2.322430	0.000000
2.323413	0.000000
2.324396	0.000000
2.325379	0.000000
2.326362	0.000000
2.327344	0.000000
2.328327	0.000000
2.329310	0.000000
2.330293	0.000000
2.331275	0.000000
2.332258	0.000000
2.333241	0.000000
2.334224	0.000000
2.335207	0.000000
2.336189	0.000000
2.337172	0.000000
2.338155	0.000000
2.339138	0.000000
2.340120	0.000000
2.341103	0.000000
2.342086	0.000000
2.343069	0.000000
2.344051	0.000000
2.345034	0.000000
2.346017	0.000000
2.347000	0.000000
2.347983	0.000000
2.348965	0.000000
2.349948	0.000000
2.350931	0.000000
2.351914	0.000000
2.352896	0.000000
2.353879	0.000000
2.354862	0.000000
2.355845	0.000000
2.356828	0.000000
2.357810	0.000000
2.358793	0.000000
2.359776	0.000000
2.360759	0.000000
2.361741	0.000000
2.362724	0.000000
2.363707	0.000000
2.364690	0.000000
2.365673	0.000000
2.366655	0.000000
2.367638	0.000000
2.368621	0.000000
2.369604	0.000000
2.370586	0.000000
2.371569	0.000000
2.372552	0.000000
2.373535	0.000000
2.374518	0.000000
2.375500	0.000000
2.376483	0.000000
2.377466	0.000000
2.378449	0.000000
2.379431	0.000000
2.380414	0.000000
2.381397	0.000000
2.382380	0.000000
2.383363	0.000000
2.384345	0.000000
2.385328	0.000000
2.386311	0.000000
2.387294	0.000000
2.388276	0.000000
2.389259	0.000000
2.390242	0.000000
2.391225	0.000000
2.392208	0.000000
2.393190	0.000000
2.394173	0.000000
2.395156	0.000000
2.396139	0.000000
2.397121	0.000000
2.398104	0.000000
2.399087	0.000000
2.400070	0.000000
2.401052	0.000000
2.402035	0.000000
2.403018	0.000000
2.404001	0.000000
2.404984	0.000000
2.405966	0.000000
2.406949	0.000000
2.407932	0.000000
2.408915	0.000000
2.409897	0.000000
2.410880	0.000000
2.411863	0.000000
2.412846	0.000000
2.413829	0.000000
2.414811	0.000000
2.415794	0.000000
2.416777	0.000000
2.417760	0.000000
2.418742	0.000000
2.419725	0.000000
2.420708	0.000000
2.421691	0.000000
2.422674	0.000000
2.423656	0.000000
2.424639	0.000000
2.425622	0.000000
2.426605	0.000000
2.427587	0.000000
2.428570	0.000000
2.429553	0.000000
2.430536	0.000000
2.431519	0.000000
2.432501	0.000000
2.433484	0.000000
2.434467	0.000000
2.435450	0.000000
2.436432	0.000000
2.437415	0.000000
2.438398	0.000000
2.439381	0.000000
2.440364	0.000000
2.441346	0.000000
2.442329	0.000000
2.443312	0.000000
2.444295	0.000000
2.445277	0.000000
2.446260	0.000000
2.447243	0.000000
2.448226	0.000000
2.449208	0.000000
2.450191	0.000000
2.451174	0.000000
2.452157	0.000000
2.453140	0.000000
2.454122	0.000000
2.455105	0.000000
2.456088	0.000000
2.457071	0.000000
2.458053	0.000000
2.459036	0.000000
2.460019	0.000000
2.461002	0.000000
2.461985	0.000000
2.462967	0.000000
2.463950	0.000000
2.464933	0.000000
2.465916	0.000000
2.466898	0.000000
2.467881	0.000000
2.468864	0.000000
2.469847	0.000000
2.470830	0.000000
2.471812	0.000000
2.472795	0.000000
2.473778	0.000000
2.474761	0.000000
2.475743	0.000000
2.476726	0.000000
2.477709	0.000000
2.478692	0.000000
2.479675	0.000000
2.480657	0.000000
2.481640	0.000000
2.482623	0.000000
2.483606	0.000000
2.484588	0.000000
2.485571	0.000000
2.486554	0.000000
2.487537	0.000000
2.488520	0.000000
2.489502	0.000000
2.490485	0.000000
2.491468	0.000000
2.492451	0.000000
2.493433	0.000000
2.494416	0.000000
2.495399	-0.000000
2.496382	0.000000
2.497364	-0.000000
2.498347	0.000000
2.499330	0.000000
2.500313	0.000000
2.501296	0.000000
2.502278	0.000000
2.503261	-0.000000
2.504244	0.000000
2.505227	0.000000
2.506209	0.000000
2.507192	0.000000
2.508175	0.000000
2.509158	0.000000
2.510141	0.000000
2.511123	0.000000
2.512106	0.000000
2.513089	0.000000
2.514072	0.000000
2.515054	0.000000
2.516037	0.000000
2.517020	0.000000
2.518003	-0.000000
2.518986	0.000000
2.519968	0.000000
2.520951	0.000000
2.521934	0.000000
2.522917	-0.000000
2.523899	-0.000000
2.524882	0.000000
2.525865	0.000000
2.526848	0.000000
2.527831	-0.000000
2.528813	0.000000
2.529796	0.000000
2.530779	0.000000
2.531762	0.000000
2.532744	-0.000000
2.533727	0.000000
2.534710	-0.000000
2.535693	-0.000000
2.536676	0.000000
2.537658	0.000000
2.538641	0.000000
2.539624	0.000000
2.540607	0.000000
2.541589	0.000000
2.542572	0.000000
2.543555	-0.000000
2.544538	-0.000000
2.545520	-0.000000
2.546503	0.000000
2.547486	0.000000
2.548469	-0.000000
2.549452	-0.000000
2.550434	0.000000
2.551417	-0.000000
2.552400	0.000000
2.553383	-0.000000
2.554365	0.000000
2.555348	0.000000
2.556331	0.000000
2.557314	0.000000
2.558297	0.000000
2.559279	-0.000000
2.560262	0.000000
2.561245	0.000000
2.562228	0.000000
2.563210	-0.000000
2.564193	0.000000
2.565176	0.000000
2.566159	0.000000
2.567142	0.000000
2.568124	0.000000
2.569107	-0.000000
2.570090	-0.000000
2.571073	0.000000
2.572055	0.000000
2.573038	-0.000000
2.574021	-0.000000
2.575004	0.000000
2.575987	-0.000000
2.576969	-0.000000
2.577952	0.000000
2.578935	-0.000000
2.579918	0.000000
2.580900	0.000000
2.581883	-0.000000
2.582866	-0.000000
2.583849	0.000000
2.584832	0.000000
2.585814	-0.000000
2.586797	0.000000
2.587780	-0.000000
2.588763	-0.000000
2.589745	0.000000
2.590728	-0.000000
2.591711	-0.000000
2.592694	0.000000
2.593676	0.000000
2.594659	-0.000000
2.595642	-0.000000
2.596625	0.000000
2.597608	0.000000
2.598590	0.000000
2.599573	0.000000
2.600556	0.000000
2.601539	-0.000000
2.602521	0.000000
2.603504	0.000000
2.604487	0.000000
2.605470	-0.000000
2.606453	0.000000
2.607435	0.000000
2.608418	0.000000
2.609401	0.000000
2.610384	0.000000
2.611366	-0.000000
2.612349	0.000000
2.613332	-0.000000
2.614315	0.000000
2.615298	-0.000000
2.616280	-0.000000
2.617263	0.000000
2.618246	0.000000
2.619229	-0.000000
2.620211	-0.000000
2.621194	-0.000000
2.622177	0.000000
2.623160	0.000000
2.624143	0.000000
2.625125	0.000000
2.626108	0.000000
2.627091	0.000000
2.628074	0.000000
2.629056	-0.000000
2.630039	-0.000000
2.631022	0.000000
2.632005	-0.000000
2.632988	0.000000
2.633970	0.000000
2.634953	0.000000
2.635936	0.000000
2.636919	-0.000000
2.637901	0.000000
2.638884	0.000000
2.639867	0.000000
2.640850	-0.000000
2.641833	-0.000000
2.642815	0.000000
2.643798	0.000000
2.644781	0.000000
2.645764	0.000000
2.646746	-0.000000
2.647729	0.000000
2.648712	0.000000
2.649695	0.000000
2.650677	0.000000
2.651660	0.000000
2.652643	0.000000
2.653626	0.000000
2.654609	0.000000
2.655591	0.000000
2.656574	0.000000
2.657557	0.000000
2.658540	0.000000
2.659522	0.000000
2.660505	0.000000
2.661488	-0.000000
2.662471	0.000000
2.663454	0.000000
2.664436	0.000000
2.665419	0.000000
2.666402	0.000000
2.667385	-0.000000
2.668367	0.000000
2.669350	-0.000000
2.670333	0.000000
2.671316	0.000000
2.672299	0.000000
2.673281	0.000000
2.674264	0.000000
2.675247	0.000000
2.676230	0.000000
2.677212	0.000000
2.678195	0.000000
2.679178	0.000000
2.680161	0.000000
2.681144	0.000000
2.682126	0.000000
2.683109	0.000000
2.684092	0.000000
2.685075	0.000000
2.686057	0.000000
2.687040	0.000000
2.688023	0.000000
2.689006	0.000000
2.689989	0.000000
2.690971	0.000000
2.691954	0.000000
2.692937	0.000000
2.693920	0.000000
2.694902	0.000000
2.695885	0.000000
2.696868	0.000000
2.697851	0.000000
2.698833	0.000000
2.699816	0.000000
2.700799	0.000000
2.701782	0.000000
2.702765	0.000000
2.703747	0.000000
2.704730	0.000000
2.705713	0.000000
2.706696	0.000000
2.707678	0.000000
2.708661	0.000000
2.709644	0.000000
2.710627	0.000000
2.711610	0.000000
2.712592	0.000000
2.713575	0.000000
2.714558	0.000000
2.715541	0.000000
2.716523	0.000000
2.717506	0.000000
2.718489	0.000000
2.719472	0.000000
2.720455	0.000000
2.721437	0.000000
2.722420	0.000000
2.723403	0.000000
2.724386	0.000000
2.725368	0.000000
2.726351	0.000000
2.727334	0.000000
2.728317	0.000000
2.729300	0.000000
2.730282	0.000000
2.731265	0.000000
2.732248	0.000000
2.733231	0.000000
2.734213	0.000000
2.735196	0.000000
2.736179	0.000000
2.737162	0.000000
2.738145	0.000000
2.739127	0.000000
2.740110	0.000000
2.741093	0.000000
2.742076	0.000000
2.743058	0.000000
2.744041	0.000000
2.745024	0.000000
2.746007	0.000000
2.746989	0.000000
2.747972	0.000000
2.748955	0.000000
2.749938	0.000000
2.750921	0.000000
2.751903	0.000000
2.752886	0.000000
2.753869	0.000000
2.754852	0.000000
2.755834	0.000000
2.756817	0.000000
2.757800	0.000000
2.758783	0.000000
2.759766	0.000000
2.760748	0.000000
2.761731	0.000000
2.762714	0.000000
2.763697	0.000000
2.764679	0.000000
2.765662	0.000000
2.766645	0.000000
2.767628	0.000000
2.768611	0.000000
2.769593	0.000000
2.770576	0.000000
2.771559	0.000000
2.772542	0.000000
2.773524	0.000000
2.774507	0.000000
2.775490	0.000000
2.776473	0.000000
2.777456	0.000000
2.778438	0.000000
2.779421	0.000000
2.780404	0.000000
2.781387	0.000000
2.782369	0.000000
2.783352	0.000000
2.784335	0.000000
2.785318	0.000000
2.786301	0.000000
2.787283	0.000000
2.788266	0.000000
2.789249	0.000000
2.790232	0.000000
2.791214	0.000000
2.792197	0.000000
2.793180	0.000000
2.794163	0.000000
2.795145	0.000000
2.796128	0.000000
2.797111	0.000000
2.798094	0.000000
2.799077	0.000000
2.800059	0.000000
2.801042	0.000000
2.802025	0.000000
2.803008	0.000000
2.803990	0.000000
2.804973	0.000000
2.805956	0.000000
2.806939	0.000000
2.807922	0.000000
2.808904	0.000000
2.809887	0.000000
2.810870	0.000000
2.811853	0.000000
2.812835	0.000000
2.813818	0.000000
2.814801	0.000000
2.815784	0.000000
2.816767	0.000000
2.817749	0.000000
2.818732	0.000000
2.819715	0.000000
2.820698	0.000000
2.821680	0.000000
2.822663	0.000000
2.823646	0.000000
2.824629	0.000000
2.825612	0.000000
2.826594	0.000000
2.827577	0.000000
2.828560	0.000000
2.829543	0.000000
2.830525	0.000000
2.831508	0.000000
2.832491	0.000000
2.833474	0.000000
2.834457	0.000000
2.835439	0.000000
2.836422	0.000000
2.837405	0.000000
2.838388	0.000000
2.839370	0.000000
2.840353	0.000000
2.841336	0.000000
2.842319	0.000000
2.843301	0.000000
2.844284	0.000000
2.845267	0.000000
2.846250	0.000000
2.847233	0.000000
2.848215	0.000000
2.849198	0.000000
2.850181	0.000000
2.851164	0.000000
2.852146	0.000000
2.853129	0.000000
2.854112	0.000000
2.855095	0.000000
2.856078	0.000000
2.857060	0.000000
2.858043	0.000000
2.859026	0.000000
2.860009	0.000000
2.860991	0.000000
2.861974	0.000000
2.862957	0.000000
2.863940	0.000000
2.864923	0.000000
2.865905	0.000000
2.866888	0.000000
2.867871	0.000000
2.868854	0.000000
2.869836	0.000000
2.870819	0.000000
2.871802	0.000000
2.872785	0.000000
2.873768	0.000000
2.874750	0.000000
2.875733	0.000000
2.876716	0.000000
2.877699	0.000000
2.878681	0.000000
2.879664	0.000000
2.880647	0.000000
2.881630	0.000000
2.882613	0.000000
2.883595	0.000000
2.884578	0.000000
2.885561	0.000000
2.886544	0.000000
2.887526	0.000000
2.888509	0.000000
2.889492	0.000000
2.890475	0.000000
2.891458	0.000000
2.892440	0.000000
2.893423	0.000000
2.894406	0.000000
2.895389	0.000000
2.896371	0.000000
2.897354	0.000000
2.898337	0.000000
2.899320	0.000000
2.900302	0.000000
2.901285	0.000000
2.902268	0.000000
2.903251	0.000000
2.904234	0.000000
2.905216	0.000000
2.906199	0.000000
2.907182	0.000000
2.908165	0.000000
2.909147	0.000000
2.910130	0.000000
2.911113	0.000000
2.912096	0.000000
2.913079	0.000000
2.914061	0.000000
2.915044	0.000977
2.916027	0.001956
2.917010	0.002936
2.917992	0.003918
2.918975	0.004905
2.919958	0.005896
2.920941	0.006892
2.921924	0.007895
2.922906	0.008906
2.923889	0.009925
2.924872	0.010953
2.925855	0.011993
2.926837	0.013044
2.927820	0.014109
2.928803	0.015188
2.929786	0.016282
2.930769	0.017392
2.931751	0.018519
2.932734	0.019663
2.933717	0.020824
2.934700	0.021999
2.935682	0.023187
2.936665	0.024383
2.937648	0.025582
2.938631	0.026778
2.939614	0.027967
2.940596	0.029140
2.941579	0.030292
2.942562	0.031425
2.943545	0.032540
2.944527	0.033638
2.945510	0.034722
2.946493	0.035795
2.947476	0.036862
2.948458	0.037928
2.949441	0.038971
2.950424	0.039993
2.951407	0.040994
2.952390	0.041979
2.953372	0.042947
2.954355	0.043901
2.955338	0.044841
2.956321	0.045768
2.957303	0.046681
2.958286	0.047583
2.959269	0.048472
2.960252	0.049349
2.961235	0.050215
2.962217	0.051069
2.963200	0.051913
2.964183	0.052745
2.965166	0.053566
2.966148	0.054378
2.967131	0.055178
2.968114	0.055969
2.969097	0.056749
2.970080	0.057520
2.971062	0.058280
2.972045	0.059031
2.973028	0.059773
2.974011	0.060505
2.974993	0.061228
2.975976	0.061942
2.976959	0.062646
2.977942	0.063342
2.978925	0.064029
2.979907	0.064707
2.980890	0.065376
2.981873	0.066037
2.982856	0.066689
2.983838	0.067333
2.984821	0.067968
2.985804	0.068596
2.986787	0.069215
2.987770	0.069826
2.988752	0.070429
2.989735	0.071024
2.990718	0.071612
2.991701	0.072191
2.992683	0.072763
2.993666	0.073327
2.994649	0.073883
2.995632	0.074432
2.996614	0.074974
2.997597	0.075508
2.998580	0.076034
2.999563	0.076554
3.000546	0.077066
3.001528	0.077571
3.002511	0.078068
3.003494	0.078559
3.004477	0.079042
3.005459	0.079518
3.006442	0.079987
3.007425	0.080449
3.008408	0.080904
3.009391	0.081352
3.010373	0.081793
3.011356	0.082227
3.012339	0.082654
3.013322	0.083074
3.014304	0.083486
3.015287	0.083891
3.016270	0.084289
3.017253	0.084678
3.018236	0.085058
3.019218	0.085428
3.020201	0.085787
3.021184	0.086131
3.022167	0.086461
3.023149	0.086798
3.024132	0.087139
3.025115	0.087480
3.026098	0.087818
3.027081	0.088153
3.028063	0.088482
3.029046	0.088807
3.030029	0.089126
3.031012	0.089440
3.031994	0.089748
3.032977	0.090051
3.033960	0.090349
3.034943	0.090640
3.035926	0.090926
3.036908	0.091207
3.037891	0.091481
3.038874	0.091751
3.039857	0.092014
3.040839	0.092272
3.041822	0.092525
3.042805	0.092772
3.043788	0.093013
3.044770	0.093249
3.045753	0.093480
3.046736	0.093705
3.047719	0.093924
3.048702	0.094138
3.049684	0.094347
3.050667	0.094550
3.051650	0.094748
3.052633	0.094941
3.053615	0.095128
3.054598	0.095309
3.055581	0.095486
3.056564	0.095657
3.057547	0.095822
3.058529	0.095983
3.059512	0.096138
3.060495	0.096288
3.061478	0.096432
3.062460	0.096571
3.063443	0.096705
3.064426	0.096834
3.065409	0.096957
3.066392	0.097075
3.067374	0.097188
3.068357	0.097295
3.069340	0.097397
3.070323	0.097494
3.071305	0.097585
3.072288	0.097671
3.073271	0.097752
3.074254	0.097827
3.075237	0.097897
3.076219	0.097961
3.077202	0.098019
3.078185	0.098072
3.079168	0.098118
3.080150	0.098159
3.081133	0.098193
3.082116	0.098221
3.083099	0.098241
3.084082	0.098254
3.085064	0.098258
3.086047	0.098254
3.087030	0.098241
3.088013	0.098225
3.088995	0.098209
3.089978	0.098194
3.090961	0.098178
3.091944	0.098161
3.092926	0.098142
3.093909	0.098118
3.094892	0.098091
3.095875	0.098060
3.096858	0.098025
3.097840	0.097985
3.098823	0.097940
3.099806	0.097891
3.100789	0.097836
3.101771	0.097777
3.102754	0.097713
3.103737	0.097645
3.104720	0.097571
3.105703	0.097492
3.106685	0.097408
3.107668	0.097319
3.108651	0.097225
3.109634	0.097125
3.110616	0.097020
3.111599	0.096910
3.112582	0.096795
3.113565	0.096673
3.114548	0.096547
3.115530	0.096414
3.116513	0.096275
3.117496	0.096130
3.118479	0.095979
3.119461	0.095820
3.120444	0.095655
3.121427	0.095481
3.122410	0.095301
3.123393	0.095113
3.124375	0.094920
3.125358	0.094726
3.126341	0.094530
3.127324	0.094333
3.128306	0.094134
3.129289	0.093933
3.130272	0.093727
3.131255	0.093518
3.132238	0.093305
3.133220	0.093087
3.134203	0.092863
3.135186	0.092635
3.136169	0.092402
3.137151	0.092163
3.138134	0.091918
3.139117	0.091667
3.140100	0.091410
3.141083	0.091147
3.142065	0.090877
3.143048	0.090600
3.144031	0.090316
3.145014	0.090025
3.145996	0.089727
3.146979	0.089422
3.147962	0.089112
3.148945	0.088798
3.149927	0.088481
3.150910	0.088162
3.151893	0.087839
3.152876	0.087512
3.153859	0.087181
3.154841	0.086845
3.155824	0.086503
3.156807	0.086156
3.157790	0.085802
3.158772	0.085442
3.159755	0.085075
3.160738	0.084701
3.161721	0.084320
3.162704	0.083932
3.163686	0.083538
3.164669	0.083137
3.165652	0.082732
3.166635	0.082322
3.167617	0.081907
3.168600	0.081488
3.169583	0.081063
3.170566	0.080632
3.171549	0.080195
3.172531	0.079751
3.173514	0.079301
3.174497	0.078844
3.175480	0.078380
3.176462	0.077910
3.177445	0.077433
3.178428	0.076951
3.179411	0.076464
3.180394	0.075970
3.181376	0.075470
3.182359	0.074964
3.183342	0.074451
3.184325	0.073931
3.185307	0.073406
3.186290	0.072874
3.187273	0.072335
3.188256	0.071791
3.189239	0.071240
3.190221	0.070683
3.191204	0.070120
3.192187	0.069551
3.193170	0.068976
3.194152	0.068394
3.195135	0.067807
3.196118	0.067214
3.197101	0.066615
3.198083	0.066010
3.199066	0.065399
3.200049	0.064783
3.201032	0.064162
3.202015	0.063536
3.202997	0.062904
3.203980	0.062268
3.204963	0.061627
3.205946	0.060982
3.206928	0.060333
3.207911	0.059680
3.208894	0.059024
3.209877	0.058364
3.210860	0.057702
3.211842	0.057037
3.212825	0.056371
3.213808	0.055702
3.214791	0.055033
3.215773	0.054363
3.216756	0.053692
3.217739	0.053021
3.218722	0.052351
3.219705	0.051682
3.220687	0.051014
3.221670	0.050348
3.222653	0.049684
3.223636	0.049023
3.224618	0.048365
3.225601	0.047710
3.226584	0.047059
3.227567	0.046413
3.228550	0.045771
3.229532	0.045135
3.230515	0.044503
3.231498	0.043877
3.232481	0.043258
3.233463	0.042644
3.234446	0.042037
3.235429	0.041436
3.236412	0.040843
3.237395	0.040256
3.238377	0.039677
3.239360	0.039105
3.240343	0.038541
3.241326	0.037984
3.242308	0.037435
3.243291	0.036893
3.244274	0.036360
3.245257	0.035834
3.246239	0.035316
3.247222	0.034805
3.248205	0.034303
3.249188	0.033808
3.250171	0.033321
3.251153	0.032842
3.252136	0.032370
3.253119	0.031906
3.254102	0.031449
3.255084	0.031000
3.256067	0.030558
3.257050	0.030124
3.258033	0.029696
3.259016	0.029276
3.259998	0.028863
3.260981	0.028456
3.261964	0.028057
3.262947	0.027664
3.263929	0.027278
3.264912	0.026898
3.265895	0.026525
3.266878	0.026158
3.267861	0.025797
3.268843	0.025442
3.269826	0.025093
3.270809	0.024750
3.271792	0.024413
3.272774	0.024082
3.273757	0.023756
3.274740	0.023435
3.275723	0.023120
3.276706	0.022810
3.277688	0.022505
3.278671	0.022206
3.279654	0.021911
3.280637	0.021621
3.281619	0.021336
3.282602	0.021056
3.283585	0.020780
3.284568	0.020509
3.285551	0.020242
3.286533	0.019979
3.287516	0.019721
3.288499	0.019467
3.289482	0.019217
3.290464	0.018971
3.291447	0.018729
3.292430	0.018491
3.293413	0.018256
3.294395	0.018026
3.295378	0.017798
3.296361	0.017575
3.297344	0.017355
3.298327	0.017138
3.299309	0.016925
3.300292	0.016715
3.301275	0.016509
3.302258	0.016305
3.303240	0.016105
3.304223	0.015908
3.305206	0.015714
3.306189	0.015522
3.307172	0.015334
3.308154	0.015148
3.309137	0.014965
3.310120	0.014785
3.311103	0.014608
3.312085	0.014433
3.313068	0.014261
3.314051	0.014091
3.315034	0.013924
3.316017	0.013759
3.316999	0.013597
3.317982	0.013437
3.318965	0.013279
3.319948	0.013124
3.320930	0.012971
3.321913	0.012820
3.322896	0.012671
3.323879	0.012524
3.324862	0.012379
3.325844	0.012236
3.326827	0.012096
3.327810	0.011957
3.328793	0.011820
3.329775	0.011685
3.330758	0.011552
3.331741	0.011421
3.332724	0.011292
3.333707	0.011164
3.334689	0.011038
3.335672	0.010914
3.336655	0.010791
3.337638	0.010670
3.338620	0.010551
3.339603	0.010433
3.340586	0.010317
3.341569	0.010203
3.342551	0.010090
3.343534	0.009978
3.344517	0.009868
3.345500	0.009759
3.346483	0.009652
3.347465	0.009546
3.348448	0.009441
3.349431	0.009338
3.350414	0.009236
3.351396	0.009135
3.352379	0.009036
3.353362	0.008938
3.354345	0.008841
3.355328	0.008745
3.356310	0.008651
3.357293	0.008558
3.358276	0.008466
3.359259	0.008375
3.360241	0.008285
3.361224	0.008196
3.362207	0.008108
3.363190	0.008022
3.364173	0.007936
3.365155	0.007852
3.366138	0.007768
3.367121	0.007686
3.368104	0.007604
3.369086	0.007523
3.370069	0.007444
3.371052	0.007365
3.372035	0.007287
3.373018	0.007211
3.374000	0.007135
3.374983	0.007060
3.375966	0.006985
3.376949	0.006912
3.377931	0.006840
3.378914	0.006768
3.379897	0.006697
3.380880	0.006627
3.381863	0.006558
3.382845	0.006489
3.383828	0.006422
3.384811	0.006355
3.385794	0.006289
3.386776	0.006223
3.387759	0.006158
3.388742	0.006094
3.389725	0.006031
3.390708	0.005969
3.391690	0.005907
3.392673	0.005845
3.393656	0.005785
3.394639	0.005725
3.395621	0.005666
3.396604	0.005607
3.397587	0.005549
3.398570	0.005491
3.399552	0.005435
3.400535	0.005378
3.401518	0.005323
3.402501	0.005268
3.403484	0.005213
3.404466	0.005159
3.405449	0.005106
3.406432	0.005053
3.407415	0.005001
3.408397	0.004949
3.409380	0.004898
3.410363	0.004847
3.411346	0.004797
3.412329	0.004748
3.413311	0.004698
3.414294	0.004650
3.415277	0.004602
3.416260	0.004554
3.417242	0.004507
3.418225	0.004460
3.419208	0.004413
3.420191	0.004368
3.421174	0.004322
3.422156	0.004277
3.423139	0.004233
3.424122	0.004188
3.425105	0.004145
3.426087	0.004101
3.427070	0.004058
3.428053	0.004016
3.429036	0.003974
3.430019	0.003932
3.431001	0.003891
3.431984	0.003850
3.432967	0.003809
3.433950	0.003769
3.434932	0.003729
3.435915	0.003690
3.436898	0.003651
3.437881	0.003612
3.438864	0.003573
3.439846	0.003535
3.440829	0.003498
3.441812	0.003460
3.442795	0.003423
3.443777	0.003386
3.444760	0.003350
3.445743	0.003314
3.446726	0.003278
3.447708	0.003242
3.448691	0.003207
3.449674	0.003172
3.450657	0.003138
3.451640	0.003103
3.452622	0.003069
3.453605	0.003035
3.454588	0.003002
3.455571	0.002969
3.456553	0.002936
3.457536	0.002903
3.458519	0.002871
3.459502	0.002838
3.460485	0.002807
3.461467	0.002775
3.462450	0.002743
3.463433	0.002712
3.464416	0.002681
3.465398	0.002651
3.466381	0.002620
3.467364	0.002590
3.468347	0.002560
3.469330	0.002530
3.470312	0.002501
3.471295	0.002471
3.472278	0.002442
3.473261	0.002413
3.474243	0.002384
3.475226	0.002356
3.476209	0.002328
3.477192	0.002300
3.478175	0.002272
3.479157	0.002244
3.480140	0.002217
3.481123	0.002189
3.482106	0.002162
3.483088	0.002135
3.484071	0.002108
3.485054	0.002082
3.486037	0.002055
3.487020	0.002029
3.488002	0.002003
3.488985	0.001977
3.489968	0.001951
3.490951	0.001926
3.491933	0.001900
3.492916	0.001875
3.493899	0.001850
3.494882	0.001825
3.495864	0.001800
3.496847	0.001776
3.497830	0.001751
3.498813	0.001727
3.499796	0.001703
3.500778	0.001679
3.501761	0.001655
3.502744	0.001631
3.503727	0.001607
3.504709	0.001584
3.505692	0.001560
3.506675	0.001537
3.507658	0.001514
3.508641	0.001491
3.509623	0.001468
3.510606	0.001445
3.511589	0.001422
3.512572	0.001400
3.513554	0.001377
3.514537	0.001355
3.515520	0.001333
3.516503	0.001311
3.517486	0.001289
3.518468	0.001267
3.519451	0.001245
3.520434	0.001223
3.521417	0.001202
3.522399	0.001180
3.523382	0.001159
3.524365	0.001137
3.525348	0.001116
3.526331	0.001095
3.527313	0.001074
3.528296	0.001053
3.529279	0.001032
3.530262	0.001011
3.531244	0.000990
3.532227	0.000970
3.533210	0.000949
3.534193	0.000929
3.535176	0.000908
3.536158	0.000888
3.537141	0.000867
3.538124	0.000847
3.539107	0.000827
3.540089	0.000807
3.541072	0.000787
3.542055	0.000767
3.543038	0.000747
3.544020	0.000727
3.545003	0.000707
3.545986	0.000688
3.546969	0.000668
3.547952	0.000648
3.548934	0.000629
3.549917	0.000609
3.550900	0.000590
3.551883	0.000570
3.552865	0.000551
3.553848	0.000531
3.554831	0.000512
3.555814	0.000493
3.556797	0.000473
3.557779	0.000454
3.558762	0.000435
3.559745	0.000416
3.560728	0.000397
3.561710	0.000378
3.562693	0.000359
3.563676	0.000340
3.564659	0.000321
3.565642	0.000302
3.566624	0.000283
3.567607	0.000264
3.568590	0.000245
3.569573	0.000226
3.570555	0.000207
3.571538	0.000188
3.572521	0.000169
3.573504	0.000150
3.574487	0.000132
3.575469	0.000113
3.576452	0.000094
3.577435	0.000075
3.578418	0.000056
3.579400	0.000038
3.580375	0.000019
3.581350	0.000037
3.582325	0.000055
3.583300	0.000073
3.584274	0.000091
3.585249	0.000109
3.586224	0.000127
3.587199	0.000144
3.588174	0.000161
3.589148	0.000178
3.590123	0.000195
3.591098	0.000212
3.592073	0.000229
3.593048	0.000246
3.594022	0.000262
3.594997	0.000278
3.595972	0.000295
3.596947	0.000311
3.597921	0.000327
3.598896	0.000343
3.599871	0.000358
3.600846	0.000374
3.601821	0.000389
3.602795	0.000405
3.603770	0.000420
3.604745	0.000435
3.605720	0.000450
3.606695	0.000465
3.607669	0.000479
3.608644	0.000494
3.609619	0.000508
3.610594	0.000523
3.611569	0.000537
3.612543	0.000551
3.613518	0.000565
3.614493	0.000579
3.615468	0.000593
3.616443	0.000607
3.617417	0.000620
3.618392	0.000634
3.619367	0.000647
3.620342	0.000660
3.621316	0.000673
3.622291	0.000687
3.623266	0.000699
3.624241	0.000712
3.625216	0.000725
3.626190	0.000738
3.627165	0.000750
3.628140	0.000763
3.629115	0.000775
3.630090	0.000787
3.631064	0.000799
3.632039	0.000811
3.633014	0.000823
3.633989	0.000835
3.634964	0.000847
3.635938	0.000858
3.636913	0.000870
3.637888	0.000881
3.638863	0.000892
3.639838	0.000904
3.640812	0.000915
3.641787	0.000926
3.642762	0.000937
3.643737	0.000947
3.644711	0.000958
3.645686	0.000969
3.646661	0.000979
3.647636	0.000989
3.648611	0.001000
3.649585	0.001010
3.650560	0.001020
3.651535	0.001030
3.652510	0.001040
3.653485	0.001050
3.654459	0.001059
3.655434	0.001069
3.656409	0.001079
3.657384	0.001088
3.658359	0.001097
3.659333	0.001107
3.660308	0.001116
3.661283	0.001125
3.662258	0.001134
3.663233	0.001142
3.664207	0.001151
3.665182	0.001160
3.666157	0.001168
3.667132	0.001177
3.668106	0.001185
3.669081	0.001193
3.670056	0.001202
3.671031	0.001210
3.672006	0.001218
3.672980	0.001226
3.673955	0.001233
3.674930	0.001241
3.675905	0.001249
3.676880	0.001256
3.677854	0.001264
3.678829	0.001271
3.679804	0.001278
3.680779	0.001285
3.681754	0.001292
3.682728	0.001299
3.683703	0.001306
3.684678	0.001313
3.685653	0.001319
3.686628	0.001326
3.687602	0.001332
3.688577	0.001339
3.689552	0.001345
3.690527	0.001351
3.691501	0.001357
3.692476	0.001364
3.693451	0.001369
3.694426	0.001375
3.695401	0.001381
3.696375	0.001387
3.697350	0.001392
3.698325	0.001398
3.699300	0.001403
3.700275	0.001408
3.701249	0.001414
3.702224	0.001419
3.703199	0.001424
3.704174	0.001429
3.705149	0.001434
3.706123	0.001438
3.707098	0.001443
3.708073	0.001448
3.709048	0.001452
3.710023	0.001457
3.710997	0.001461
3.711972	0.001465
3.712947	0.001469
3.713922	0.001473
3.714897	0.001477
3.715871	0.001481
3.716846	0.001485
3.717821	0.001489
3.718796	0.001492
3.719770	0.001496
3.720745	0.001499
3.721720	0.001503
3.722695	0.001506
3.723670	0.001509
3.724644	0.001512
3.725619	0.001516
3.726594	0.001519
3.727569	0.001521
3.728544	0.001524
3.729518	0.001527
3.730493	0.001530
3.731468	0.001532
3.732443	0.001535
3.733418	0.001537
3.734392	0.001539
3.735367	0.001542
3.736342	0.001544
3.737317	0.001546
3.738292	0.001548
3.739266	0.001550
3.740241	0.001552
3.741216	0.001553
3.742191	0.001555
3.743165	0.001557
3.744140	0.001558
3.745115	0.001560
3.746090	0.001561
3.747065	0.001562
3.748039	0.001564
3.749014	0.001565
3.749989	0.001566
3.750964	0.001567
3.751939	0.001568
3.752913	0.001569
3.753888	0.001569
3.754863	0.001570
3.755838	0.001571
3.756813	0.001571
3.757787	0.001572
3.758762	0.001572
3.759737	0.001573
3.760712	0.001573
3.761687	0.001573
3.762661	0.001573
3.763636	0.001573
3.764611	0.001573
3.765586	0.001573
3.766560	0.001573
3.767535	0.001573
3.768510	0.001573
3.769485	0.001572
3.770460	0.001572
3.771434	0.001571
3.772409	0.001571
3.773384	0.001570
3.774359	0.001570
3.775334	0.001569
3.776308	0.001568
3.777283	0.001567
3.778258	0.001566
3.779233	0.001565
3.780208	0.001564
3.781182	0.001563
3.782157	0.001562
3.783132	0.001561
3.784107	0.001559
3.785082	0.001558
3.786056	0.001557
3.787031	0.001555
3.788006	0.001554
3.788981	0.001552
3.789955	0.001550
3.790930	0.001549
3.791905	0.001547
3.792880	0.001545
3.793855	0.001543
3.794829	0.001541
3.795804	0.001539
3.796779	0.001537
3.797754	0.001535
3.798729	0.001533
3.799703	0.001531
3.800678	0.001528
3.801653	0.001526
3.802628	0.001524
3.803603	0.001521
3.804577	0.001519
3.805552	0.001516
3.806527	0.001514
3.807502	0.001511
3.808477	0.001508
3.809451	0.001505
3.810426	0.001503
3.811401	0.001500
3.812376	0.001497
3.813350	0.001494
3.814325	0.001491
3.815300	0.001488
3.816275	0.001485
3.817250	0.001482
3.818224	0.001479
3.819199	0.001475
3.820174	0.001472
3.821149	0.001469
3.822124	0.001465
3.823098	0.001462
3.824073	0.001458
3.825048	0.001455
3.826023	0.001451
3.826998	0.001448
3.827972	0.001444
3.828947	0.001441
3.829922	0.001437
3.830897	0.001433
3.831872	0.001429
3.832846	0.001425
3.833821	0.001422
3.834796	0.001418
3.835771	0.001414
3.836746	0.001410
3.837720	0.001406
3.838695	0.001402
3.839670	0.001397
3.840645	0.001393
3.841619	0.001389
3.842594	0.001385
3.843569	0.001381
3.844544	0.001376
3.845519	0.001372
3.846493	0.001368
3.847468	0.001363
3.848443	0.001359
3.849418	0.001354
3.850393	0.001350
3.851367	0.001345
3.852342	0.001341
3.853317	0.001336
3.854292	0.001331
3.855267	0.001327
3.856241	0.001322
3.857216	0.001317
3.858191	0.001313
3.859166	0.001308
3.860141	0.001303
3.861115	0.001298
3.862090	0.001293
3.863065	0.001288
3.864040	0.001283
3.865014	0.001278
3.865989	0.001273
3.866964	0.001268
3.867939	0.001263
3.868914	0.001258
3.869888	0.001253
3.870863	0.001248
3.871838	0.001243
3.872813	0.001238
3.873788	0.001232
3.874762	0.001227
3.875737	0.001222
3.876712	0.001217
3.877687	0.001211
3.878662	0.001206
3.879636	0.001201
3.880611	0.001195
3.881586	0.001190
3.882561	0.001184
3.883536	0.001179
3.884510	0.001173
3.885485	0.001168
3.886460	0.001162
3.887435	0.001157
3.888409	0.001151
3.889384	0.001146
3.890359	0.001140
3.891334	0.001135
3.892309	0.001129
3.893283	0.001123
3.894258	0.001118
3.895233	0.001112
3.896208	0.001106
3.897183	0.001100
3.898157	0.001095
3.899132	0.001089
3.900107	0.001083
3.901082	0.001077
3.902057	0.001072
3.903031	0.001066
3.904006	0.001060
3.904981	0.001054
3.905956	0.001048
3.906931	0.001042
3.907905	0.001036
3.908880	0.001030
3.909855	0.001024
3.910830	0.001018
3.911804	0.001012
3.912779	0.001007
3.913754	0.001001
3.914729	0.000995
3.915704	0.000989
3.916678	0.000982
3.917653	0.000976
3.918628	0.000970
3.919603	0.000964
3.920578	0.000958
3.921552	0.000952
3.922527	0.000946
3.923502	0.000940
3.924477	0.000934
3.925452	0.000928
3.926426	0.000922
3.927401	0.000915
3.928376	0.000909
3.929351	0.000903
3.930326	0.000897
3.931300	0.000891
3.932275	0.000884
3.933250	0.000878
3.934225	0.000872
3.935200	0.000866
3.936174	0.000860
3.937149	0.000853
3.938124	0.000847
3.939099	0.000841
3.940073	0.000835
3.941048	0.000828
3.942023	0.000822
3.942998	0.000816
3.943973	0.000809
3.944947	0.000803
3.945922	0.000797
3.946897	0.000791
3.947872	0.000784
3.948847	0.000778
3.949821	0.000772
3.950796	0.000765
3.951771	0.000759
3.952746	0.000753
3.953721	0.000746
3.954695	0.000740
3.955670	0.000733
3.956645	0.000727
3.957620	0.000721
3.958595	0.000714
3.959569	0.000708
3.960544	0.000702
3.961519	0.000695
3.962494	0.000689
3.963468	0.000683
3.964443	0.000676
3.965418	0.000670
3.966393	0.000663
3.967368	0.000657
3.968342	0.000651
3.969317	0.000644
3.970292	0.000638
3.971267	0.000631
3.972242	0.000625
3.973216	0.000619
3.974191	0.000612
3.975166	0.000606
3.976141	0.000599
3.977116	0.000593
3.978090	0.000587
3.979065	0.000580
3.980040	0.000574
3.981015	0.000567
3.981990	0.000561
3.982964	0.000555
3.983939	0.000548
3.984914	0.000542
3.985889	0.000535
3.986863	0.000529
3.987838	0.000523
3.988813	0.000516
3.989788	0.000510
3.990763	0.000503
3.991737	0.000497
3.992712	0.000491
3.993687	0.000484
3.994662	0.000478
3.995637	0.000471
3.996611	0.000465
3.997586	0.000459
3.998561	0.000452
3.999536	0.000446
4.000511	0.000440
4.001485	0.000433
4.002460	0.000427
4.003435	0.000420
4.004410	0.000414
4.005385	0.000408
4.006359	0.000401
4.007334	0.000395
4.008309	0.000389
4.009284	0.000382
4.010258	0.000376
4.011233	0.000370
4.012208	0.000363
4.013183	0.000357
4.014158	0.000351
4.015132	0.000344
4.016107	0.000338
4.017082	0.000332
4.018057	0.000325
4.019032	0.000319
4.020006	0.000313
4.020981	0.000306
4.021956	0.000300
4.022931	0.000294
4.023906	0.000288
4.024880	0.000281
4.025855	0.000275
4.026830	0.000269
4.027805	0.000263
4.028780	0.000256
4.029754	0.000250
4.030729	0.000244
4.031704	0.000238
4.032679	0.000231
4.033653	0.000225
4.034628	0.000219
4.035603	0.000213
4.036578	0.000206
4.037553	0.000200
4.038527	0.000194
4.039502	0.000188
4.040477	0.000182
4.041452	0.000176
4.042427	0.000169
4.043401	0.000163
4.044376	0.000157
4.045351	0.000151
4.046326	0.000145
4.047301	0.000139
4.048275	0.000133
4.049250	0.000126
4.050225	0.000120
4.051200	0.000114
4.052175	0.000108
4.053149	0.000102
4.054124	0.000096
4.055099	0.000090
4.056074	0.000084
4.057049	0.000078
4.058023	0.000072
4.058998	0.000066
4.059973	0.000060
4.060948	0.000054
4.061922	0.000048
4.062897	0.000042
4.063872	0.000036
4.064847	0.000030
4.065822	0.000024
4.066796	0.000018
4.067779	0.000012
4.068762	0.000024
4.069745	0.000036
4.070728	0.000048
4.071710	0.000060
4.072693	0.000072
4.073676	0.000084
4.074659	0.000096
4.075641	0.000108
4.076624	0.000120
4.077607	0.000132
4.078590	0.000144
4.079573	0.000156
4.080555	0.000168
4.081538	0.000180
4.082521	0.000192
4.083504	0.000204
4.084486	0.000216
4.085469	0.000228
4.086452	0.000240
4.087435	0.000252
4.088417	0.000264
4.089400	0.000276
4.090383	0.000288
4.091366	0.000300
4.092349	0.000312
4.093331	0.000324
4.094314	0.000336
4.095297	0.000348
4.096280	0.000360
4.097262	0.000373
4.098245	0.000385
4.099228	0.000397
4.100211	0.000409
4.101194	0.000421
4.102176	0.000433
4.103159	0.000445
4.104142	0.000458
4.105125	0.000470
4.106107	0.000482
4.107090	0.000494
4.108073	0.000507
4.109056	0.000519
4.110039	0.000531
4.111021	0.000543
4.112004	0.000556
4.112987	0.000568
4.113970	0.000580
4.114952	0.000592
4.115935	0.000605
4.116918	0.000617
4.117901	0.000630
4.118884	0.000642
4.119866	0.000654
4.120849	0.000667
4.121832	0.000679
4.122815	0.000692
4.123797	0.000704
4.124780	0.000717
4.125763	0.000729
4.126746	0.000742
4.127729	0.000754
4.128711	0.000767
4.129694	0.000779
4.130677	0.000792
4.131660	0.000804
4.132642	0.000817
4.133625	0.000830
4.134608	0.000842
4.135591	0.000855
4.136573	0.000868
4.137556	0.000880
4.138539	0.000893
4.139522	0.000906
4.140505	0.000919
4.141487	0.000931
4.142470	0.000944
4.143453	0.000957
4.144436	0.000970
4.145418	0.000983
4.146401	0.000996
4.147384	0.001009
4.148367	0.001022
4.149350	0.001034
4.150332	0.001047
4.151315	0.001060
4.152298	0.001074
4.153281	0.001087
4.154263	0.001100
4.155246	0.001113
4.156229	0.001126
4.157212	0.001139
4.158195	0.001152
4.159177	0.001165
4.160160	0.001179
4.161143	0.001192
4.162126	0.001205
4.163108	0.001218
4.164091	0.001232
4.165074	0.001245
4.166057	0.001258
4.167040	0.001272
4.168022	0.001285
4.169005	0.001299
4.169988	0.001312
4.170971	0.001326
4.171953	0.001339
4.172936	0.001353
4.173919	0.001366
4.174902	0.001380
4.175885	0.001394
4.176867	0.001407
4.177850	0.001421
4.178833	0.001435
4.179816	0.001448
4.180798	0.001462
4.181781	0.001476
4.182764	0.001490
4.183747	0.001504
4.184729	0.001518
4.185712	0.001532
4.186695	0.001545
4.187678	0.001559
4.188661	0.001573
4.189643	0.001587
4.190626	0.001602
4.191609	0.001616
4.192592	0.001630
4.193574	0.001644
4.194557	0.001658
4.195540	0.001672
4.196523	0.001687
4.197506	0.001701
4.198488	0.001715
4.199471	0.001729
4.200454	0.001744
4.201437	0.001758
4.202419	0.001773
4.203402	0.001787
4.204385	0.001801
4.205368	0.001816
4.206351	0.001831
4.207333	0.001845
4.208316	0.001860
4.209299	0.001874
4.210282	0.001889
4.211264	0.001904
4.212247	0.001918
4.213230	0.001933
4.214213	0.001948
4.215196	0.001963
4.216178	0.001978
4.217161	0.001992
4.218144	0.002007
4.219127	0.002022
4.220109	0.002037
4.221092	0.002052
4.222075	0.002067
4.223058	0.002082
4.224041	0.002097
4.225023	0.002112
4.226006	0.002128
4.226989	0.002143
4.227972	0.002158
4.228954	0.002173
4.229937	0.002189
4.230920	0.002204
4.231903	0.002219
4.232885	0.002234
4.233868	0.002250
4.234851	0.002265
4.235834	0.002281
4.236817	0.002296
4.237799	0.002312
4.238782	0.002327
4.239765	0.002343
4.240748	0.002358
4.241730	0.002374
4.242713	0.002390
4.243696	0.002405
4.244679	0.002421
4.245662	0.002437
4.246644	0.002453
4.247627	0.002468
4.248610	0.002484
4.249593	0.002500
4.250575	0.002516
4.251558	0.002532
4.252541	0.002548
4.253524	0.002564
4.254507	0.002580
4.255489	0.002596
4.256472	0.002612
4.257455	0.002628
4.258438	0.002644
4.259420	0.002660
4.260403	0.002676
4.261386	0.002692
4.262369	0.002708
4.263352	0.002725
4.264334	0.002741
4.265317	0.002757
4.266300	0.002773
4.267283	0.002790
4.268265	0.002806
4.269248	0.002822
4.270231	0.002839
4.271214	0.002855
4.272197	0.002872
4.273179	0.002888
4.274162	0.002905
4.275145	0.002921
4.276128	0.002938
4.277110	0.002954
4.278093	0.002971
4.279076	0.002987
4.280059	0.003004
4.281042	0.003020
4.282024	0.003037
4.283007	0.003054
4.283990	0.003070
4.284973	0.003087
4.285955	0.003104
4.286938	0.003121
4.287921	0.003137
4.288904	0.003154
4.289886	0.003171
4.290869	0.003188
4.291852	0.003204
4.292835	0.003221
4.293818	0.003238
4.294800	0.003255
4.295783	0.003272
4.296766	0.003289
4.297749	0.003306
4.298731	0.003322
4.299714	0.003339
4.300697	0.003356
4.301680	0.003373
4.302663	0.003390
4.303645	0.003407
4.304628	0.003424
4.305611	0.003441
4.306594	0.003458
4.307576	0.003475
4.308559	0.003492
4.309542	0.003509
4.310525	0.003526
4.311508	0.003543
4.312490	0.003560
4.313473	0.003577
4.314456	0.003594
4.315439	0.003611
4.316421	0.003628
4.317404	0.003645
4.318387	0.003662
4.319370	0.003679
4.320353	0.003696
4.321335	0.003713
4.322318	0.003730
4.323301	0.003747
4.324284	0.003764
4.325266	0.003781
4.326249	0.003798
4.327232	0.003815
4.328215	0.003832
4.329198	0.003849
4.330180	0.003866
4.331163	0.003883
4.332146	0.003900
4.333129	0.003917
4.334111	0.003934
4.335094	0.003951
4.336077	0.003968
4.337060	0.003985
4.338042	0.004002
4.339025	0.004019
4.340008	0.004035
4.340991	0.004052
4.341974	0.004069
4.342956	0.004086
4.343939	0.004103
4.344922	0.004120
4.345905	0.004136
4.346887	0.004153
4.347870	0.004170
4.348853	0.004186
4.349836	0.004203
4.350819	0.004220
4.351801	0.004236
4.352784	0.004253
4.353767	0.004270
4.354750	0.004286
4.355732	0.004303
4.356715	0.004319
4.357698	0.004336
4.358681	0.004352
4.359664	0.004368
4.360646	0.004385
4.361629	0.004401
4.362612	0.004417
4.363595	0.004434
4.364577	0.004450
4.365560	0.004466
4.366543	0.004482
4.367526	0.004498
4.368509	0.004514
4.369491	0.004530
4.370474	0.004546
4.371457	0.004562
4.372440	0.004578
4.373422	0.004594
4.374405	0.004610
4.375388	0.004625
4.376371	0.004641
4.377354	0.004657
4.378336	0.004672
4.379319	0.004688
4.380302	0.004703
4.381285	0.004719
4.382267	0.004734
4.383250	0.004749
4.384233	0.004764
4.385216	0.004780
4.386198	0.004795
4.387181	0.004810
4.388164	0.004825
4.389147	0.004840
4.390130	0.004855
4.391112	0.004869
4.392095	0.004884
4.393078	0.004899
4.394061	0.004913
4.395043	0.004928
4.396026	0.004942
4.397009	0.004957
4.397992	0.004971
4.398975	0.004985
4.399957	0.004999
4.400940	0.005013
4.401923	0.005027
4.402906	0.005041
4.403888	0.005055
4.404871	0.005069
4.405854	0.005083
4.406837	0.005096
4.407820	0.005110
4.408802	0.005123
4.409785	0.005136
4.410768	0.005150
4.411751	0.005163
4.412733	0.005176
4.413716	0.005189
4.414699	0.005202
4.415682	0.005214
4.416665	0.005227
4.417647	0.005240
4.418630	0.005252
4.419613	0.005264
4.420596	0.005277
4.421578	0.005289
4.422561	0.005301
4.423544	0.005313
4.424527	0.005325
4.425510	0.005336
4.426492	0.005348
4.427475	0.005359
4.428458	0.005371
4.429441	0.005382
4.430423	0.005393
4.431406	0.005404
4.432389	0.005415
4.433372	0.005426
4.434354	0.005437
4.435337	0.005447
4.436320	0.005458
4.437303	0.005468
4.438286	0.005478
4.439268	0.005488
4.440251	0.005498
4.441234	0.005508
4.442217	0.005518
4.443199	0.005527
4.444182	0.005537
4.445165	0.005546
4.446148	0.005555
4.447131	0.005564
4.448113	0.005573
4.449096	0.005582
4.450079	0.005590
4.451062	0.005599
4.452044	0.005607
4.453027	0.005615
4.454010	0.005623
4.454993	0.005631
4.455976	0.005639
4.456958	0.005646
4.457941	0.005653
4.458924	0.005661
4.459907	0.005668
4.460889	0.005675
4.461872	0.005682
4.462855	0.005688
4.463838	0.005695
4.464821	0.005701
4.465803	0.005707
4.466786	0.005713
4.467769	0.005719
4.468752	0.005725
4.469734	0.005730
4.470717	0.005735
4.471700	0.005741
4.472683	0.005746
4.473666	0.005750
4.474648	0.005755
4.475631	0.005760
4.476614	0.005764
4.477597	0.005768
4.478579	0.005772
4.479562	0.005776
4.480545	0.005779
4.481528	0.005783
4.482510	0.005786
4.483493	0.005789
4.484476	0.005792
4.485459	0.005795
4.486442	0.005797
4.487424	0.005799
4.488407	0.005802
4.489390	0.005803
4.490373	0.005805
4.491355	0.005807
4.492338	0.005808
4.493321	0.005809
4.494304	0.005810
4.495287	0.005811
4.496269	0.005812
4.497252	0.005812
4.498235	0.005812
4.499218	0.005812
4.500200	0.005812
4.501183	0.005812
4.502166	0.005811
4.503149	0.005810
4.504132	0.005809
4.505114	0.005808
4.506097	0.005807
4.507080	0.005805
4.508063	0.005803
4.509045	0.005801
4.510028	0.005799
4.511011	0.005797
4.511994	0.005794
4.512977	0.005791
4.513959	0.005788
4.514942	0.005785
4.515925	0.005781
4.516908	0.005778
4.517890	0.005774
4.518873	0.005770
4.519856	0.005765
4.520839	0.005761
4.521822	0.005756
4.522804	0.005751
4.523787	0.005746
4.524770	0.005740
4.525753	0.005735
4.526735	0.005729
4.527718	0.005723
4.528701	0.005716
4.529684	0.005710
4.530667	0.005703
4.531649	0.005696
4.532632	0.005689
4.533615	0.005681
4.534598	0.005674
4.535580	0.005666
4.536563	0.005658
4.537546	0.005649
4.538529	0.005641
4.539511	0.005632
4.540494	0.005623
4.541477	0.005614
4.542460	0.005604
4.543443	0.005595
4.544425	0.005585
4.545408	0.005574
4.546391	0.005564
4.547374	0.005553
4.548356	0.005543
4.549339	0.005532
4.550322	0.005520
4.551305	0.005509
4.552288	0.005497
4.553270	0.005485
4.554253	0.005473
4.555236	0.005460
4.556219	0.005448
4.557201	0.005435
4.558184	0.005422
4.559167	0.005408
4.560150	0.005395
4.561133	0.005381
4.562115	0.005367
4.563098	0.005352
4.564081	0.005338
4.565064	0.005323
4.566046	0.005308
4.567029	0.005293
4.568012	0.005277
4.568995	0.005262
4.569978	0.005246
4.570960	0.005230
4.571943	0.005213
4.572926	0.005197
4.573909	0.005180
4.574891	0.005163
4.575874	0.005145
4.576857	0.005128
4.577840	0.005110
4.578823	0.005092
4.579805	0.005074
4.580788	0.005055
4.581771	0.005037
4.582754	0.005018
4.583736	0.004999
4.584719	0.004979
4.585702	0.004960
4.586685	0.004940
4.587667	0.004920
4.588650	0.004899
4.589633	0.004879
4.590616	0.004858
4.591599	0.004837
4.592581	0.004816
4.593564	0.004795
4.594547	0.004773
4.595530	0.004751
4.596512	0.004729
4.597495	0.004707
4.598478	0.004684
4.599461	0.004662
4.600444	0.004639
4.601426	0.004616
4.602409	0.004592
4.603392	0.004569
4.604375	0.004545
4.605357	0.004521
4.606340	0.004496
4.607323	0.004472
4.608306	0.004447
4.609289	0.004422
4.610271	0.004397
4.611254	0.004372
4.612237	0.004347
4.613220	0.004321
4.614202	0.004295
4.615185	0.004269
4.616168	0.004242
4.617151	0.004216
4.618134	0.004189
4.619116	0.004162
4.620099	0.004135
4.621082	0.004108
4.622065	0.004080
4.623047	0.004052
4.624030	0.004024
4.625013	0.003996
4.625996	0.003968
4.626979	0.003939
4.627961	0.003911
4.628944	0.003882
4.629927	0.003853
4.630910	0.003823
4.631892	0.003794
4.632875	0.003764
4.633858	0.003734
4.634841	0.003704
4.635823	0.003674
4.636806	0.003644
4.637789	0.003613
4.638772	0.003582
4.639755	0.003551
4.640737	0.003520
4.641720	0.003489
4.642703	0.003458
4.643686	0.003426
4.644668	0.003394
4.645651	0.003362
4.646634	0.003330
4.647617	0.003298
4.648600	0.003265
4.649582	0.003232
4.650565	0.003200
4.651548	0.003167
4.652531	0.003134
4.653513	0.003100
4.654496	0.003067
4.655479	0.003033
4.656462	0.002999
4.657445	0.002966
4.658427	0.002931
4.659410	0.002897
4.660393	0.002863
4.661376	0.002828
4.662358	0.002794
4.663341	0.002759
4.664324	0.002724
4.665307	0.002689
4.666290	0.002654
4.667272	0.002618
4.668255	0.002583
4.669238	0.002547
4.670221	0.002512
4.671203	0.002476
4.672186	0.002440
4.673169	0.002404
4.674152	0.002368
4.675135	0.002331
4.676117	0.002295
4.677100	0.002258
4.678083	0.002221
4.679066	0.002185
4.680048	0.002148
4.681031	0.002111
4.682014	0.002073
4.682997	0.002036
4.683979	0.001999
4.684962	0.001961
4.685945	0.001924
4.686928	0.001886
4.687911	0.001848
4.688893	0.001810
4.689876	0.001773
4.690859	0.001734
4.691842	0.001696
4.692824	0.001658
4.693807	0.001620
4.694790	0.001581
4.695773	0.001543
4.696756	0.001504
4.697738	0.001466
4.698721	0.001427
4.699704	0.001388
4.700687	0.001349
4.701669	0.001310
4.702652	0.001272
4.703635	0.001232
4.704618	0.001193
4.705601	0.001154
4.706583	0.001115
4.707566	0.001076
4.708549	0.001036
4.709532	0.000997
4.710514	0.000957
4.711497	0.000918
4.712480	0.000878
4.713463	0.000839
4.714446	0.000799
4.715428	0.000759
4.716411	0.000720
4.717394	0.000680
4.718377	0.000640
4.719359	0.000600
4.720342	0.000560
4.721325	0.000520
4.722308	0.000480
4.723291	0.000441
4.724273	0.000401
4.725256	0.000361
4.726239	0.000321
4.727222	0.000281
4.728204	0.000240
4.729187	0.000200
4.730170	0.000160
4.731153	0.000120
4.732135	0.000080
4.733118	0.000040
4.734101	-0.000000
4.735084	0.000000
4.736067	-0.000000
4.737049	0.000000
4.738032	0.000000
4.739015	-0.000000
4.739998	-0.000000
4.740980	0.000000
4.741963	0.000000
4.742946	-0.000000
4.743929	0.000000
4.744912	0.000000
4.745894	-0.000000
4.746877	0.000000
4.747860	0.000000
4.748843	-0.000000
4.749825	0.000000
4.750808	0.000000
4.751791	0.000000
4.752774	0.000000
4.753757	0.000000
4.754739	-0.000000
4.755722	-0.000000
4.756705	0.000000
4.757688	0.000000
4.758670	0.000000
4.759653	-0.000000
4.760636	-0.000000
4.761619	0.000000
4.762602	-0.000000
4.763584	-0.000000
4.764567	-0.000000
4.765550	0.000000
4.766533	0.000000
4.767515	-0.000000
4.768498	-0.000000
4.769481	0.000000
4.770464	-0.000000
4.771447	-0.000000
4.772429	0.000000
4.773412	0.000000
4.774395	-0.000000
4.775378	-0.000000
4.776360	-0.000000
4.777343	0.000000
4.778326	-0.000000
4.779309	0.000000
4.780292	-0.000000
4.781274	-0.000000
4.782249	-0.000000
4.783224	0.000000
4.784199	-0.000000
4.785173	-0.000000
4.786148	0.000000
4.787123	-0.000000
4.788098	-0.000000
4.789073	-0.000000
4.790047	-0.000000
4.791022	-0.000000
4.791997	-0.000000
4.792972	-0.000000
4.793947	0.000000
4.794921	0.000000
4.795896	0.000000
4.796871	0.000000
4.797846	-0.000000
4.798821	-0.000000
4.799795	-0.000000
4.800770	-0.000000
4.801745	0.000000
4.802720	-0.000000
4.803694	0.000000
4.804669	0.000000
4.805644	0.000000
4.806619	0.000000
4.807594	-0.000000
4.808568	0.000000
4.809543	-0.000000
4.810518	-0.000000
4.811493	0.000000
4.812468	-0.000000
4.813442	-0.000000
4.814417	0.000000
4.815392	0.000000
4.816367	0.000000
4.817342	0.000000
4.818316	-0.000000
4.819291	0.000000
4.820266	-0.000000
4.821241	0.000000
4.822216	0.000000
4.823190	0.000000
4.824165	-0.000000
4.825140	0.000000
4.826115	-0.000000
4.827090	-0.000000
4.828064	0.000000
4.829039	-0.000000
4.830014	0.000000
4.830989	0.000000
4.831963	-0.000000
4.832938	-0.000000
4.833913	-0.000000
4.834888	-0.000000
4.835863	0.000000
4.836837	0.000000
4.837812	-0.000000
4.838787	-0.000000
4.839762	-0.000000
4.840737	0.000000
4.841711	0.000000
4.842686	0.000000
4.843661	0.000000
4.844636	0.000000
4.845611	-0.000000
4.846585	-0.000000
4.847560	-0.000000
4.848535	0.000000
4.849510	-0.000000
4.850485	-0.000000
4.851459	-0.000000
4.852434	0.000000
4.853409	0.000000
4.854384	-0.000000
4.855358	-0.000000
4.856333	-0.000000
4.857308	-0.000000
4.858283	0.000000
4.859258	0.000000
4.860232	-0.000000
4.861207	-0.000000
4.862182	0.000000
4.863157	-0.000000
4.864132	-0.000000
4.865106	0.000000
4.866081	-0.000000
4.867056	0.000000
4.868031	-0.000000
4.869006	0.000000
4.869980	0.000000
4.870955	-0.000000
4.871930	-0.000000
4.872905	0.000000
4.873880	-0.000000
4.874854	-0.000000
4.875829	-0.000000
4.876804	-0.000000
4.877779	-0.000000
4.878761	-0.000000
4.879744	0.000000
4.880727	0.000000
4.881710	-0.000000
4.882693	0.000000
4.883675	-0.000000
4.884658	0.000000
4.885641	-0.000000
4.886624	0.000000
4.887606	0.000000
4.888589	0.000000
4.889572	-0.000000
4.890555	-0.000000
4.891538	-0.000000
4.892520	0.000000
4.893503	-0.000000
4.894486	-0.000000
4.895469	-0.000000
4.896451	0.000000
4.897434	-0.000000
4.898417	0.000000
4.899400	0.000000
4.900383	0.000000
4.901365	-0.000000
4.902348	0.000000
4.903331	0.000000
4.904314	0.000000
4.905296	-0.000000
4.906279	0.000000
4.907262	0.000000
4.908245	0.000000
4.909228	-0.000000
4.910210	-0.000000
4.911193	0.000000
4.912176	0.000000
4.913159	0.000000
4.914141	0.000000
4.915124	-0.000000
4.916107	-0.000000
4.917090	-0.000000
4.918072	0.000000
4.919055	-0.000000
4.920038	-0.000000
4.921021	0.000000
4.922004	-0.000000
4.922986	-0.000000
4.923969	-0.000000
4.924952	-0.000000
4.925935	-0.000000
4.926917	-0.000000
4.927900	0.000000
4.928883	0.000000
4.929866	0.000000
4.930849	-0.000000
4.931831	0.000000
4.932814	-0.000000
4.933797	-0.000000
4.934780	-0.000000
4.935762	-0.000000
4.936745	-0.000000
4.937728	-0.000000
4.938711	0.000000
4.939694	-0.000000
4.940676	0.000000
4.941659	0.000000
4.942642	-0.000000
4.943625	-0.000000
4.944607	-0.000000
4.945590	-0.000000
4.946573	0.000000
4.947556	0.000000
4.948539	0.000000
4.949521	-0.000000
4.950504	0.000000
4.951487	-0.000000
4.952470	0.000000
4.953452	0.000000
4.954435	-0.000000
4.955418	-0.000000
4.956401	0.000000
4.957384	0.000000
4.958366	-0.000000
4.959349	0.000000
4.960332	0.000000
4.961315	0.000000
4.962297	0.000000
4.963280	-0.000000
4.964263	-0.000000
4.965246	-0.000000
4.966228	-0.000000
4.967211	0.000000
4.968194	-0.000000
4.969177	-0.000000
4.970160	-0.000000
4.971142	0.000000
4.972125	0.000000
4.973108	-0.000000
4.974091	-0.000000
4.975073	-0.000000
4.976056	-0.000000
4.977039	-0.000000
4.978022	0.000000
4.979005	-0.000000
4.979987	0.000000
4.980970	0.000000
4.981953	-0.000000
4.982936	0.000000
4.983918	-0.000000
4.984901	0.000000
4.985884	-0.000000
4.986867	0.000000
4.987850	0.000000
4.988832	0.000000
4.989815	-0.000000
4.990798	0.000000
4.991781	-0.000000
4.992763	-0.000000
4.993746	0.000000
4.994729	-0.000000
4.995712	0.000000
4.996695	0.000000
4.997677	0.000000
4.998660	0.000000
4.999643	0.000000
5.000626	-0.000000
5.001608	0.000000
5.002591	-0.000000
5.003574	-0.000000
5.004557	0.000000
5.005540	-0.000000
5.006522	-0.000000
5.007505	0.000000
5.008488	0.000000
5.009471	-0.000000
5.010453	0.000000
5.011436	-0.000000
5.012419	-0.000000
5.013402	-0.000000
5.014384	0.000000
5.015367	-0.000000
5.016350	0.000000
5.017333	0.000000
5.018316	-0.000000
5.019298	0.000000
5.020281	-0.000000
5.021264	-0.000000
5.022247	0.000000
5.023229	-0.000000
5.024212	-0.000000
5.025195	-0.000000
5.026178	0.000000
5.027161	0.000000
5.028143	-0.000000
5.029126	0.000000
5.030109	-0.000000
5.031092	0.000000
5.032074	0.000000
5.033057	-0.000000
5.034040	0.000000
5.035023	-0.000000
5.036006	-0.000000
5.036988	0.000000
5.037971	-0.000000
5.038954	0.000000
5.039937	0.000000
5.040919	0.000000
5.041902	-0.000000
5.042885	0.000000
5.043868	-0.000000
5.044851	-0.000000
5.045833	-0.000000
5.046816	-0.000000
5.047799	0.000000
5.048782	0.000000
5.049764	0.000000
5.050747	-0.000000
5.051730	-0.000000
5.052713	-0.000000
5.053696	0.000000
5.054678	0.000000
5.055661	0.000000
5.056644	-0.000000
5.057627	-0.000000
5.058609	-0.000000
5.059592	-0.000000
5.060575	-0.000000
5.061558	0.000000
5.062540	0.000000
5.063523	0.000000
5.064506	0.000000
5.065489	0.000000
5.066472	-0.000000
5.067454	0.000000
5.068437	-0.000000
5.069420	-0.000000
5.070403	0.000000
5.071385	-0.000000
5.072368	0.000000
5.073351	0.000000
5.074334	0.000000
5.075317	-0.000000
5.076299	0.000000
5.077282	0.000000
5.078265	-0.000000
5.079248	-0.000000
5.080230	-0.000000
5.081213	-0.000000
5.082196	0.000000
5.083179	-0.000000
5.084162	-0.000000
5.085144	0.000000
5.086127	-0.000000
5.087110	-0.000000
5.088093	0.000000
5.089075	-0.000000
5.090058	-0.000000
5.091041	-0.000000
5.092024	0.000000
5.093007	-0.000000
5.093989	0.000000
5.094972	0.000000
5.095955	0.000000
5.096938	0.000000
5.097920	-0.000000
5.098903	0.000000
5.099886	-0.000000
5.100869	-0.000000
5.101852	-0.000000
5.102834	-0.000000
5.103817	0.000000
5.104800	-0.000000
5.105783	0.000000
5.106765	-0.000000
5.107748	-0.000000
5.108731	0.000000
5.109714	-0.000000
5.110697	-0.000000
5.111679	-0.000000
5.112662	-0.000000
5.113645	-0.000000
5.114628	-0.000000
5.115610	-0.000000
5.116593	-0.000000
5.117576	-0.000000
5.118559	0.000000
5.119541	-0.000000
5.120524	-0.000000
5.121507	-0.000000
5.122490	0.000000
5.123473	0.000000
5.124455	0.000000
5.125438	0.000000
5.126421	0.000000
5.127404	-0.000000
5.128386	0.000000
5.129369	0.000000
5.130352	-0.000000
5.131335	0.000000
5.132318	0.000000
5.133300	0.000000
5.134283	-0.000000
5.135266	-0.000000
5.136249	-0.000000
5.137231	-0.000000
5.138214	0.000000
5.139197	0.000000
5.140180	-0.000000
5.141163	-0.000000
5.142145	0.000000
5.143128	0.000000
5.144111	0.000000
5.145094	-0.000000
5.146076	-0.000000
5.147059	-0.000000
5.148042	-0.000000
5.149025	0.000000
5.150008	-0.000000
5.150990	-0.000000
5.151973	0.000000
5.152956	0.000000
5.153939	-0.000000
5.154921	0.000000
5.155904	-0.000000
5.156887	0.000000
5.157870	0.000000
5.158853	-0.000000
5.159835	-0.000000
5.160818	0.000000
5.161801	-0.000000
5.162784	0.000000
5.163766	-0.000000
