1.739405e-01 3.919854e-01
1.682312e-01 3.826192e-01
1.628075e-01 3.732871e-01
1.576641e-01 3.639946e-01
1.521158e-01 3.561889e-01
1.467969e-01 3.483638e-01
1.417048e-01 3.405242e-01
1.360956e-01 3.340218e-01
1.306676e-01 3.274564e-01
1.254206e-01 3.208321e-01
1.195493e-01 3.154200e-01
1.138156e-01 3.099083e-01
1.087699e-01 3.035117e-01
1.081587e-01 2.911883e-01
1.081502e-01 2.787367e-01
1.081502e-01 2.669420e-01
1.081502e-01 2.557540e-01
1.081502e-01 2.451178e-01
1.081502e-01 2.349849e-01
1.081502e-01 2.253123e-01
1.081502e-01 2.160612e-01
1.081502e-01 2.071972e-01
1.081502e-01 1.986890e-01
1.081502e-01 1.905087e-01
1.081502e-01 1.826309e-01
1.081502e-01 1.750325e-01
1.081502e-01 1.676927e-01
1.081502e-01 1.605923e-01
1.081502e-01 1.537139e-01
1.081502e-01 1.470414e-01
1.081502e-01 1.405602e-01
1.081502e-01 1.342567e-01
1.081502e-01 1.281183e-01
1.081502e-01 1.221335e-01
1.081502e-01 1.162915e-01
1.081502e-01 1.105824e-01
1.081502e-01 1.049967e-01
1.081502e-01 9.952583e-02
1.081502e-01 9.416158e-02
1.081502e-01 8.889630e-02
1.081502e-01 8.372278e-02
1.081502e-01 7.863420e-02
1.081502e-01 7.362415e-02
1.081502e-01 6.868651e-02
1.081502e-01 6.381549e-02
1.081502e-01 5.900555e-02
1.081502e-01 5.425141e-02
1.081502e-01 4.954801e-02
1.081502e-01 4.489046e-02
1.081502e-01 4.027408e-02
1.081502e-01 3.569432e-02
1.081502e-01 3.114677e-02
1.081502e-01 2.662715e-02
1.081502e-01 2.213126e-02
1.081502e-01 1.765501e-02
1.081502e-01 1.319436e-02
1.081502e-01 8.745326e-03
1.081502e-01 4.303985e-03
1.081502e-01 -1.335780e-04
1.081502e-01 -4.571258e-03
1.081502e-01 -9.012951e-03
1.081502e-01 -1.346257e-02
1.081502e-01 -1.792405e-02
1.081502e-01 -2.240137e-02
1.081502e-01 -2.689857e-02
1.081502e-01 -3.141975e-02
1.081502e-01 -3.596912e-02
1.081502e-01 -4.055096e-02
1.081502e-01 -4.516969e-02
1.081502e-01 -4.982986e-02
1.081502e-01 -5.453618e-02
1.081502e-01 -5.929353e-02
1.081502e-01 -6.410700e-02
1.081502e-01 -6.898187e-02
1.081502e-01 -7.392370e-02
1.081502e-01 -7.893831e-02
1.081502e-01 -8.403181e-02
1.081502e-01 -8.921067e-02
1.081502e-01 -9.448170e-02
1.081502e-01 -9.985214e-02
1.081502e-01 -1.053297e-01
1.081502e-01 -1.109225e-01
1.081502e-01 -1.166394e-01
1.081502e-01 -1.224897e-01
1.081502e-01 -1.284834e-01
1.081502e-01 -1.346314e-01
1.081502e-01 -1.409453e-01
1.081502e-01 -1.474376e-01
1.081502e-01 -1.541221e-01
1.081502e-01 -1.610134e-01
1.081502e-01 -1.681277e-01
1.081502e-01 -1.754825e-01
1.081502e-01 -1.830971e-01
1.081502e-01 -1.909924e-01
1.081502e-01 -1.991917e-01
1.081502e-01 -2.077205e-01
1.081502e-01 -2.166070e-01
1.081502e-01 -2.258824e-01
1.081502e-01 -2.355816e-01
1.081502e-01 -2.457435e-01
1.081502e-01 -2.564115e-01
1.081502e-01 -2.676345e-01
1.081502e-01 -2.794676e-01
1.081501e-01 -2.919733e-01
1.101975e-01 -3.022728e-01
1.125053e-01 -3.127323e-01
1.150822e-01 -3.233493e-01
1.179368e-01 -3.341213e-01
1.218581e-01 -3.436922e-01
1.275721e-01 -3.505485e-01
1.334753e-01 -3.573375e-01
1.395677e-01 -3.640548e-01
1.451582e-01 -3.721667e-01
1.509865e-01 -3.802556e-01
1.570549e-01 -3.883163e-01
1.633656e-01 -3.963433e-01
1.693275e-01 -4.059293e-01
1.925082e-01 -3.668513e-01
2.054719e-01 -3.532390e-01
2.162737e-01 -3.443425e-01
2.259792e-01 -3.375663e-01
2.349703e-01 -3.320378e-01
2.434443e-01 -3.273252e-01
2.515179e-01 -3.231851e-01
2.592669e-01 -3.194683e-01
2.667442e-01 -3.160790e-01
2.739897e-01 -3.129461e-01
2.810339e-01 -3.100206e-01
2.879008e-01 -3.072673e-01
2.946107e-01 -3.046570e-01
3.011805e-01 -3.021680e-01
3.076247e-01 -2.997833e-01
3.139561e-01 -2.974895e-01
3.201862e-01 -2.952760e-01
3.263252e-01 -2.931337e-01
3.323827e-01 -2.910555e-01
3.383676e-01 -2.890356e-01
3.442882e-01 -2.870694e-01
3.501526e-01 -2.851532e-01
3.559686e-01 -2.832844e-01
3.617439e-01 -2.814608e-01
3.674859e-01 -2.796812e-01
3.732025e-01 -2.779450e-01
3.789013e-01 -2.762523e-01
3.845905e-01 -2.746042e-01
3.902786e-01 -2.730024e-01
3.959747e-01 -2.714498e-01
4.016884e-01 -2.699499e-01
4.074309e-01 -2.685084e-01
4.132144e-01 -2.671328e-01
4.190532e-01 -2.658330e-01
4.249644e-01 -2.646222e-01
4.309685e-01 -2.635183e-01
4.370917e-01 -2.625466e-01
4.433689e-01 -2.617437e-01
4.498482e-01 -2.611638e-01
4.566003e-01 -2.608915e-01
4.637398e-01 -2.610716e-01
4.714713e-01 -2.619744e-01
4.802336e-01 -2.642011e-01
4.913120e-01 -2.695686e-01
5.004582e-01 -2.712402e-01
5.075878e-01 -2.695407e-01
5.101005e-01 -2.613042e-01
5.124026e-01 -2.531495e-01
5.144994e-01 -2.450796e-01
5.163959e-01 -2.370973e-01
5.180971e-01 -2.292054e-01
5.196081e-01 -2.214064e-01
5.209339e-01 -2.137027e-01
5.245438e-01 -2.086100e-01
5.297032e-01 -2.050977e-01
5.365199e-01 -2.030690e-01
5.389594e-01 -1.969021e-01
5.293810e-01 -1.805025e-01
5.265175e-01 -1.706269e-01
5.249783e-01 -1.622535e-01
5.240668e-01 -1.546924e-01
5.235247e-01 -1.476733e-01
5.232179e-01 -1.410502e-01
5.230745e-01 -1.347379e-01
5.230457e-01 -1.286772e-01
5.230996e-01 -1.228265e-01
5.232136e-01 -1.171546e-01
5.233710e-01 -1.116372e-01
5.235589e-01 -1.062546e-01
5.237674e-01 -1.009909e-01
5.239887e-01 -9.583275e-02
5.242166e-01 -9.076885e-02
5.244460e-01 -8.578954e-02
5.246727e-01 -8.088640e-02
5.248930e-01 -7.605201e-02
5.251041e-01 -7.127983e-02
5.253034e-01 -6.656404e-02
5.254889e-01 -6.189940e-02
5.256586e-01 -5.728115e-02
5.258110e-01 -5.270499e-02
5.259448e-01 -4.816694e-02
5.260587e-01 -4.366336e-02
5.261518e-01 -3.919087e-02
5.262232e-01 -3.474630e-02
5.262720e-01 -3.032672e-02
5.262977e-01 -2.592932e-02
5.262996e-01 -2.155146e-02
5.262773e-01 -1.719061e-02
5.262303e-01 -1.284437e-02
5.261583e-01 -8.510378e-03
5.260609e-01 -4.186378e-03
5.259380e-01 1.298504e-04
5.257894e-01 4.440488e-03
5.256148e-01 8.747690e-03
5.254142e-01 1.305360e-02
5.251875e-01 1.736037e-02
5.249347e-01 2.167016e-02
5.246559e-01 2.598516e-02
5.243511e-01 3.030761e-02
5.240204e-01 3.463980e-02
5.236639e-01 3.898407e-02
5.232819e-01 4.334288e-02
5.228746e-01 4.771878e-02
5.224422e-01 5.211441e-02
5.219852e-01 5.653259e-02
5.215039e-01 6.097626e-02
5.209987e-01 6.544857e-02
5.204702e-01 6.995286e-02
5.199190e-01 7.449272e-02
5.193457e-01 7.907198e-02
5.187512e-01 8.369482e-02
5.181364e-01 8.836574e-02
5.175022e-01 9.308965e-02
5.168499e-01 9.787192e-02
5.161809e-01 1.027184e-01
5.154966e-01 1.076357e-01
5.147989e-01 1.126310e-01
5.140900e-01 1.177124e-01
5.133724e-01 1.228889e-01
5.126488e-01 1.281707e-01
5.119228e-01 1.335693e-01
5.111982e-01 1.390979e-01
5.104801e-01 1.447716e-01
5.097748e-01 1.506085e-01
5.090891e-01 1.566290e-01
5.084316e-01 1.628573e-01
5.078128e-01 1.693220e-01
5.072467e-01 1.760587e-01
5.067510e-01 1.831109e-01
5.063436e-01 1.905280e-01
5.060454e-01 1.983688e-01
5.058807e-01 2.067033e-01
5.058380e-01 2.155700e-01
5.056408e-01 2.246895e-01
5.037767e-01 2.321690e-01
4.987476e-01 2.357998e-01
4.925370e-01 2.377920e-01
4.861703e-01 2.394098e-01
4.798620e-01 2.409411e-01
4.736534e-01 2.424568e-01
4.675503e-01 2.439815e-01
4.615471e-01 2.455242e-01
4.556347e-01 2.470875e-01
4.498031e-01 2.486721e-01
4.440421e-01 2.502773e-01
4.383423e-01 2.519024e-01
4.326946e-01 2.535464e-01
4.270905e-01 2.552085e-01
4.215219e-01 2.568882e-01
4.159815e-01 2.585854e-01
4.104621e-01 2.603000e-01
4.049568e-01 2.620321e-01
3.994591e-01 2.637821e-01
3.939626e-01 2.655506e-01
3.884612e-01 2.673385e-01
3.829489e-01 2.691471e-01
3.774195e-01 2.709777e-01
3.718672e-01 2.728321e-01
3.662859e-01 2.747122e-01
3.606696e-01 2.766207e-01
3.550119e-01 2.785601e-01
3.493065e-01 2.805340e-01
3.435467e-01 2.825462e-01
3.377255e-01 2.846014e-01
3.318354e-01 2.867050e-01
3.258686e-01 2.888635e-01
3.198165e-01 2.910844e-01
3.136696e-01 2.933771e-01
3.074175e-01 2.957532e-01
3.010484e-01 2.982261e-01
2.945490e-01 3.008128e-01
2.879037e-01 3.035346e-01
2.810940e-01 3.064189e-01
2.740972e-01 3.095028e-01
2.668854e-01 3.128327e-01
2.594226e-01 3.164736e-01
2.516599e-01 3.205209e-01
2.435293e-01 3.251124e-01
2.349291e-01 3.304643e-01
2.256862e-01 3.369735e-01
2.154759e-01 3.454132e-01
2.034804e-01 3.578427e-01
1.739405e-01 3.919854e-01
