0.000983	0.000000
0.001966	0.000000
0.002948	-0.000000
0.003931	-0.000000
0.004914	-0.000000
0.005897	-0.000000
0.006879	-0.000000
0.007862	-0.000000
0.008845	0.000000
0.009828	-0.000000
0.010811	-0.000000
0.011793	-0.000000
0.012776	-0.000000
0.013759	0.000000
0.014742	-0.000000
0.015724	0.000000
0.016707	0.000000
0.017690	-0.000000
0.018673	-0.000000
0.019656	0.000000
0.020638	-0.000000
0.021621	-0.000000
0.022604	0.000000
0.023587	0.000000
0.024569	-0.000000
0.025552	0.000000
0.026535	-0.000000
0.027518	-0.000000
0.028500	0.000000
0.029483	0.000000
0.030466	-0.000000
0.031449	-0.000000
0.032432	0.000000
0.033414	-0.000000
0.034397	-0.000000
0.035380	-0.000000
0.036363	-0.000000
0.037345	-0.000000
0.038328	-0.000000
0.039311	0.000000
0.040294	0.000000
0.041277	-0.000000
0.042259	-0.000000
0.043242	-0.000000
0.044225	-0.000000
0.045208	-0.000000
0.046190	0.000000
0.047173	0.000000
0.048156	-0.000000
0.049139	0.000000
0.050122	-0.000000
0.051104	-0.000000
0.052087	-0.000000
0.053070	0.000000
0.054053	0.000000
0.055035	0.000000
0.056018	0.000000
0.057001	0.000000
0.057984	-0.000000
0.058967	-0.000000
0.059949	-0.000000
0.060932	-0.000000
0.061915	-0.000000
0.062898	-0.000000
0.063880	0.000000
0.064863	0.000000
0.065846	0.000000
0.066829	0.000000
0.067812	-0.000000
0.068794	-0.000000
0.069777	0.000000
0.070760	0.000000
0.071743	-0.000000
0.072725	-0.000000
0.073708	-0.000000
0.074691	-0.000000
0.075674	-0.000000
0.076656	-0.000000
0.077639	0.000000
0.078622	-0.000000
0.079605	-0.000000
0.080588	-0.000000
0.081570	0.000000
0.082553	-0.000000
0.083536	0.000000
0.084519	0.000000
0.085501	-0.000000
0.086484	-0.000000
0.087467	-0.000000
0.088450	-0.000000
0.089433	-0.000000
0.090415	0.000000
0.091398	-0.000000
0.092381	-0.000000
0.093364	0.000000
0.094346	-0.000000
0.095329	-0.000000
0.096312	-0.000000
0.097295	-0.000000
0.098278	-0.000000
0.099260	-0.000000
0.100243	0.000000
0.101226	-0.000000
0.102209	-0.000000
0.103191	-0.000000
0.104174	0.000000
0.105157	-0.000000
0.106140	-0.000000
0.107123	-0.000000
0.108105	-0.000000
0.109088	0.000000
0.110071	0.000000
0.111054	0.000000
0.112036	-0.000000
0.113019	0.000000
0.114002	-0.000000
0.114985	-0.000000
0.115968	0.000000
0.116950	-0.000000
0.117933	-0.000000
0.118916	-0.000000
0.119899	0.000000
0.120881	-0.000000
0.121864	0.000000
0.122847	0.000000
0.123830	-0.000000
0.124812	0.000000
0.125795	-0.000000
0.126778	-0.000000
0.127761	-0.000000
0.128744	-0.000000
0.129726	0.000000
0.130709	-0.000000
0.131692	-0.000000
0.132675	0.000000
0.133657	-0.000000
0.134640	-0.000000
0.135623	-0.000000
0.136606	-0.000000
0.137589	-0.000000
0.138571	-0.000000
0.139554	-0.000000
0.140537	-0.000000
0.141520	0.000000
0.142502	0.000000
0.143485	0.000000
0.144468	0.000000
0.145451	-0.000000
0.146434	-0.000000
0.147416	-0.000000
0.148399	0.000000
0.149382	0.000000
0.150365	-0.000000
0.151347	-0.000000
0.152330	-0.000000
0.153313	-0.000000
0.154296	-0.000000
0.155279	-0.000000
0.156261	-0.000000
0.157244	-0.000000
0.158227	0.000000
0.159210	-0.000000
0.160192	-0.000000
0.161175	0.000000
0.162158	-0.000000
0.163141	0.000000
0.164124	-0.000000
0.165106	-0.000000
0.166089	0.000000
0.167072	-0.000000
0.168055	0.000000
0.169037	-0.000000
0.170020	-0.000000
0.171003	-0.000000
0.171986	-0.000000
0.172969	-0.000000
0.173951	-0.000000
0.174934	0.000000
0.175917	-0.000000
0.176900	0.000000
0.177882	-0.000000
0.178865	-0.000000
0.179848	0.000000
0.180831	-0.000000
0.181813	0.000000
0.182796	-0.000000
0.183779	-0.000000
0.184762	-0.000000
0.185745	0.000000
0.186727	-0.000000
0.187710	-0.000000
0.188693	-0.000000
0.189676	0.000000
0.190658	-0.000000
0.191641	-0.000000
0.192624	-0.000000
0.193607	-0.000000
0.194590	-0.000000
0.195572	-0.000000
0.196555	-0.000000
0.197538	-0.000000
0.198521	-0.000000
0.199503	0.000000
0.200486	-0.000000
0.201469	0.000000
0.202452	-0.000000
0.203435	-0.000000
0.204417	-0.000000
0.205400	-0.000000
0.206383	-0.000000
0.207366	0.000000
0.208348	-0.000000
0.209331	0.000000
0.210314	-0.000000
0.211297	-0.000000
0.212280	0.000000
0.213262	-0.000000
0.214245	-0.000000
0.215228	-0.000000
0.216211	0.000000
0.217193	-0.000000
0.218176	-0.000000
0.219159	-0.000000
0.220142	-0.000000
0.221125	-0.000000
0.222107	-0.000000
0.223090	-0.000000
0.224073	0.000000
0.225056	0.000002
0.226038	0.000004
0.227021	0.000006
0.228004	0.000006
0.228987	0.000007
0.229969	0.000007
0.230952	0.000011
0.231935	0.000011
0.232918	0.000013
0.233901	0.000013
0.234883	0.000015
0.235866	0.000015
0.236849	0.000017
0.237832	0.000017
0.238814	0.000019
0.239797	0.000019
0.240780	0.000021
0.241763	0.000021
0.242746	0.000022
0.243728	0.000022
0.244711	0.000022
0.245694	0.000022
0.246677	0.000024
0.247659	0.000024
0.248642	0.000024
0.249625	0.000026
0.250608	0.000026
0.251591	0.000026
0.252573	0.000028
0.253556	0.000026
0.254539	0.000026
0.255522	0.000028
0.256504	0.000026
0.257487	0.000026
0.258470	0.000026
0.259453	0.000026
0.260436	0.000024
0.261418	0.000024
0.262401	0.000024
0.263384	0.000024
0.264367	0.000024
0.265349	0.000022
0.266332	0.000022
0.267315	0.000022
0.268298	0.000021
0.269281	0.000021
0.270263	0.000019
0.271246	0.000017
0.272229	0.000017
0.273212	0.000017
0.274194	0.000015
0.275177	0.000015
0.276160	0.000013
0.277143	0.000013
0.278125	0.000011
0.279108	0.000011
0.280091	0.000009
0.281074	0.000007
0.282057	0.000007
0.283039	0.000004
0.284022	0.000004
0.285005	0.000004
0.285988	-0.000000
0.286962	0.000006
0.287937	0.000007
0.288912	0.000011
0.289887	0.000013
0.290862	0.000015
0.291836	0.000019
0.292811	0.000021
0.293786	0.000023
0.294761	0.000028
0.295736	0.000030
0.296710	0.000034
0.297685	0.000038
0.298660	0.000040
0.299635	0.000044
0.300610	0.000046
0.301584	0.000049
0.302559	0.000053
0.303534	0.000057
0.304509	0.000061
0.305484	0.000065
0.306458	0.000069
0.307433	0.000075
0.308408	0.000079
0.309383	0.000083
0.310357	0.000087
0.311332	0.000093
0.312307	0.000099
0.313282	0.000105
0.314257	0.000111
0.315231	0.000115
0.316206	0.000122
0.317181	0.000129
0.318156	0.000137
0.319131	0.000143
0.320105	0.000151
0.321080	0.000159
0.322055	0.000169
0.323030	0.000177
0.324005	0.000187
0.324979	0.000197
0.325954	0.000209
0.326929	0.000219
0.327904	0.000232
0.328879	0.000244
0.329853	0.000256
0.330828	0.000270
0.331803	0.000285
0.332778	0.000299
0.333753	0.000318
0.334727	0.000332
0.335702	0.000351
0.336677	0.000371
0.337652	0.000390
0.338626	0.000411
0.339601	0.000433
0.340576	0.000458
0.341551	0.000483
0.342526	0.000508
0.343500	0.000535
0.344475	0.000565
0.345450	0.000598
0.346425	0.000632
0.347400	0.000667
0.348374	0.000705
0.349349	0.000745
0.350324	0.000787
0.351299	0.000831
0.352274	0.000882
0.353248	0.000933
0.354223	0.000990
0.355198	0.001049
0.356173	0.001113
0.357148	0.001181
0.358122	0.001254
0.359097	0.001333
0.360072	0.001418
0.361047	0.001512
0.362021	0.001612
0.362996	0.001720
0.363971	0.001840
0.364946	0.001969
0.365921	0.002112
0.366895	0.002267
0.367870	0.002444
0.368845	0.002636
0.369820	0.002854
0.370795	0.003098
0.371769	0.003379
0.372744	0.003705
0.373719	0.004081
0.374694	0.004532
0.375669	0.005081
0.376643	0.005766
0.377618	0.006654
0.378593	0.007856
0.379568	0.009562
0.380543	0.012093
0.381517	0.015805
0.382492	0.020033
0.383475	0.020181
0.384458	0.017632
0.385440	0.015238
0.386423	0.013704
0.387406	0.012770
0.388389	0.012194
0.389372	0.011833
0.390354	0.011606
0.391337	0.011463
0.392320	0.011378
0.393303	0.011338
0.394285	0.011325
0.395268	0.011336
0.396251	0.011367
0.397234	0.011408
0.398217	0.011463
0.399199	0.011526
0.400182	0.011593
0.401165	0.011671
0.402148	0.011750
0.403130	0.011835
0.404113	0.011924
0.405096	0.012017
0.406079	0.012111
0.407061	0.012207
0.408044	0.012305
0.409027	0.012405
0.410010	0.012505
0.410993	0.012607
0.411975	0.012712
0.412958	0.012814
0.413941	0.012921
0.414924	0.013025
0.415906	0.013132
0.416889	0.013236
0.417872	0.013343
0.418855	0.013450
0.419838	0.013558
0.420820	0.013665
0.421803	0.013772
0.422786	0.013878
0.423769	0.013987
0.424751	0.014094
0.425734	0.014198
0.426717	0.014307
0.427700	0.014414
0.428683	0.014518
0.429665	0.014625
0.430648	0.014731
0.431631	0.014836
0.432614	0.014940
0.433596	0.015045
0.434579	0.015149
0.435562	0.015251
0.436545	0.015356
0.437528	0.015458
0.438510	0.015561
0.439493	0.015663
0.440476	0.015767
0.441459	0.015867
0.442441	0.015967
0.443424	0.016068
0.444407	0.016168
0.445390	0.016268
0.446373	0.016366
0.447355	0.016464
0.448338	0.016562
0.449321	0.016657
0.450304	0.016755
0.451286	0.016851
0.452269	0.016947
0.453252	0.017040
0.454235	0.017136
0.455217	0.017230
0.456200	0.017321
0.457183	0.017413
0.458166	0.017506
0.459149	0.017598
0.460131	0.017687
0.461114	0.017778
0.462097	0.017865
0.463080	0.017954
0.464062	0.018041
0.465045	0.018129
0.466028	0.018216
0.467011	0.018300
0.467994	0.018385
0.468976	0.018470
0.469959	0.018553
0.470942	0.018636
0.471925	0.018718
0.472907	0.018799
0.473890	0.018882
0.474873	0.018960
0.475856	0.019038
0.476839	0.019119
0.477821	0.019195
0.478804	0.019271
0.479787	0.019347
0.480770	0.019423
0.481752	0.019497
0.482735	0.019571
0.483718	0.019645
0.484701	0.019717
0.485684	0.019789
0.486666	0.019859
0.487649	0.019931
0.488632	0.019996
0.489615	0.020065
0.490597	0.020133
0.491580	0.020200
0.492563	0.020266
0.493546	0.020333
0.494529	0.020396
0.495511	0.020459
0.496494	0.020522
0.497477	0.020583
0.498460	0.020644
0.499442	0.020705
0.500425	0.020764
0.501408	0.020821
0.502391	0.020879
0.503374	0.020936
0.504356	0.020995
0.505339	0.021049
0.506322	0.021101
0.507305	0.021156
0.508287	0.021208
0.509270	0.021260
0.510253	0.021310
0.511236	0.021360
0.512218	0.021410
0.513201	0.021458
0.514184	0.021506
0.515167	0.021554
0.516150	0.021600
0.517132	0.021643
0.518115	0.021687
0.519098	0.021730
0.520081	0.021774
0.521063	0.021815
0.522046	0.021854
0.523029	0.021896
0.524012	0.021933
0.524995	0.021970
0.525977	0.022009
0.526960	0.022044
0.527943	0.022081
0.528926	0.022116
0.529908	0.022148
0.530891	0.022181
0.531874	0.022213
0.532857	0.022244
0.533840	0.022274
0.534822	0.022303
0.535805	0.022331
0.536788	0.022361
0.537771	0.022385
0.538753	0.022411
0.539736	0.022435
0.540719	0.022459
0.541702	0.022483
0.542685	0.022507
0.543667	0.022529
0.544650	0.022549
0.545633	0.022570
0.546616	0.022588
0.547598	0.022605
0.548581	0.022623
0.549564	0.022640
0.550547	0.022655
0.551530	0.022670
0.552512	0.022684
0.553495	0.022697
0.554478	0.022707
0.555461	0.022721
0.556443	0.022731
0.557426	0.022740
0.558409	0.022749
0.559392	0.022755
0.560374	0.022764
0.561357	0.022771
0.562340	0.022775
0.563323	0.022781
0.564306	0.022784
0.565288	0.022788
0.566271	0.022788
0.567254	0.022792
0.568237	0.022792
0.569219	0.022792
0.570202	0.022790
0.571185	0.022790
0.572168	0.022788
0.573151	0.022784
0.574133	0.022779
0.575116	0.022775
0.576099	0.022771
0.577082	0.022762
0.578064	0.022755
0.579047	0.022747
0.580030	0.022738
0.581013	0.022729
0.581996	0.022718
0.582978	0.022707
0.583961	0.022697
0.584944	0.022681
0.585927	0.022670
0.586909	0.022655
0.587892	0.022640
0.588875	0.022625
0.589858	0.022610
0.590841	0.022594
0.591823	0.022575
0.592806	0.022557
0.593789	0.022538
0.594772	0.022518
0.595754	0.022496
0.596737	0.022477
0.597720	0.022455
0.598703	0.022433
0.599686	0.022409
0.600668	0.022383
0.601651	0.022361
0.602634	0.022335
0.603617	0.022309
0.604599	0.022283
0.605582	0.022255
0.606565	0.022229
0.607548	0.022198
0.608530	0.022170
0.609513	0.022139
0.610496	0.022111
0.611479	0.022079
0.612462	0.022046
0.613444	0.022015
0.614427	0.021983
0.615410	0.021950
0.616393	0.021915
0.617375	0.021880
0.618358	0.021846
0.619341	0.021809
0.620324	0.021774
0.621307	0.021737
0.622289	0.021700
0.623272	0.021661
0.624255	0.021624
0.625238	0.021582
0.626220	0.021545
0.627203	0.021504
0.628186	0.021463
0.629169	0.021423
0.630152	0.021380
0.631134	0.021336
0.632117	0.021297
0.633100	0.021252
0.634083	0.021210
0.635065	0.021164
0.636048	0.021119
0.637031	0.021075
0.638014	0.021030
0.638997	0.020984
0.639979	0.020938
0.640962	0.020890
0.641945	0.020845
0.642928	0.020794
0.643910	0.020747
0.644893	0.020699
0.645876	0.020649
0.646859	0.020601
0.647842	0.020551
0.648824	0.020501
0.649807	0.020448
0.650790	0.020398
0.651773	0.020346
0.652755	0.020294
0.653738	0.020242
0.654721	0.020189
0.655704	0.020137
0.656686	0.020085
0.657669	0.020028
0.658652	0.019976
0.659635	0.019922
0.660618	0.019867
0.661600	0.019811
0.662583	0.019756
0.663566	0.019702
0.664549	0.019645
0.665531	0.019587
0.666514	0.019532
0.667497	0.019473
0.668480	0.019419
0.669463	0.019360
0.670445	0.019302
0.671428	0.019245
0.672411	0.019186
0.673394	0.019127
0.674376	0.019069
0.675359	0.019010
0.676342	0.018951
0.677325	0.018890
0.678308	0.018829
0.679290	0.018771
0.680273	0.018712
0.681256	0.018651
0.682239	0.018590
0.683221	0.018529
0.684204	0.018468
0.685187	0.018407
0.686170	0.018344
0.687153	0.018283
0.688135	0.018220
0.689118	0.018159
0.690101	0.018098
0.691084	0.018035
0.692066	0.017970
0.693049	0.017909
0.694032	0.017848
0.695015	0.017783
0.695998	0.017719
0.696980	0.017656
0.697963	0.017593
0.698946	0.017530
0.699929	0.017465
0.700911	0.017402
0.701894	0.017339
0.702877	0.017273
0.703860	0.017210
0.704842	0.017147
0.705825	0.017082
0.706808	0.017016
0.707791	0.016953
0.708774	0.016888
0.709756	0.016823
0.710739	0.016757
0.711722	0.016692
0.712705	0.016627
0.713687	0.016564
0.714670	0.016498
0.715653	0.016433
0.716636	0.016368
0.717619	0.016303
0.718601	0.016237
0.719584	0.016172
0.720567	0.016107
0.721550	0.016041
0.722532	0.015976
0.723515	0.015911
0.724498	0.015846
0.725481	0.015780
0.726464	0.015715
0.727446	0.015648
0.728429	0.015582
0.729412	0.015517
0.730395	0.015452
0.731377	0.015386
0.732360	0.015321
0.733343	0.015256
0.734326	0.015191
0.735309	0.015123
0.736291	0.015058
0.737274	0.014995
0.738257	0.014929
0.739240	0.014864
0.740222	0.014797
0.741205	0.014734
0.742188	0.014668
0.743171	0.014603
0.744154	0.014538
0.745136	0.014470
0.746119	0.014407
0.747102	0.014342
0.748085	0.014276
0.749067	0.014211
0.750050	0.014146
0.751033	0.014081
0.752016	0.014018
0.752999	0.013952
0.753981	0.013887
0.754964	0.013824
0.755947	0.013759
0.756930	0.013693
0.757912	0.013630
0.758895	0.013567
0.759878	0.013502
0.760861	0.013439
0.761843	0.013373
0.762826	0.013310
0.763809	0.013247
0.764792	0.013182
0.765775	0.013119
0.766757	0.013056
0.767740	0.012992
0.768723	0.012929
0.769706	0.012866
0.770688	0.012803
0.771671	0.012742
0.772654	0.012677
0.773637	0.012616
0.774620	0.012553
0.775602	0.012490
0.776585	0.012429
0.777568	0.012366
0.778551	0.012305
0.779533	0.012242
0.780516	0.012181
0.781499	0.012118
0.782482	0.012057
0.783465	0.011996
0.784447	0.011935
0.785430	0.011874
0.786413	0.011813
0.787396	0.011752
0.788378	0.011691
0.789361	0.011630
0.790344	0.011571
0.791327	0.011510
0.792310	0.011449
0.793292	0.011391
0.794275	0.011330
0.795258	0.011271
0.796241	0.011212
0.797223	0.011151
0.798206	0.011093
0.799189	0.011034
0.800172	0.010975
0.801155	0.010916
0.802137	0.010858
0.803120	0.010799
0.804103	0.010740
0.805086	0.010683
0.806068	0.010625
0.807051	0.010568
0.808034	0.010509
0.809017	0.010453
0.809999	0.010396
0.810982	0.010340
0.811965	0.010281
0.812948	0.010224
0.813931	0.010168
0.814913	0.010111
0.815896	0.010054
0.816879	0.010000
0.817862	0.009943
0.818844	0.009887
0.819827	0.009832
0.820810	0.009776
0.821793	0.009722
0.822776	0.009667
0.823758	0.009613
0.824741	0.009558
0.825724	0.009504
0.826707	0.009447
0.827689	0.009395
0.828672	0.009341
0.829655	0.009286
0.830638	0.009234
0.831621	0.009182
0.832603	0.009127
0.833586	0.009073
0.834569	0.009021
0.835552	0.008969
0.836534	0.008916
0.837517	0.008862
0.838500	0.008812
0.839483	0.008757
0.840466	0.008707
0.841448	0.008657
0.842431	0.008605
0.843414	0.008553
0.844397	0.008503
0.845379	0.008451
0.846362	0.008403
0.847345	0.008350
0.848328	0.008300
0.849311	0.008248
0.850293	0.008198
0.851276	0.008150
0.852259	0.008100
0.853242	0.008052
0.854224	0.008002
0.855207	0.007954
0.856190	0.007904
0.857173	0.007854
0.858155	0.007806
0.859138	0.007761
0.860121	0.007711
0.861104	0.007663
0.862087	0.007615
0.863069	0.007567
0.864052	0.007521
0.865035	0.007473
0.866018	0.007426
0.867000	0.007380
0.867983	0.007332
0.868966	0.007286
0.869949	0.007241
0.870932	0.007193
0.871914	0.007147
0.872897	0.007101
0.873880	0.007056
0.874863	0.007012
0.875845	0.006966
0.876828	0.006921
0.877811	0.006875
0.878794	0.006831
0.879777	0.006788
0.880759	0.006742
0.881742	0.006696
0.882725	0.006653
0.883708	0.006612
0.884690	0.006566
0.885673	0.006522
0.886656	0.006481
0.887639	0.006437
0.888622	0.006394
0.889604	0.006350
0.890587	0.006309
0.891570	0.006266
0.892553	0.006224
0.893535	0.006181
0.894518	0.006139
0.895501	0.006098
0.896484	0.006057
0.897467	0.006015
0.898449	0.005974
0.899432	0.005933
0.900415	0.005893
0.901398	0.005852
0.902380	0.005811
0.903363	0.005769
0.904346	0.005730
0.905329	0.005689
0.906311	0.005650
0.907294	0.005610
0.908277	0.005569
0.909260	0.005532
0.910243	0.005491
0.911225	0.005452
0.912208	0.005415
0.913191	0.005373
0.914174	0.005336
0.915156	0.005299
0.916139	0.005260
0.917122	0.005223
0.918105	0.005184
0.919088	0.005145
0.920070	0.005108
0.921053	0.005071
0.922036	0.005032
0.923019	0.004997
0.924001	0.004958
0.924984	0.004921
0.925967	0.004884
0.926950	0.004849
0.927933	0.004812
0.928915	0.004775
0.929898	0.004738
0.930881	0.004703
0.931864	0.004668
0.932846	0.004631
0.933829	0.004596
0.934812	0.004562
0.935795	0.004525
0.936778	0.004490
0.937760	0.004455
0.938743	0.004420
0.939726	0.004385
0.940709	0.004350
0.941691	0.004316
0.942674	0.004283
0.943657	0.004248
0.944640	0.004213
0.945623	0.004178
0.946605	0.004144
0.947588	0.004113
0.948571	0.004078
0.949554	0.004044
0.950536	0.004011
0.951519	0.003978
0.952502	0.003943
0.953485	0.003913
0.954467	0.003878
0.955450	0.003848
0.956433	0.003813
0.957416	0.003782
0.958399	0.003750
0.959381	0.003717
0.960364	0.003684
0.961347	0.003652
0.962330	0.003621
0.963312	0.003589
0.964295	0.003558
0.965278	0.003528
0.966261	0.003495
0.967244	0.003465
0.968226	0.003434
0.969209	0.003402
0.970192	0.003371
0.971175	0.003341
0.972157	0.003310
0.973140	0.003277
0.974123	0.003249
0.975106	0.003217
0.976089	0.003186
0.977071	0.003158
0.978054	0.003130
0.979037	0.003099
0.980020	0.003069
0.981002	0.003038
0.981985	0.003008
0.982968	0.002979
0.983951	0.002949
0.984934	0.002921
0.985916	0.002892
0.986899	0.002862
0.987882	0.002831
0.988865	0.002805
0.989847	0.002775
0.990830	0.002746
0.991813	0.002718
0.992796	0.002690
0.993779	0.002662
0.994761	0.002633
0.995744	0.002605
0.996727	0.002577
0.997710	0.002548
0.998692	0.002520
0.999675	0.002494
1.000658	0.002464
1.001641	0.002435
1.002624	0.002411
1.003606	0.002381
1.004589	0.002355
1.005572	0.002329
1.006555	0.002300
1.007537	0.002274
1.008520	0.002246
1.009503	0.002218
1.010486	0.002192
1.011468	0.002165
1.012451	0.002139
1.013434	0.002111
1.014417	0.002085
1.015400	0.002057
1.016382	0.002033
1.017365	0.002007
1.018348	0.001978
1.019331	0.001952
1.020313	0.001926
1.021296	0.001900
1.022279	0.001874
1.023262	0.001848
1.024245	0.001822
1.025227	0.001798
1.026210	0.001769
1.027193	0.001743
1.028176	0.001719
1.029158	0.001693
1.030141	0.001667
1.031124	0.001641
1.032107	0.001617
1.033090	0.001591
1.034072	0.001567
1.035055	0.001541
1.036038	0.001515
1.037021	0.001491
1.038003	0.001465
1.038986	0.001441
1.039969	0.001415
1.040952	0.001388
1.041935	0.001365
1.042917	0.001338
1.043900	0.001314
1.044883	0.001293
1.045866	0.001264
1.046848	0.001243
1.047831	0.001217
1.048814	0.001193
1.049797	0.001166
1.050780	0.001143
1.051762	0.001119
1.052745	0.001095
1.053728	0.001071
1.054711	0.001045
1.055693	0.001021
1.056676	0.000997
1.057659	0.000971
1.058642	0.000947
1.059624	0.000925
1.060607	0.000899
1.061590	0.000877
1.062573	0.000853
1.063556	0.000827
1.064538	0.000805
1.065521	0.000779
1.066504	0.000755
1.067487	0.000731
1.068469	0.000709
1.069452	0.000686
1.070435	0.000662
1.071418	0.000638
1.072401	0.000614
1.073383	0.000588
1.074366	0.000566
1.075349	0.000542
1.076332	0.000518
1.077314	0.000494
1.078297	0.000470
1.079280	0.000448
1.080263	0.000424
1.081246	0.000400
1.082228	0.000374
1.083211	0.000353
1.084194	0.000331
1.085177	0.000307
1.086159	0.000281
1.087142	0.000259
1.088125	0.000235
1.089108	0.000211
1.090091	0.000187
1.091073	0.000165
1.092056	0.000141
1.093039	0.000118
1.094022	0.000094
1.095004	0.000070
1.095987	0.000046
1.096970	0.000024
1.097945	0.000032
1.098920	0.000046
1.099894	0.000059
1.100869	0.000070
1.101844	0.000083
1.102819	0.000094
1.103794	0.000105
1.104768	0.000118
1.105743	0.000129
1.106718	0.000141
1.107693	0.000152
1.108667	0.000163
1.109642	0.000177
1.110617	0.000188
1.111592	0.000202
1.112567	0.000211
1.113541	0.000224
1.114516	0.000236
1.115491	0.000247
1.116466	0.000259
1.117441	0.000273
1.118415	0.000285
1.119390	0.000296
1.120365	0.000308
1.121340	0.000320
1.122315	0.000332
1.123289	0.000344
1.124264	0.000355
1.125239	0.000367
1.126214	0.000379
1.127189	0.000391
1.128163	0.000403
1.129138	0.000416
1.130113	0.000428
1.131088	0.000442
1.132062	0.000452
1.133037	0.000467
1.134012	0.000477
1.134987	0.000489
1.135962	0.000502
1.136936	0.000512
1.137911	0.000524
1.138886	0.000537
1.139861	0.000552
1.140836	0.000562
1.141810	0.000575
1.142785	0.000585
1.143760	0.000598
1.144735	0.000611
1.145710	0.000621
1.146684	0.000636
1.147659	0.000647
1.148634	0.000660
1.149609	0.000673
1.150584	0.000684
1.151558	0.000697
1.152533	0.000710
1.153508	0.000721
1.154483	0.000732
1.155457	0.000745
1.156432	0.000756
1.157407	0.000767
1.158382	0.000780
1.159357	0.000794
1.160331	0.000805
1.161306	0.000818
1.162281	0.000830
1.163256	0.000841
1.164231	0.000852
1.165205	0.000864
1.166180	0.000877
1.167155	0.000891
1.168130	0.000900
1.169105	0.000912
1.170079	0.000923
1.171054	0.000937
1.172029	0.000951
1.173004	0.000961
1.173979	0.000975
1.174953	0.000984
1.175928	0.000996
1.176903	0.001010
1.177878	0.001022
1.178852	0.001034
1.179827	0.001046
1.180802	0.001058
1.181777	0.001068
1.182752	0.001082
1.183726	0.001092
1.184701	0.001107
1.185676	0.001119
1.186651	0.001129
1.187626	0.001141
1.188600	0.001154
1.189575	0.001166
1.190550	0.001176
1.191525	0.001186
1.192500	0.001199
1.193474	0.001214
1.194449	0.001221
1.195424	0.001234
1.196399	0.001247
1.197374	0.001257
1.198348	0.001270
1.199323	0.001280
1.200298	0.001293
1.201273	0.001304
1.202247	0.001314
1.203222	0.001327
1.204197	0.001341
1.205172	0.001349
1.206147	0.001362
1.207121	0.001373
1.208096	0.001386
1.209071	0.001397
1.210046	0.001407
1.211021	0.001418
1.211995	0.001432
1.212970	0.001443
1.213945	0.001454
1.214920	0.001465
1.215895	0.001473
1.216869	0.001484
1.217844	0.001496
1.218819	0.001507
1.219794	0.001518
1.220769	0.001529
1.221743	0.001541
1.222718	0.001555
1.223693	0.001564
1.224668	0.001572
1.225643	0.001587
1.226617	0.001595
1.227592	0.001604
1.228567	0.001619
1.229542	0.001628
1.230516	0.001640
1.231491	0.001649
1.232466	0.001660
1.233441	0.001672
1.234416	0.001682
1.235390	0.001691
1.236365	0.001703
1.237340	0.001712
1.238315	0.001724
1.239290	0.001734
1.240264	0.001743
1.241239	0.001752
1.242214	0.001765
1.243189	0.001774
1.244164	0.001784
1.245138	0.001796
1.246113	0.001806
1.247088	0.001816
1.248063	0.001826
1.249038	0.001835
1.250012	0.001845
1.250987	0.001852
1.251962	0.001865
1.252937	0.001875
1.253911	0.001885
1.254886	0.001892
1.255861	0.001902
1.256836	0.001912
1.257811	0.001923
1.258785	0.001933
1.259760	0.001940
1.260735	0.001951
1.261710	0.001958
1.262685	0.001968
1.263659	0.001979
1.264634	0.001986
1.265609	0.001997
1.266584	0.002004
1.267559	0.002015
1.268533	0.002023
1.269508	0.002030
1.270483	0.002038
1.271458	0.002049
1.272433	0.002060
1.273407	0.002068
1.274382	0.002076
1.275357	0.002087
1.276332	0.002091
1.277306	0.002103
1.278281	0.002111
1.279256	0.002119
1.280231	0.002130
1.281206	0.002135
1.282180	0.002146
1.283155	0.002151
1.284130	0.002160
1.285105	0.002168
1.286080	0.002176
1.287054	0.002181
1.288029	0.002190
1.289004	0.002198
1.289979	0.002207
1.290954	0.002212
1.291928	0.002221
1.292903	0.002229
1.293878	0.002235
1.294853	0.002244
1.295828	0.002252
1.296802	0.002261
1.297777	0.002267
1.298752	0.002276
1.299727	0.002281
1.300701	0.002287
1.301676	0.002296
1.302651	0.002302
1.303626	0.002307
1.304601	0.002316
1.305575	0.002319
1.306550	0.002328
1.307525	0.002334
1.308500	0.002340
1.309475	0.002346
1.310449	0.002352
1.311424	0.002358
1.312399	0.002367
1.313374	0.002373
1.314349	0.002376
1.315323	0.002382
1.316298	0.002388
1.317273	0.002394
1.318248	0.002401
1.319223	0.002403
1.320197	0.002410
1.321172	0.002416
1.322147	0.002422
1.323122	0.002425
1.324096	0.002432
1.325071	0.002438
1.326046	0.002441
1.327021	0.002444
1.327996	0.002451
1.328970	0.002457
1.329945	0.002460
1.330920	0.002467
1.331895	0.002473
1.332870	0.002476
1.333844	0.002480
1.334819	0.002486
1.335794	0.002490
1.336769	0.002489
1.337744	0.002496
1.338718	0.002503
1.339693	0.002502
1.340668	0.002506
1.341643	0.002509
1.342618	0.002516
1.343592	0.002519
1.344567	0.002523
1.345542	0.002526
1.346517	0.002526
1.347492	0.002533
1.348466	0.002532
1.349441	0.002540
1.350416	0.002539
1.351391	0.002543
1.352365	0.002546
1.353340	0.002550
1.354315	0.002553
1.355290	0.002557
1.356265	0.002557
1.357239	0.002560
1.358214	0.002560
1.359189	0.002564
1.360164	0.002567
1.361139	0.002567
1.362113	0.002567
1.363088	0.002570
1.364063	0.002570
1.365038	0.002574
1.366013	0.002578
1.366987	0.002573
1.367962	0.002577
1.368937	0.002581
1.369912	0.002581
1.370887	0.002581
1.371861	0.002580
1.372836	0.002580
1.373811	0.002584
1.374786	0.002584
1.375760	0.002584
1.376735	0.002583
1.377710	0.002583
1.378685	0.002583
1.379660	0.002583
1.380634	0.002583
1.381609	0.002587
1.382584	0.002586
1.383559	0.002582
1.384534	0.002582
1.385508	0.002582
1.386483	0.002582
1.387458	0.002581
1.388433	0.002581
1.389408	0.002581
1.390382	0.002577
1.391357	0.002576
1.392332	0.002572
1.393307	0.002572
1.394282	0.002576
1.395256	0.002571
1.396231	0.002571
1.397206	0.002566
1.398181	0.002566
1.399155	0.002566
1.400130	0.002561
1.401105	0.002556
1.402080	0.002556
1.403055	0.002556
1.404029	0.002551
1.405004	0.002551
1.405979	0.002546
1.406954	0.002541
1.407929	0.002541
1.408903	0.002536
1.409878	0.002531
1.410853	0.002531
1.411828	0.002530
1.412803	0.002525
1.413777	0.002520
1.414752	0.002515
1.415727	0.002510
1.416702	0.002510
1.417677	0.002504
1.418651	0.002499
1.419626	0.002494
1.420601	0.002493
1.421576	0.002483
1.422550	0.002483
1.423525	0.002473
1.424500	0.002472
1.425475	0.002467
1.426450	0.002461
1.427424	0.002456
1.428399	0.002445
1.429374	0.002445
1.430349	0.002439
1.431324	0.002433
1.432298	0.002428
1.433273	0.002427
1.434248	0.002416
1.435223	0.002410
1.436198	0.002404
1.437172	0.002398
1.438147	0.002392
1.439122	0.002381
1.440097	0.002380
1.441072	0.002369
1.442046	0.002363
1.443021	0.002356
1.443996	0.002350
1.444971	0.002339
1.445946	0.002337
1.446920	0.002331
1.447895	0.002319
1.448870	0.002313
1.449845	0.002306
1.450819	0.002299
1.451794	0.002287
1.452769	0.002286
1.453744	0.002274
1.454719	0.002267
1.455693	0.002254
1.456668	0.002247
1.457643	0.002240
1.458618	0.002228
1.459593	0.002220
1.460567	0.002213
1.461542	0.002206
1.462517	0.002193
1.463492	0.002180
1.464467	0.002172
1.465441	0.002164
1.466416	0.002157
1.467391	0.002143
1.468366	0.002129
1.469341	0.002127
1.470315	0.002113
1.471290	0.002105
1.472265	0.002091
1.473240	0.002083
1.474214	0.002069
1.475189	0.002060
1.476164	0.002046
1.477139	0.002037
1.478114	0.002028
1.479088	0.002014
1.480063	0.002005
1.481038	0.001990
1.482013	0.001980
1.482988	0.001971
1.483962	0.001956
1.484937	0.001946
1.485912	0.001937
1.486887	0.001921
1.487862	0.001905
1.488836	0.001895
1.489811	0.001885
1.490786	0.001869
1.491761	0.001859
1.492736	0.001849
1.493710	0.001832
1.494685	0.001822
1.495660	0.001804
1.496635	0.001790
1.497609	0.001778
1.498584	0.001763
1.499559	0.001750
1.500534	0.001736
1.501509	0.001721
1.502483	0.001707
1.503458	0.001693
1.504433	0.001679
1.505408	0.001664
1.506383	0.001650
1.507357	0.001635
1.508332	0.001620
1.509307	0.001604
1.510282	0.001589
1.511257	0.001574
1.512231	0.001558
1.513206	0.001543
1.514181	0.001527
1.515156	0.001511
1.516131	0.001495
1.517105	0.001479
1.518080	0.001463
1.519055	0.001447
1.520030	0.001431
1.521004	0.001414
1.521979	0.001397
1.522954	0.001380
1.523929	0.001363
1.524904	0.001346
1.525878	0.001329
1.526853	0.001311
1.527828	0.001294
1.528803	0.001277
1.529778	0.001259
1.530752	0.001241
1.531727	0.001224
1.532702	0.001205
1.533677	0.001186
1.534652	0.001168
1.535626	0.001150
1.536601	0.001131
1.537576	0.001112
1.538551	0.001093
1.539526	0.001075
1.540500	0.001055
1.541475	0.001036
1.542450	0.001016
1.543425	0.000997
1.544399	0.000977
1.545374	0.000957
1.546349	0.000937
1.547324	0.000917
1.548299	0.000896
1.549273	0.000876
1.550248	0.000856
1.551223	0.000834
1.552198	0.000814
1.553173	0.000793
1.554147	0.000772
1.555122	0.000751
1.556097	0.000729
1.557072	0.000707
1.558047	0.000685
1.559021	0.000663
1.559996	0.000641
1.560971	0.000619
1.561946	0.000597
1.562921	0.000573
1.563895	0.000550
1.564870	0.000528
1.565845	0.000505
1.566820	0.000481
1.567795	0.000457
1.568769	0.000434
1.569744	0.000410
1.570719	0.000385
1.571694	0.000362
1.572668	0.000337
1.573643	0.000312
1.574618	0.000287
1.575593	0.000262
1.576568	0.000237
1.577542	0.000212
1.578517	0.000186
1.579492	0.000159
1.580467	0.000135
1.581442	0.000107
1.582416	0.000081
1.583391	0.000054
1.584366	0.000027
1.585349	0.000055
1.586332	0.000084
1.587314	0.000110
1.588297	0.000139
1.589280	0.000165
1.590263	0.000194
1.591245	0.000220
1.592228	0.000249
1.593211	0.000276
1.594194	0.000304
1.595176	0.000332
1.596159	0.000359
1.597142	0.000387
1.598125	0.000415
1.599108	0.000442
1.600090	0.000471
1.601073	0.000500
1.602056	0.000526
1.603039	0.000555
1.604021	0.000584
1.605004	0.000611
1.605987	0.000639
1.606970	0.000666
1.607953	0.000695
1.608935	0.000724
1.609918	0.000751
1.610901	0.000780
1.611884	0.000807
1.612866	0.000836
1.613849	0.000865
1.614832	0.000892
1.615815	0.000922
1.616798	0.000950
1.617780	0.000978
1.618763	0.001007
1.619746	0.001036
1.620729	0.001064
1.621711	0.001094
1.622694	0.001122
1.623677	0.001152
1.624660	0.001180
1.625643	0.001210
1.626625	0.001239
1.627608	0.001268
1.628591	0.001298
1.629574	0.001326
1.630556	0.001356
1.631539	0.001385
1.632522	0.001415
1.633505	0.001445
1.634488	0.001473
1.635470	0.001504
1.636453	0.001534
1.637436	0.001564
1.638419	0.001593
1.639401	0.001624
1.640384	0.001654
1.641367	0.001685
1.642350	0.001716
1.643333	0.001746
1.644315	0.001776
1.645298	0.001807
1.646281	0.001838
1.647264	0.001868
1.648246	0.001900
1.649229	0.001931
1.650212	0.001963
1.651195	0.001995
1.652177	0.002026
1.653160	0.002058
1.654143	0.002089
1.655126	0.002122
1.656109	0.002153
1.657091	0.002185
1.658074	0.002217
1.659057	0.002251
1.660040	0.002283
1.661022	0.002315
1.662005	0.002348
1.662988	0.002380
1.663971	0.002413
1.664954	0.002447
1.665936	0.002480
1.666919	0.002513
1.667902	0.002547
1.668885	0.002581
1.669867	0.002616
1.670850	0.002649
1.671833	0.002684
1.672816	0.002718
1.673799	0.002752
1.674781	0.002788
1.675764	0.002822
1.676747	0.002857
1.677730	0.002892
1.678712	0.002928
1.679695	0.002962
1.680678	0.002998
1.681661	0.003034
1.682644	0.003070
1.683626	0.003107
1.684609	0.003143
1.685592	0.003179
1.686575	0.003216
1.687557	0.003254
1.688540	0.003291
1.689523	0.003328
1.690506	0.003365
1.691489	0.003404
1.692471	0.003442
1.693454	0.003480
1.694437	0.003518
1.695420	0.003557
1.696402	0.003595
1.697385	0.003634
1.698368	0.003674
1.699351	0.003713
1.700333	0.003752
1.701316	0.003792
1.702299	0.003832
1.703282	0.003874
1.704265	0.003913
1.705247	0.003954
1.706230	0.003996
1.707213	0.004036
1.708196	0.004077
1.709178	0.004120
1.710161	0.004162
1.711144	0.004204
1.712127	0.004247
1.713110	0.004290
1.714092	0.004333
1.715075	0.004376
1.716058	0.004418
1.717041	0.004462
1.718023	0.004506
1.719006	0.004551
1.719989	0.004596
1.720972	0.004640
1.721955	0.004686
1.722937	0.004731
1.723920	0.004777
1.724903	0.004823
1.725886	0.004870
1.726868	0.004915
1.727851	0.004962
1.728834	0.005009
1.729817	0.005058
1.730800	0.005104
1.731782	0.005153
1.732765	0.005201
1.733748	0.005250
1.734731	0.005299
1.735713	0.005349
1.736696	0.005398
1.737679	0.005449
1.738662	0.005499
1.739645	0.005550
1.740627	0.005602
1.741610	0.005652
1.742593	0.005703
1.743576	0.005757
1.744558	0.005809
1.745541	0.005861
1.746524	0.005915
1.747507	0.005968
1.748489	0.006023
1.749472	0.006077
1.750455	0.006132
1.751438	0.006185
1.752421	0.006242
1.753403	0.006298
1.754386	0.006353
1.755369	0.006410
1.756352	0.006468
1.757334	0.006524
1.758317	0.006582
1.759300	0.006641
1.760283	0.006698
1.761266	0.006758
1.762248	0.006818
1.763231	0.006878
1.764214	0.006938
1.765197	0.007000
1.766179	0.007060
1.767162	0.007123
1.768145	0.007184
1.769128	0.007246
1.770111	0.007310
1.771093	0.007373
1.772076	0.007436
1.773059	0.007502
1.774042	0.007567
1.775024	0.007633
1.776007	0.007697
1.776990	0.007764
1.777973	0.007831
1.778956	0.007899
1.779938	0.007966
1.780921	0.008036
1.781904	0.008105
1.782887	0.008174
1.783869	0.008244
1.784852	0.008314
1.785835	0.008386
1.786818	0.008457
1.787801	0.008528
1.788783	0.008601
1.789766	0.008674
1.790749	0.008748
1.791732	0.008822
1.792714	0.008898
1.793697	0.008973
1.794680	0.009050
1.795663	0.009126
1.796645	0.009204
1.797628	0.009282
1.798611	0.009361
1.799594	0.009438
1.800577	0.009520
1.801559	0.009600
1.802542	0.009680
1.803525	0.009762
1.804508	0.009844
1.805490	0.009928
1.806473	0.010011
1.807456	0.010095
1.808439	0.010181
1.809422	0.010266
1.810404	0.010352
1.811387	0.010439
1.812370	0.010527
1.813353	0.010615
1.814335	0.010705
1.815318	0.010795
1.816301	0.010885
1.817284	0.010976
1.818267	0.011067
1.819249	0.011161
1.820232	0.011255
1.821215	0.011349
1.822198	0.011444
1.823180	0.011540
1.824163	0.011638
1.825146	0.011733
1.826129	0.011833
1.827112	0.011931
1.828094	0.012031
1.829077	0.012132
1.830060	0.012233
1.831043	0.012335
1.832025	0.012439
1.833008	0.012542
1.833991	0.012647
1.834974	0.012754
1.835957	0.012860
1.836939	0.012966
1.837922	0.013076
1.838905	0.013185
1.839888	0.013295
1.840870	0.013407
1.841853	0.013518
1.842836	0.013631
1.843819	0.013745
1.844801	0.013860
1.845784	0.013976
1.846767	0.014093
1.847750	0.014211
1.848733	0.014330
1.849715	0.014449
1.850698	0.014570
1.851681	0.014692
1.852664	0.014815
1.853646	0.014939
1.854629	0.015063
1.855612	0.015190
1.856595	0.015316
1.857578	0.015444
1.858560	0.015575
1.859543	0.015704
1.860526	0.015835
1.861509	0.015968
1.862491	0.016102
1.863474	0.016237
1.864457	0.016372
1.865440	0.016511
1.866423	0.016649
1.867405	0.016787
1.868388	0.016929
1.869371	0.017071
1.870354	0.017213
1.871336	0.017358
1.872319	0.017504
1.873302	0.017651
1.874285	0.017798
1.875268	0.017948
1.876250	0.018098
1.877233	0.018250
1.878216	0.018404
1.879199	0.018559
1.880181	0.018714
1.881164	0.018871
1.882147	0.019030
1.883130	0.019190
1.884113	0.019352
1.885095	0.019514
1.886078	0.019678
1.887061	0.019844
1.888044	0.020011
1.889026	0.020179
1.890009	0.020349
1.890992	0.020521
1.891975	0.020693
1.892958	0.020868
1.893940	0.021043
1.894923	0.021221
1.895906	0.021399
1.896889	0.021581
1.897871	0.021763
1.898854	0.021946
1.899837	0.022131
1.900820	0.022317
1.901802	0.022506
1.902785	0.022695
1.903768	0.022888
1.904751	0.023082
1.905734	0.023275
1.906716	0.023473
1.907699	0.023671
1.908682	0.023871
1.909665	0.024072
1.910647	0.024276
1.911630	0.024481
1.912613	0.024688
1.913596	0.024897
1.914579	0.025108
1.915561	0.025320
1.916544	0.025535
1.917527	0.025750
1.918510	0.025969
1.919492	0.026188
1.920475	0.026410
1.921458	0.026634
1.922441	0.026860
1.923424	0.027086
1.924406	0.027317
1.925389	0.027547
1.926372	0.027779
1.927355	0.028015
1.928337	0.028252
1.929320	0.028491
1.930303	0.028733
1.931286	0.028975
1.932269	0.029220
1.933251	0.029468
1.934234	0.029718
1.935217	0.029969
1.936200	0.030223
1.937182	0.030477
1.938165	0.030737
1.939148	0.030996
1.940131	0.031258
1.941114	0.031523
1.942096	0.031789
1.943079	0.032058
1.944062	0.032329
1.945045	0.032601
1.946027	0.032876
1.947010	0.033154
1.947993	0.033435
1.948976	0.033716
1.949958	0.034001
1.950941	0.034288
1.951924	0.034576
1.952907	0.034868
1.953890	0.035162
1.954872	0.035457
1.955855	0.035755
1.956838	0.036055
1.957821	0.036359
1.958803	0.036664
1.959786	0.036971
1.960769	0.037282
1.961752	0.037594
1.962735	0.037909
1.963717	0.038227
1.964700	0.038546
1.965683	0.038869
1.966666	0.039193
1.967648	0.039520
1.968631	0.039849
1.969614	0.040181
1.970597	0.040515
1.971580	0.040852
1.972562	0.041191
1.973545	0.041533
1.974528	0.041876
1.975511	0.042223
1.976493	0.042573
1.977476	0.042925
1.978459	0.043278
1.979442	0.043635
1.980425	0.043994
1.981407	0.044354
1.982390	0.044717
1.983373	0.045085
1.984356	0.045453
1.985338	0.045824
1.986321	0.046197
1.987304	0.046574
1.988287	0.046953
1.989270	0.047333
1.990252	0.047716
1.991235	0.048102
1.992218	0.048489
1.993201	0.048879
1.994183	0.049272
1.995166	0.049666
1.996149	0.050065
1.997132	0.050464
1.998114	0.050866
1.999097	0.051270
2.000080	0.051677
2.001063	0.052084
2.002046	0.052496
2.003028	0.052908
2.004011	0.053323
2.004994	0.053741
2.005977	0.054161
2.006959	0.054582
2.007942	0.055005
2.008925	0.055432
2.009908	0.055859
2.010891	0.056288
2.011873	0.056719
2.012856	0.057153
2.013839	0.057587
2.014822	0.058025
2.015804	0.058464
2.016787	0.058904
2.017770	0.059345
2.018753	0.059789
2.019736	0.060235
2.020718	0.060681
2.021701	0.061129
2.022684	0.061579
2.023667	0.062031
2.024649	0.062482
2.025632	0.062936
2.026615	0.063392
2.027598	0.063848
2.028581	0.064306
2.029563	0.064764
2.030546	0.065223
2.031529	0.065684
2.032512	0.066145
2.033494	0.066606
2.034477	0.067070
2.035460	0.067531
2.036443	0.067996
2.037426	0.068461
2.038408	0.068925
2.039391	0.069391
2.040374	0.069855
2.041357	0.070321
2.042339	0.070788
2.043322	0.071253
2.044305	0.071718
2.045288	0.072183
2.046270	0.072649
2.047253	0.073114
2.048236	0.073579
2.049219	0.074043
2.050202	0.074506
2.051184	0.074970
2.052167	0.075433
2.053150	0.075894
2.054133	0.076355
2.055115	0.076813
2.056098	0.077271
2.057081	0.077729
2.058064	0.078184
2.059047	0.078638
2.060029	0.079090
2.061012	0.079542
2.061995	0.079991
2.062978	0.080438
2.063960	0.080884
2.064943	0.081326
2.065926	0.081768
2.066909	0.082207
2.067892	0.082642
2.068874	0.083076
2.069857	0.083508
2.070840	0.083935
2.071823	0.084361
2.072805	0.084784
2.073788	0.085204
2.074771	0.085619
2.075754	0.086032
2.076737	0.086443
2.077719	0.086849
2.078702	0.087251
2.079685	0.087651
2.080668	0.088045
2.081650	0.088438
2.082633	0.088824
2.083616	0.089207
2.084599	0.089584
2.085582	0.089959
2.086564	0.090328
2.087547	0.090694
2.088530	0.091054
2.089513	0.091409
2.090495	0.091760
2.091478	0.092105
2.092461	0.092446
2.093444	0.092781
2.094426	0.093111
2.095409	0.093435
2.096392	0.093755
2.097375	0.094068
2.098358	0.094375
2.099340	0.094676
2.100323	0.094971
2.101306	0.095262
2.102289	0.095545
2.103271	0.095821
2.104254	0.096093
2.105237	0.096357
2.106220	0.096615
2.107203	0.096867
2.108185	0.097110
2.109168	0.097350
2.110151	0.097580
2.111134	0.097805
2.112116	0.098022
2.113099	0.098232
2.114082	0.098436
2.115065	0.098632
2.116048	0.098819
2.117030	0.099001
2.118013	0.099175
2.118996	0.099341
2.119979	0.099501
2.120961	0.099652
2.121944	0.099795
2.122927	0.099932
2.123910	0.100060
2.124893	0.100179
2.125875	0.100292
2.126858	0.100397
2.127841	0.100493
2.128824	0.100582
2.129806	0.100662
2.130789	0.100734
2.131772	0.100799
2.132755	0.100856
2.133738	0.100903
2.134720	0.100943
2.135703	0.100975
2.136686	0.100997
2.137669	0.101014
2.138651	0.101020
2.139634	0.101018
2.140617	0.101008
2.141600	0.100990
2.142583	0.100964
2.143565	0.100929
2.144548	0.100886
2.145531	0.100833
2.146514	0.100775
2.147496	0.100707
2.148479	0.100629
2.149462	0.100544
2.150445	0.100451
2.151427	0.100348
2.152410	0.100238
2.153393	0.100121
2.154376	0.099993
2.155359	0.099859
2.156341	0.099716
2.157324	0.099565
2.158307	0.099404
2.159290	0.099238
2.160272	0.099062
2.161255	0.098878
2.162238	0.098686
2.163221	0.098486
2.164204	0.098279
2.165186	0.098062
2.166169	0.097840
2.167152	0.097608
2.168135	0.097369
2.169117	0.097122
2.170100	0.096868
2.171083	0.096606
2.172066	0.096337
2.173049	0.096059
2.174031	0.095775
2.175014	0.095483
2.175997	0.095185
2.176980	0.094879
2.177962	0.094564
2.178945	0.094245
2.179928	0.093916
2.180911	0.093584
2.181894	0.093242
2.182876	0.092895
2.183859	0.092541
2.184842	0.092180
2.185825	0.091812
2.186807	0.091439
2.187790	0.091059
2.188773	0.090673
2.189756	0.090280
2.190739	0.089881
2.191721	0.089477
2.192704	0.089068
2.193687	0.088652
2.194670	0.088229
2.195652	0.087804
2.196635	0.087372
2.197618	0.086933
2.198601	0.086491
2.199583	0.086042
2.200566	0.085589
2.201549	0.085131
2.202532	0.084668
2.203515	0.084200
2.204497	0.083728
2.205480	0.083252
2.206463	0.082770
2.207446	0.082287
2.208428	0.081796
2.209411	0.081303
2.210394	0.080805
2.211377	0.080304
2.212360	0.079799
2.213342	0.079291
2.214325	0.078778
2.215308	0.078262
2.216291	0.077743
2.217273	0.077222
2.218256	0.076696
2.219239	0.076168
2.220222	0.075637
2.221205	0.075103
2.222187	0.074567
2.223170	0.074029
2.224153	0.073487
2.225136	0.072943
2.226118	0.072395
2.227101	0.071847
2.228084	0.071296
2.229067	0.070745
2.230050	0.070191
2.231032	0.069634
2.232015	0.069076
2.232998	0.068517
2.233981	0.067955
2.234963	0.067393
2.235946	0.066829
2.236929	0.066265
2.237912	0.065699
2.238895	0.065132
2.239877	0.064563
2.240860	0.063995
2.241843	0.063426
2.242826	0.062854
2.243808	0.062283
2.244791	0.061712
2.245774	0.061140
2.246757	0.060567
2.247739	0.059994
2.248722	0.059420
2.249705	0.058848
2.250688	0.058272
2.251671	0.057699
2.252653	0.057127
2.253636	0.056553
2.254619	0.055980
2.255602	0.055406
2.256584	0.054833
2.257567	0.054260
2.258550	0.053687
2.259533	0.053114
2.260516	0.052543
2.261498	0.051971
2.262481	0.051402
2.263464	0.050831
2.264447	0.050262
2.265429	0.049693
2.266412	0.049125
2.267395	0.048558
2.268378	0.047992
2.269361	0.047426
2.270343	0.046862
2.271326	0.046296
2.272309	0.045734
2.273292	0.045173
2.274274	0.044611
2.275257	0.044051
2.276240	0.043493
2.277223	0.042934
2.278206	0.042377
2.279188	0.041822
2.280171	0.041267
2.281154	0.040715
2.282137	0.040162
2.283119	0.039611
2.284102	0.039061
2.285085	0.038513
2.286068	0.037965
2.287051	0.037420
2.288033	0.036874
2.289016	0.036330
2.289999	0.035787
2.290982	0.035247
2.291964	0.034707
2.292947	0.034169
2.293930	0.033632
2.294913	0.033097
2.295895	0.032561
2.296878	0.032027
2.297861	0.031495
2.298844	0.030965
2.299827	0.030436
2.300809	0.029908
2.301792	0.029381
2.302775	0.028854
2.303758	0.028331
2.304740	0.027807
2.305723	0.027285
2.306706	0.026764
2.307689	0.026245
2.308672	0.025727
2.309654	0.025210
2.310637	0.024694
2.311620	0.024178
2.312603	0.023666
2.313585	0.023153
2.314568	0.022643
2.315551	0.022132
2.316534	0.021624
2.317517	0.021116
2.318499	0.020608
2.319482	0.020104
2.320465	0.019599
2.321448	0.019094
2.322430	0.018592
2.323413	0.018090
2.324396	0.017590
2.325379	0.017090
2.326362	0.016590
2.327344	0.016093
2.328327	0.015595
2.329310	0.015099
2.330293	0.014604
2.331275	0.014110
2.332258	0.013616
2.333241	0.013123
2.334224	0.012629
2.335207	0.012138
2.336189	0.011647
2.337172	0.011157
2.338155	0.010668
2.339138	0.010179
2.340120	0.009690
2.341103	0.009203
2.342086	0.008714
2.343069	0.008227
2.344051	0.007740
2.345034	0.007255
2.346017	0.006769
2.347000	0.006283
2.347983	0.005799
2.348965	0.005316
2.349948	0.004832
2.350931	0.004347
2.351914	0.003863
2.352896	0.003380
2.353879	0.002897
2.354862	0.002413
2.355845	0.001930
2.356828	0.001447
2.357810	0.000965
2.358793	0.000482
2.359776	0.000000
2.360759	-0.000000
2.361741	0.000000
2.362724	-0.000000
2.363707	0.000000
2.364690	-0.000000
2.365673	0.000000
2.366655	0.000000
2.367638	0.000000
2.368621	-0.000000
2.369604	-0.000000
2.370586	-0.000000
2.371569	-0.000000
2.372552	-0.000000
2.373535	0.000000
2.374518	0.000000
2.375500	0.000000
2.376483	-0.000000
2.377466	0.000000
2.378449	0.000000
2.379431	0.000000
2.380414	-0.000000
2.381397	0.000000
2.382380	0.000000
2.383363	0.000000
2.384345	0.000000
2.385328	0.000000
2.386311	0.000000
2.387294	-0.000000
2.388276	-0.000000
2.389259	0.000000
2.390242	0.000000
2.391225	-0.000000
2.392208	-0.000000
2.393190	-0.000000
2.394173	-0.000000
2.395156	-0.000000
2.396139	0.000000
2.397121	0.000000
2.398104	0.000000
2.399087	-0.000000
2.400070	0.000000
2.401052	-0.000000
2.402035	-0.000000
2.403018	0.000000
2.404001	-0.000000
2.404984	-0.000000
2.405966	0.000000
2.406949	0.000000
2.407932	0.000000
2.408915	-0.000000
2.409897	0.000000
2.410880	0.000000
2.411863	0.000000
2.412846	0.000000
2.413829	0.000000
2.414811	0.000000
2.415794	0.000000
2.416777	0.000000
2.417760	-0.000000
2.418742	0.000000
2.419725	0.000000
2.420708	-0.000000
2.421691	-0.000000
2.422674	0.000000
2.423656	0.000000
2.424639	0.000000
2.425622	-0.000000
2.426605	-0.000000
2.427587	0.000000
2.428570	-0.000000
2.429553	0.000000
2.430536	0.000000
2.431519	0.000000
2.432501	0.000000
2.433484	-0.000000
2.434467	0.000000
2.435450	-0.000000
2.436432	0.000000
2.437415	-0.000000
2.438398	0.000000
2.439381	-0.000000
2.440364	-0.000000
2.441346	0.000000
2.442329	0.000000
2.443312	-0.000000
2.444295	-0.000000
2.445277	0.000000
2.446260	-0.000000
2.447243	0.000000
2.448226	0.000000
2.449208	-0.000000
2.450191	0.000000
2.451174	0.000000
2.452157	0.000000
2.453140	-0.000000
2.454122	0.000000
2.455105	-0.000000
2.456088	-0.000000
2.457071	0.000000
2.458053	-0.000000
2.459036	0.000000
2.460019	0.000000
2.461002	-0.000000
2.461985	0.000000
2.462967	0.000000
2.463950	0.000000
2.464933	0.000000
2.465916	-0.000000
2.466898	0.000000
2.467881	-0.000000
2.468864	-0.000000
2.469847	0.000000
2.470830	-0.000000
2.471812	0.000000
2.472795	0.000000
2.473778	0.000000
2.474761	0.000000
2.475743	0.000000
2.476726	-0.000000
2.477709	-0.000000
2.478692	0.000000
2.479675	-0.000000
2.480657	0.000000
2.481640	-0.000000
2.482623	0.000000
2.483606	0.000000
2.484588	0.000000
2.485571	0.000000
2.486554	0.000000
2.487537	-0.000000
2.488520	0.000000
2.489502	0.000000
2.490485	0.000000
2.491468	0.000000
2.492451	-0.000000
2.493433	-0.000000
2.494416	0.000000
2.495399	0.000000
2.496382	-0.000000
2.497364	0.000000
2.498347	0.000000
2.499330	0.000000
2.500313	-0.000000
2.501296	0.000000
2.502278	-0.000000
2.503261	-0.000000
2.504244	-0.000000
2.505227	0.000000
2.506209	0.000000
2.507192	-0.000000
2.508175	-0.000000
2.509158	0.000000
2.510141	-0.000000
2.511123	-0.000000
2.512106	-0.000000
2.513089	-0.000000
2.514072	0.000000
2.515054	0.000000
2.516037	0.000000
2.517020	0.000000
2.518003	0.000000
2.518986	0.000000
2.519968	0.000000
2.520951	0.000000
2.521934	0.000000
2.522917	-0.000000
2.523899	-0.000000
2.524882	0.000000
2.525865	-0.000000
2.526848	0.000000
2.527831	-0.000000
2.528813	0.000000
2.529796	-0.000000
2.530779	0.000000
2.531762	0.000000
2.532744	-0.000000
2.533727	-0.000000
2.534710	0.000000
2.535693	0.000000
2.536676	0.000000
2.537658	0.000000
2.538641	-0.000000
2.539624	0.000000
2.540607	0.000000
2.541589	0.000000
2.542572	0.000000
2.543555	0.000000
2.544538	0.000000
2.545520	0.000000
2.546503	-0.000000
2.547486	0.000000
2.548469	0.000000
2.549452	0.000000
2.550434	-0.000000
2.551417	0.000000
2.552400	-0.000000
2.553383	-0.000000
2.554365	-0.000000
2.555348	-0.000000
2.556331	0.000000
2.557314	0.000000
2.558297	-0.000000
2.559279	0.000000
2.560262	-0.000000
2.561245	0.000000
2.562228	0.000000
2.563210	0.000000
2.564193	-0.000000
2.565176	-0.000000
2.566159	0.000000
2.567142	0.000000
2.568124	0.000000
2.569107	-0.000000
2.570090	0.000000
2.571073	0.000000
2.572055	-0.000000
2.573038	-0.000000
2.574021	-0.000000
2.575004	0.000000
2.575987	0.000000
2.576969	0.000000
2.577952	0.000000
2.578935	-0.000000
2.579918	0.000000
2.580900	0.000000
2.581883	0.000000
2.582866	0.000000
2.583849	0.000000
2.584832	0.000000
2.585814	-0.000000
2.586797	0.000000
2.587780	0.000000
2.588763	0.000000
2.589745	0.000000
2.590728	-0.000000
2.591711	-0.000000
2.592694	-0.000000
2.593676	0.000000
2.594659	0.000000
2.595642	-0.000000
2.596625	0.000000
2.597608	0.000000
2.598590	0.000000
2.599573	-0.000000
2.600556	-0.000000
2.601539	0.000000
2.602521	0.000000
2.603504	0.000000
2.604487	-0.000000
2.605470	0.000000
2.606453	-0.000000
2.607435	0.000000
2.608418	0.000000
2.609401	-0.000000
2.610384	-0.000000
2.611366	-0.000000
2.612349	-0.000000
2.613332	0.000000
2.614315	-0.000000
2.615298	0.000000
2.616280	0.000000
2.617263	0.000000
2.618246	-0.000000
2.619229	0.000000
2.620211	0.000000
2.621194	0.000000
2.622177	0.000000
2.623160	0.000000
2.624143	0.000000
2.625125	0.000000
2.626108	-0.000000
2.627091	0.000000
2.628074	0.000000
2.629056	0.000000
2.630039	0.000000
2.631022	-0.000000
2.632005	-0.000000
2.632988	0.000000
2.633970	0.000000
2.634953	-0.000000
2.635936	0.000000
2.636919	-0.000000
2.637901	0.000000
2.638884	-0.000000
2.639867	0.000000
2.640850	-0.000000
2.641833	-0.000000
2.642815	0.000000
2.643798	0.000000
2.644781	0.000000
2.645764	0.000000
2.646746	0.000000
2.647729	0.000000
2.648712	0.000000
2.649695	0.000000
2.650677	0.000000
2.651660	-0.000000
2.652643	-0.000000
2.653626	-0.000000
2.654609	-0.000000
2.655591	0.000000
2.656574	-0.000000
2.657557	-0.000000
2.658540	0.000000
2.659522	0.000000
2.660505	-0.000000
2.661488	-0.000000
2.662471	-0.000000
2.663454	0.000000
2.664436	-0.000000
2.665419	0.000000
2.666402	0.000000
2.667385	0.000000
2.668367	-0.000000
2.669350	0.000000
2.670333	0.000000
2.671316	-0.000000
2.672299	-0.000000
2.673281	0.000000
2.674264	0.000000
2.675247	0.000000
2.676230	0.000000
2.677212	-0.000000
2.678195	0.000000
2.679178	0.000000
2.680161	0.000000
2.681144	0.000000
2.682126	0.000000
2.683109	-0.000000
2.684092	0.000000
2.685075	-0.000000
2.686057	0.000000
2.687040	-0.000000
2.688023	-0.000000
2.689006	0.000000
2.689989	0.000000
2.690971	0.000000
2.691954	0.000000
2.692937	0.000000
2.693920	-0.000000
2.694902	0.000000
2.695885	-0.000000
2.696868	-0.000000
2.697851	0.000000
2.698833	-0.000000
2.699816	0.000000
2.700799	0.000000
2.701782	0.000000
2.702765	0.000000
2.703747	-0.000000
2.704730	0.000000
2.705713	0.000000
2.706696	-0.000000
2.707678	0.000000
2.708661	-0.000000
2.709644	-0.000000
2.710627	0.000000
2.711610	-0.000000
2.712592	0.000000
2.713575	0.000000
2.714558	0.000000
2.715541	-0.000000
2.716523	0.000000
2.717506	0.000000
2.718489	-0.000000
2.719472	0.000000
2.720455	-0.000000
2.721437	-0.000000
2.722420	0.000000
2.723403	0.000000
2.724386	-0.000000
2.725368	-0.000000
2.726351	0.000000
2.727334	-0.000000
2.728317	0.000000
2.729300	-0.000000
2.730282	0.000000
2.731265	-0.000000
2.732248	0.000000
2.733231	0.000000
2.734213	0.000000
2.735196	0.000000
2.736179	-0.000000
2.737162	0.000000
2.738145	-0.000000
2.739127	-0.000000
2.740110	0.000000
2.741093	0.000000
2.742076	0.000000
2.743058	-0.000000
2.744041	-0.000000
2.745024	0.000000
2.746007	0.000000
2.746989	-0.000000
2.747972	0.000000
2.748955	0.000000
2.749938	0.000000
2.750921	0.000000
2.751903	0.000000
2.752886	0.000000
2.753869	0.000000
2.754852	0.000000
2.755834	-0.000000
2.756817	0.000000
2.757800	0.000000
2.758783	0.000000
2.759766	-0.000000
2.760748	-0.000000
2.761731	0.000000
2.762714	-0.000000
2.763697	-0.000000
2.764679	0.000000
2.765662	-0.000000
2.766645	0.000000
2.767628	0.000000
2.768611	0.000000
2.769593	-0.000000
2.770576	-0.000000
2.771559	-0.000000
2.772542	-0.000000
2.773524	-0.000000
2.774507	0.000000
2.775490	0.000000
2.776473	-0.000000
2.777456	-0.000000
2.778438	0.000000
2.779421	0.000000
2.780404	0.000000
2.781387	0.000000
2.782369	0.000000
2.783352	0.000000
2.784335	-0.000000
2.785318	0.000000
2.786301	0.000000
2.787283	0.000000
2.788266	-0.000000
2.789249	0.000000
2.790232	0.000000
2.791214	0.000000
2.792197	-0.000000
2.793180	-0.000000
2.794163	-0.000000
2.795145	-0.000000
2.796128	-0.000000
2.797111	0.000000
2.798094	0.000000
2.799077	0.000000
2.800059	-0.000000
2.801042	0.000000
2.802025	-0.000000
2.803008	0.000000
2.803990	-0.000000
2.804973	0.000000
2.805956	0.000482
2.806939	0.000965
2.807922	0.001447
2.808904	0.001930
2.809887	0.002413
2.810870	0.002897
2.811853	0.003380
2.812835	0.003863
2.813818	0.004347
2.814801	0.004832
2.815784	0.005316
2.816767	0.005799
2.817749	0.006283
2.818732	0.006769
2.819715	0.007255
2.820698	0.007740
2.821680	0.008227
2.822663	0.008714
2.823646	0.009203
2.824629	0.009690
2.825612	0.010179
2.826594	0.010668
2.827577	0.011157
2.828560	0.011647
2.829543	0.012138
2.830525	0.012629
2.831508	0.013123
2.832491	0.013616
2.833474	0.014110
2.834457	0.014604
2.835439	0.015099
2.836422	0.015595
2.837405	0.016093
2.838388	0.016590
2.839370	0.017090
2.840353	0.017590
2.841336	0.018090
2.842319	0.018592
2.843301	0.019094
2.844284	0.019599
2.845267	0.020104
2.846250	0.020608
2.847233	0.021116
2.848215	0.021624
2.849198	0.022132
2.850181	0.022643
2.851164	0.023153
2.852146	0.023666
2.853129	0.024178
2.854112	0.024694
2.855095	0.025210
2.856078	0.025727
2.857060	0.026245
2.858043	0.026764
2.859026	0.027285
2.860009	0.027807
2.860991	0.028331
2.861974	0.028854
2.862957	0.029381
2.863940	0.029908
2.864923	0.030436
2.865905	0.030965
2.866888	0.031495
2.867871	0.032027
2.868854	0.032561
2.869836	0.033097
2.870819	0.033632
2.871802	0.034169
2.872785	0.034707
2.873768	0.035247
2.874750	0.035787
2.875733	0.036330
2.876716	0.036874
2.877699	0.037420
2.878681	0.037965
2.879664	0.038513
2.880647	0.039061
2.881630	0.039611
2.882613	0.040162
2.883595	0.040715
2.884578	0.041267
2.885561	0.041822
2.886544	0.042377
2.887526	0.042934
2.888509	0.043493
2.889492	0.044051
2.890475	0.044611
2.891458	0.045173
2.892440	0.045734
2.893423	0.046296
2.894406	0.046862
2.895389	0.047426
2.896371	0.047992
2.897354	0.048558
2.898337	0.049125
2.899320	0.049693
2.900302	0.050262
2.901285	0.050831
2.902268	0.051402
2.903251	0.051971
2.904234	0.052543
2.905216	0.053114
2.906199	0.053687
2.907182	0.054260
2.908165	0.054833
2.909147	0.055406
2.910130	0.055980
2.911113	0.056553
2.912096	0.057127
2.913079	0.057699
2.914061	0.058272
2.915044	0.058848
2.916027	0.059420
2.917010	0.059994
2.917992	0.060567
2.918975	0.061140
2.919958	0.061712
2.920941	0.062283
2.921924	0.062854
2.922906	0.063426
2.923889	0.063995
2.924872	0.064563
2.925855	0.065132
2.926837	0.065699
2.927820	0.066265
2.928803	0.066829
2.929786	0.067393
2.930769	0.067955
2.931751	0.068517
2.932734	0.069076
2.933717	0.069634
2.934700	0.070191
2.935682	0.070745
2.936665	0.071296
2.937648	0.071847
2.938631	0.072395
2.939614	0.072943
2.940596	0.073487
2.941579	0.074029
2.942562	0.074567
2.943545	0.075103
2.944527	0.075637
2.945510	0.076168
2.946493	0.076696
2.947476	0.077222
2.948458	0.077743
2.949441	0.078262
2.950424	0.078778
2.951407	0.079291
2.952390	0.079799
2.953372	0.080304
2.954355	0.080805
2.955338	0.081303
2.956321	0.081796
2.957303	0.082287
2.958286	0.082770
2.959269	0.083252
2.960252	0.083728
2.961235	0.084200
2.962217	0.084668
2.963200	0.085131
2.964183	0.085589
2.965166	0.086042
2.966148	0.086491
2.967131	0.086933
2.968114	0.087372
2.969097	0.087804
2.970080	0.088229
2.971062	0.088652
2.972045	0.089068
2.973028	0.089477
2.974011	0.089881
2.974993	0.090280
2.975976	0.090673
2.976959	0.091059
2.977942	0.091439
2.978925	0.091812
2.979907	0.092180
2.980890	0.092541
2.981873	0.092895
2.982856	0.093242
2.983838	0.093584
2.984821	0.093916
2.985804	0.094245
2.986787	0.094564
2.987770	0.094879
2.988752	0.095185
2.989735	0.095483
2.990718	0.095775
2.991701	0.096059
2.992683	0.096337
2.993666	0.096606
2.994649	0.096868
2.995632	0.097122
2.996614	0.097369
2.997597	0.097608
2.998580	0.097840
2.999563	0.098062
3.000546	0.098279
3.001528	0.098486
3.002511	0.098686
3.003494	0.098878
3.004477	0.099062
3.005459	0.099238
3.006442	0.099404
3.007425	0.099565
3.008408	0.099716
3.009391	0.099859
3.010373	0.099993
3.011356	0.100121
3.012339	0.100238
3.013322	0.100348
3.014304	0.100451
3.015287	0.100544
3.016270	0.100629
3.017253	0.100707
3.018236	0.100775
3.019218	0.100833
3.020201	0.100886
3.021184	0.100929
3.022167	0.100964
3.023149	0.100990
3.024132	0.101008
3.025115	0.101018
3.026098	0.101020
3.027081	0.101014
3.028063	0.100997
3.029046	0.100975
3.030029	0.100943
3.031012	0.100903
3.031994	0.100856
3.032977	0.100799
3.033960	0.100734
3.034943	0.100662
3.035926	0.100582
3.036908	0.100493
3.037891	0.100397
3.038874	0.100292
3.039857	0.100179
3.040839	0.100060
3.041822	0.099932
3.042805	0.099795
3.043788	0.099652
3.044770	0.099501
3.045753	0.099341
3.046736	0.099175
3.047719	0.099001
3.048702	0.098819
3.049684	0.098632
3.050667	0.098436
3.051650	0.098232
3.052633	0.098022
3.053615	0.097805
3.054598	0.097580
3.055581	0.097350
3.056564	0.097110
3.057547	0.096867
3.058529	0.096615
3.059512	0.096357
3.060495	0.096093
3.061478	0.095821
3.062460	0.095545
3.063443	0.095262
3.064426	0.094971
3.065409	0.094676
3.066392	0.094375
3.067374	0.094068
3.068357	0.093755
3.069340	0.093435
3.070323	0.093111
3.071305	0.092781
3.072288	0.092446
3.073271	0.092105
3.074254	0.091760
3.075237	0.091409
3.076219	0.091054
3.077202	0.090694
3.078185	0.090328
3.079168	0.089959
3.080150	0.089584
3.081133	0.089207
3.082116	0.088824
3.083099	0.088438
3.084082	0.088045
3.085064	0.087651
3.086047	0.087251
3.087030	0.086849
3.088013	0.086443
3.088995	0.086032
3.089978	0.085619
3.090961	0.085204
3.091944	0.084784
3.092926	0.084361
3.093909	0.083935
3.094892	0.083508
3.095875	0.083076
3.096858	0.082642
3.097840	0.082207
3.098823	0.081768
3.099806	0.081326
3.100789	0.080884
3.101771	0.080438
3.102754	0.079991
3.103737	0.079542
3.104720	0.079090
3.105703	0.078638
3.106685	0.078184
3.107668	0.077729
3.108651	0.077271
3.109634	0.076813
3.110616	0.076355
3.111599	0.075894
3.112582	0.075433
3.113565	0.074970
3.114548	0.074506
3.115530	0.074043
3.116513	0.073579
3.117496	0.073114
3.118479	0.072649
3.119461	0.072183
3.120444	0.071718
3.121427	0.071253
3.122410	0.070788
3.123393	0.070321
3.124375	0.069855
3.125358	0.069391
3.126341	0.068925
3.127324	0.068461
3.128306	0.067996
3.129289	0.067531
3.130272	0.067070
3.131255	0.066606
3.132238	0.066145
3.133220	0.065684
3.134203	0.065223
3.135186	0.064764
3.136169	0.064306
3.137151	0.063848
3.138134	0.063392
3.139117	0.062936
3.140100	0.062482
3.141083	0.062031
3.142065	0.061579
3.143048	0.061129
3.144031	0.060681
3.145014	0.060235
3.145996	0.059789
3.146979	0.059345
3.147962	0.058904
3.148945	0.058464
3.149927	0.058025
3.150910	0.057587
3.151893	0.057153
3.152876	0.056719
3.153859	0.056288
3.154841	0.055859
3.155824	0.055432
3.156807	0.055005
3.157790	0.054582
3.158772	0.054161
3.159755	0.053741
3.160738	0.053323
3.161721	0.052908
3.162704	0.052496
3.163686	0.052084
3.164669	0.051677
3.165652	0.051270
3.166635	0.050866
3.167617	0.050464
3.168600	0.050065
3.169583	0.049666
3.170566	0.049272
3.171549	0.048879
3.172531	0.048489
3.173514	0.048102
3.174497	0.047716
3.175480	0.047333
3.176462	0.046953
3.177445	0.046574
3.178428	0.046197
3.179411	0.045824
3.180394	0.045453
3.181376	0.045085
3.182359	0.044717
3.183342	0.044354
3.184325	0.043994
3.185307	0.043635
3.186290	0.043278
3.187273	0.042925
3.188256	0.042573
3.189239	0.042223
3.190221	0.041876
3.191204	0.041533
3.192187	0.041191
3.193170	0.040852
3.194152	0.040515
3.195135	0.040181
3.196118	0.039849
3.197101	0.039520
3.198083	0.039193
3.199066	0.038869
3.200049	0.038546
3.201032	0.038227
3.202015	0.037909
3.202997	0.037594
3.203980	0.037282
3.204963	0.036971
3.205946	0.036664
3.206928	0.036359
3.207911	0.036055
3.208894	0.035755
3.209877	0.035457
3.210860	0.035162
3.211842	0.034868
3.212825	0.034576
3.213808	0.034288
3.214791	0.034001
3.215773	0.033716
3.216756	0.033435
3.217739	0.033154
3.218722	0.032876
3.219705	0.032601
3.220687	0.032329
3.221670	0.032058
3.222653	0.031789
3.223636	0.031523
3.224618	0.031258
3.225601	0.030996
3.226584	0.030737
3.227567	0.030477
3.228550	0.030223
3.229532	0.029969
3.230515	0.029718
3.231498	0.029468
3.232481	0.029220
3.233463	0.028975
3.234446	0.028733
3.235429	0.028491
3.236412	0.028252
3.237395	0.028015
3.238377	0.027779
3.239360	0.027547
3.240343	0.027317
3.241326	0.027086
3.242308	0.026860
3.243291	0.026634
3.244274	0.026410
3.245257	0.026188
3.246239	0.025969
3.247222	0.025750
3.248205	0.025535
3.249188	0.025320
3.250171	0.025108
3.251153	0.024897
3.252136	0.024688
3.253119	0.024481
3.254102	0.024276
3.255084	0.024072
3.256067	0.023871
3.257050	0.023671
3.258033	0.023473
3.259016	0.023275
3.259998	0.023082
3.260981	0.022888
3.261964	0.022695
3.262947	0.022506
3.263929	0.022317
3.264912	0.022131
3.265895	0.021946
3.266878	0.021763
3.267861	0.021581
3.268843	0.021399
3.269826	0.021221
3.270809	0.021043
3.271792	0.020868
3.272774	0.020693
3.273757	0.020521
3.274740	0.020349
3.275723	0.020179
3.276706	0.020011
3.277688	0.019844
3.278671	0.019678
3.279654	0.019514
3.280637	0.019352
3.281619	0.019190
3.282602	0.019030
3.283585	0.018871
3.284568	0.018714
3.285551	0.018559
3.286533	0.018404
3.287516	0.018250
3.288499	0.018098
3.289482	0.017948
3.290464	0.017798
3.291447	0.017651
3.292430	0.017504
3.293413	0.017358
3.294395	0.017213
3.295378	0.017071
3.296361	0.016929
3.297344	0.016787
3.298327	0.016649
3.299309	0.016511
3.300292	0.016372
3.301275	0.016237
3.302258	0.016102
3.303240	0.015968
3.304223	0.015835
3.305206	0.015704
3.306189	0.015575
3.307172	0.015444
3.308154	0.015316
3.309137	0.015190
3.310120	0.015063
3.311103	0.014939
3.312085	0.014815
3.313068	0.014692
3.314051	0.014570
3.315034	0.014449
3.316017	0.014330
3.316999	0.014211
3.317982	0.014093
3.318965	0.013976
3.319948	0.013860
3.320930	0.013745
3.321913	0.013631
3.322896	0.013518
3.323879	0.013407
3.324862	0.013295
3.325844	0.013185
3.326827	0.013076
3.327810	0.012966
3.328793	0.012860
3.329775	0.012754
3.330758	0.012647
3.331741	0.012542
3.332724	0.012439
3.333707	0.012335
3.334689	0.012233
3.335672	0.012132
3.336655	0.012031
3.337638	0.011931
3.338620	0.011833
3.339603	0.011733
3.340586	0.011638
3.341569	0.011540
3.342551	0.011444
3.343534	0.011349
3.344517	0.011255
3.345500	0.011161
3.346483	0.011067
3.347465	0.010976
3.348448	0.010885
3.349431	0.010795
3.350414	0.010705
3.351396	0.010615
3.352379	0.010527
3.353362	0.010439
3.354345	0.010352
3.355328	0.010266
3.356310	0.010181
3.357293	0.010095
3.358276	0.010011
3.359259	0.009928
3.360241	0.009844
3.361224	0.009762
3.362207	0.009680
3.363190	0.009600
3.364173	0.009520
3.365155	0.009438
3.366138	0.009361
3.367121	0.009282
3.368104	0.009204
3.369086	0.009126
3.370069	0.009050
3.371052	0.008973
3.372035	0.008898
3.373018	0.008822
3.374000	0.008748
3.374983	0.008674
3.375966	0.008601
3.376949	0.008528
3.377931	0.008457
3.378914	0.008386
3.379897	0.008314
3.380880	0.008244
3.381863	0.008174
3.382845	0.008105
3.383828	0.008036
3.384811	0.007966
3.385794	0.007899
3.386776	0.007831
3.387759	0.007764
3.388742	0.007697
3.389725	0.007633
3.390708	0.007567
3.391690	0.007502
3.392673	0.007436
3.393656	0.007373
3.394639	0.007310
3.395621	0.007246
3.396604	0.007184
3.397587	0.007123
3.398570	0.007060
3.399552	0.007000
3.400535	0.006938
3.401518	0.006878
3.402501	0.006818
3.403484	0.006758
3.404466	0.006698
3.405449	0.006641
3.406432	0.006582
3.407415	0.006524
3.408397	0.006468
3.409380	0.006410
3.410363	0.006353
3.411346	0.006298
3.412329	0.006242
3.413311	0.006185
3.414294	0.006132
3.415277	0.006077
3.416260	0.006023
3.417242	0.005968
3.418225	0.005915
3.419208	0.005861
3.420191	0.005809
3.421174	0.005757
3.422156	0.005703
3.423139	0.005652
3.424122	0.005602
3.425105	0.005550
3.426087	0.005499
3.427070	0.005449
3.428053	0.005398
3.429036	0.005349
3.430019	0.005299
3.431001	0.005250
3.431984	0.005201
3.432967	0.005153
3.433950	0.005104
3.434932	0.005058
3.435915	0.005009
3.436898	0.004962
3.437881	0.004915
3.438864	0.004870
3.439846	0.004823
3.440829	0.004777
3.441812	0.004731
3.442795	0.004686
3.443777	0.004640
3.444760	0.004596
3.445743	0.004551
3.446726	0.004506
3.447708	0.004462
3.448691	0.004418
3.449674	0.004376
3.450657	0.004333
3.451640	0.004290
3.452622	0.004247
3.453605	0.004204
3.454588	0.004162
3.455571	0.004120
3.456553	0.004077
3.457536	0.004036
3.458519	0.003996
3.459502	0.003954
3.460485	0.003913
3.461467	0.003874
3.462450	0.003832
3.463433	0.003792
3.464416	0.003752
3.465398	0.003713
3.466381	0.003674
3.467364	0.003634
3.468347	0.003595
3.469330	0.003557
3.470312	0.003518
3.471295	0.003480
3.472278	0.003442
3.473261	0.003404
3.474243	0.003365
3.475226	0.003328
3.476209	0.003291
3.477192	0.003254
3.478175	0.003216
3.479157	0.003179
3.480140	0.003143
3.481123	0.003107
3.482106	0.003070
3.483088	0.003034
3.484071	0.002998
3.485054	0.002962
3.486037	0.002928
3.487020	0.002892
3.488002	0.002857
3.488985	0.002822
3.489968	0.002788
3.490951	0.002752
3.491933	0.002718
3.492916	0.002684
3.493899	0.002649
3.494882	0.002616
3.495864	0.002581
3.496847	0.002547
3.497830	0.002513
3.498813	0.002480
3.499796	0.002447
3.500778	0.002413
3.501761	0.002380
3.502744	0.002348
3.503727	0.002315
3.504709	0.002283
3.505692	0.002251
3.506675	0.002217
3.507658	0.002185
3.508641	0.002153
3.509623	0.002122
3.510606	0.002089
3.511589	0.002058
3.512572	0.002026
3.513554	0.001995
3.514537	0.001963
3.515520	0.001931
3.516503	0.001900
3.517486	0.001868
3.518468	0.001838
3.519451	0.001807
3.520434	0.001776
3.521417	0.001746
3.522399	0.001716
3.523382	0.001685
3.524365	0.001654
3.525348	0.001624
3.526331	0.001593
3.527313	0.001564
3.528296	0.001534
3.529279	0.001504
3.530262	0.001473
3.531244	0.001445
3.532227	0.001415
3.533210	0.001385
3.534193	0.001356
3.535176	0.001326
3.536158	0.001298
3.537141	0.001268
3.538124	0.001239
3.539107	0.001210
3.540089	0.001180
3.541072	0.001152
3.542055	0.001122
3.543038	0.001094
3.544020	0.001064
3.545003	0.001036
3.545986	0.001007
3.546969	0.000978
3.547952	0.000950
3.548934	0.000922
3.549917	0.000892
3.550900	0.000865
3.551883	0.000836
3.552865	0.000807
3.553848	0.000780
3.554831	0.000751
3.555814	0.000724
3.556797	0.000695
3.557779	0.000666
3.558762	0.000639
3.559745	0.000611
3.560728	0.000584
3.561710	0.000555
3.562693	0.000526
3.563676	0.000500
3.564659	0.000471
3.565642	0.000442
3.566624	0.000415
3.567607	0.000387
3.568590	0.000359
3.569573	0.000332
3.570555	0.000304
3.571538	0.000276
3.572521	0.000249
3.573504	0.000220
3.574487	0.000194
3.575469	0.000165
3.576452	0.000139
3.577435	0.000110
3.578418	0.000084
3.579400	0.000055
3.580375	0.000027
3.581350	0.000054
3.582325	0.000081
3.583300	0.000107
3.584274	0.000135
3.585249	0.000159
3.586224	0.000186
3.587199	0.000212
3.588174	0.000237
3.589148	0.000262
3.590123	0.000287
3.591098	0.000312
3.592073	0.000337
3.593048	0.000362
3.594022	0.000385
3.594997	0.000410
3.595972	0.000434
3.596947	0.000457
3.597921	0.000481
3.598896	0.000505
3.599871	0.000528
3.600846	0.000550
3.601821	0.000573
3.602795	0.000597
3.603770	0.000619
3.604745	0.000641
3.605720	0.000663
3.606695	0.000685
3.607669	0.000707
3.608644	0.000729
3.609619	0.000751
3.610594	0.000772
3.611569	0.000793
3.612543	0.000814
3.613518	0.000834
3.614493	0.000856
3.615468	0.000876
3.616443	0.000896
3.617417	0.000917
3.618392	0.000937
3.619367	0.000957
3.620342	0.000977
3.621316	0.000997
3.622291	0.001016
3.623266	0.001036
3.624241	0.001055
3.625216	0.001075
3.626190	0.001093
3.627165	0.001112
3.628140	0.001131
3.629115	0.001150
3.630090	0.001168
3.631064	0.001186
3.632039	0.001205
3.633014	0.001224
3.633989	0.001241
3.634964	0.001259
3.635938	0.001277
3.636913	0.001294
3.637888	0.001311
3.638863	0.001329
3.639838	0.001346
3.640812	0.001363
3.641787	0.001380
3.642762	0.001397
3.643737	0.001414
3.644711	0.001431
3.645686	0.001447
3.646661	0.001463
3.647636	0.001479
3.648611	0.001495
3.649585	0.001511
3.650560	0.001527
3.651535	0.001543
3.652510	0.001558
3.653485	0.001574
3.654459	0.001589
3.655434	0.001604
3.656409	0.001620
3.657384	0.001635
3.658359	0.001650
3.659333	0.001664
3.660308	0.001679
3.661283	0.001693
3.662258	0.001707
3.663233	0.001721
3.664207	0.001736
3.665182	0.001750
3.666157	0.001763
3.667132	0.001778
3.668106	0.001790
3.669081	0.001804
3.670056	0.001822
3.671031	0.001832
3.672006	0.001849
3.672980	0.001859
3.673955	0.001869
3.674930	0.001885
3.675905	0.001895
3.676880	0.001905
3.677854	0.001921
3.678829	0.001937
3.679804	0.001946
3.680779	0.001956
3.681754	0.001971
3.682728	0.001980
3.683703	0.001990
3.684678	0.002005
3.685653	0.002014
3.686628	0.002028
3.687602	0.002037
3.688577	0.002046
3.689552	0.002060
3.690527	0.002069
3.691501	0.002083
3.692476	0.002091
3.693451	0.002105
3.694426	0.002113
3.695401	0.002127
3.696375	0.002129
3.697350	0.002143
3.698325	0.002157
3.699300	0.002164
3.700275	0.002172
3.701249	0.002180
3.702224	0.002193
3.703199	0.002206
3.704174	0.002213
3.705149	0.002220
3.706123	0.002228
3.707098	0.002240
3.708073	0.002247
3.709048	0.002254
3.710023	0.002267
3.710997	0.002274
3.711972	0.002286
3.712947	0.002287
3.713922	0.002299
3.714897	0.002306
3.715871	0.002313
3.716846	0.002319
3.717821	0.002331
3.718796	0.002337
3.719770	0.002339
3.720745	0.002350
3.721720	0.002356
3.722695	0.002363
3.723670	0.002369
3.724644	0.002380
3.725619	0.002381
3.726594	0.002392
3.727569	0.002398
3.728544	0.002404
3.729518	0.002410
3.730493	0.002416
3.731468	0.002427
3.732443	0.002428
3.733418	0.002433
3.734392	0.002439
3.735367	0.002445
3.736342	0.002445
3.737317	0.002456
3.738292	0.002461
3.739266	0.002467
3.740241	0.002472
3.741216	0.002473
3.742191	0.002483
3.743165	0.002483
3.744140	0.002493
3.745115	0.002494
3.746090	0.002499
3.747065	0.002504
3.748039	0.002510
3.749014	0.002510
3.749989	0.002515
3.750964	0.002520
3.751939	0.002525
3.752913	0.002530
3.753888	0.002531
3.754863	0.002531
3.755838	0.002536
3.756813	0.002541
3.757787	0.002541
3.758762	0.002546
3.759737	0.002551
3.760712	0.002551
3.761687	0.002556
3.762661	0.002556
3.763636	0.002556
3.764611	0.002561
3.765586	0.002566
3.766560	0.002566
3.767535	0.002566
3.768510	0.002571
3.769485	0.002571
3.770460	0.002576
3.771434	0.002572
3.772409	0.002572
3.773384	0.002576
3.774359	0.002577
3.775334	0.002581
3.776308	0.002581
3.777283	0.002581
3.778258	0.002582
3.779233	0.002582
3.780208	0.002582
3.781182	0.002582
3.782157	0.002586
3.783132	0.002587
3.784107	0.002583
3.785082	0.002583
3.786056	0.002583
3.787031	0.002583
3.788006	0.002583
3.788981	0.002584
3.789955	0.002584
3.790930	0.002584
3.791905	0.002580
3.792880	0.002580
3.793855	0.002581
3.794829	0.002581
3.795804	0.002581
3.796779	0.002577
3.797754	0.002573
3.798729	0.002578
3.799703	0.002574
3.800678	0.002570
3.801653	0.002570
3.802628	0.002567
3.803603	0.002567
3.804577	0.002567
3.805552	0.002564
3.806527	0.002560
3.807502	0.002560
3.808477	0.002557
3.809451	0.002557
3.810426	0.002553
3.811401	0.002550
3.812376	0.002546
3.813350	0.002543
3.814325	0.002539
3.815300	0.002540
3.816275	0.002532
3.817250	0.002533
3.818224	0.002526
3.819199	0.002526
3.820174	0.002523
3.821149	0.002519
3.822124	0.002516
3.823098	0.002509
3.824073	0.002506
3.825048	0.002502
3.826023	0.002503
3.826998	0.002496
3.827972	0.002489
3.828947	0.002490
3.829922	0.002486
3.830897	0.002480
3.831872	0.002476
3.832846	0.002473
3.833821	0.002467
3.834796	0.002460
3.835771	0.002457
3.836746	0.002451
3.837720	0.002444
3.838695	0.002441
3.839670	0.002438
3.840645	0.002432
3.841619	0.002425
3.842594	0.002422
3.843569	0.002416
3.844544	0.002410
3.845519	0.002403
3.846493	0.002401
3.847468	0.002394
3.848443	0.002388
3.849418	0.002382
3.850393	0.002376
3.851367	0.002373
3.852342	0.002367
3.853317	0.002358
3.854292	0.002352
3.855267	0.002346
3.856241	0.002340
3.857216	0.002334
3.858191	0.002328
3.859166	0.002319
3.860141	0.002316
3.861115	0.002307
3.862090	0.002302
3.863065	0.002296
3.864040	0.002287
3.865014	0.002281
3.865989	0.002276
3.866964	0.002267
3.867939	0.002261
3.868914	0.002252
3.869888	0.002244
3.870863	0.002235
3.871838	0.002229
3.872813	0.002221
3.873788	0.002212
3.874762	0.002207
3.875737	0.002198
3.876712	0.002190
3.877687	0.002181
3.878662	0.002176
3.879636	0.002168
3.880611	0.002160
3.881586	0.002151
3.882561	0.002146
3.883536	0.002135
3.884510	0.002130
3.885485	0.002119
3.886460	0.002111
3.887435	0.002103
3.888409	0.002091
3.889384	0.002087
3.890359	0.002076
3.891334	0.002068
3.892309	0.002060
3.893283	0.002049
3.894258	0.002038
3.895233	0.002030
3.896208	0.002023
3.897183	0.002015
3.898157	0.002004
3.899132	0.001997
3.900107	0.001986
3.901082	0.001979
3.902057	0.001968
3.903031	0.001958
3.904006	0.001951
3.904981	0.001940
3.905956	0.001933
3.906931	0.001923
3.907905	0.001912
3.908880	0.001902
3.909855	0.001892
3.910830	0.001885
3.911804	0.001875
3.912779	0.001865
3.913754	0.001852
3.914729	0.001845
3.915704	0.001835
3.916678	0.001826
3.917653	0.001816
3.918628	0.001806
3.919603	0.001796
3.920578	0.001784
3.921552	0.001774
3.922527	0.001765
3.923502	0.001752
3.924477	0.001743
3.925452	0.001734
3.926426	0.001724
3.927401	0.001712
3.928376	0.001703
3.929351	0.001691
3.930326	0.001682
3.931300	0.001672
3.932275	0.001660
3.933250	0.001649
3.934225	0.001640
3.935200	0.001628
3.936174	0.001619
3.937149	0.001604
3.938124	0.001595
3.939099	0.001587
3.940073	0.001572
3.941048	0.001564
3.942023	0.001555
3.942998	0.001541
3.943973	0.001529
3.944947	0.001518
3.945922	0.001507
3.946897	0.001496
3.947872	0.001484
3.948847	0.001473
3.949821	0.001465
3.950796	0.001454
3.951771	0.001443
3.952746	0.001432
3.953721	0.001418
3.954695	0.001407
3.955670	0.001397
3.956645	0.001386
3.957620	0.001373
3.958595	0.001362
3.959569	0.001349
3.960544	0.001341
3.961519	0.001327
3.962494	0.001314
3.963468	0.001304
3.964443	0.001293
3.965418	0.001280
3.966393	0.001270
3.967368	0.001257
3.968342	0.001247
3.969317	0.001234
3.970292	0.001221
3.971267	0.001214
3.972242	0.001199
3.973216	0.001186
3.974191	0.001176
3.975166	0.001166
3.976141	0.001154
3.977116	0.001141
3.978090	0.001129
3.979065	0.001119
3.980040	0.001107
3.981015	0.001092
3.981990	0.001082
3.982964	0.001068
3.983939	0.001058
3.984914	0.001046
3.985889	0.001034
3.986863	0.001022
3.987838	0.001010
3.988813	0.000996
3.989788	0.000984
3.990763	0.000975
3.991737	0.000961
3.992712	0.000951
3.993687	0.000937
3.994662	0.000923
3.995637	0.000912
3.996611	0.000900
3.997586	0.000891
3.998561	0.000877
3.999536	0.000864
4.000511	0.000852
4.001485	0.000841
4.002460	0.000830
4.003435	0.000818
4.004410	0.000805
4.005385	0.000794
4.006359	0.000780
4.007334	0.000767
4.008309	0.000756
4.009284	0.000745
4.010258	0.000732
4.011233	0.000721
4.012208	0.000710
4.013183	0.000697
4.014158	0.000684
4.015132	0.000673
4.016107	0.000660
4.017082	0.000647
4.018057	0.000636
4.019032	0.000621
4.020006	0.000611
4.020981	0.000598
4.021956	0.000585
4.022931	0.000575
4.023906	0.000562
4.024880	0.000552
4.025855	0.000537
4.026830	0.000524
4.027805	0.000512
4.028780	0.000502
4.029754	0.000489
4.030729	0.000477
4.031704	0.000467
4.032679	0.000452
4.033653	0.000442
4.034628	0.000428
4.035603	0.000416
4.036578	0.000403
4.037553	0.000391
4.038527	0.000379
4.039502	0.000367
4.040477	0.000355
4.041452	0.000344
4.042427	0.000332
4.043401	0.000320
4.044376	0.000308
4.045351	0.000296
4.046326	0.000285
4.047301	0.000273
4.048275	0.000259
4.049250	0.000247
4.050225	0.000236
4.051200	0.000224
4.052175	0.000211
4.053149	0.000202
4.054124	0.000188
4.055099	0.000177
4.056074	0.000163
4.057049	0.000152
4.058023	0.000141
4.058998	0.000129
4.059973	0.000118
4.060948	0.000105
4.061922	0.000094
4.062897	0.000083
4.063872	0.000070
4.064847	0.000059
4.065822	0.000046
4.066796	0.000032
4.067779	0.000024
4.068762	0.000046
4.069745	0.000070
4.070728	0.000094
4.071710	0.000118
4.072693	0.000141
4.073676	0.000165
4.074659	0.000187
4.075641	0.000211
4.076624	0.000235
4.077607	0.000259
4.078590	0.000281
4.079573	0.000307
4.080555	0.000331
4.081538	0.000353
4.082521	0.000374
4.083504	0.000400
4.084486	0.000424
4.085469	0.000448
4.086452	0.000470
4.087435	0.000494
4.088417	0.000518
4.089400	0.000542
4.090383	0.000566
4.091366	0.000588
4.092349	0.000614
4.093331	0.000638
4.094314	0.000662
4.095297	0.000686
4.096280	0.000709
4.097262	0.000731
4.098245	0.000755
4.099228	0.000779
4.100211	0.000805
4.101194	0.000827
4.102176	0.000853
4.103159	0.000877
4.104142	0.000899
4.105125	0.000925
4.106107	0.000947
4.107090	0.000971
4.108073	0.000997
4.109056	0.001021
4.110039	0.001045
4.111021	0.001071
4.112004	0.001095
4.112987	0.001119
4.113970	0.001143
4.114952	0.001166
4.115935	0.001193
4.116918	0.001217
4.117901	0.001243
4.118884	0.001264
4.119866	0.001293
4.120849	0.001314
4.121832	0.001338
4.122815	0.001365
4.123797	0.001388
4.124780	0.001415
4.125763	0.001441
4.126746	0.001465
4.127729	0.001491
4.128711	0.001515
4.129694	0.001541
4.130677	0.001567
4.131660	0.001591
4.132642	0.001617
4.133625	0.001641
4.134608	0.001667
4.135591	0.001693
4.136573	0.001719
4.137556	0.001743
4.138539	0.001769
4.139522	0.001798
4.140505	0.001822
4.141487	0.001848
4.142470	0.001874
4.143453	0.001900
4.144436	0.001926
4.145418	0.001952
4.146401	0.001978
4.147384	0.002007
4.148367	0.002033
4.149350	0.002057
4.150332	0.002085
4.151315	0.002111
4.152298	0.002139
4.153281	0.002165
4.154263	0.002192
4.155246	0.002218
4.156229	0.002246
4.157212	0.002274
4.158195	0.002300
4.159177	0.002329
4.160160	0.002355
4.161143	0.002381
4.162126	0.002411
4.163108	0.002435
4.164091	0.002464
4.165074	0.002494
4.166057	0.002520
4.167040	0.002548
4.168022	0.002577
4.169005	0.002605
4.169988	0.002633
4.170971	0.002662
4.171953	0.002690
4.172936	0.002718
4.173919	0.002746
4.174902	0.002775
4.175885	0.002805
4.176867	0.002831
4.177850	0.002862
4.178833	0.002892
4.179816	0.002921
4.180798	0.002949
4.181781	0.002979
4.182764	0.003008
4.183747	0.003038
4.184729	0.003069
4.185712	0.003099
4.186695	0.003130
4.187678	0.003158
4.188661	0.003186
4.189643	0.003217
4.190626	0.003249
4.191609	0.003277
4.192592	0.003310
4.193574	0.003341
4.194557	0.003371
4.195540	0.003402
4.196523	0.003434
4.197506	0.003465
4.198488	0.003495
4.199471	0.003528
4.200454	0.003558
4.201437	0.003589
4.202419	0.003621
4.203402	0.003652
4.204385	0.003684
4.205368	0.003717
4.206351	0.003750
4.207333	0.003782
4.208316	0.003813
4.209299	0.003848
4.210282	0.003878
4.211264	0.003913
4.212247	0.003943
4.213230	0.003978
4.214213	0.004011
4.215196	0.004044
4.216178	0.004078
4.217161	0.004113
4.218144	0.004144
4.219127	0.004178
4.220109	0.004213
4.221092	0.004248
4.222075	0.004283
4.223058	0.004316
4.224041	0.004350
4.225023	0.004385
4.226006	0.004420
4.226989	0.004455
4.227972	0.004490
4.228954	0.004525
4.229937	0.004562
4.230920	0.004596
4.231903	0.004631
4.232885	0.004668
4.233868	0.004703
4.234851	0.004738
4.235834	0.004775
4.236817	0.004812
4.237799	0.004849
4.238782	0.004884
4.239765	0.004921
4.240748	0.004958
4.241730	0.004997
4.242713	0.005032
4.243696	0.005071
4.244679	0.005108
4.245662	0.005145
4.246644	0.005184
4.247627	0.005223
4.248610	0.005260
4.249593	0.005299
4.250575	0.005336
4.251558	0.005373
4.252541	0.005415
4.253524	0.005452
4.254507	0.005491
4.255489	0.005532
4.256472	0.005569
4.257455	0.005610
4.258438	0.005650
4.259420	0.005689
4.260403	0.005730
4.261386	0.005769
4.262369	0.005811
4.263352	0.005852
4.264334	0.005893
4.265317	0.005933
4.266300	0.005974
4.267283	0.006015
4.268265	0.006057
4.269248	0.006098
4.270231	0.006139
4.271214	0.006181
4.272197	0.006224
4.273179	0.006266
4.274162	0.006309
4.275145	0.006350
4.276128	0.006394
4.277110	0.006437
4.278093	0.006481
4.279076	0.006522
4.280059	0.006566
4.281042	0.006612
4.282024	0.006653
4.283007	0.006696
4.283990	0.006742
4.284973	0.006788
4.285955	0.006831
4.286938	0.006875
4.287921	0.006921
4.288904	0.006966
4.289886	0.007012
4.290869	0.007056
4.291852	0.007101
4.292835	0.007147
4.293818	0.007193
4.294800	0.007241
4.295783	0.007286
4.296766	0.007332
4.297749	0.007380
4.298731	0.007426
4.299714	0.007473
4.300697	0.007521
4.301680	0.007567
4.302663	0.007615
4.303645	0.007663
4.304628	0.007711
4.305611	0.007761
4.306594	0.007806
4.307576	0.007854
4.308559	0.007904
4.309542	0.007954
4.310525	0.008002
4.311508	0.008052
4.312490	0.008100
4.313473	0.008150
4.314456	0.008198
4.315439	0.008248
4.316421	0.008300
4.317404	0.008350
4.318387	0.008403
4.319370	0.008451
4.320353	0.008503
4.321335	0.008553
4.322318	0.008605
4.323301	0.008657
4.324284	0.008707
4.325266	0.008757
4.326249	0.008812
4.327232	0.008862
4.328215	0.008916
4.329198	0.008969
4.330180	0.009021
4.331163	0.009073
4.332146	0.009127
4.333129	0.009182
4.334111	0.009234
4.335094	0.009286
4.336077	0.009341
4.337060	0.009395
4.338042	0.009447
4.339025	0.009504
4.340008	0.009558
4.340991	0.009613
4.341974	0.009667
4.342956	0.009722
4.343939	0.009776
4.344922	0.009832
4.345905	0.009887
4.346887	0.009943
4.347870	0.010000
4.348853	0.010054
4.349836	0.010111
4.350819	0.010168
4.351801	0.010224
4.352784	0.010281
4.353767	0.010340
4.354750	0.010396
4.355732	0.010453
4.356715	0.010509
4.357698	0.010568
4.358681	0.010625
4.359664	0.010683
4.360646	0.010740
4.361629	0.010799
4.362612	0.010858
4.363595	0.010916
4.364577	0.010975
4.365560	0.011034
4.366543	0.011093
4.367526	0.011151
4.368509	0.011212
4.369491	0.011271
4.370474	0.011330
4.371457	0.011391
4.372440	0.011449
4.373422	0.011510
4.374405	0.011571
4.375388	0.011630
4.376371	0.011691
4.377354	0.011752
4.378336	0.011813
4.379319	0.011874
4.380302	0.011935
4.381285	0.011996
4.382267	0.012057
4.383250	0.012118
4.384233	0.012181
4.385216	0.012242
4.386198	0.012305
4.387181	0.012366
4.388164	0.012429
4.389147	0.012490
4.390130	0.012553
4.391112	0.012616
4.392095	0.012677
4.393078	0.012742
4.394061	0.012803
4.395043	0.012866
4.396026	0.012929
4.397009	0.012992
4.397992	0.013056
4.398975	0.013119
4.399957	0.013182
4.400940	0.013247
4.401923	0.013310
4.402906	0.013373
4.403888	0.013439
4.404871	0.013502
4.405854	0.013567
4.406837	0.013630
4.407820	0.013693
4.408802	0.013759
4.409785	0.013824
4.410768	0.013887
4.411751	0.013952
4.412733	0.014018
4.413716	0.014081
4.414699	0.014146
4.415682	0.014211
4.416665	0.014276
4.417647	0.014342
4.418630	0.014407
4.419613	0.014470
4.420596	0.014538
4.421578	0.014603
4.422561	0.014668
4.423544	0.014734
4.424527	0.014797
4.425510	0.014864
4.426492	0.014929
4.427475	0.014995
4.428458	0.015058
4.429441	0.015123
4.430423	0.015191
4.431406	0.015256
4.432389	0.015321
4.433372	0.015386
4.434354	0.015452
4.435337	0.015517
4.436320	0.015582
4.437303	0.015648
4.438286	0.015715
4.439268	0.015780
4.440251	0.015846
4.441234	0.015911
4.442217	0.015976
4.443199	0.016041
4.444182	0.016107
4.445165	0.016172
4.446148	0.016237
4.447131	0.016303
4.448113	0.016368
4.449096	0.016433
4.450079	0.016498
4.451062	0.016564
4.452044	0.016627
4.453027	0.016692
4.454010	0.016757
4.454993	0.016823
4.455976	0.016888
4.456958	0.016953
4.457941	0.017016
4.458924	0.017082
4.459907	0.017147
4.460889	0.017210
4.461872	0.017273
4.462855	0.017339
4.463838	0.017402
4.464821	0.017465
4.465803	0.017530
4.466786	0.017593
4.467769	0.017656
4.468752	0.017719
4.469734	0.017783
4.470717	0.017848
4.471700	0.017909
4.472683	0.017970
4.473666	0.018035
4.474648	0.018098
4.475631	0.018159
4.476614	0.018220
4.477597	0.018283
4.478579	0.018344
4.479562	0.018407
4.480545	0.018468
4.481528	0.018529
4.482510	0.018590
4.483493	0.018651
4.484476	0.018712
4.485459	0.018771
4.486442	0.018829
4.487424	0.018890
4.488407	0.018951
4.489390	0.019010
4.490373	0.019069
4.491355	0.019127
4.492338	0.019186
4.493321	0.019245
4.494304	0.019302
4.495287	0.019360
4.496269	0.019419
4.497252	0.019473
4.498235	0.019532
4.499218	0.019587
4.500200	0.019645
4.501183	0.019702
4.502166	0.019756
4.503149	0.019811
4.504132	0.019867
4.505114	0.019922
4.506097	0.019976
4.507080	0.020028
4.508063	0.020085
4.509045	0.020137
4.510028	0.020189
4.511011	0.020242
4.511994	0.020294
4.512977	0.020346
4.513959	0.020398
4.514942	0.020448
4.515925	0.020501
4.516908	0.020551
4.517890	0.020601
4.518873	0.020649
4.519856	0.020699
4.520839	0.020747
4.521822	0.020794
4.522804	0.020845
4.523787	0.020890
4.524770	0.020938
4.525753	0.020984
4.526735	0.021030
4.527718	0.021075
4.528701	0.021119
4.529684	0.021164
4.530667	0.021210
4.531649	0.021252
4.532632	0.021297
4.533615	0.021336
4.534598	0.021380
4.535580	0.021423
4.536563	0.021463
4.537546	0.021504
4.538529	0.021545
4.539511	0.021582
4.540494	0.021624
4.541477	0.021661
4.542460	0.021700
4.543443	0.021737
4.544425	0.021774
4.545408	0.021809
4.546391	0.021846
4.547374	0.021880
4.548356	0.021915
4.549339	0.021950
4.550322	0.021983
4.551305	0.022015
4.552288	0.022046
4.553270	0.022079
4.554253	0.022111
4.555236	0.022139
4.556219	0.022170
4.557201	0.022198
4.558184	0.022229
4.559167	0.022255
4.560150	0.022283
4.561133	0.022309
4.562115	0.022335
4.563098	0.022361
4.564081	0.022383
4.565064	0.022409
4.566046	0.022433
4.567029	0.022455
4.568012	0.022477
4.568995	0.022496
4.569978	0.022518
4.570960	0.022538
4.571943	0.022557
4.572926	0.022575
4.573909	0.022594
4.574891	0.022610
4.575874	0.022625
4.576857	0.022640
4.577840	0.022655
4.578823	0.022670
4.579805	0.022681
4.580788	0.022697
4.581771	0.022707
4.582754	0.022718
4.583736	0.022729
4.584719	0.022738
4.585702	0.022747
4.586685	0.022755
4.587667	0.022762
4.588650	0.022771
4.589633	0.022775
4.590616	0.022779
4.591599	0.022784
4.592581	0.022788
4.593564	0.022790
4.594547	0.022790
4.595530	0.022792
4.596512	0.022792
4.597495	0.022792
4.598478	0.022788
4.599461	0.022788
4.600444	0.022784
4.601426	0.022781
4.602409	0.022775
4.603392	0.022771
4.604375	0.022764
4.605357	0.022755
4.606340	0.022749
4.607323	0.022740
4.608306	0.022731
4.609289	0.022721
4.610271	0.022707
4.611254	0.022697
4.612237	0.022684
4.613220	0.022670
4.614202	0.022655
4.615185	0.022640
4.616168	0.022623
4.617151	0.022605
4.618134	0.022588
4.619116	0.022570
4.620099	0.022549
4.621082	0.022529
4.622065	0.022507
4.623047	0.022483
4.624030	0.022459
4.625013	0.022435
4.625996	0.022411
4.626979	0.022385
4.627961	0.022361
4.628944	0.022331
4.629927	0.022303
4.630910	0.022274
4.631892	0.022244
4.632875	0.022213
4.633858	0.022181
4.634841	0.022148
4.635823	0.022116
4.636806	0.022081
4.637789	0.022044
4.638772	0.022009
4.639755	0.021970
4.640737	0.021933
4.641720	0.021896
4.642703	0.021854
4.643686	0.021815
4.644668	0.021774
4.645651	0.021730
4.646634	0.021687
4.647617	0.021643
4.648600	0.021600
4.649582	0.021554
4.650565	0.021506
4.651548	0.021458
4.652531	0.021410
4.653513	0.021360
4.654496	0.021310
4.655479	0.021260
4.656462	0.021208
4.657445	0.021156
4.658427	0.021101
4.659410	0.021049
4.660393	0.020995
4.661376	0.020936
4.662358	0.020879
4.663341	0.020821
4.664324	0.020764
4.665307	0.020705
4.666290	0.020644
4.667272	0.020583
4.668255	0.020522
4.669238	0.020459
4.670221	0.020396
4.671203	0.020333
4.672186	0.020266
4.673169	0.020200
4.674152	0.020133
4.675135	0.020065
4.676117	0.019996
4.677100	0.019931
4.678083	0.019859
4.679066	0.019789
4.680048	0.019717
4.681031	0.019645
4.682014	0.019571
4.682997	0.019497
4.683979	0.019423
4.684962	0.019347
4.685945	0.019271
4.686928	0.019195
4.687911	0.019119
4.688893	0.019038
4.689876	0.018960
4.690859	0.018882
4.691842	0.018799
4.692824	0.018718
4.693807	0.018636
4.694790	0.018553
4.695773	0.018470
4.696756	0.018385
4.697738	0.018300
4.698721	0.018216
4.699704	0.018129
4.700687	0.018041
4.701669	0.017954
4.702652	0.017865
4.703635	0.017778
4.704618	0.017687
4.705601	0.017598
4.706583	0.017506
4.707566	0.017413
4.708549	0.017321
4.709532	0.017230
4.710514	0.017136
4.711497	0.017040
4.712480	0.016947
4.713463	0.016851
4.714446	0.016755
4.715428	0.016657
4.716411	0.016562
4.717394	0.016464
4.718377	0.016366
4.719359	0.016268
4.720342	0.016168
4.721325	0.016068
4.722308	0.015967
4.723291	0.015867
4.724273	0.015767
4.725256	0.015663
4.726239	0.015561
4.727222	0.015458
4.728204	0.015356
4.729187	0.015251
4.730170	0.015149
4.731153	0.015045
4.732135	0.014940
4.733118	0.014836
4.734101	0.014731
4.735084	0.014625
4.736067	0.014518
4.737049	0.014414
4.738032	0.014307
4.739015	0.014198
4.739998	0.014094
4.740980	0.013987
4.741963	0.013878
4.742946	0.013772
4.743929	0.013665
4.744912	0.013558
4.745894	0.013450
4.746877	0.013343
4.747860	0.013236
4.748843	0.013132
4.749825	0.013025
4.750808	0.012921
4.751791	0.012814
4.752774	0.012712
4.753757	0.012607
4.754739	0.012505
4.755722	0.012405
4.756705	0.012305
4.757688	0.012207
4.758670	0.012111
4.759653	0.012017
4.760636	0.011924
4.761619	0.011835
4.762602	0.011750
4.763584	0.011671
4.764567	0.011593
4.765550	0.011526
4.766533	0.011463
4.767515	0.011408
4.768498	0.011367
4.769481	0.011336
4.770464	0.011325
4.771447	0.011338
4.772429	0.011378
4.773412	0.011463
4.774395	0.011606
4.775378	0.011833
4.776360	0.012194
4.777343	0.012770
4.778326	0.013704
4.779309	0.015238
4.780292	0.017632
4.781274	0.020181
4.782249	0.020033
4.783224	0.015805
4.784199	0.012093
4.785173	0.009562
4.786148	0.007856
4.787123	0.006654
4.788098	0.005766
4.789073	0.005081
4.790047	0.004532
4.791022	0.004081
4.791997	0.003705
4.792972	0.003379
4.793947	0.003098
4.794921	0.002854
4.795896	0.002636
4.796871	0.002444
4.797846	0.002267
4.798821	0.002112
4.799795	0.001969
4.800770	0.001840
4.801745	0.001720
4.802720	0.001612
4.803694	0.001512
4.804669	0.001418
4.805644	0.001333
4.806619	0.001254
4.807594	0.001181
4.808568	0.001113
4.809543	0.001049
4.810518	0.000990
4.811493	0.000933
4.812468	0.000882
4.813442	0.000831
4.814417	0.000787
4.815392	0.000745
4.816367	0.000705
4.817342	0.000667
4.818316	0.000632
4.819291	0.000598
4.820266	0.000565
4.821241	0.000535
4.822216	0.000508
4.823190	0.000483
4.824165	0.000458
4.825140	0.000433
4.826115	0.000411
4.827090	0.000390
4.828064	0.000371
4.829039	0.000351
4.830014	0.000332
4.830989	0.000318
4.831963	0.000299
4.832938	0.000285
4.833913	0.000270
4.834888	0.000256
4.835863	0.000244
4.836837	0.000232
4.837812	0.000219
4.838787	0.000209
4.839762	0.000197
4.840737	0.000187
4.841711	0.000177
4.842686	0.000169
4.843661	0.000159
4.844636	0.000151
4.845611	0.000143
4.846585	0.000137
4.847560	0.000129
4.848535	0.000122
4.849510	0.000115
4.850485	0.000111
4.851459	0.000105
4.852434	0.000099
4.853409	0.000093
4.854384	0.000087
4.855358	0.000083
4.856333	0.000079
4.857308	0.000075
4.858283	0.000069
4.859258	0.000065
4.860232	0.000061
4.861207	0.000057
4.862182	0.000053
4.863157	0.000049
4.864132	0.000046
4.865106	0.000044
4.866081	0.000040
4.867056	0.000038
4.868031	0.000034
4.869006	0.000030
4.869980	0.000028
4.870955	0.000023
4.871930	0.000021
4.872905	0.000019
4.873880	0.000015
4.874854	0.000013
4.875829	0.000011
4.876804	0.000007
4.877779	0.000006
4.878761	-0.000000
4.879744	0.000004
4.880727	0.000004
4.881710	0.000004
4.882693	0.000007
4.883675	0.000007
4.884658	0.000009
4.885641	0.000011
4.886624	0.000011
4.887606	0.000013
4.888589	0.000013
4.889572	0.000015
4.890555	0.000015
4.891538	0.000017
4.892520	0.000017
4.893503	0.000017
4.894486	0.000019
4.895469	0.000021
4.896451	0.000021
4.897434	0.000022
4.898417	0.000022
4.899400	0.000022
4.900383	0.000024
4.901365	0.000024
4.902348	0.000024
4.903331	0.000024
4.904314	0.000024
4.905296	0.000026
4.906279	0.000026
4.907262	0.000026
4.908245	0.000026
4.909228	0.000028
4.910210	0.000026
4.911193	0.000026
4.912176	0.000028
4.913159	0.000026
4.914141	0.000026
4.915124	0.000026
4.916107	0.000024
4.917090	0.000024
4.918072	0.000024
4.919055	0.000022
4.920038	0.000022
4.921021	0.000022
4.922004	0.000022
4.922986	0.000021
4.923969	0.000021
4.924952	0.000019
4.925935	0.000019
4.926917	0.000017
4.927900	0.000017
4.928883	0.000015
4.929866	0.000015
4.930849	0.000013
4.931831	0.000013
4.932814	0.000011
4.933797	0.000011
4.934780	0.000007
4.935762	0.000007
4.936745	0.000006
4.937728	0.000006
4.938711	0.000004
4.939694	0.000002
4.940676	0.000000
4.941659	-0.000000
4.942642	-0.000000
4.943625	-0.000000
4.944607	-0.000000
4.945590	-0.000000
4.946573	-0.000000
4.947556	-0.000000
4.948539	0.000000
4.949521	-0.000000
4.950504	-0.000000
4.951487	-0.000000
4.952470	0.000000
4.953452	-0.000000
4.954435	-0.000000
4.955418	0.000000
4.956401	-0.000000
4.957384	0.000000
4.958366	-0.000000
4.959349	-0.000000
4.960332	-0.000000
4.961315	-0.000000
4.962297	-0.000000
4.963280	0.000000
4.964263	-0.000000
4.965246	0.000000
4.966228	-0.000000
4.967211	-0.000000
4.968194	-0.000000
4.969177	-0.000000
4.970160	-0.000000
4.971142	-0.000000
4.972125	-0.000000
4.973108	-0.000000
4.974091	-0.000000
4.975073	0.000000
4.976056	-0.000000
4.977039	-0.000000
4.978022	-0.000000
4.979005	0.000000
4.979987	-0.000000
4.980970	-0.000000
4.981953	-0.000000
4.982936	0.000000
4.983918	-0.000000
4.984901	0.000000
4.985884	-0.000000
4.986867	-0.000000
4.987850	0.000000
4.988832	-0.000000
4.989815	0.000000
4.990798	-0.000000
4.991781	-0.000000
4.992763	-0.000000
4.993746	-0.000000
4.994729	-0.000000
4.995712	-0.000000
4.996695	0.000000
4.997677	-0.000000
4.998660	0.000000
4.999643	-0.000000
5.000626	-0.000000
5.001608	0.000000
5.002591	-0.000000
5.003574	0.000000
5.004557	-0.000000
5.005540	-0.000000
5.006522	0.000000
5.007505	-0.000000
5.008488	-0.000000
5.009471	-0.000000
5.010453	-0.000000
5.011436	-0.000000
5.012419	-0.000000
5.013402	-0.000000
5.014384	-0.000000
5.015367	0.000000
5.016350	0.000000
5.017333	-0.000000
5.018316	-0.000000
5.019298	-0.000000
5.020281	0.000000
5.021264	0.000000
5.022247	0.000000
5.023229	0.000000
5.024212	-0.000000
5.025195	-0.000000
5.026178	-0.000000
5.027161	-0.000000
5.028143	-0.000000
5.029126	-0.000000
5.030109	-0.000000
5.031092	-0.000000
5.032074	0.000000
5.033057	-0.000000
5.034040	-0.000000
5.035023	0.000000
5.036006	-0.000000
5.036988	-0.000000
5.037971	-0.000000
5.038954	-0.000000
5.039937	0.000000
5.040919	-0.000000
5.041902	0.000000
5.042885	0.000000
5.043868	-0.000000
5.044851	0.000000
5.045833	-0.000000
5.046816	-0.000000
5.047799	-0.000000
5.048782	0.000000
5.049764	-0.000000
5.050747	-0.000000
5.051730	0.000000
5.052713	-0.000000
5.053696	0.000000
5.054678	0.000000
5.055661	0.000000
5.056644	-0.000000
5.057627	-0.000000
5.058609	-0.000000
5.059592	-0.000000
5.060575	0.000000
5.061558	-0.000000
5.062540	-0.000000
5.063523	-0.000000
5.064506	0.000000
5.065489	-0.000000
5.066472	-0.000000
5.067454	-0.000000
5.068437	-0.000000
5.069420	-0.000000
5.070403	-0.000000
5.071385	0.000000
5.072368	-0.000000
5.073351	-0.000000
5.074334	0.000000
5.075317	-0.000000
5.076299	-0.000000
5.077282	-0.000000
5.078265	-0.000000
5.079248	-0.000000
5.080230	0.000000
5.081213	0.000000
5.082196	-0.000000
5.083179	0.000000
5.084162	-0.000000
5.085144	-0.000000
5.086127	-0.000000
5.087110	0.000000
5.088093	-0.000000
5.089075	-0.000000
5.090058	-0.000000
5.091041	-0.000000
5.092024	-0.000000
5.093007	-0.000000
5.093989	0.000000
5.094972	0.000000
5.095955	-0.000000
5.096938	-0.000000
5.097920	0.000000
5.098903	0.000000
5.099886	0.000000
5.100869	0.000000
5.101852	-0.000000
5.102834	-0.000000
5.103817	-0.000000
5.104800	-0.000000
5.105783	-0.000000
5.106765	-0.000000
5.107748	0.000000
5.108731	0.000000
5.109714	0.000000
5.110697	0.000000
5.111679	0.000000
5.112662	-0.000000
5.113645	-0.000000
5.114628	-0.000000
5.115610	0.000000
5.116593	-0.000000
5.117576	0.000000
5.118559	0.000000
5.119541	-0.000000
5.120524	-0.000000
5.121507	-0.000000
5.122490	-0.000000
5.123473	-0.000000
5.124455	0.000000
5.125438	0.000000
5.126421	-0.000000
5.127404	-0.000000
5.128386	-0.000000
5.129369	-0.000000
5.130352	-0.000000
5.131335	-0.000000
5.132318	0.000000
5.133300	-0.000000
5.134283	-0.000000
5.135266	0.000000
5.136249	0.000000
5.137231	-0.000000
5.138214	-0.000000
5.139197	0.000000
5.140180	-0.000000
5.141163	0.000000
5.142145	0.000000
5.143128	-0.000000
5.144111	-0.000000
5.145094	0.000000
5.146076	-0.000000
5.147059	-0.000000
5.148042	0.000000
5.149025	0.000000
5.150008	-0.000000
5.150990	0.000000
5.151973	-0.000000
5.152956	-0.000000
5.153939	-0.000000
5.154921	-0.000000
5.155904	0.000000
5.156887	-0.000000
5.157870	-0.000000
5.158853	-0.000000
5.159835	-0.000000
5.160818	-0.000000
5.161801	-0.000000
5.162784	0.000000
5.163766	0.000000
