0.000983	0.000000
0.001966	-0.000000
0.002948	0.000000
0.003931	-0.000000
0.004914	-0.000000
0.005897	0.000000
0.006879	-0.000000
0.007862	0.000000
0.008845	0.000000
0.009828	0.000000
0.010811	0.000000
0.011793	-0.000000
0.012776	0.000000
0.013759	-0.000000
0.014742	0.000000
0.015724	0.000000
0.016707	0.000000
0.017690	0.000000
0.018673	-0.000000
0.019656	0.000000
0.020638	-0.000000
0.021621	-0.000000
0.022604	-0.000000
0.023587	-0.000000
0.024569	-0.000000
0.025552	-0.000000
0.026535	0.000000
0.027518	-0.000000
0.028500	0.000000
0.029483	-0.000000
0.030466	-0.000000
0.031449	0.000000
0.032432	0.000000
0.033414	-0.000000
0.034397	-0.000000
0.035380	-0.000000
0.036363	-0.000000
0.037345	-0.000000
0.038328	-0.000000
0.039311	-0.000000
0.040294	-0.000000
0.041277	-0.000000
0.042259	-0.000000
0.043242	0.000000
0.044225	-0.000000
0.045208	0.000000
0.046190	0.000000
0.047173	0.000000
0.048156	-0.000000
0.049139	0.000000
0.050122	0.000000
0.051104	-0.000000
0.052087	-0.000000
0.053070	-0.000000
0.054053	0.000000
0.055035	0.000000
0.056018	-0.000000
0.057001	0.000000
0.057984	-0.000000
0.058967	-0.000000
0.059949	-0.000000
0.060932	-0.000000
0.061915	-0.000000
0.062898	-0.000000
0.063880	-0.000000
0.064863	-0.000000
0.065846	0.000000
0.066829	-0.000000
0.067812	0.000000
0.068794	-0.000000
0.069777	0.000000
0.070760	-0.000000
0.071743	-0.000000
0.072725	-0.000000
0.073708	0.000000
0.074691	-0.000000
0.075674	-0.000000
0.076656	0.000000
0.077639	0.000000
0.078622	-0.000000
0.079605	-0.000000
0.080588	-0.000000
0.081570	-0.000000
0.082553	0.000000
0.083536	-0.000000
0.084519	-0.000000
0.085501	-0.000000
0.086484	-0.000000
0.087467	-0.000000
0.088450	-0.000000
0.089433	-0.000000
0.090415	-0.000000
0.091398	-0.000000
0.092381	0.000000
0.093364	0.000000
0.094346	-0.000000
0.095329	-0.000000
0.096312	-0.000000
0.097295	-0.000000
0.098278	0.000000
0.099260	-0.000000
0.100243	0.000000
0.101226	-0.000000
0.102209	-0.000000
0.103191	0.000000
0.104174	-0.000000
0.105157	-0.000000
0.106140	-0.000000
0.107123	0.000000
0.108105	0.000000
0.109088	0.000000
0.110071	-0.000000
0.111054	0.000000
0.112036	-0.000000
0.113019	-0.000000
0.114002	0.000000
0.114985	-0.000000
0.115968	-0.000000
0.116950	0.000000
0.117933	0.000000
0.118916	-0.000000
0.119899	-0.000000
0.120881	0.000000
0.121864	0.000000
0.122847	-0.000000
0.123830	0.000000
0.124812	-0.000000
0.125795	-0.000000
0.126778	-0.000000
0.127761	0.000000
0.128744	0.000000
0.129726	-0.000000
0.130709	-0.000000
0.131692	-0.000000
0.132675	0.000000
0.133657	-0.000000
0.134640	-0.000000
0.135623	-0.000000
0.136606	-0.000000
0.137589	0.000000
0.138571	-0.000000
0.139554	-0.000000
0.140537	0.000000
0.141520	-0.000000
0.142502	0.000000
0.143485	-0.000000
0.144468	-0.000000
0.145451	-0.000000
0.146434	-0.000000
0.147416	0.000000
0.148399	-0.000000
0.149382	0.000000
0.150365	-0.000000
0.151347	0.000000
0.152330	-0.000000
0.153313	0.000000
0.154296	0.000000
0.155279	-0.000000
0.156261	-0.000000
0.157244	-0.000000
0.158227	0.000000
0.159210	-0.000000
0.160192	0.000000
0.161175	-0.000000
0.162158	-0.000000
0.163141	-0.000000
0.164124	-0.000000
0.165106	0.000000
0.166089	0.000000
0.167072	-0.000000
0.168055	0.000000
0.169037	-0.000000
0.170020	-0.000000
0.171003	0.000000
0.171986	-0.000000
0.172969	-0.000000
0.173951	-0.000000
0.174934	0.000000
0.175917	-0.000000
0.176900	0.000000
0.177882	-0.000000
0.178865	-0.000000
0.179848	-0.000000
0.180831	-0.000000
0.181813	-0.000000
0.182796	0.000000
0.183779	0.000000
0.184762	-0.000000
0.185745	0.000000
0.186727	-0.000000
0.187710	-0.000000
0.188693	-0.000000
0.189676	0.000000
0.190658	0.000000
0.191641	-0.000000
0.192624	0.000000
0.193607	-0.000000
0.194590	0.000000
0.195572	-0.000000
0.196555	-0.000000
0.197538	-0.000000
0.198521	-0.000000
0.199503	-0.000000
0.200486	-0.000000
0.201469	-0.000000
0.202452	0.000000
0.203435	-0.000000
0.204417	-0.000000
0.205400	0.000000
0.206383	-0.000000
0.207366	-0.000000
0.208348	-0.000000
0.209331	-0.000000
0.210314	-0.000000
0.211297	0.000000
0.212280	0.000000
0.213262	-0.000000
0.214245	-0.000000
0.215228	0.000000
0.216211	-0.000000
0.217193	0.000000
0.218176	-0.000000
0.219159	-0.000000
0.220142	-0.000000
0.221125	-0.000000
0.222107	-0.000000
0.223090	-0.000000
0.224073	-0.000000
0.225056	-0.000000
0.226038	0.000000
0.227021	0.000002
0.228004	0.000002
0.228987	0.000004
0.229969	0.000002
0.230952	0.000004
0.231935	0.000004
0.232918	0.000004
0.233901	0.000004
0.234883	0.000004
0.235866	0.000004
0.236849	0.000006
0.237832	0.000006
0.238814	0.000006
0.239797	0.000006
0.240780	0.000007
0.241763	0.000006
0.242746	0.000007
0.243728	0.000007
0.244711	0.000007
0.245694	0.000007
0.246677	0.000007
0.247659	0.000007
0.248642	0.000007
0.249625	0.000007
0.250608	0.000007
0.251591	0.000009
0.252573	0.000009
0.253556	0.000009
0.254539	0.000007
0.255522	0.000009
0.256504	0.000007
0.257487	0.000007
0.258470	0.000009
0.259453	0.000009
0.260436	0.000007
0.261418	0.000007
0.262401	0.000007
0.263384	0.000007
0.264367	0.000007
0.265349	0.000007
0.266332	0.000007
0.267315	0.000007
0.268298	0.000007
0.269281	0.000007
0.270263	0.000006
0.271246	0.000006
0.272229	0.000006
0.273212	0.000006
0.274194	0.000006
0.275177	0.000004
0.276160	0.000004
0.277143	0.000004
0.278125	0.000004
0.279108	0.000004
0.280091	0.000004
0.281074	0.000002
0.282057	0.000002
0.283039	0.000000
0.284022	0.000002
0.285005	0.000002
0.285988	0.000000
0.286962	0.000002
0.287937	0.000002
0.288912	0.000004
0.289887	0.000004
0.290862	0.000006
0.291836	0.000006
0.292811	0.000006
0.293786	0.000008
0.294761	0.000009
0.295736	0.000009
0.296710	0.000011
0.297685	0.000013
0.298660	0.000013
0.299635	0.000013
0.300610	0.000013
0.301584	0.000015
0.302559	0.000017
0.303534	0.000019
0.304509	0.000019
0.305484	0.000019
0.306458	0.000021
0.307433	0.000023
0.308408	0.000025
0.309383	0.000025
0.310357	0.000027
0.311332	0.000029
0.312307	0.000031
0.313282	0.000033
0.314257	0.000035
0.315231	0.000035
0.316206	0.000039
0.317181	0.000041
0.318156	0.000043
0.319131	0.000045
0.320105	0.000047
0.321080	0.000049
0.322055	0.000053
0.323030	0.000055
0.324005	0.000059
0.324979	0.000061
0.325954	0.000065
0.326929	0.000069
0.327904	0.000073
0.328879	0.000077
0.329853	0.000081
0.330828	0.000085
0.331803	0.000090
0.332778	0.000094
0.333753	0.000100
0.334727	0.000104
0.335702	0.000110
0.336677	0.000116
0.337652	0.000123
0.338626	0.000129
0.339601	0.000137
0.340576	0.000143
0.341551	0.000152
0.342526	0.000160
0.343500	0.000168
0.344475	0.000177
0.345450	0.000187
0.346425	0.000200
0.347400	0.000210
0.348374	0.000223
0.349349	0.000235
0.350324	0.000248
0.351299	0.000261
0.352274	0.000278
0.353248	0.000294
0.354223	0.000311
0.355198	0.000331
0.356173	0.000350
0.357148	0.000373
0.358122	0.000394
0.359097	0.000418
0.360072	0.000446
0.361047	0.000475
0.362021	0.000508
0.362996	0.000540
0.363971	0.000578
0.364946	0.000619
0.365921	0.000664
0.366895	0.000714
0.367870	0.000770
0.368845	0.000828
0.369820	0.000897
0.370795	0.000975
0.371769	0.001061
0.372744	0.001165
0.373719	0.001282
0.374694	0.001422
0.375669	0.001596
0.376643	0.001810
0.377618	0.002089
0.378593	0.002464
0.379568	0.003001
0.380543	0.003794
0.381517	0.004956
0.382492	0.006280
0.383475	0.006326
0.384458	0.005526
0.385440	0.004775
0.386423	0.004292
0.387406	0.003998
0.388389	0.003815
0.389372	0.003700
0.390354	0.003630
0.391337	0.003582
0.392320	0.003554
0.393303	0.003541
0.394285	0.003534
0.395268	0.003539
0.396251	0.003545
0.397234	0.003558
0.398217	0.003573
0.399199	0.003591
0.400182	0.003610
0.401165	0.003632
0.402148	0.003656
0.403130	0.003680
0.404113	0.003706
0.405096	0.003735
0.406079	0.003763
0.407061	0.003789
0.408044	0.003819
0.409027	0.003848
0.410010	0.003878
0.410993	0.003909
0.411975	0.003939
0.412958	0.003967
0.413941	0.004000
0.414924	0.004030
0.415906	0.004061
0.416889	0.004091
0.417872	0.004124
0.418855	0.004155
0.419838	0.004185
0.420820	0.004218
0.421803	0.004248
0.422786	0.004279
0.423769	0.004311
0.424751	0.004342
0.425734	0.004372
0.426717	0.004405
0.427700	0.004435
0.428683	0.004466
0.429665	0.004496
0.430648	0.004527
0.431631	0.004555
0.432614	0.004585
0.433596	0.004616
0.434579	0.004644
0.435562	0.004675
0.436545	0.004705
0.437528	0.004733
0.438510	0.004762
0.439493	0.004790
0.440476	0.004820
0.441459	0.004849
0.442441	0.004877
0.443424	0.004905
0.444407	0.004934
0.445390	0.004962
0.446373	0.004988
0.447355	0.005016
0.448338	0.005042
0.449321	0.005069
0.450304	0.005097
0.451286	0.005125
0.452269	0.005151
0.453252	0.005177
0.454235	0.005201
0.455217	0.005227
0.456200	0.005254
0.457183	0.005278
0.458166	0.005304
0.459149	0.005330
0.460131	0.005354
0.461114	0.005378
0.462097	0.005402
0.463080	0.005426
0.464062	0.005449
0.465045	0.005471
0.466028	0.005497
0.467011	0.005519
0.467994	0.005541
0.468976	0.005565
0.469959	0.005587
0.470942	0.005608
0.471925	0.005630
0.472907	0.005652
0.473890	0.005674
0.474873	0.005695
0.475856	0.005715
0.476839	0.005737
0.477821	0.005756
0.478804	0.005776
0.479787	0.005795
0.480770	0.005815
0.481752	0.005835
0.482735	0.005854
0.483718	0.005872
0.484701	0.005891
0.485684	0.005911
0.486666	0.005926
0.487649	0.005946
0.488632	0.005961
0.489615	0.005980
0.490597	0.005996
0.491580	0.006013
0.492563	0.006028
0.493546	0.006048
0.494529	0.006063
0.495511	0.006078
0.496494	0.006094
0.497477	0.006109
0.498460	0.006124
0.499442	0.006139
0.500425	0.006155
0.501408	0.006168
0.502391	0.006183
0.503374	0.006194
0.504356	0.006209
0.505339	0.006222
0.506322	0.006235
0.507305	0.006246
0.508287	0.006259
0.509270	0.006272
0.510253	0.006283
0.511236	0.006294
0.512218	0.006307
0.513201	0.006318
0.514184	0.006329
0.515167	0.006340
0.516150	0.006350
0.517132	0.006361
0.518115	0.006370
0.519098	0.006381
0.520081	0.006390
0.521063	0.006398
0.522046	0.006407
0.523029	0.006416
0.524012	0.006424
0.524995	0.006431
0.525977	0.006440
0.526960	0.006446
0.527943	0.006455
0.528926	0.006464
0.529908	0.006468
0.530891	0.006474
0.531874	0.006483
0.532857	0.006490
0.533840	0.006494
0.534822	0.006498
0.535805	0.006505
0.536788	0.006511
0.537771	0.006516
0.538753	0.006520
0.539736	0.006525
0.540719	0.006529
0.541702	0.006533
0.542685	0.006538
0.543667	0.006542
0.544650	0.006544
0.545633	0.006548
0.546616	0.006548
0.547598	0.006553
0.548581	0.006555
0.549564	0.006557
0.550547	0.006559
0.551530	0.006559
0.552512	0.006562
0.553495	0.006562
0.554478	0.006562
0.555461	0.006566
0.556443	0.006566
0.557426	0.006564
0.558409	0.006566
0.559392	0.006564
0.560374	0.006564
0.561357	0.006564
0.562340	0.006564
0.563323	0.006564
0.564306	0.006562
0.565288	0.006559
0.566271	0.006557
0.567254	0.006555
0.568237	0.006555
0.569219	0.006551
0.570202	0.006548
0.571185	0.006546
0.572168	0.006544
0.573151	0.006542
0.574133	0.006538
0.575116	0.006533
0.576099	0.006531
0.577082	0.006527
0.578064	0.006522
0.579047	0.006518
0.580030	0.006514
0.581013	0.006509
0.581996	0.006503
0.582978	0.006498
0.583961	0.006494
0.584944	0.006488
0.585927	0.006483
0.586909	0.006477
0.587892	0.006470
0.588875	0.006464
0.589858	0.006457
0.590841	0.006451
0.591823	0.006444
0.592806	0.006437
0.593789	0.006431
0.594772	0.006422
0.595754	0.006416
0.596737	0.006407
0.597720	0.006400
0.598703	0.006392
0.599686	0.006383
0.600668	0.006374
0.601651	0.006368
0.602634	0.006359
0.603617	0.006348
0.604599	0.006340
0.605582	0.006331
0.606565	0.006322
0.607548	0.006311
0.608530	0.006303
0.609513	0.006292
0.610496	0.006283
0.611479	0.006272
0.612462	0.006261
0.613444	0.006252
0.614427	0.006242
0.615410	0.006231
0.616393	0.006218
0.617375	0.006209
0.618358	0.006198
0.619341	0.006185
0.620324	0.006176
0.621307	0.006163
0.622289	0.006152
0.623272	0.006139
0.624255	0.006128
0.625238	0.006115
0.626220	0.006105
0.627203	0.006091
0.628186	0.006078
0.629169	0.006068
0.630152	0.006052
0.631134	0.006039
0.632117	0.006028
0.633100	0.006015
0.634083	0.006002
0.635065	0.005987
0.636048	0.005974
0.637031	0.005961
0.638014	0.005948
0.638997	0.005935
0.639979	0.005920
0.640962	0.005906
0.641945	0.005893
0.642928	0.005878
0.643910	0.005865
0.644893	0.005850
0.645876	0.005835
0.646859	0.005822
0.647842	0.005806
0.648824	0.005791
0.649807	0.005776
0.650790	0.005763
0.651773	0.005745
0.652755	0.005730
0.653738	0.005717
0.654721	0.005700
0.655704	0.005687
0.656686	0.005671
0.657669	0.005654
0.658652	0.005639
0.659635	0.005624
0.660618	0.005608
0.661600	0.005591
0.662583	0.005578
0.663566	0.005560
0.664549	0.005543
0.665531	0.005528
0.666514	0.005513
0.667497	0.005495
0.668480	0.005480
0.669463	0.005465
0.670445	0.005445
0.671428	0.005430
0.672411	0.005412
0.673394	0.005397
0.674376	0.005380
0.675359	0.005362
0.676342	0.005347
0.677325	0.005330
0.678308	0.005310
0.679290	0.005295
0.680273	0.005278
0.681256	0.005260
0.682239	0.005245
0.683221	0.005227
0.684204	0.005210
0.685187	0.005193
0.686170	0.005175
0.687153	0.005158
0.688135	0.005138
0.689118	0.005123
0.690101	0.005106
0.691084	0.005088
0.692066	0.005069
0.693049	0.005051
0.694032	0.005036
0.695015	0.005016
0.695998	0.004999
0.696980	0.004982
0.697963	0.004964
0.698946	0.004947
0.699929	0.004927
0.700911	0.004910
0.701894	0.004892
0.702877	0.004875
0.703860	0.004857
0.704842	0.004840
0.705825	0.004823
0.706808	0.004803
0.707791	0.004786
0.708774	0.004768
0.709756	0.004749
0.710739	0.004731
0.711722	0.004712
0.712705	0.004694
0.713687	0.004677
0.714670	0.004659
0.715653	0.004640
0.716636	0.004622
0.717619	0.004603
0.718601	0.004588
0.719584	0.004568
0.720567	0.004551
0.721550	0.004533
0.722532	0.004514
0.723515	0.004496
0.724498	0.004479
0.725481	0.004459
0.726464	0.004442
0.727446	0.004422
0.728429	0.004405
0.729412	0.004385
0.730395	0.004368
0.731377	0.004350
0.732360	0.004333
0.733343	0.004313
0.734326	0.004296
0.735309	0.004276
0.736291	0.004259
0.737274	0.004244
0.738257	0.004224
0.739240	0.004205
0.740222	0.004187
0.741205	0.004170
0.742188	0.004152
0.743171	0.004133
0.744154	0.004115
0.745136	0.004096
0.746119	0.004078
0.747102	0.004063
0.748085	0.004044
0.749067	0.004024
0.750050	0.004007
0.751033	0.003989
0.752016	0.003972
0.752999	0.003952
0.753981	0.003935
0.754964	0.003917
0.755947	0.003900
0.756930	0.003883
0.757912	0.003863
0.758895	0.003848
0.759878	0.003830
0.760861	0.003811
0.761843	0.003793
0.762826	0.003776
0.763809	0.003758
0.764792	0.003741
0.765775	0.003721
0.766757	0.003706
0.767740	0.003689
0.768723	0.003671
0.769706	0.003652
0.770688	0.003634
0.771671	0.003619
0.772654	0.003600
0.773637	0.003584
0.774620	0.003567
0.775602	0.003547
0.776585	0.003532
0.777568	0.003515
0.778551	0.003497
0.779533	0.003480
0.780516	0.003462
0.781499	0.003445
0.782482	0.003428
0.783465	0.003410
0.784447	0.003395
0.785430	0.003378
0.786413	0.003362
0.787396	0.003345
0.788378	0.003330
0.789361	0.003310
0.790344	0.003295
0.791327	0.003280
0.792310	0.003260
0.793292	0.003245
0.794275	0.003227
0.795258	0.003210
0.796241	0.003195
0.797223	0.003177
0.798206	0.003162
0.799189	0.003145
0.800172	0.003127
0.801155	0.003112
0.802137	0.003095
0.803120	0.003079
0.804103	0.003064
0.805086	0.003047
0.806068	0.003032
0.807051	0.003016
0.808034	0.003001
0.809017	0.002986
0.809999	0.002968
0.810982	0.002953
0.811965	0.002936
0.812948	0.002921
0.813931	0.002903
0.814913	0.002890
0.815896	0.002873
0.816879	0.002857
0.817862	0.002842
0.818844	0.002827
0.819827	0.002812
0.820810	0.002794
0.821793	0.002781
0.822776	0.002766
0.823758	0.002751
0.824741	0.002736
0.825724	0.002720
0.826707	0.002703
0.827689	0.002690
0.828672	0.002672
0.829655	0.002659
0.830638	0.002644
0.831621	0.002631
0.832603	0.002614
0.833586	0.002598
0.834569	0.002585
0.835552	0.002570
0.836534	0.002557
0.837517	0.002540
0.838500	0.002527
0.839483	0.002511
0.840466	0.002498
0.841448	0.002483
0.842431	0.002470
0.843414	0.002455
0.844397	0.002440
0.845379	0.002424
0.846362	0.002411
0.847345	0.002398
0.848328	0.002383
0.849311	0.002368
0.850293	0.002355
0.851276	0.002342
0.852259	0.002326
0.853242	0.002313
0.854224	0.002300
0.855207	0.002285
0.856190	0.002272
0.857173	0.002257
0.858155	0.002244
0.859138	0.002233
0.860121	0.002218
0.861104	0.002205
0.862087	0.002192
0.863069	0.002178
0.864052	0.002163
0.865035	0.002150
0.866018	0.002137
0.867000	0.002124
0.867983	0.002111
0.868966	0.002098
0.869949	0.002085
0.870932	0.002072
0.871914	0.002059
0.872897	0.002046
0.873880	0.002033
0.874863	0.002022
0.875845	0.002009
0.876828	0.001996
0.877811	0.001983
0.878794	0.001970
0.879777	0.001959
0.880759	0.001946
0.881742	0.001930
0.882725	0.001919
0.883708	0.001909
0.884690	0.001893
0.885673	0.001882
0.886656	0.001872
0.887639	0.001859
0.888622	0.001848
0.889604	0.001835
0.890587	0.001822
0.891570	0.001809
0.892553	0.001798
0.893535	0.001785
0.894518	0.001774
0.895501	0.001761
0.896484	0.001750
0.897467	0.001739
0.898449	0.001728
0.899432	0.001715
0.900415	0.001704
0.901398	0.001693
0.902380	0.001680
0.903363	0.001669
0.904346	0.001658
0.905329	0.001645
0.906311	0.001637
0.907294	0.001624
0.908277	0.001613
0.909260	0.001602
0.910243	0.001589
0.911225	0.001578
0.912208	0.001569
0.913191	0.001556
0.914174	0.001545
0.915156	0.001536
0.916139	0.001526
0.917122	0.001513
0.918105	0.001504
0.919088	0.001491
0.920070	0.001480
0.921053	0.001469
0.922036	0.001458
0.923019	0.001449
0.924001	0.001436
0.924984	0.001428
0.925967	0.001417
0.926950	0.001406
0.927933	0.001397
0.928915	0.001384
0.929898	0.001375
0.930881	0.001365
0.931864	0.001356
0.932846	0.001345
0.933829	0.001334
0.934812	0.001325
0.935795	0.001314
0.936778	0.001304
0.937760	0.001295
0.938743	0.001284
0.939726	0.001273
0.940709	0.001264
0.941691	0.001254
0.942674	0.001245
0.943657	0.001234
0.944640	0.001225
0.945623	0.001214
0.946605	0.001203
0.947588	0.001197
0.948571	0.001186
0.949554	0.001177
0.950536	0.001166
0.951519	0.001158
0.952502	0.001147
0.953485	0.001138
0.954467	0.001127
0.955450	0.001121
0.956433	0.001110
0.957416	0.001101
0.958399	0.001092
0.959381	0.001082
0.960364	0.001073
0.961347	0.001062
0.962330	0.001053
0.963312	0.001045
0.964295	0.001036
0.965278	0.001027
0.966261	0.001019
0.967244	0.001010
0.968226	0.001001
0.969209	0.000990
0.970192	0.000982
0.971175	0.000973
0.972157	0.000964
0.973140	0.000955
0.974123	0.000947
0.975106	0.000938
0.976089	0.000929
0.977071	0.000921
0.978054	0.000912
0.979037	0.000903
0.980020	0.000894
0.981002	0.000888
0.981985	0.000877
0.982968	0.000871
0.983951	0.000860
0.984934	0.000851
0.985916	0.000844
0.986899	0.000836
0.987882	0.000825
0.988865	0.000818
0.989847	0.000810
0.990830	0.000801
0.991813	0.000792
0.992796	0.000786
0.993779	0.000777
0.994761	0.000768
0.995744	0.000760
0.996727	0.000753
0.997710	0.000744
0.998692	0.000736
0.999675	0.000729
1.000658	0.000718
1.001641	0.000712
1.002624	0.000705
1.003606	0.000694
1.004589	0.000688
1.005572	0.000681
1.006555	0.000672
1.007537	0.000664
1.008520	0.000657
1.009503	0.000649
1.010486	0.000640
1.011468	0.000633
1.012451	0.000625
1.013434	0.000616
1.014417	0.000609
1.015400	0.000601
1.016382	0.000594
1.017365	0.000588
1.018348	0.000579
1.019331	0.000570
1.020313	0.000561
1.021296	0.000557
1.022279	0.000548
1.023262	0.000542
1.024245	0.000533
1.025227	0.000527
1.026210	0.000518
1.027193	0.000509
1.028176	0.000503
1.029158	0.000496
1.030141	0.000487
1.031124	0.000479
1.032107	0.000472
1.033090	0.000466
1.034072	0.000459
1.035055	0.000450
1.036038	0.000444
1.037021	0.000437
1.038003	0.000429
1.038986	0.000422
1.039969	0.000413
1.040952	0.000407
1.041935	0.000398
1.042917	0.000392
1.043900	0.000385
1.044883	0.000379
1.045866	0.000370
1.046848	0.000363
1.047831	0.000357
1.048814	0.000348
1.049797	0.000342
1.050780	0.000335
1.051762	0.000326
1.052745	0.000320
1.053728	0.000313
1.054711	0.000307
1.055693	0.000298
1.056676	0.000292
1.057659	0.000283
1.058642	0.000276
1.059624	0.000270
1.060607	0.000263
1.061590	0.000257
1.062573	0.000250
1.063556	0.000242
1.064538	0.000235
1.065521	0.000229
1.066504	0.000220
1.067487	0.000213
1.068469	0.000209
1.069452	0.000202
1.070435	0.000194
1.071418	0.000187
1.072401	0.000181
1.073383	0.000172
1.074366	0.000165
1.075349	0.000159
1.076332	0.000150
1.077314	0.000144
1.078297	0.000137
1.079280	0.000133
1.080263	0.000124
1.081246	0.000118
1.082228	0.000109
1.083211	0.000102
1.084194	0.000098
1.085177	0.000089
1.086159	0.000083
1.087142	0.000076
1.088125	0.000070
1.089108	0.000061
1.090091	0.000054
1.091073	0.000050
1.092056	0.000041
1.093039	0.000033
1.094022	0.000028
1.095004	0.000020
1.095987	0.000013
1.096970	0.000007
1.097945	0.000009
1.098920	0.000013
1.099894	0.000017
1.100869	0.000022
1.101844	0.000024
1.102819	0.000028
1.103794	0.000031
1.104768	0.000035
1.105743	0.000037
1.106718	0.000042
1.107693	0.000044
1.108667	0.000046
1.109642	0.000053
1.110617	0.000055
1.111592	0.000060
1.112567	0.000062
1.113541	0.000067
1.114516	0.000069
1.115491	0.000071
1.116466	0.000076
1.117441	0.000081
1.118415	0.000083
1.119390	0.000088
1.120365	0.000090
1.121340	0.000092
1.122315	0.000097
1.123289	0.000099
1.124264	0.000104
1.125239	0.000107
1.126214	0.000111
1.127189	0.000114
1.128163	0.000119
1.129138	0.000121
1.130113	0.000124
1.131088	0.000131
1.132062	0.000131
1.133037	0.000138
1.134012	0.000141
1.134987	0.000143
1.135962	0.000148
1.136936	0.000151
1.137911	0.000153
1.138886	0.000158
1.139861	0.000163
1.140836	0.000166
1.141810	0.000171
1.142785	0.000171
1.143760	0.000176
1.144735	0.000178
1.145710	0.000181
1.146684	0.000186
1.147659	0.000189
1.148634	0.000194
1.149609	0.000197
1.150584	0.000199
1.151558	0.000205
1.152533	0.000210
1.153508	0.000212
1.154483	0.000215
1.155457	0.000220
1.156432	0.000223
1.157407	0.000226
1.158382	0.000229
1.159357	0.000234
1.160331	0.000237
1.161306	0.000240
1.162281	0.000245
1.163256	0.000245
1.164231	0.000248
1.165205	0.000254
1.166180	0.000257
1.167155	0.000262
1.168130	0.000265
1.169105	0.000268
1.170079	0.000271
1.171054	0.000274
1.172029	0.000279
1.173004	0.000282
1.173979	0.000285
1.174953	0.000288
1.175928	0.000291
1.176903	0.000297
1.177878	0.000300
1.178852	0.000303
1.179827	0.000309
1.180802	0.000312
1.181777	0.000312
1.182752	0.000318
1.183726	0.000321
1.184701	0.000327
1.185676	0.000330
1.186651	0.000333
1.187626	0.000336
1.188600	0.000339
1.189575	0.000343
1.190550	0.000346
1.191525	0.000349
1.192500	0.000352
1.193474	0.000358
1.194449	0.000359
1.195424	0.000365
1.196399	0.000366
1.197374	0.000369
1.198348	0.000372
1.199323	0.000376
1.200298	0.000381
1.201273	0.000382
1.202247	0.000386
1.203222	0.000392
1.204197	0.000395
1.205172	0.000396
1.206147	0.000399
1.207121	0.000405
1.208096	0.000409
1.209071	0.000412
1.210046	0.000416
1.211021	0.000419
1.211995	0.000423
1.212970	0.000426
1.213945	0.000427
1.214920	0.000431
1.215895	0.000432
1.216869	0.000435
1.217844	0.000439
1.218819	0.000443
1.219794	0.000446
1.220769	0.000450
1.221743	0.000453
1.222718	0.000457
1.223693	0.000461
1.224668	0.000462
1.225643	0.000468
1.226617	0.000469
1.227592	0.000473
1.228567	0.000477
1.229542	0.000478
1.230516	0.000482
1.231491	0.000485
1.232466	0.000489
1.233441	0.000493
1.234416	0.000497
1.235390	0.000498
1.236365	0.000502
1.237340	0.000506
1.238315	0.000510
1.239290	0.000511
1.240264	0.000515
1.241239	0.000516
1.242214	0.000520
1.243189	0.000524
1.244164	0.000525
1.245138	0.000532
1.246113	0.000533
1.247088	0.000537
1.248063	0.000538
1.249038	0.000542
1.250012	0.000546
1.250987	0.000545
1.251962	0.000552
1.252937	0.000553
1.253911	0.000557
1.254886	0.000558
1.255861	0.000560
1.256836	0.000567
1.257811	0.000568
1.258785	0.000569
1.259760	0.000573
1.260735	0.000578
1.261710	0.000579
1.262685	0.000580
1.263659	0.000585
1.264634	0.000586
1.265609	0.000590
1.266584	0.000592
1.267559	0.000596
1.268533	0.000597
1.269508	0.000599
1.270483	0.000603
1.271458	0.000608
1.272433	0.000609
1.273407	0.000614
1.274382	0.000615
1.275357	0.000616
1.276332	0.000618
1.277306	0.000622
1.278281	0.000627
1.279256	0.000628
1.280231	0.000630
1.281206	0.000635
1.282180	0.000636
1.283155	0.000638
1.284130	0.000639
1.285105	0.000641
1.286080	0.000645
1.287054	0.000647
1.288029	0.000648
1.289004	0.000650
1.289979	0.000655
1.290954	0.000656
1.291928	0.000658
1.292903	0.000663
1.293878	0.000661
1.294853	0.000666
1.295828	0.000668
1.296802	0.000672
1.297777	0.000674
1.298752	0.000676
1.299727	0.000677
1.300701	0.000679
1.301676	0.000684
1.302651	0.000686
1.303626	0.000684
1.304601	0.000689
1.305575	0.000688
1.306550	0.000693
1.307525	0.000694
1.308500	0.000696
1.309475	0.000698
1.310449	0.000696
1.311424	0.000702
1.312399	0.000703
1.313374	0.000705
1.314349	0.000704
1.315323	0.000709
1.316298	0.000707
1.317273	0.000709
1.318248	0.000714
1.319223	0.000713
1.320197	0.000718
1.321172	0.000720
1.322147	0.000722
1.323122	0.000720
1.324096	0.000726
1.325071	0.000728
1.326046	0.000726
1.327021	0.000728
1.327996	0.000730
1.328970	0.000732
1.329945	0.000734
1.330920	0.000736
1.331895	0.000738
1.332870	0.000740
1.333844	0.000738
1.334819	0.000744
1.335794	0.000742
1.336769	0.000741
1.337744	0.000743
1.338718	0.000748
1.339693	0.000747
1.340668	0.000745
1.341643	0.000747
1.342618	0.000753
1.343592	0.000751
1.344567	0.000753
1.345542	0.000752
1.346517	0.000754
1.347492	0.000756
1.348466	0.000754
1.349441	0.000760
1.350416	0.000759
1.351391	0.000761
1.352365	0.000759
1.353340	0.000762
1.354315	0.000764
1.355290	0.000766
1.356265	0.000764
1.357239	0.000767
1.358214	0.000765
1.359189	0.000767
1.360164	0.000769
1.361139	0.000768
1.362113	0.000770
1.363088	0.000768
1.364063	0.000767
1.365038	0.000769
1.366013	0.000771
1.366987	0.000770
1.367962	0.000772
1.368937	0.000774
1.369912	0.000773
1.370887	0.000771
1.371861	0.000773
1.372836	0.000772
1.373811	0.000774
1.374786	0.000776
1.375760	0.000775
1.376735	0.000777
1.377710	0.000771
1.378685	0.000774
1.379660	0.000772
1.380634	0.000774
1.381609	0.000777
1.382584	0.000775
1.383559	0.000773
1.384534	0.000776
1.385508	0.000774
1.386483	0.000777
1.387458	0.000775
1.388433	0.000777
1.389408	0.000776
1.390382	0.000774
1.391357	0.000772
1.392332	0.000770
1.393307	0.000773
1.394282	0.000775
1.395256	0.000773
1.396231	0.000772
1.397206	0.000770
1.398181	0.000772
1.399155	0.000775
1.400130	0.000769
1.401105	0.000767
1.402080	0.000769
1.403055	0.000772
1.404029	0.000766
1.405004	0.000768
1.405979	0.000766
1.406954	0.000765
1.407929	0.000763
1.408903	0.000761
1.409878	0.000763
1.410853	0.000761
1.411828	0.000764
1.412803	0.000762
1.413777	0.000756
1.414752	0.000758
1.415727	0.000756
1.416702	0.000759
1.417677	0.000757
1.418651	0.000750
1.419626	0.000753
1.420601	0.000751
1.421576	0.000749
1.422550	0.000747
1.423525	0.000745
1.424500	0.000747
1.425475	0.000740
1.426450	0.000738
1.427424	0.000741
1.428399	0.000734
1.429374	0.000737
1.430349	0.000740
1.431324	0.000737
1.432298	0.000730
1.433273	0.000733
1.434248	0.000730
1.435223	0.000729
1.436198	0.000727
1.437172	0.000725
1.438147	0.000723
1.439122	0.000721
1.440097	0.000719
1.441072	0.000717
1.442046	0.000715
1.443021	0.000713
1.443996	0.000711
1.444971	0.000708
1.445946	0.000706
1.446920	0.000705
1.447895	0.000702
1.448870	0.000700
1.449845	0.000698
1.450819	0.000695
1.451794	0.000693
1.452769	0.000691
1.453744	0.000688
1.454719	0.000685
1.455693	0.000683
1.456668	0.000681
1.457643	0.000678
1.458618	0.000675
1.459593	0.000673
1.460567	0.000670
1.461542	0.000667
1.462517	0.000665
1.463492	0.000662
1.464467	0.000659
1.465441	0.000656
1.466416	0.000653
1.467391	0.000650
1.468366	0.000647
1.469341	0.000644
1.470315	0.000641
1.471290	0.000638
1.472265	0.000635
1.473240	0.000632
1.474214	0.000628
1.475189	0.000626
1.476164	0.000622
1.477139	0.000619
1.478114	0.000615
1.479088	0.000612
1.480063	0.000609
1.481038	0.000605
1.482013	0.000601
1.482988	0.000598
1.483962	0.000595
1.484937	0.000591
1.485912	0.000587
1.486887	0.000584
1.487862	0.000580
1.488836	0.000576
1.489811	0.000573
1.490786	0.000568
1.491761	0.000565
1.492736	0.000561
1.493710	0.000557
1.494685	0.000553
1.495660	0.000549
1.496635	0.000545
1.497609	0.000541
1.498584	0.000536
1.499559	0.000532
1.500534	0.000528
1.501509	0.000524
1.502483	0.000520
1.503458	0.000515
1.504433	0.000511
1.505408	0.000506
1.506383	0.000502
1.507357	0.000498
1.508332	0.000493
1.509307	0.000488
1.510282	0.000484
1.511257	0.000479
1.512231	0.000475
1.513206	0.000470
1.514181	0.000465
1.515156	0.000460
1.516131	0.000455
1.517105	0.000450
1.518080	0.000445
1.519055	0.000441
1.520030	0.000436
1.521004	0.000431
1.521979	0.000425
1.522954	0.000421
1.523929	0.000416
1.524904	0.000410
1.525878	0.000405
1.526853	0.000400
1.527828	0.000394
1.528803	0.000390
1.529778	0.000384
1.530752	0.000379
1.531727	0.000373
1.532702	0.000368
1.533677	0.000362
1.534652	0.000356
1.535626	0.000351
1.536601	0.000345
1.537576	0.000339
1.538551	0.000334
1.539526	0.000328
1.540500	0.000322
1.541475	0.000316
1.542450	0.000310
1.543425	0.000304
1.544399	0.000298
1.545374	0.000291
1.546349	0.000286
1.547324	0.000279
1.548299	0.000273
1.549273	0.000267
1.550248	0.000261
1.551223	0.000255
1.552198	0.000248
1.553173	0.000242
1.554147	0.000236
1.555122	0.000229
1.556097	0.000222
1.557072	0.000215
1.558047	0.000209
1.559021	0.000203
1.559996	0.000195
1.560971	0.000190
1.561946	0.000182
1.562921	0.000175
1.563895	0.000168
1.564870	0.000161
1.565845	0.000154
1.566820	0.000147
1.567795	0.000139
1.568769	0.000132
1.569744	0.000125
1.570719	0.000118
1.571694	0.000111
1.572668	0.000103
1.573643	0.000095
1.574618	0.000088
1.575593	0.000080
1.576568	0.000072
1.577542	0.000064
1.578517	0.000057
1.579492	0.000049
1.580467	0.000041
1.581442	0.000032
1.582416	0.000026
1.583391	0.000016
1.584366	0.000008
1.585349	0.000017
1.586332	0.000025
1.587314	0.000033
1.588297	0.000042
1.589280	0.000050
1.590263	0.000059
1.591245	0.000067
1.592228	0.000075
1.593211	0.000084
1.594194	0.000093
1.595176	0.000102
1.596159	0.000109
1.597142	0.000118
1.598125	0.000127
1.599108	0.000135
1.600090	0.000144
1.601073	0.000153
1.602056	0.000160
1.603039	0.000170
1.604021	0.000178
1.605004	0.000187
1.605987	0.000195
1.606970	0.000203
1.607953	0.000213
1.608935	0.000221
1.609918	0.000230
1.610901	0.000238
1.611884	0.000246
1.612866	0.000255
1.613849	0.000264
1.614832	0.000273
1.615815	0.000282
1.616798	0.000289
1.617780	0.000299
1.618763	0.000307
1.619746	0.000317
1.620729	0.000325
1.621711	0.000335
1.622694	0.000343
1.623677	0.000353
1.624660	0.000361
1.625643	0.000371
1.626625	0.000379
1.627608	0.000387
1.628591	0.000397
1.629574	0.000405
1.630556	0.000415
1.631539	0.000423
1.632522	0.000433
1.633505	0.000441
1.634488	0.000450
1.635470	0.000460
1.636453	0.000470
1.637436	0.000478
1.638419	0.000487
1.639401	0.000498
1.640384	0.000506
1.641367	0.000517
1.642350	0.000525
1.643333	0.000535
1.644315	0.000544
1.645298	0.000554
1.646281	0.000562
1.647264	0.000572
1.648246	0.000582
1.649229	0.000592
1.650212	0.000600
1.651195	0.000611
1.652177	0.000621
1.653160	0.000630
1.654143	0.000641
1.655126	0.000651
1.656109	0.000659
1.657091	0.000670
1.658074	0.000679
1.659057	0.000690
1.660040	0.000700
1.661022	0.000710
1.662005	0.000720
1.662988	0.000730
1.663971	0.000740
1.664954	0.000750
1.665936	0.000761
1.666919	0.000770
1.667902	0.000781
1.668885	0.000792
1.669867	0.000802
1.670850	0.000812
1.671833	0.000823
1.672816	0.000835
1.673799	0.000844
1.674781	0.000856
1.675764	0.000866
1.676747	0.000877
1.677730	0.000887
1.678712	0.000899
1.679695	0.000910
1.680678	0.000921
1.681661	0.000932
1.682644	0.000942
1.683626	0.000954
1.684609	0.000966
1.685592	0.000976
1.686575	0.000988
1.687557	0.001001
1.688540	0.001012
1.689523	0.001024
1.690506	0.001034
1.691489	0.001046
1.692471	0.001058
1.693454	0.001070
1.694437	0.001082
1.695420	0.001094
1.696402	0.001106
1.697385	0.001118
1.698368	0.001131
1.699351	0.001143
1.700333	0.001155
1.701316	0.001168
1.702299	0.001180
1.703282	0.001194
1.704265	0.001206
1.705247	0.001219
1.706230	0.001232
1.707213	0.001244
1.708196	0.001257
1.709178	0.001270
1.710161	0.001284
1.711144	0.001296
1.712127	0.001311
1.713110	0.001324
1.714092	0.001337
1.715075	0.001350
1.716058	0.001363
1.717041	0.001378
1.718023	0.001391
1.719006	0.001405
1.719989	0.001420
1.720972	0.001433
1.721955	0.001448
1.722937	0.001463
1.723920	0.001476
1.724903	0.001491
1.725886	0.001506
1.726868	0.001520
1.727851	0.001534
1.728834	0.001549
1.729817	0.001565
1.730800	0.001580
1.731782	0.001595
1.732765	0.001610
1.733748	0.001626
1.734731	0.001642
1.735713	0.001658
1.736696	0.001673
1.737679	0.001690
1.738662	0.001705
1.739645	0.001722
1.740627	0.001738
1.741610	0.001754
1.742593	0.001770
1.743576	0.001788
1.744558	0.001803
1.745541	0.001820
1.746524	0.001837
1.747507	0.001855
1.748489	0.001873
1.749472	0.001890
1.750455	0.001906
1.751438	0.001923
1.752421	0.001942
1.753403	0.001960
1.754386	0.001978
1.755369	0.001996
1.756352	0.002014
1.757334	0.002032
1.758317	0.002051
1.759300	0.002070
1.760283	0.002088
1.761266	0.002107
1.762248	0.002126
1.763231	0.002147
1.764214	0.002166
1.765197	0.002186
1.766179	0.002205
1.767162	0.002226
1.768145	0.002245
1.769128	0.002265
1.770111	0.002285
1.771093	0.002306
1.772076	0.002326
1.773059	0.002348
1.774042	0.002369
1.775024	0.002391
1.776007	0.002411
1.776990	0.002433
1.777973	0.002454
1.778956	0.002477
1.779938	0.002498
1.780921	0.002521
1.781904	0.002544
1.782887	0.002566
1.783869	0.002589
1.784852	0.002612
1.785835	0.002636
1.786818	0.002659
1.787801	0.002682
1.788783	0.002706
1.789766	0.002730
1.790749	0.002754
1.791732	0.002779
1.792714	0.002804
1.793697	0.002828
1.794680	0.002854
1.795663	0.002879
1.796645	0.002905
1.797628	0.002930
1.798611	0.002956
1.799594	0.002983
1.800577	0.003009
1.801559	0.003035
1.802542	0.003062
1.803525	0.003090
1.804508	0.003117
1.805490	0.003145
1.806473	0.003173
1.807456	0.003202
1.808439	0.003230
1.809422	0.003259
1.810404	0.003286
1.811387	0.003315
1.812370	0.003345
1.813353	0.003375
1.814335	0.003405
1.815318	0.003436
1.816301	0.003466
1.817284	0.003497
1.818267	0.003527
1.819249	0.003558
1.820232	0.003590
1.821215	0.003623
1.822198	0.003655
1.823180	0.003687
1.824163	0.003721
1.825146	0.003753
1.826129	0.003786
1.827112	0.003820
1.828094	0.003853
1.829077	0.003889
1.830060	0.003924
1.831043	0.003957
1.832025	0.003993
1.833008	0.004029
1.833991	0.004065
1.834974	0.004101
1.835957	0.004139
1.836939	0.004175
1.837922	0.004213
1.838905	0.004250
1.839888	0.004289
1.840870	0.004327
1.841853	0.004366
1.842836	0.004406
1.843819	0.004445
1.844801	0.004485
1.845784	0.004525
1.846767	0.004566
1.847750	0.004608
1.848733	0.004650
1.849715	0.004690
1.850698	0.004734
1.851681	0.004778
1.852664	0.004821
1.853646	0.004864
1.854629	0.004908
1.855612	0.004952
1.856595	0.004998
1.857578	0.005043
1.858560	0.005090
1.859543	0.005135
1.860526	0.005182
1.861509	0.005230
1.862491	0.005278
1.863474	0.005327
1.864457	0.005375
1.865440	0.005425
1.866423	0.005475
1.867405	0.005524
1.868388	0.005575
1.869371	0.005627
1.870354	0.005678
1.871336	0.005731
1.872319	0.005785
1.873302	0.005839
1.874285	0.005892
1.875268	0.005947
1.876250	0.006002
1.877233	0.006059
1.878216	0.006115
1.879199	0.006171
1.880181	0.006230
1.881164	0.006287
1.882147	0.006347
1.883130	0.006407
1.884113	0.006466
1.885095	0.006527
1.886078	0.006588
1.887061	0.006652
1.888044	0.006714
1.889026	0.006777
1.890009	0.006841
1.890992	0.006907
1.891975	0.006972
1.892958	0.007038
1.893940	0.007105
1.894923	0.007173
1.895906	0.007241
1.896889	0.007311
1.897871	0.007381
1.898854	0.007452
1.899837	0.007524
1.900820	0.007595
1.901802	0.007670
1.902785	0.007743
1.903768	0.007818
1.904751	0.007894
1.905734	0.007971
1.906716	0.008049
1.907699	0.008126
1.908682	0.008207
1.909665	0.008285
1.910647	0.008368
1.911630	0.008448
1.912613	0.008532
1.913596	0.008616
1.914579	0.008700
1.915561	0.008787
1.916544	0.008873
1.917527	0.008960
1.918510	0.009050
1.919492	0.009139
1.920475	0.009230
1.921458	0.009324
1.922441	0.009416
1.923424	0.009509
1.924406	0.009606
1.925389	0.009701
1.926372	0.009798
1.927355	0.009898
1.928337	0.009997
1.929320	0.010099
1.930303	0.010200
1.931286	0.010304
1.932269	0.010409
1.933251	0.010515
1.934234	0.010622
1.935217	0.010731
1.936200	0.010841
1.937182	0.010951
1.938165	0.011065
1.939148	0.011178
1.940131	0.011293
1.941114	0.011412
1.942096	0.011530
1.943079	0.011650
1.944062	0.011770
1.945045	0.011892
1.946027	0.012017
1.947010	0.012142
1.947993	0.012270
1.948976	0.012398
1.949958	0.012529
1.950941	0.012661
1.951924	0.012795
1.952907	0.012932
1.953890	0.013069
1.954872	0.013208
1.955855	0.013348
1.956838	0.013490
1.957821	0.013635
1.958803	0.013781
1.959786	0.013929
1.960769	0.014080
1.961752	0.014232
1.962735	0.014385
1.963717	0.014541
1.964700	0.014699
1.965683	0.014860
1.966666	0.015021
1.967648	0.015185
1.968631	0.015351
1.969614	0.015520
1.970597	0.015690
1.971580	0.015862
1.972562	0.016038
1.973545	0.016216
1.974528	0.016394
1.975511	0.016576
1.976493	0.016761
1.977476	0.016949
1.978459	0.017138
1.979442	0.017330
1.980425	0.017524
1.981407	0.017720
1.982390	0.017920
1.983373	0.018122
1.984356	0.018328
1.985338	0.018535
1.986321	0.018745
1.987304	0.018959
1.988287	0.019176
1.989270	0.019395
1.990252	0.019616
1.991235	0.019842
1.992218	0.020069
1.993201	0.020301
1.994183	0.020534
1.995166	0.020771
1.996149	0.021013
1.997132	0.021255
1.998114	0.021503
1.999097	0.021753
2.000080	0.022008
2.001063	0.022264
2.002046	0.022524
2.003028	0.022789
2.004011	0.023057
2.004994	0.023328
2.005977	0.023603
2.006959	0.023882
2.007942	0.024164
2.008925	0.024451
2.009908	0.024740
2.010891	0.025033
2.011873	0.025331
2.012856	0.025634
2.013839	0.025939
2.014822	0.026250
2.015804	0.026563
2.016787	0.026881
2.017770	0.027202
2.018753	0.027529
2.019736	0.027859
2.020718	0.028194
2.021701	0.028533
2.022684	0.028876
2.023667	0.029225
2.024649	0.029577
2.025632	0.029934
2.026615	0.030296
2.027598	0.030663
2.028581	0.031034
2.029563	0.031408
2.030546	0.031788
2.031529	0.032172
2.032512	0.032562
2.033494	0.032954
2.034477	0.033354
2.035460	0.033757
2.036443	0.034164
2.037426	0.034577
2.038408	0.034994
2.039391	0.035417
2.040374	0.035842
2.041357	0.036275
2.042339	0.036712
2.043322	0.037152
2.044305	0.037597
2.045288	0.038048
2.046270	0.038502
2.047253	0.038961
2.048236	0.039427
2.049219	0.039895
2.050202	0.040367
2.051184	0.040845
2.052167	0.041327
2.053150	0.041814
2.054133	0.042304
2.055115	0.042798
2.056098	0.043295
2.057081	0.043798
2.058064	0.044304
2.059047	0.044813
2.060029	0.045326
2.061012	0.045844
2.061995	0.046364
2.062978	0.046889
2.063960	0.047416
2.064943	0.047945
2.065926	0.048478
2.066909	0.049013
2.067892	0.049550
2.068874	0.050091
2.069857	0.050635
2.070840	0.051178
2.071823	0.051724
2.072805	0.052273
2.073788	0.052824
2.074771	0.053374
2.075754	0.053925
2.076737	0.054480
2.077719	0.055033
2.078702	0.055587
2.079685	0.056141
2.080668	0.056696
2.081650	0.057251
2.082633	0.057805
2.083616	0.058359
2.084599	0.058912
2.085582	0.059463
2.086564	0.060015
2.087547	0.060565
2.088530	0.061112
2.089513	0.061659
2.090495	0.062203
2.091478	0.062745
2.092461	0.063285
2.093444	0.063821
2.094426	0.064356
2.095409	0.064888
2.096392	0.065416
2.097375	0.065941
2.098358	0.066462
2.099340	0.066980
2.100323	0.067494
2.101306	0.068004
2.102289	0.068511
2.103271	0.069012
2.104254	0.069510
2.105237	0.070002
2.106220	0.070491
2.107203	0.070974
2.108185	0.071451
2.109168	0.071926
2.110151	0.072393
2.111134	0.072856
2.112116	0.073313
2.113099	0.073765
2.114082	0.074211
2.115065	0.074652
2.116048	0.075087
2.117030	0.075516
2.118013	0.075939
2.118996	0.076356
2.119979	0.076767
2.120961	0.077172
2.121944	0.077570
2.122927	0.077963
2.123910	0.078349
2.124893	0.078728
2.125875	0.079102
2.126858	0.079469
2.127841	0.079829
2.128824	0.080183
2.129806	0.080530
2.130789	0.080871
2.131772	0.081205
2.132755	0.081533
2.133738	0.081854
2.134720	0.082168
2.135703	0.082475
2.136686	0.082776
2.137669	0.083070
2.138651	0.083357
2.139634	0.083638
2.140617	0.083911
2.141600	0.084178
2.142583	0.084438
2.143565	0.084691
2.144548	0.084938
2.145531	0.085178
2.146514	0.085411
2.147496	0.085637
2.148479	0.085856
2.149462	0.086068
2.150445	0.086274
2.151427	0.086472
2.152410	0.086664
2.153393	0.086849
2.154376	0.087027
2.155359	0.087198
2.156341	0.087362
2.157324	0.087519
2.158307	0.087670
2.159290	0.087814
2.160272	0.087951
2.161255	0.088081
2.162238	0.088205
2.163221	0.088322
2.164204	0.088432
2.165186	0.088535
2.166169	0.088631
2.167152	0.088720
2.168135	0.088803
2.169117	0.088878
2.170100	0.088947
2.171083	0.089008
2.172066	0.089062
2.173049	0.089110
2.174031	0.089150
2.175014	0.089183
2.175997	0.089209
2.176980	0.089228
2.177962	0.089239
2.178945	0.089244
2.179928	0.089242
2.180911	0.089233
2.181894	0.089216
2.182876	0.089193
2.183859	0.089163
2.184842	0.089125
2.185825	0.089081
2.186807	0.089029
2.187790	0.088971
2.188773	0.088905
2.189756	0.088833
2.190739	0.088754
2.191721	0.088667
2.192704	0.088574
2.193687	0.088474
2.194670	0.088366
2.195652	0.088252
2.196635	0.088130
2.197618	0.088002
2.198601	0.087866
2.199583	0.087723
2.200566	0.087573
2.201549	0.087416
2.202532	0.087252
2.203515	0.087080
2.204497	0.086901
2.205480	0.086715
2.206463	0.086521
2.207446	0.086320
2.208428	0.086112
2.209411	0.085896
2.210394	0.085673
2.211377	0.085442
2.212360	0.085203
2.213342	0.084957
2.214325	0.084704
2.215308	0.084442
2.216291	0.084174
2.217273	0.083897
2.218256	0.083613
2.219239	0.083322
2.220222	0.083023
2.221205	0.082716
2.222187	0.082402
2.223170	0.082080
2.224153	0.081751
2.225136	0.081414
2.226118	0.081069
2.227101	0.080717
2.228084	0.080358
2.229067	0.079990
2.230050	0.079615
2.231032	0.079233
2.232015	0.078842
2.232998	0.078444
2.233981	0.078039
2.234963	0.077625
2.235946	0.077204
2.236929	0.076775
2.237912	0.076338
2.238895	0.075893
2.239877	0.075441
2.240860	0.074981
2.241843	0.074514
2.242826	0.074038
2.243808	0.073555
2.244791	0.073065
2.245774	0.072567
2.246757	0.072061
2.247739	0.071547
2.248722	0.071027
2.249705	0.070499
2.250688	0.069963
2.251671	0.069420
2.252653	0.068871
2.253636	0.068315
2.254619	0.067751
2.255602	0.067180
2.256584	0.066602
2.257567	0.066016
2.258550	0.065423
2.259533	0.064824
2.260516	0.064218
2.261498	0.063606
2.262481	0.062989
2.263464	0.062365
2.264447	0.061735
2.265429	0.061100
2.266412	0.060458
2.267395	0.059811
2.268378	0.059159
2.269361	0.058502
2.270343	0.057841
2.271326	0.057174
2.272309	0.056504
2.273292	0.055829
2.274274	0.055150
2.275257	0.054468
2.276240	0.053782
2.277223	0.053093
2.278206	0.052401
2.279188	0.051706
2.280171	0.051009
2.281154	0.050309
2.282137	0.049608
2.283119	0.048905
2.284102	0.048201
2.285085	0.047496
2.286068	0.046790
2.287051	0.046083
2.288033	0.045376
2.289016	0.044669
2.289999	0.043961
2.290982	0.043255
2.291964	0.042549
2.292947	0.041843
2.293930	0.041139
2.294913	0.040436
2.295895	0.039734
2.296878	0.039034
2.297861	0.038336
2.298844	0.037640
2.299827	0.036946
2.300809	0.036254
2.301792	0.035565
2.302775	0.034878
2.303758	0.034194
2.304740	0.033513
2.305723	0.032835
2.306706	0.032160
2.307689	0.031488
2.308672	0.030819
2.309654	0.030153
2.310637	0.029491
2.311620	0.028832
2.312603	0.028176
2.313585	0.027524
2.314568	0.026875
2.315551	0.026230
2.316534	0.025588
2.317517	0.024949
2.318499	0.024314
2.319482	0.023683
2.320465	0.023054
2.321448	0.022430
2.322430	0.021808
2.323413	0.021190
2.324396	0.020575
2.325379	0.019963
2.326362	0.019355
2.327344	0.018749
2.328327	0.018147
2.329310	0.017548
2.330293	0.016951
2.331275	0.016357
2.332258	0.015767
2.333241	0.015179
2.334224	0.014593
2.335207	0.014010
2.336189	0.013430
2.337172	0.012852
2.338155	0.012276
2.339138	0.011703
2.340120	0.011131
2.341103	0.010562
2.342086	0.009995
2.343069	0.009429
2.344051	0.008865
2.345034	0.008303
2.346017	0.007743
2.347000	0.007183
2.347983	0.006626
2.348965	0.006069
2.349948	0.005514
2.350931	0.004959
2.351914	0.004406
2.352896	0.003853
2.353879	0.003302
2.354862	0.002750
2.355845	0.002200
2.356828	0.001649
2.357810	0.001099
2.358793	0.000550
2.359776	-0.000000
2.360759	0.000000
2.361741	-0.000000
2.362724	0.000000
2.363707	0.000000
2.364690	-0.000000
2.365673	0.000000
2.366655	0.000000
2.367638	-0.000000
2.368621	0.000000
2.369604	-0.000000
2.370586	0.000000
2.371569	-0.000000
2.372552	-0.000000
2.373535	0.000000
2.374518	-0.000000
2.375500	0.000000
2.376483	0.000000
2.377466	0.000000
2.378449	-0.000000
2.379431	-0.000000
2.380414	0.000000
2.381397	-0.000000
2.382380	0.000000
2.383363	0.000000
2.384345	-0.000000
2.385328	0.000000
2.386311	0.000000
2.387294	0.000000
2.388276	0.000000
2.389259	0.000000
2.390242	0.000000
2.391225	0.000000
2.392208	0.000000
2.393190	0.000000
2.394173	-0.000000
2.395156	0.000000
2.396139	0.000000
2.397121	-0.000000
2.398104	0.000000
2.399087	-0.000000
2.400070	0.000000
2.401052	0.000000
2.402035	-0.000000
2.403018	-0.000000
2.404001	0.000000
2.404984	0.000000
2.405966	0.000000
2.406949	0.000000
2.407932	0.000000
2.408915	-0.000000
2.409897	0.000000
2.410880	0.000000
2.411863	-0.000000
2.412846	-0.000000
2.413829	-0.000000
2.414811	0.000000
2.415794	-0.000000
2.416777	0.000000
2.417760	-0.000000
2.418742	-0.000000
2.419725	0.000000
2.420708	0.000000
2.421691	-0.000000
2.422674	0.000000
2.423656	0.000000
2.424639	0.000000
2.425622	0.000000
2.426605	0.000000
2.427587	-0.000000
2.428570	0.000000
2.429553	0.000000
2.430536	-0.000000
2.431519	-0.000000
2.432501	0.000000
2.433484	-0.000000
2.434467	-0.000000
2.435450	0.000000
2.436432	-0.000000
2.437415	-0.000000
2.438398	-0.000000
2.439381	-0.000000
2.440364	-0.000000
2.441346	-0.000000
2.442329	-0.000000
2.443312	0.000000
2.444295	-0.000000
2.445277	0.000000
2.446260	0.000000
2.447243	-0.000000
2.448226	0.000000
2.449208	-0.000000
2.450191	0.000000
2.451174	0.000000
2.452157	0.000000
2.453140	0.000000
2.454122	0.000000
2.455105	0.000000
2.456088	-0.000000
2.457071	0.000000
2.458053	-0.000000
2.459036	0.000000
2.460019	-0.000000
2.461002	-0.000000
2.461985	0.000000
2.462967	0.000000
2.463950	-0.000000
2.464933	0.000000
2.465916	0.000000
2.466898	0.000000
2.467881	-0.000000
2.468864	0.000000
2.469847	-0.000000
2.470830	-0.000000
2.471812	0.000000
2.472795	-0.000000
2.473778	-0.000000
2.474761	0.000000
2.475743	-0.000000
2.476726	0.000000
2.477709	-0.000000
2.478692	-0.000000
2.479675	-0.000000
2.480657	0.000000
2.481640	-0.000000
2.482623	-0.000000
2.483606	0.000000
2.484588	-0.000000
2.485571	0.000000
2.486554	0.000000
2.487537	0.000000
2.488520	0.000000
2.489502	0.000000
2.490485	-0.000000
2.491468	0.000000
2.492451	0.000000
2.493433	-0.000000
2.494416	-0.000000
2.495399	0.000000
2.496382	0.000000
2.497364	0.000000
2.498347	-0.000000
2.499330	0.000000
2.500313	-0.000000
2.501296	0.000000
2.502278	-0.000000
2.503261	-0.000000
2.504244	-0.000000
2.505227	0.000000
2.506209	0.000000
2.507192	0.000000
2.508175	0.000000
2.509158	0.000000
2.510141	0.000000
2.511123	0.000000
2.512106	0.000000
2.513089	0.000000
2.514072	-0.000000
2.515054	0.000000
2.516037	0.000000
2.517020	0.000000
2.518003	0.000000
2.518986	-0.000000
2.519968	0.000000
2.520951	0.000000
2.521934	-0.000000
2.522917	0.000000
2.523899	0.000000
2.524882	-0.000000
2.525865	-0.000000
2.526848	0.000000
2.527831	-0.000000
2.528813	0.000000
2.529796	-0.000000
2.530779	0.000000
2.531762	0.000000
2.532744	0.000000
2.533727	0.000000
2.534710	-0.000000
2.535693	-0.000000
2.536676	0.000000
2.537658	-0.000000
2.538641	0.000000
2.539624	0.000000
2.540607	0.000000
2.541589	-0.000000
2.542572	-0.000000
2.543555	0.000000
2.544538	-0.000000
2.545520	-0.000000
2.546503	0.000000
2.547486	-0.000000
2.548469	0.000000
2.549452	-0.000000
2.550434	0.000000
2.551417	0.000000
2.552400	-0.000000
2.553383	0.000000
2.554365	0.000000
2.555348	0.000000
2.556331	-0.000000
2.557314	0.000000
2.558297	0.000000
2.559279	-0.000000
2.560262	0.000000
2.561245	0.000000
2.562228	0.000000
2.563210	0.000000
2.564193	-0.000000
2.565176	0.000000
2.566159	-0.000000
2.567142	-0.000000
2.568124	0.000000
2.569107	-0.000000
2.570090	0.000000
2.571073	-0.000000
2.572055	0.000000
2.573038	0.000000
2.574021	-0.000000
2.575004	0.000000
2.575987	0.000000
2.576969	0.000000
2.577952	0.000000
2.578935	-0.000000
2.579918	0.000000
2.580900	0.000000
2.581883	0.000000
2.582866	0.000000
2.583849	0.000000
2.584832	0.000000
2.585814	-0.000000
2.586797	0.000000
2.587780	0.000000
2.588763	0.000000
2.589745	0.000000
2.590728	-0.000000
2.591711	0.000000
2.592694	0.000000
2.593676	-0.000000
2.594659	0.000000
2.595642	-0.000000
2.596625	0.000000
2.597608	-0.000000
2.598590	-0.000000
2.599573	0.000000
2.600556	-0.000000
2.601539	0.000000
2.602521	0.000000
2.603504	0.000000
2.604487	0.000000
2.605470	-0.000000
2.606453	0.000000
2.607435	0.000000
2.608418	-0.000000
2.609401	0.000000
2.610384	0.000000
2.611366	0.000000
2.612349	-0.000000
2.613332	0.000000
2.614315	0.000000
2.615298	-0.000000
2.616280	0.000000
2.617263	-0.000000
2.618246	0.000000
2.619229	-0.000000
2.620211	-0.000000
2.621194	0.000000
2.622177	-0.000000
2.623160	-0.000000
2.624143	0.000000
2.625125	0.000000
2.626108	0.000000
2.627091	-0.000000
2.628074	0.000000
2.629056	-0.000000
2.630039	-0.000000
2.631022	0.000000
2.632005	0.000000
2.632988	0.000000
2.633970	0.000000
2.634953	-0.000000
2.635936	0.000000
2.636919	-0.000000
2.637901	0.000000
2.638884	-0.000000
2.639867	-0.000000
2.640850	0.000000
2.641833	0.000000
2.642815	-0.000000
2.643798	0.000000
2.644781	0.000000
2.645764	-0.000000
2.646746	0.000000
2.647729	0.000000
2.648712	0.000000
2.649695	0.000000
2.650677	-0.000000
2.651660	0.000000
2.652643	0.000000
2.653626	0.000000
2.654609	0.000000
2.655591	0.000000
2.656574	0.000000
2.657557	0.000000
2.658540	0.000000
2.659522	0.000000
2.660505	-0.000000
2.661488	-0.000000
2.662471	-0.000000
2.663454	0.000000
2.664436	-0.000000
2.665419	0.000000
2.666402	-0.000000
2.667385	0.000000
2.668367	0.000000
2.669350	0.000000
2.670333	-0.000000
2.671316	-0.000000
2.672299	0.000000
2.673281	0.000000
2.674264	-0.000000
2.675247	0.000000
2.676230	0.000000
2.677212	0.000000
2.678195	0.000000
2.679178	0.000000
2.680161	-0.000000
2.681144	0.000000
2.682126	-0.000000
2.683109	-0.000000
2.684092	0.000000
2.685075	-0.000000
2.686057	-0.000000
2.687040	-0.000000
2.688023	0.000000
2.689006	-0.000000
2.689989	0.000000
2.690971	-0.000000
2.691954	-0.000000
2.692937	0.000000
2.693920	-0.000000
2.694902	-0.000000
2.695885	0.000000
2.696868	-0.000000
2.697851	0.000000
2.698833	0.000000
2.699816	0.000000
2.700799	-0.000000
2.701782	0.000000
2.702765	0.000000
2.703747	-0.000000
2.704730	-0.000000
2.705713	0.000000
2.706696	-0.000000
2.707678	0.000000
2.708661	-0.000000
2.709644	0.000000
2.710627	0.000000
2.711610	0.000000
2.712592	0.000000
2.713575	0.000000
2.714558	0.000000
2.715541	-0.000000
2.716523	0.000000
2.717506	-0.000000
2.718489	0.000000
2.719472	0.000000
2.720455	-0.000000
2.721437	0.000000
2.722420	-0.000000
2.723403	-0.000000
2.724386	-0.000000
2.725368	-0.000000
2.726351	-0.000000
2.727334	-0.000000
2.728317	-0.000000
2.729300	0.000000
2.730282	-0.000000
2.731265	-0.000000
2.732248	0.000000
2.733231	-0.000000
2.734213	-0.000000
2.735196	0.000000
2.736179	0.000000
2.737162	-0.000000
2.738145	0.000000
2.739127	0.000000
2.740110	0.000000
2.741093	0.000000
2.742076	0.000000
2.743058	-0.000000
2.744041	0.000000
2.745024	0.000000
2.746007	-0.000000
2.746989	-0.000000
2.747972	0.000000
2.748955	-0.000000
2.749938	0.000000
2.750921	-0.000000
2.751903	-0.000000
2.752886	-0.000000
2.753869	0.000000
2.754852	0.000000
2.755834	-0.000000
2.756817	0.000000
2.757800	0.000000
2.758783	0.000000
2.759766	0.000000
2.760748	0.000000
2.761731	-0.000000
2.762714	-0.000000
2.763697	0.000000
2.764679	0.000000
2.765662	-0.000000
2.766645	0.000000
2.767628	-0.000000
2.768611	0.000000
2.769593	0.000000
2.770576	-0.000000
2.771559	0.000000
2.772542	0.000000
2.773524	0.000000
2.774507	0.000000
2.775490	0.000000
2.776473	0.000000
2.777456	0.000000
2.778438	0.000000
2.779421	0.000000
2.780404	-0.000000
2.781387	0.000000
2.782369	0.000000
2.783352	-0.000000
2.784335	0.000000
2.785318	-0.000000
2.786301	-0.000000
2.787283	0.000000
2.788266	0.000000
2.789249	0.000000
2.790232	-0.000000
2.791214	0.000000
2.792197	-0.000000
2.793180	-0.000000
2.794163	0.000000
2.795145	-0.000000
2.796128	0.000000
2.797111	-0.000000
2.798094	0.000000
2.799077	0.000000
2.800059	-0.000000
2.801042	0.000000
2.802025	0.000000
2.803008	-0.000000
2.803990	0.000000
2.804973	-0.000000
2.805956	0.000550
2.806939	0.001099
2.807922	0.001649
2.808904	0.002200
2.809887	0.002750
2.810870	0.003302
2.811853	0.003853
2.812835	0.004406
2.813818	0.004959
2.814801	0.005514
2.815784	0.006069
2.816767	0.006626
2.817749	0.007183
2.818732	0.007743
2.819715	0.008303
2.820698	0.008865
2.821680	0.009429
2.822663	0.009995
2.823646	0.010562
2.824629	0.011131
2.825612	0.011703
2.826594	0.012276
2.827577	0.012852
2.828560	0.013430
2.829543	0.014010
2.830525	0.014593
2.831508	0.015179
2.832491	0.015767
2.833474	0.016357
2.834457	0.016951
2.835439	0.017548
2.836422	0.018147
2.837405	0.018749
2.838388	0.019355
2.839370	0.019963
2.840353	0.020575
2.841336	0.021190
2.842319	0.021808
2.843301	0.022430
2.844284	0.023054
2.845267	0.023683
2.846250	0.024314
2.847233	0.024949
2.848215	0.025588
2.849198	0.026230
2.850181	0.026875
2.851164	0.027524
2.852146	0.028176
2.853129	0.028832
2.854112	0.029491
2.855095	0.030153
2.856078	0.030819
2.857060	0.031488
2.858043	0.032160
2.859026	0.032835
2.860009	0.033513
2.860991	0.034194
2.861974	0.034878
2.862957	0.035565
2.863940	0.036254
2.864923	0.036946
2.865905	0.037640
2.866888	0.038336
2.867871	0.039034
2.868854	0.039734
2.869836	0.040436
2.870819	0.041139
2.871802	0.041843
2.872785	0.042549
2.873768	0.043255
2.874750	0.043961
2.875733	0.044669
2.876716	0.045376
2.877699	0.046083
2.878681	0.046790
2.879664	0.047496
2.880647	0.048201
2.881630	0.048905
2.882613	0.049608
2.883595	0.050309
2.884578	0.051009
2.885561	0.051706
2.886544	0.052401
2.887526	0.053093
2.888509	0.053782
2.889492	0.054468
2.890475	0.055150
2.891458	0.055829
2.892440	0.056504
2.893423	0.057174
2.894406	0.057841
2.895389	0.058502
2.896371	0.059159
2.897354	0.059811
2.898337	0.060458
2.899320	0.061100
2.900302	0.061735
2.901285	0.062365
2.902268	0.062989
2.903251	0.063606
2.904234	0.064218
2.905216	0.064824
2.906199	0.065423
2.907182	0.066016
2.908165	0.066602
2.909147	0.067180
2.910130	0.067751
2.911113	0.068315
2.912096	0.068871
2.913079	0.069420
2.914061	0.069963
2.915044	0.070499
2.916027	0.071027
2.917010	0.071547
2.917992	0.072061
2.918975	0.072567
2.919958	0.073065
2.920941	0.073555
2.921924	0.074038
2.922906	0.074514
2.923889	0.074981
2.924872	0.075441
2.925855	0.075893
2.926837	0.076338
2.927820	0.076775
2.928803	0.077204
2.929786	0.077625
2.930769	0.078039
2.931751	0.078444
2.932734	0.078842
2.933717	0.079233
2.934700	0.079615
2.935682	0.079990
2.936665	0.080358
2.937648	0.080717
2.938631	0.081069
2.939614	0.081414
2.940596	0.081751
2.941579	0.082080
2.942562	0.082402
2.943545	0.082716
2.944527	0.083023
2.945510	0.083322
2.946493	0.083613
2.947476	0.083897
2.948458	0.084174
2.949441	0.084442
2.950424	0.084704
2.951407	0.084957
2.952390	0.085203
2.953372	0.085442
2.954355	0.085673
2.955338	0.085896
2.956321	0.086112
2.957303	0.086320
2.958286	0.086521
2.959269	0.086715
2.960252	0.086901
2.961235	0.087080
2.962217	0.087252
2.963200	0.087416
2.964183	0.087573
2.965166	0.087723
2.966148	0.087866
2.967131	0.088002
2.968114	0.088130
2.969097	0.088252
2.970080	0.088366
2.971062	0.088474
2.972045	0.088574
2.973028	0.088667
2.974011	0.088754
2.974993	0.088833
2.975976	0.088905
2.976959	0.088971
2.977942	0.089029
2.978925	0.089081
2.979907	0.089125
2.980890	0.089163
2.981873	0.089193
2.982856	0.089216
2.983838	0.089233
2.984821	0.089242
2.985804	0.089244
2.986787	0.089239
2.987770	0.089228
2.988752	0.089209
2.989735	0.089183
2.990718	0.089150
2.991701	0.089110
2.992683	0.089062
2.993666	0.089008
2.994649	0.088947
2.995632	0.088878
2.996614	0.088803
2.997597	0.088720
2.998580	0.088631
2.999563	0.088535
3.000546	0.088432
3.001528	0.088322
3.002511	0.088205
3.003494	0.088081
3.004477	0.087951
3.005459	0.087814
3.006442	0.087670
3.007425	0.087519
3.008408	0.087362
3.009391	0.087198
3.010373	0.087027
3.011356	0.086849
3.012339	0.086664
3.013322	0.086472
3.014304	0.086274
3.015287	0.086068
3.016270	0.085856
3.017253	0.085637
3.018236	0.085411
3.019218	0.085178
3.020201	0.084938
3.021184	0.084691
3.022167	0.084438
3.023149	0.084178
3.024132	0.083911
3.025115	0.083638
3.026098	0.083357
3.027081	0.083070
3.028063	0.082776
3.029046	0.082475
3.030029	0.082168
3.031012	0.081854
3.031994	0.081533
3.032977	0.081205
3.033960	0.080871
3.034943	0.080530
3.035926	0.080183
3.036908	0.079829
3.037891	0.079469
3.038874	0.079102
3.039857	0.078728
3.040839	0.078349
3.041822	0.077963
3.042805	0.077570
3.043788	0.077172
3.044770	0.076767
3.045753	0.076356
3.046736	0.075939
3.047719	0.075516
3.048702	0.075087
3.049684	0.074652
3.050667	0.074211
3.051650	0.073765
3.052633	0.073313
3.053615	0.072856
3.054598	0.072393
3.055581	0.071926
3.056564	0.071451
3.057547	0.070974
3.058529	0.070491
3.059512	0.070002
3.060495	0.069510
3.061478	0.069012
3.062460	0.068511
3.063443	0.068004
3.064426	0.067494
3.065409	0.066980
3.066392	0.066462
3.067374	0.065941
3.068357	0.065416
3.069340	0.064888
3.070323	0.064356
3.071305	0.063821
3.072288	0.063285
3.073271	0.062745
3.074254	0.062203
3.075237	0.061659
3.076219	0.061112
3.077202	0.060565
3.078185	0.060015
3.079168	0.059463
3.080150	0.058912
3.081133	0.058359
3.082116	0.057805
3.083099	0.057251
3.084082	0.056696
3.085064	0.056141
3.086047	0.055587
3.087030	0.055033
3.088013	0.054480
3.088995	0.053925
3.089978	0.053374
3.090961	0.052824
3.091944	0.052273
3.092926	0.051724
3.093909	0.051178
3.094892	0.050635
3.095875	0.050091
3.096858	0.049550
3.097840	0.049013
3.098823	0.048478
3.099806	0.047945
3.100789	0.047416
3.101771	0.046889
3.102754	0.046364
3.103737	0.045844
3.104720	0.045326
3.105703	0.044813
3.106685	0.044304
3.107668	0.043798
3.108651	0.043295
3.109634	0.042798
3.110616	0.042304
3.111599	0.041814
3.112582	0.041327
3.113565	0.040845
3.114548	0.040367
3.115530	0.039895
3.116513	0.039427
3.117496	0.038961
3.118479	0.038502
3.119461	0.038048
3.120444	0.037597
3.121427	0.037152
3.122410	0.036712
3.123393	0.036275
3.124375	0.035842
3.125358	0.035417
3.126341	0.034994
3.127324	0.034577
3.128306	0.034164
3.129289	0.033757
3.130272	0.033354
3.131255	0.032954
3.132238	0.032562
3.133220	0.032172
3.134203	0.031788
3.135186	0.031408
3.136169	0.031034
3.137151	0.030663
3.138134	0.030296
3.139117	0.029934
3.140100	0.029577
3.141083	0.029225
3.142065	0.028876
3.143048	0.028533
3.144031	0.028194
3.145014	0.027859
3.145996	0.027529
3.146979	0.027202
3.147962	0.026881
3.148945	0.026563
3.149927	0.026250
3.150910	0.025939
3.151893	0.025634
3.152876	0.025331
3.153859	0.025033
3.154841	0.024740
3.155824	0.024451
3.156807	0.024164
3.157790	0.023882
3.158772	0.023603
3.159755	0.023328
3.160738	0.023057
3.161721	0.022789
3.162704	0.022524
3.163686	0.022264
3.164669	0.022008
3.165652	0.021753
3.166635	0.021503
3.167617	0.021255
3.168600	0.021013
3.169583	0.020771
3.170566	0.020534
3.171549	0.020301
3.172531	0.020069
3.173514	0.019842
3.174497	0.019616
3.175480	0.019395
3.176462	0.019176
3.177445	0.018959
3.178428	0.018745
3.179411	0.018535
3.180394	0.018328
3.181376	0.018122
3.182359	0.017920
3.183342	0.017720
3.184325	0.017524
3.185307	0.017330
3.186290	0.017138
3.187273	0.016949
3.188256	0.016761
3.189239	0.016576
3.190221	0.016394
3.191204	0.016216
3.192187	0.016038
3.193170	0.015862
3.194152	0.015690
3.195135	0.015520
3.196118	0.015351
3.197101	0.015185
3.198083	0.015021
3.199066	0.014860
3.200049	0.014699
3.201032	0.014541
3.202015	0.014385
3.202997	0.014232
3.203980	0.014080
3.204963	0.013929
3.205946	0.013781
3.206928	0.013635
3.207911	0.013490
3.208894	0.013348
3.209877	0.013208
3.210860	0.013069
3.211842	0.012932
3.212825	0.012795
3.213808	0.012661
3.214791	0.012529
3.215773	0.012398
3.216756	0.012270
3.217739	0.012142
3.218722	0.012017
3.219705	0.011892
3.220687	0.011770
3.221670	0.011650
3.222653	0.011530
3.223636	0.011412
3.224618	0.011293
3.225601	0.011178
3.226584	0.011065
3.227567	0.010951
3.228550	0.010841
3.229532	0.010731
3.230515	0.010622
3.231498	0.010515
3.232481	0.010409
3.233463	0.010304
3.234446	0.010200
3.235429	0.010099
3.236412	0.009997
3.237395	0.009898
3.238377	0.009798
3.239360	0.009701
3.240343	0.009606
3.241326	0.009509
3.242308	0.009416
3.243291	0.009324
3.244274	0.009230
3.245257	0.009139
3.246239	0.009050
3.247222	0.008960
3.248205	0.008873
3.249188	0.008787
3.250171	0.008700
3.251153	0.008616
3.252136	0.008532
3.253119	0.008448
3.254102	0.008368
3.255084	0.008285
3.256067	0.008207
3.257050	0.008126
3.258033	0.008049
3.259016	0.007971
3.259998	0.007894
3.260981	0.007818
3.261964	0.007743
3.262947	0.007670
3.263929	0.007595
3.264912	0.007524
3.265895	0.007452
3.266878	0.007381
3.267861	0.007311
3.268843	0.007241
3.269826	0.007173
3.270809	0.007105
3.271792	0.007038
3.272774	0.006972
3.273757	0.006907
3.274740	0.006841
3.275723	0.006777
3.276706	0.006714
3.277688	0.006652
3.278671	0.006588
3.279654	0.006527
3.280637	0.006466
3.281619	0.006407
3.282602	0.006347
3.283585	0.006287
3.284568	0.006230
3.285551	0.006171
3.286533	0.006115
3.287516	0.006059
3.288499	0.006002
3.289482	0.005947
3.290464	0.005892
3.291447	0.005839
3.292430	0.005785
3.293413	0.005731
3.294395	0.005678
3.295378	0.005627
3.296361	0.005575
3.297344	0.005524
3.298327	0.005475
3.299309	0.005425
3.300292	0.005375
3.301275	0.005327
3.302258	0.005278
3.303240	0.005230
3.304223	0.005182
3.305206	0.005135
3.306189	0.005090
3.307172	0.005043
3.308154	0.004998
3.309137	0.004952
3.310120	0.004908
3.311103	0.004864
3.312085	0.004821
3.313068	0.004778
3.314051	0.004734
3.315034	0.004690
3.316017	0.004650
3.316999	0.004608
3.317982	0.004566
3.318965	0.004525
3.319948	0.004485
3.320930	0.004445
3.321913	0.004406
3.322896	0.004366
3.323879	0.004327
3.324862	0.004289
3.325844	0.004250
3.326827	0.004213
3.327810	0.004175
3.328793	0.004139
3.329775	0.004101
3.330758	0.004065
3.331741	0.004029
3.332724	0.003993
3.333707	0.003957
3.334689	0.003924
3.335672	0.003889
3.336655	0.003853
3.337638	0.003820
3.338620	0.003786
3.339603	0.003753
3.340586	0.003721
3.341569	0.003687
3.342551	0.003655
3.343534	0.003623
3.344517	0.003590
3.345500	0.003558
3.346483	0.003527
3.347465	0.003497
3.348448	0.003466
3.349431	0.003436
3.350414	0.003405
3.351396	0.003375
3.352379	0.003345
3.353362	0.003315
3.354345	0.003286
3.355328	0.003259
3.356310	0.003230
3.357293	0.003202
3.358276	0.003173
3.359259	0.003145
3.360241	0.003117
3.361224	0.003090
3.362207	0.003062
3.363190	0.003035
3.364173	0.003009
3.365155	0.002983
3.366138	0.002956
3.367121	0.002930
3.368104	0.002905
3.369086	0.002879
3.370069	0.002854
3.371052	0.002828
3.372035	0.002804
3.373018	0.002779
3.374000	0.002754
3.374983	0.002730
3.375966	0.002706
3.376949	0.002682
3.377931	0.002659
3.378914	0.002636
3.379897	0.002612
3.380880	0.002589
3.381863	0.002566
3.382845	0.002544
3.383828	0.002521
3.384811	0.002498
3.385794	0.002477
3.386776	0.002454
3.387759	0.002433
3.388742	0.002411
3.389725	0.002391
3.390708	0.002369
3.391690	0.002348
3.392673	0.002326
3.393656	0.002306
3.394639	0.002285
3.395621	0.002265
3.396604	0.002245
3.397587	0.002226
3.398570	0.002205
3.399552	0.002186
3.400535	0.002166
3.401518	0.002147
3.402501	0.002126
3.403484	0.002107
3.404466	0.002088
3.405449	0.002070
3.406432	0.002051
3.407415	0.002032
3.408397	0.002014
3.409380	0.001996
3.410363	0.001978
3.411346	0.001960
3.412329	0.001942
3.413311	0.001923
3.414294	0.001906
3.415277	0.001890
3.416260	0.001873
3.417242	0.001855
3.418225	0.001837
3.419208	0.001820
3.420191	0.001803
3.421174	0.001788
3.422156	0.001770
3.423139	0.001754
3.424122	0.001738
3.425105	0.001722
3.426087	0.001705
3.427070	0.001690
3.428053	0.001673
3.429036	0.001658
3.430019	0.001642
3.431001	0.001626
3.431984	0.001610
3.432967	0.001595
3.433950	0.001580
3.434932	0.001565
3.435915	0.001549
3.436898	0.001534
3.437881	0.001520
3.438864	0.001506
3.439846	0.001491
3.440829	0.001476
3.441812	0.001463
3.442795	0.001448
3.443777	0.001433
3.444760	0.001420
3.445743	0.001405
3.446726	0.001391
3.447708	0.001378
3.448691	0.001363
3.449674	0.001350
3.450657	0.001337
3.451640	0.001324
3.452622	0.001311
3.453605	0.001296
3.454588	0.001284
3.455571	0.001270
3.456553	0.001257
3.457536	0.001244
3.458519	0.001232
3.459502	0.001219
3.460485	0.001206
3.461467	0.001194
3.462450	0.001180
3.463433	0.001168
3.464416	0.001155
3.465398	0.001143
3.466381	0.001131
3.467364	0.001118
3.468347	0.001106
3.469330	0.001094
3.470312	0.001082
3.471295	0.001070
3.472278	0.001058
3.473261	0.001046
3.474243	0.001034
3.475226	0.001024
3.476209	0.001012
3.477192	0.001001
3.478175	0.000988
3.479157	0.000976
3.480140	0.000966
3.481123	0.000954
3.482106	0.000942
3.483088	0.000932
3.484071	0.000921
3.485054	0.000910
3.486037	0.000899
3.487020	0.000887
3.488002	0.000877
3.488985	0.000866
3.489968	0.000856
3.490951	0.000844
3.491933	0.000835
3.492916	0.000823
3.493899	0.000812
3.494882	0.000802
3.495864	0.000792
3.496847	0.000781
3.497830	0.000770
3.498813	0.000761
3.499796	0.000750
3.500778	0.000740
3.501761	0.000730
3.502744	0.000720
3.503727	0.000710
3.504709	0.000700
3.505692	0.000690
3.506675	0.000679
3.507658	0.000670
3.508641	0.000659
3.509623	0.000651
3.510606	0.000641
3.511589	0.000630
3.512572	0.000621
3.513554	0.000611
3.514537	0.000600
3.515520	0.000592
3.516503	0.000582
3.517486	0.000572
3.518468	0.000562
3.519451	0.000554
3.520434	0.000544
3.521417	0.000535
3.522399	0.000525
3.523382	0.000517
3.524365	0.000506
3.525348	0.000498
3.526331	0.000487
3.527313	0.000478
3.528296	0.000470
3.529279	0.000460
3.530262	0.000450
3.531244	0.000441
3.532227	0.000433
3.533210	0.000423
3.534193	0.000415
3.535176	0.000405
3.536158	0.000397
3.537141	0.000387
3.538124	0.000379
3.539107	0.000371
3.540089	0.000361
3.541072	0.000353
3.542055	0.000343
3.543038	0.000335
3.544020	0.000325
3.545003	0.000317
3.545986	0.000307
3.546969	0.000299
3.547952	0.000289
3.548934	0.000282
3.549917	0.000273
3.550900	0.000264
3.551883	0.000255
3.552865	0.000246
3.553848	0.000238
3.554831	0.000230
3.555814	0.000221
3.556797	0.000213
3.557779	0.000203
3.558762	0.000195
3.559745	0.000187
3.560728	0.000178
3.561710	0.000170
3.562693	0.000160
3.563676	0.000153
3.564659	0.000144
3.565642	0.000135
3.566624	0.000127
3.567607	0.000118
3.568590	0.000109
3.569573	0.000102
3.570555	0.000093
3.571538	0.000084
3.572521	0.000075
3.573504	0.000067
3.574487	0.000059
3.575469	0.000050
3.576452	0.000042
3.577435	0.000033
3.578418	0.000025
3.579400	0.000017
3.580375	0.000008
3.581350	0.000016
3.582325	0.000026
3.583300	0.000032
3.584274	0.000041
3.585249	0.000049
3.586224	0.000057
3.587199	0.000064
3.588174	0.000072
3.589148	0.000080
3.590123	0.000088
3.591098	0.000095
3.592073	0.000103
3.593048	0.000111
3.594022	0.000118
3.594997	0.000125
3.595972	0.000132
3.596947	0.000139
3.597921	0.000147
3.598896	0.000154
3.599871	0.000161
3.600846	0.000168
3.601821	0.000175
3.602795	0.000182
3.603770	0.000190
3.604745	0.000195
3.605720	0.000203
3.606695	0.000209
3.607669	0.000215
3.608644	0.000222
3.609619	0.000229
3.610594	0.000236
3.611569	0.000242
3.612543	0.000248
3.613518	0.000255
3.614493	0.000261
3.615468	0.000267
3.616443	0.000273
3.617417	0.000279
3.618392	0.000286
3.619367	0.000291
3.620342	0.000298
3.621316	0.000304
3.622291	0.000310
3.623266	0.000316
3.624241	0.000322
3.625216	0.000328
3.626190	0.000334
3.627165	0.000339
3.628140	0.000345
3.629115	0.000351
3.630090	0.000356
3.631064	0.000362
3.632039	0.000368
3.633014	0.000373
3.633989	0.000379
3.634964	0.000384
3.635938	0.000390
3.636913	0.000394
3.637888	0.000400
3.638863	0.000405
3.639838	0.000410
3.640812	0.000416
3.641787	0.000421
3.642762	0.000425
3.643737	0.000431
3.644711	0.000436
3.645686	0.000441
3.646661	0.000445
3.647636	0.000450
3.648611	0.000455
3.649585	0.000460
3.650560	0.000465
3.651535	0.000470
3.652510	0.000475
3.653485	0.000479
3.654459	0.000484
3.655434	0.000488
3.656409	0.000493
3.657384	0.000498
3.658359	0.000502
3.659333	0.000506
3.660308	0.000511
3.661283	0.000515
3.662258	0.000520
3.663233	0.000524
3.664207	0.000528
3.665182	0.000532
3.666157	0.000536
3.667132	0.000541
3.668106	0.000545
3.669081	0.000549
3.670056	0.000553
3.671031	0.000557
3.672006	0.000561
3.672980	0.000565
3.673955	0.000568
3.674930	0.000573
3.675905	0.000576
3.676880	0.000580
3.677854	0.000584
3.678829	0.000587
3.679804	0.000591
3.680779	0.000595
3.681754	0.000598
3.682728	0.000601
3.683703	0.000605
3.684678	0.000609
3.685653	0.000612
3.686628	0.000615
3.687602	0.000619
3.688577	0.000622
3.689552	0.000626
3.690527	0.000628
3.691501	0.000632
3.692476	0.000635
3.693451	0.000638
3.694426	0.000641
3.695401	0.000644
3.696375	0.000647
3.697350	0.000650
3.698325	0.000653
3.699300	0.000656
3.700275	0.000659
3.701249	0.000662
3.702224	0.000665
3.703199	0.000667
3.704174	0.000670
3.705149	0.000673
3.706123	0.000675
3.707098	0.000678
3.708073	0.000681
3.709048	0.000683
3.710023	0.000685
3.710997	0.000688
3.711972	0.000691
3.712947	0.000693
3.713922	0.000695
3.714897	0.000698
3.715871	0.000700
3.716846	0.000702
3.717821	0.000705
3.718796	0.000706
3.719770	0.000708
3.720745	0.000711
3.721720	0.000713
3.722695	0.000715
3.723670	0.000717
3.724644	0.000719
3.725619	0.000721
3.726594	0.000723
3.727569	0.000725
3.728544	0.000727
3.729518	0.000729
3.730493	0.000730
3.731468	0.000733
3.732443	0.000730
3.733418	0.000737
3.734392	0.000740
3.735367	0.000737
3.736342	0.000734
3.737317	0.000741
3.738292	0.000738
3.739266	0.000740
3.740241	0.000747
3.741216	0.000745
3.742191	0.000747
3.743165	0.000749
3.744140	0.000751
3.745115	0.000753
3.746090	0.000750
3.747065	0.000757
3.748039	0.000759
3.749014	0.000756
3.749989	0.000758
3.750964	0.000756
3.751939	0.000762
3.752913	0.000764
3.753888	0.000761
3.754863	0.000763
3.755838	0.000761
3.756813	0.000763
3.757787	0.000765
3.758762	0.000766
3.759737	0.000768
3.760712	0.000766
3.761687	0.000772
3.762661	0.000769
3.763636	0.000767
3.764611	0.000769
3.765586	0.000775
3.766560	0.000772
3.767535	0.000770
3.768510	0.000772
3.769485	0.000773
3.770460	0.000775
3.771434	0.000773
3.772409	0.000770
3.773384	0.000772
3.774359	0.000774
3.775334	0.000776
3.776308	0.000777
3.777283	0.000775
3.778258	0.000777
3.779233	0.000774
3.780208	0.000776
3.781182	0.000773
3.782157	0.000775
3.783132	0.000777
3.784107	0.000774
3.785082	0.000772
3.786056	0.000774
3.787031	0.000771
3.788006	0.000777
3.788981	0.000775
3.789955	0.000776
3.790930	0.000774
3.791905	0.000772
3.792880	0.000773
3.793855	0.000771
3.794829	0.000773
3.795804	0.000774
3.796779	0.000772
3.797754	0.000770
3.798729	0.000771
3.799703	0.000769
3.800678	0.000767
3.801653	0.000768
3.802628	0.000770
3.803603	0.000768
3.804577	0.000769
3.805552	0.000767
3.806527	0.000765
3.807502	0.000767
3.808477	0.000764
3.809451	0.000766
3.810426	0.000764
3.811401	0.000762
3.812376	0.000759
3.813350	0.000761
3.814325	0.000759
3.815300	0.000760
3.816275	0.000754
3.817250	0.000756
3.818224	0.000754
3.819199	0.000752
3.820174	0.000753
3.821149	0.000751
3.822124	0.000753
3.823098	0.000747
3.824073	0.000745
3.825048	0.000747
3.826023	0.000748
3.826998	0.000743
3.827972	0.000741
3.828947	0.000742
3.829922	0.000744
3.830897	0.000738
3.831872	0.000740
3.832846	0.000738
3.833821	0.000736
3.834796	0.000734
3.835771	0.000732
3.836746	0.000730
3.837720	0.000728
3.838695	0.000726
3.839670	0.000728
3.840645	0.000726
3.841619	0.000720
3.842594	0.000722
3.843569	0.000720
3.844544	0.000718
3.845519	0.000713
3.846493	0.000714
3.847468	0.000709
3.848443	0.000707
3.849418	0.000709
3.850393	0.000704
3.851367	0.000705
3.852342	0.000703
3.853317	0.000702
3.854292	0.000696
3.855267	0.000698
3.856241	0.000696
3.857216	0.000694
3.858191	0.000693
3.859166	0.000688
3.860141	0.000689
3.861115	0.000684
3.862090	0.000686
3.863065	0.000684
3.864040	0.000679
3.865014	0.000677
3.865989	0.000676
3.866964	0.000674
3.867939	0.000672
3.868914	0.000668
3.869888	0.000666
3.870863	0.000661
3.871838	0.000663
3.872813	0.000658
3.873788	0.000656
3.874762	0.000655
3.875737	0.000650
3.876712	0.000648
3.877687	0.000647
3.878662	0.000645
3.879636	0.000641
3.880611	0.000639
3.881586	0.000638
3.882561	0.000636
3.883536	0.000635
3.884510	0.000630
3.885485	0.000628
3.886460	0.000627
3.887435	0.000622
3.888409	0.000618
3.889384	0.000616
3.890359	0.000615
3.891334	0.000614
3.892309	0.000609
3.893283	0.000608
3.894258	0.000603
3.895233	0.000599
3.896208	0.000597
3.897183	0.000596
3.898157	0.000592
3.899132	0.000590
3.900107	0.000586
3.901082	0.000585
3.902057	0.000580
3.903031	0.000579
3.904006	0.000578
3.904981	0.000573
3.905956	0.000569
3.906931	0.000568
3.907905	0.000567
3.908880	0.000560
3.909855	0.000558
3.910830	0.000557
3.911804	0.000553
3.912779	0.000552
3.913754	0.000545
3.914729	0.000546
3.915704	0.000542
3.916678	0.000538
3.917653	0.000537
3.918628	0.000533
3.919603	0.000532
3.920578	0.000525
3.921552	0.000524
3.922527	0.000520
3.923502	0.000516
3.924477	0.000515
3.925452	0.000511
3.926426	0.000510
3.927401	0.000506
3.928376	0.000502
3.929351	0.000498
3.930326	0.000497
3.931300	0.000493
3.932275	0.000489
3.933250	0.000485
3.934225	0.000482
3.935200	0.000478
3.936174	0.000477
3.937149	0.000473
3.938124	0.000469
3.939099	0.000468
3.940073	0.000462
3.941048	0.000461
3.942023	0.000457
3.942998	0.000453
3.943973	0.000450
3.944947	0.000446
3.945922	0.000443
3.946897	0.000439
3.947872	0.000435
3.948847	0.000432
3.949821	0.000431
3.950796	0.000427
3.951771	0.000426
3.952746	0.000423
3.953721	0.000419
3.954695	0.000416
3.955670	0.000412
3.956645	0.000409
3.957620	0.000405
3.958595	0.000399
3.959569	0.000396
3.960544	0.000395
3.961519	0.000392
3.962494	0.000386
3.963468	0.000382
3.964443	0.000381
3.965418	0.000376
3.966393	0.000372
3.967368	0.000369
3.968342	0.000366
3.969317	0.000365
3.970292	0.000359
3.971267	0.000358
3.972242	0.000352
3.973216	0.000349
3.974191	0.000346
3.975166	0.000343
3.976141	0.000339
3.977116	0.000336
3.978090	0.000333
3.979065	0.000330
3.980040	0.000327
3.981015	0.000321
3.981990	0.000318
3.982964	0.000312
3.983939	0.000312
3.984914	0.000309
3.985889	0.000303
3.986863	0.000300
3.987838	0.000297
3.988813	0.000291
3.989788	0.000288
3.990763	0.000285
3.991737	0.000282
3.992712	0.000279
3.993687	0.000274
3.994662	0.000271
3.995637	0.000268
3.996611	0.000265
3.997586	0.000262
3.998561	0.000257
3.999536	0.000254
4.000511	0.000248
4.001485	0.000245
4.002460	0.000245
4.003435	0.000240
4.004410	0.000237
4.005385	0.000234
4.006359	0.000229
4.007334	0.000226
4.008309	0.000223
4.009284	0.000220
4.010258	0.000215
4.011233	0.000212
4.012208	0.000210
4.013183	0.000205
4.014158	0.000199
4.015132	0.000197
4.016107	0.000194
4.017082	0.000189
4.018057	0.000186
4.019032	0.000181
4.020006	0.000178
4.020981	0.000176
4.021956	0.000171
4.022931	0.000171
4.023906	0.000166
4.024880	0.000163
4.025855	0.000158
4.026830	0.000153
4.027805	0.000151
4.028780	0.000148
4.029754	0.000143
4.030729	0.000141
4.031704	0.000138
4.032679	0.000131
4.033653	0.000131
4.034628	0.000124
4.035603	0.000121
4.036578	0.000119
4.037553	0.000114
4.038527	0.000111
4.039502	0.000107
4.040477	0.000104
4.041452	0.000099
4.042427	0.000097
4.043401	0.000092
4.044376	0.000090
4.045351	0.000088
4.046326	0.000083
4.047301	0.000081
4.048275	0.000076
4.049250	0.000071
4.050225	0.000069
4.051200	0.000067
4.052175	0.000062
4.053149	0.000060
4.054124	0.000055
4.055099	0.000053
4.056074	0.000046
4.057049	0.000044
4.058023	0.000042
4.058998	0.000037
4.059973	0.000035
4.060948	0.000031
4.061922	0.000028
4.062897	0.000024
4.063872	0.000022
4.064847	0.000017
4.065822	0.000013
4.066796	0.000009
4.067779	0.000007
4.068762	0.000013
4.069745	0.000020
4.070728	0.000028
4.071710	0.000033
4.072693	0.000041
4.073676	0.000050
4.074659	0.000054
4.075641	0.000061
4.076624	0.000070
4.077607	0.000076
4.078590	0.000083
4.079573	0.000089
4.080555	0.000098
4.081538	0.000102
4.082521	0.000109
4.083504	0.000118
4.084486	0.000124
4.085469	0.000133
4.086452	0.000137
4.087435	0.000144
4.088417	0.000150
4.089400	0.000159
4.090383	0.000165
4.091366	0.000172
4.092349	0.000181
4.093331	0.000187
4.094314	0.000194
4.095297	0.000202
4.096280	0.000209
4.097262	0.000213
4.098245	0.000220
4.099228	0.000229
4.100211	0.000235
4.101194	0.000242
4.102176	0.000250
4.103159	0.000257
4.104142	0.000263
4.105125	0.000270
4.106107	0.000276
4.107090	0.000283
4.108073	0.000292
4.109056	0.000298
4.110039	0.000307
4.111021	0.000313
4.112004	0.000320
4.112987	0.000326
4.113970	0.000335
4.114952	0.000342
4.115935	0.000348
4.116918	0.000357
4.117901	0.000363
4.118884	0.000370
4.119866	0.000379
4.120849	0.000385
4.121832	0.000392
4.122815	0.000398
4.123797	0.000407
4.124780	0.000413
4.125763	0.000422
4.126746	0.000429
4.127729	0.000437
4.128711	0.000444
4.129694	0.000450
4.130677	0.000459
4.131660	0.000466
4.132642	0.000472
4.133625	0.000479
4.134608	0.000487
4.135591	0.000496
4.136573	0.000503
4.137556	0.000509
4.138539	0.000518
4.139522	0.000527
4.140505	0.000533
4.141487	0.000542
4.142470	0.000548
4.143453	0.000557
4.144436	0.000561
4.145418	0.000570
4.146401	0.000579
4.147384	0.000588
4.148367	0.000594
4.149350	0.000601
4.150332	0.000609
4.151315	0.000616
4.152298	0.000625
4.153281	0.000633
4.154263	0.000640
4.155246	0.000649
4.156229	0.000657
4.157212	0.000664
4.158195	0.000672
4.159177	0.000681
4.160160	0.000688
4.161143	0.000694
4.162126	0.000705
4.163108	0.000712
4.164091	0.000718
4.165074	0.000729
4.166057	0.000736
4.167040	0.000744
4.168022	0.000753
4.169005	0.000760
4.169988	0.000768
4.170971	0.000777
4.171953	0.000786
4.172936	0.000792
4.173919	0.000801
4.174902	0.000810
4.175885	0.000818
4.176867	0.000825
4.177850	0.000836
4.178833	0.000844
4.179816	0.000851
4.180798	0.000860
4.181781	0.000871
4.182764	0.000877
4.183747	0.000888
4.184729	0.000894
4.185712	0.000903
4.186695	0.000912
4.187678	0.000921
4.188661	0.000929
4.189643	0.000938
4.190626	0.000947
4.191609	0.000955
4.192592	0.000964
4.193574	0.000973
4.194557	0.000982
4.195540	0.000990
4.196523	0.001001
4.197506	0.001010
4.198488	0.001019
4.199471	0.001027
4.200454	0.001036
4.201437	0.001045
4.202419	0.001053
4.203402	0.001062
4.204385	0.001073
4.205368	0.001082
4.206351	0.001092
4.207333	0.001101
4.208316	0.001110
4.209299	0.001121
4.210282	0.001127
4.211264	0.001138
4.212247	0.001147
4.213230	0.001158
4.214213	0.001166
4.215196	0.001177
4.216178	0.001186
4.217161	0.001197
4.218144	0.001203
4.219127	0.001214
4.220109	0.001225
4.221092	0.001234
4.222075	0.001245
4.223058	0.001254
4.224041	0.001264
4.225023	0.001273
4.226006	0.001284
4.226989	0.001295
4.227972	0.001304
4.228954	0.001314
4.229937	0.001325
4.230920	0.001334
4.231903	0.001345
4.232885	0.001356
4.233868	0.001365
4.234851	0.001375
4.235834	0.001384
4.236817	0.001397
4.237799	0.001406
4.238782	0.001417
4.239765	0.001428
4.240748	0.001436
4.241730	0.001449
4.242713	0.001458
4.243696	0.001469
4.244679	0.001480
4.245662	0.001491
4.246644	0.001504
4.247627	0.001513
4.248610	0.001526
4.249593	0.001536
4.250575	0.001545
4.251558	0.001556
4.252541	0.001569
4.253524	0.001578
4.254507	0.001589
4.255489	0.001602
4.256472	0.001613
4.257455	0.001624
4.258438	0.001637
4.259420	0.001645
4.260403	0.001658
4.261386	0.001669
4.262369	0.001680
4.263352	0.001693
4.264334	0.001704
4.265317	0.001715
4.266300	0.001728
4.267283	0.001739
4.268265	0.001750
4.269248	0.001761
4.270231	0.001774
4.271214	0.001785
4.272197	0.001798
4.273179	0.001809
4.274162	0.001822
4.275145	0.001835
4.276128	0.001848
4.277110	0.001859
4.278093	0.001872
4.279076	0.001882
4.280059	0.001893
4.281042	0.001909
4.282024	0.001919
4.283007	0.001930
4.283990	0.001946
4.284973	0.001959
4.285955	0.001970
4.286938	0.001983
4.287921	0.001996
4.288904	0.002009
4.289886	0.002022
4.290869	0.002033
4.291852	0.002046
4.292835	0.002059
4.293818	0.002072
4.294800	0.002085
4.295783	0.002098
4.296766	0.002111
4.297749	0.002124
4.298731	0.002137
4.299714	0.002150
4.300697	0.002163
4.301680	0.002178
4.302663	0.002192
4.303645	0.002205
4.304628	0.002218
4.305611	0.002233
4.306594	0.002244
4.307576	0.002257
4.308559	0.002272
4.309542	0.002285
4.310525	0.002300
4.311508	0.002313
4.312490	0.002326
4.313473	0.002342
4.314456	0.002355
4.315439	0.002368
4.316421	0.002383
4.317404	0.002398
4.318387	0.002411
4.319370	0.002424
4.320353	0.002440
4.321335	0.002455
4.322318	0.002470
4.323301	0.002483
4.324284	0.002498
4.325266	0.002511
4.326249	0.002527
4.327232	0.002540
4.328215	0.002557
4.329198	0.002570
4.330180	0.002585
4.331163	0.002598
4.332146	0.002614
4.333129	0.002631
4.334111	0.002644
4.335094	0.002659
4.336077	0.002672
4.337060	0.002690
4.338042	0.002703
4.339025	0.002720
4.340008	0.002736
4.340991	0.002751
4.341974	0.002766
4.342956	0.002781
4.343939	0.002794
4.344922	0.002812
4.345905	0.002827
4.346887	0.002842
4.347870	0.002857
4.348853	0.002873
4.349836	0.002890
4.350819	0.002903
4.351801	0.002921
4.352784	0.002936
4.353767	0.002953
4.354750	0.002968
4.355732	0.002986
4.356715	0.003001
4.357698	0.003016
4.358681	0.003032
4.359664	0.003047
4.360646	0.003064
4.361629	0.003079
4.362612	0.003095
4.363595	0.003112
4.364577	0.003127
4.365560	0.003145
4.366543	0.003162
4.367526	0.003177
4.368509	0.003195
4.369491	0.003210
4.370474	0.003227
4.371457	0.003245
4.372440	0.003260
4.373422	0.003280
4.374405	0.003295
4.375388	0.003310
4.376371	0.003330
4.377354	0.003345
4.378336	0.003362
4.379319	0.003378
4.380302	0.003395
4.381285	0.003410
4.382267	0.003428
4.383250	0.003445
4.384233	0.003462
4.385216	0.003480
4.386198	0.003497
4.387181	0.003515
4.388164	0.003532
4.389147	0.003547
4.390130	0.003567
4.391112	0.003584
4.392095	0.003600
4.393078	0.003619
4.394061	0.003634
4.395043	0.003652
4.396026	0.003671
4.397009	0.003689
4.397992	0.003706
4.398975	0.003721
4.399957	0.003741
4.400940	0.003758
4.401923	0.003776
4.402906	0.003793
4.403888	0.003811
4.404871	0.003830
4.405854	0.003848
4.406837	0.003863
4.407820	0.003883
4.408802	0.003900
4.409785	0.003917
4.410768	0.003935
4.411751	0.003952
4.412733	0.003972
4.413716	0.003989
4.414699	0.004007
4.415682	0.004024
4.416665	0.004044
4.417647	0.004063
4.418630	0.004078
4.419613	0.004096
4.420596	0.004115
4.421578	0.004133
4.422561	0.004152
4.423544	0.004170
4.424527	0.004187
4.425510	0.004205
4.426492	0.004224
4.427475	0.004244
4.428458	0.004259
4.429441	0.004276
4.430423	0.004296
4.431406	0.004313
4.432389	0.004333
4.433372	0.004350
4.434354	0.004368
4.435337	0.004385
4.436320	0.004405
4.437303	0.004422
4.438286	0.004442
4.439268	0.004459
4.440251	0.004479
4.441234	0.004496
4.442217	0.004514
4.443199	0.004533
4.444182	0.004551
4.445165	0.004568
4.446148	0.004588
4.447131	0.004603
4.448113	0.004622
4.449096	0.004640
4.450079	0.004659
4.451062	0.004677
4.452044	0.004694
4.453027	0.004712
4.454010	0.004731
4.454993	0.004749
4.455976	0.004768
4.456958	0.004786
4.457941	0.004803
4.458924	0.004823
4.459907	0.004840
4.460889	0.004857
4.461872	0.004875
4.462855	0.004892
4.463838	0.004910
4.464821	0.004927
4.465803	0.004947
4.466786	0.004964
4.467769	0.004982
4.468752	0.004999
4.469734	0.005016
4.470717	0.005036
4.471700	0.005051
4.472683	0.005069
4.473666	0.005088
4.474648	0.005106
4.475631	0.005123
4.476614	0.005138
4.477597	0.005158
4.478579	0.005175
4.479562	0.005193
4.480545	0.005210
4.481528	0.005227
4.482510	0.005245
4.483493	0.005260
4.484476	0.005278
4.485459	0.005295
4.486442	0.005310
4.487424	0.005330
4.488407	0.005347
4.489390	0.005362
4.490373	0.005380
4.491355	0.005397
4.492338	0.005412
4.493321	0.005430
4.494304	0.005445
4.495287	0.005465
4.496269	0.005480
4.497252	0.005495
4.498235	0.005513
4.499218	0.005528
4.500200	0.005543
4.501183	0.005560
4.502166	0.005578
4.503149	0.005591
4.504132	0.005608
4.505114	0.005624
4.506097	0.005639
4.507080	0.005654
4.508063	0.005671
4.509045	0.005687
4.510028	0.005700
4.511011	0.005717
4.511994	0.005730
4.512977	0.005745
4.513959	0.005763
4.514942	0.005776
4.515925	0.005791
4.516908	0.005806
4.517890	0.005822
4.518873	0.005835
4.519856	0.005850
4.520839	0.005865
4.521822	0.005878
4.522804	0.005893
4.523787	0.005906
4.524770	0.005920
4.525753	0.005935
4.526735	0.005948
4.527718	0.005961
4.528701	0.005974
4.529684	0.005987
4.530667	0.006002
4.531649	0.006015
4.532632	0.006028
4.533615	0.006039
4.534598	0.006052
4.535580	0.006068
4.536563	0.006078
4.537546	0.006091
4.538529	0.006105
4.539511	0.006115
4.540494	0.006128
4.541477	0.006139
4.542460	0.006152
4.543443	0.006163
4.544425	0.006176
4.545408	0.006185
4.546391	0.006198
4.547374	0.006209
4.548356	0.006218
4.549339	0.006231
4.550322	0.006242
4.551305	0.006252
4.552288	0.006261
4.553270	0.006272
4.554253	0.006283
4.555236	0.006292
4.556219	0.006303
4.557201	0.006311
4.558184	0.006322
4.559167	0.006331
4.560150	0.006340
4.561133	0.006348
4.562115	0.006359
4.563098	0.006368
4.564081	0.006374
4.565064	0.006383
4.566046	0.006392
4.567029	0.006400
4.568012	0.006407
4.568995	0.006416
4.569978	0.006422
4.570960	0.006431
4.571943	0.006437
4.572926	0.006444
4.573909	0.006451
4.574891	0.006457
4.575874	0.006464
4.576857	0.006470
4.577840	0.006477
4.578823	0.006483
4.579805	0.006488
4.580788	0.006494
4.581771	0.006498
4.582754	0.006503
4.583736	0.006509
4.584719	0.006514
4.585702	0.006518
4.586685	0.006522
4.587667	0.006527
4.588650	0.006531
4.589633	0.006533
4.590616	0.006538
4.591599	0.006542
4.592581	0.006544
4.593564	0.006546
4.594547	0.006548
4.595530	0.006551
4.596512	0.006555
4.597495	0.006555
4.598478	0.006557
4.599461	0.006559
4.600444	0.006562
4.601426	0.006564
4.602409	0.006564
4.603392	0.006564
4.604375	0.006564
4.605357	0.006564
4.606340	0.006566
4.607323	0.006564
4.608306	0.006566
4.609289	0.006566
4.610271	0.006562
4.611254	0.006562
4.612237	0.006562
4.613220	0.006559
4.614202	0.006559
4.615185	0.006557
4.616168	0.006555
4.617151	0.006553
4.618134	0.006548
4.619116	0.006548
4.620099	0.006544
4.621082	0.006542
4.622065	0.006538
4.623047	0.006533
4.624030	0.006529
4.625013	0.006525
4.625996	0.006520
4.626979	0.006516
4.627961	0.006511
4.628944	0.006505
4.629927	0.006498
4.630910	0.006494
4.631892	0.006490
4.632875	0.006483
4.633858	0.006474
4.634841	0.006468
4.635823	0.006464
4.636806	0.006455
4.637789	0.006446
4.638772	0.006440
4.639755	0.006431
4.640737	0.006424
4.641720	0.006416
4.642703	0.006407
4.643686	0.006398
4.644668	0.006390
4.645651	0.006381
4.646634	0.006370
4.647617	0.006361
4.648600	0.006350
4.649582	0.006340
4.650565	0.006329
4.651548	0.006318
4.652531	0.006307
4.653513	0.006294
4.654496	0.006283
4.655479	0.006272
4.656462	0.006259
4.657445	0.006246
4.658427	0.006235
4.659410	0.006222
4.660393	0.006209
4.661376	0.006194
4.662358	0.006183
4.663341	0.006168
4.664324	0.006155
4.665307	0.006139
4.666290	0.006124
4.667272	0.006109
4.668255	0.006094
4.669238	0.006078
4.670221	0.006063
4.671203	0.006048
4.672186	0.006028
4.673169	0.006013
4.674152	0.005996
4.675135	0.005980
4.676117	0.005961
4.677100	0.005946
4.678083	0.005926
4.679066	0.005911
4.680048	0.005891
4.681031	0.005872
4.682014	0.005854
4.682997	0.005835
4.683979	0.005815
4.684962	0.005795
4.685945	0.005776
4.686928	0.005756
4.687911	0.005737
4.688893	0.005715
4.689876	0.005695
4.690859	0.005674
4.691842	0.005652
4.692824	0.005630
4.693807	0.005608
4.694790	0.005587
4.695773	0.005565
4.696756	0.005541
4.697738	0.005519
4.698721	0.005497
4.699704	0.005471
4.700687	0.005449
4.701669	0.005426
4.702652	0.005402
4.703635	0.005378
4.704618	0.005354
4.705601	0.005330
4.706583	0.005304
4.707566	0.005278
4.708549	0.005254
4.709532	0.005227
4.710514	0.005201
4.711497	0.005177
4.712480	0.005151
4.713463	0.005125
4.714446	0.005097
4.715428	0.005069
4.716411	0.005042
4.717394	0.005016
4.718377	0.004988
4.719359	0.004962
4.720342	0.004934
4.721325	0.004905
4.722308	0.004877
4.723291	0.004849
4.724273	0.004820
4.725256	0.004790
4.726239	0.004762
4.727222	0.004733
4.728204	0.004705
4.729187	0.004675
4.730170	0.004644
4.731153	0.004616
4.732135	0.004585
4.733118	0.004555
4.734101	0.004527
4.735084	0.004496
4.736067	0.004466
4.737049	0.004435
4.738032	0.004405
4.739015	0.004372
4.739998	0.004342
4.740980	0.004311
4.741963	0.004279
4.742946	0.004248
4.743929	0.004218
4.744912	0.004185
4.745894	0.004155
4.746877	0.004124
4.747860	0.004091
4.748843	0.004061
4.749825	0.004030
4.750808	0.004000
4.751791	0.003967
4.752774	0.003939
4.753757	0.003909
4.754739	0.003878
4.755722	0.003848
4.756705	0.003819
4.757688	0.003789
4.758670	0.003763
4.759653	0.003735
4.760636	0.003706
4.761619	0.003680
4.762602	0.003656
4.763584	0.003632
4.764567	0.003610
4.765550	0.003591
4.766533	0.003573
4.767515	0.003558
4.768498	0.003545
4.769481	0.003539
4.770464	0.003534
4.771447	0.003541
4.772429	0.003554
4.773412	0.003582
4.774395	0.003630
4.775378	0.003700
4.776360	0.003815
4.777343	0.003998
4.778326	0.004292
4.779309	0.004775
4.780292	0.005526
4.781274	0.006326
4.782249	0.006280
4.783224	0.004956
4.784199	0.003794
4.785173	0.003001
4.786148	0.002464
4.787123	0.002089
4.788098	0.001810
4.789073	0.001596
4.790047	0.001422
4.791022	0.001282
4.791997	0.001165
4.792972	0.001061
4.793947	0.000975
4.794921	0.000897
4.795896	0.000828
4.796871	0.000770
4.797846	0.000714
4.798821	0.000664
4.799795	0.000619
4.800770	0.000578
4.801745	0.000540
4.802720	0.000508
4.803694	0.000475
4.804669	0.000446
4.805644	0.000418
4.806619	0.000394
4.807594	0.000373
4.808568	0.000350
4.809543	0.000331
4.810518	0.000311
4.811493	0.000294
4.812468	0.000278
4.813442	0.000261
4.814417	0.000248
4.815392	0.000235
4.816367	0.000223
4.817342	0.000210
4.818316	0.000200
4.819291	0.000187
4.820266	0.000177
4.821241	0.000168
4.822216	0.000160
4.823190	0.000152
4.824165	0.000143
4.825140	0.000137
4.826115	0.000129
4.827090	0.000123
4.828064	0.000116
4.829039	0.000110
4.830014	0.000104
4.830989	0.000100
4.831963	0.000094
4.832938	0.000090
4.833913	0.000085
4.834888	0.000081
4.835863	0.000077
4.836837	0.000073
4.837812	0.000069
4.838787	0.000065
4.839762	0.000061
4.840737	0.000059
4.841711	0.000055
4.842686	0.000053
4.843661	0.000049
4.844636	0.000047
4.845611	0.000045
4.846585	0.000043
4.847560	0.000041
4.848535	0.000039
4.849510	0.000035
4.850485	0.000035
4.851459	0.000033
4.852434	0.000031
4.853409	0.000029
4.854384	0.000027
4.855358	0.000025
4.856333	0.000025
4.857308	0.000023
4.858283	0.000021
4.859258	0.000019
4.860232	0.000019
4.861207	0.000019
4.862182	0.000017
4.863157	0.000015
4.864132	0.000013
4.865106	0.000013
4.866081	0.000013
4.867056	0.000013
4.868031	0.000011
4.869006	0.000009
4.869980	0.000009
4.870955	0.000008
4.871930	0.000006
4.872905	0.000006
4.873880	0.000006
4.874854	0.000004
4.875829	0.000004
4.876804	0.000002
4.877779	0.000002
4.878761	0.000000
4.879744	0.000002
4.880727	0.000002
4.881710	0.000000
4.882693	0.000002
4.883675	0.000002
4.884658	0.000004
4.885641	0.000004
4.886624	0.000004
4.887606	0.000004
4.888589	0.000004
4.889572	0.000004
4.890555	0.000006
4.891538	0.000006
4.892520	0.000006
4.893503	0.000006
4.894486	0.000006
4.895469	0.000007
4.896451	0.000007
4.897434	0.000007
4.898417	0.000007
4.899400	0.000007
4.900383	0.000007
4.901365	0.000007
4.902348	0.000007
4.903331	0.000007
4.904314	0.000007
4.905296	0.000009
4.906279	0.000009
4.907262	0.000007
4.908245	0.000007
4.909228	0.000009
4.910210	0.000007
4.911193	0.000009
4.912176	0.000009
4.913159	0.000009
4.914141	0.000007
4.915124	0.000007
4.916107	0.000007
4.917090	0.000007
4.918072	0.000007
4.919055	0.000007
4.920038	0.000007
4.921021	0.000007
4.922004	0.000007
4.922986	0.000006
4.923969	0.000007
4.924952	0.000006
4.925935	0.000006
4.926917	0.000006
4.927900	0.000006
4.928883	0.000004
4.929866	0.000004
4.930849	0.000004
4.931831	0.000004
4.932814	0.000004
4.933797	0.000004
4.934780	0.000002
4.935762	0.000004
4.936745	0.000002
4.937728	0.000002
4.938711	0.000000
4.939694	-0.000000
4.940676	-0.000000
4.941659	-0.000000
4.942642	-0.000000
4.943625	-0.000000
4.944607	-0.000000
4.945590	-0.000000
4.946573	-0.000000
4.947556	0.000000
4.948539	-0.000000
4.949521	0.000000
4.950504	-0.000000
4.951487	-0.000000
4.952470	0.000000
4.953452	0.000000
4.954435	-0.000000
4.955418	-0.000000
4.956401	-0.000000
4.957384	-0.000000
4.958366	-0.000000
4.959349	0.000000
4.960332	-0.000000
4.961315	-0.000000
4.962297	0.000000
4.963280	-0.000000
4.964263	-0.000000
4.965246	-0.000000
4.966228	-0.000000
4.967211	-0.000000
4.968194	-0.000000
4.969177	-0.000000
4.970160	0.000000
4.971142	-0.000000
4.972125	0.000000
4.973108	-0.000000
4.974091	0.000000
4.975073	0.000000
4.976056	-0.000000
4.977039	-0.000000
4.978022	-0.000000
4.979005	0.000000
4.979987	-0.000000
4.980970	0.000000
4.981953	0.000000
4.982936	-0.000000
4.983918	-0.000000
4.984901	-0.000000
4.985884	-0.000000
4.986867	-0.000000
4.987850	0.000000
4.988832	-0.000000
4.989815	0.000000
4.990798	-0.000000
4.991781	-0.000000
4.992763	-0.000000
4.993746	0.000000
4.994729	-0.000000
4.995712	-0.000000
4.996695	0.000000
4.997677	-0.000000
4.998660	0.000000
4.999643	0.000000
5.000626	-0.000000
5.001608	-0.000000
5.002591	-0.000000
5.003574	-0.000000
5.004557	0.000000
5.005540	-0.000000
5.006522	0.000000
5.007505	-0.000000
5.008488	-0.000000
5.009471	-0.000000
5.010453	0.000000
5.011436	0.000000
5.012419	-0.000000
5.013402	0.000000
5.014384	-0.000000
5.015367	0.000000
5.016350	-0.000000
5.017333	0.000000
5.018316	-0.000000
5.019298	-0.000000
5.020281	-0.000000
5.021264	-0.000000
5.022247	0.000000
5.023229	-0.000000
5.024212	0.000000
5.025195	-0.000000
5.026178	-0.000000
5.027161	0.000000
5.028143	-0.000000
5.029126	-0.000000
5.030109	-0.000000
5.031092	-0.000000
5.032074	0.000000
5.033057	-0.000000
5.034040	-0.000000
5.035023	-0.000000
5.036006	0.000000
5.036988	0.000000
5.037971	-0.000000
5.038954	-0.000000
5.039937	-0.000000
5.040919	0.000000
5.041902	-0.000000
5.042885	0.000000
5.043868	0.000000
5.044851	-0.000000
5.045833	-0.000000
5.046816	0.000000
5.047799	0.000000
5.048782	-0.000000
5.049764	-0.000000
5.050747	0.000000
5.051730	-0.000000
5.052713	-0.000000
5.053696	0.000000
5.054678	-0.000000
5.055661	0.000000
5.056644	0.000000
5.057627	0.000000
5.058609	-0.000000
5.059592	-0.000000
5.060575	-0.000000
5.061558	0.000000
5.062540	-0.000000
5.063523	-0.000000
5.064506	0.000000
5.065489	-0.000000
5.066472	0.000000
5.067454	-0.000000
5.068437	-0.000000
5.069420	-0.000000
5.070403	-0.000000
5.071385	0.000000
5.072368	0.000000
5.073351	-0.000000
5.074334	-0.000000
5.075317	-0.000000
5.076299	-0.000000
5.077282	-0.000000
5.078265	-0.000000
5.079248	-0.000000
5.080230	-0.000000
5.081213	-0.000000
5.082196	0.000000
5.083179	-0.000000
5.084162	-0.000000
5.085144	-0.000000
5.086127	-0.000000
5.087110	0.000000
5.088093	0.000000
5.089075	-0.000000
5.090058	-0.000000
5.091041	0.000000
5.092024	-0.000000
5.093007	-0.000000
5.093989	-0.000000
5.094972	0.000000
5.095955	-0.000000
5.096938	0.000000
5.097920	-0.000000
5.098903	0.000000
5.099886	-0.000000
5.100869	-0.000000
5.101852	-0.000000
5.102834	-0.000000
5.103817	-0.000000
5.104800	-0.000000
5.105783	-0.000000
5.106765	-0.000000
5.107748	0.000000
5.108731	-0.000000
5.109714	0.000000
5.110697	0.000000
5.111679	-0.000000
5.112662	-0.000000
5.113645	-0.000000
5.114628	0.000000
5.115610	0.000000
5.116593	-0.000000
5.117576	0.000000
5.118559	0.000000
5.119541	0.000000
5.120524	-0.000000
5.121507	0.000000
5.122490	-0.000000
5.123473	-0.000000
5.124455	-0.000000
5.125438	-0.000000
5.126421	-0.000000
5.127404	-0.000000
5.128386	-0.000000
5.129369	-0.000000
5.130352	-0.000000
5.131335	-0.000000
5.132318	0.000000
5.133300	0.000000
5.134283	-0.000000
5.135266	-0.000000
5.136249	0.000000
5.137231	-0.000000
5.138214	0.000000
5.139197	-0.000000
5.140180	-0.000000
5.141163	-0.000000
5.142145	-0.000000
5.143128	-0.000000
5.144111	-0.000000
5.145094	0.000000
5.146076	-0.000000
5.147059	0.000000
5.148042	0.000000
5.149025	0.000000
5.150008	0.000000
5.150990	-0.000000
5.151973	0.000000
5.152956	-0.000000
5.153939	0.000000
5.154921	0.000000
5.155904	0.000000
5.156887	0.000000
5.157870	-0.000000
5.158853	0.000000
5.159835	-0.000000
5.160818	-0.000000
5.161801	0.000000
5.162784	-0.000000
5.163766	0.000000
