0.000983	0.000000
0.001966	0.000000
0.002948	0.000000
0.003931	-0.000000
0.004914	-0.000000
0.005897	0.000000
0.006879	-0.000000
0.007862	-0.000000
0.008845	-0.000000
0.009828	-0.000000
0.010811	0.000000
0.011793	-0.000000
0.012776	-0.000000
0.013759	-0.000000
0.014742	-0.000000
0.015724	-0.000000
0.016707	0.000000
0.017690	0.000000
0.018673	-0.000000
0.019656	-0.000000
0.020638	-0.000000
0.021621	0.000000
0.022604	-0.000000
0.023587	-0.000000
0.024569	0.000000
0.025552	-0.000000
0.026535	0.000000
0.027518	-0.000000
0.028500	-0.000000
0.029483	0.000000
0.030466	-0.000000
0.031449	0.000000
0.032432	-0.000000
0.033414	0.000000
0.034397	0.000000
0.035380	-0.000000
0.036363	-0.000000
0.037345	-0.000000
0.038328	-0.000000
0.039311	-0.000000
0.040294	-0.000000
0.041277	0.000000
0.042259	-0.000000
0.043242	0.000000
0.044225	0.000000
0.045208	-0.000000
0.046190	-0.000000
0.047173	-0.000000
0.048156	-0.000000
0.049139	-0.000000
0.050122	-0.000000
0.051104	0.000000
0.052087	-0.000000
0.053070	-0.000000
0.054053	-0.000000
0.055035	0.000000
0.056018	-0.000000
0.057001	-0.000000
0.057984	-0.000000
0.058967	-0.000000
0.059949	0.000000
0.060932	0.000000
0.061915	0.000000
0.062898	0.000000
0.063880	-0.000000
0.064863	-0.000000
0.065846	0.000000
0.066829	-0.000000
0.067812	0.000000
0.068794	-0.000000
0.069777	-0.000000
0.070760	-0.000000
0.071743	-0.000000
0.072725	-0.000000
0.073708	0.000000
0.074691	0.000000
0.075674	-0.000000
0.076656	-0.000000
0.077639	-0.000000
0.078622	-0.000000
0.079605	0.000000
0.080588	-0.000000
0.081570	-0.000000
0.082553	-0.000000
0.083536	-0.000000
0.084519	0.000000
0.085501	-0.000000
0.086484	-0.000000
0.087467	0.000000
0.088450	0.000000
0.089433	-0.000000
0.090415	-0.000000
0.091398	-0.000000
0.092381	0.000000
0.093364	0.000000
0.094346	0.000000
0.095329	-0.000000
0.096312	-0.000000
0.097295	0.000000
0.098278	-0.000000
0.099260	0.000000
0.100243	-0.000000
0.101226	-0.000000
0.102209	0.000000
0.103191	0.000000
0.104174	-0.000000
0.105157	-0.000000
0.106140	0.000000
0.107123	-0.000000
0.108105	-0.000000
0.109088	-0.000000
0.110071	0.000000
0.111054	0.000000
0.112036	-0.000000
0.113019	0.000000
0.114002	-0.000000
0.114985	-0.000000
0.115968	0.000000
0.116950	-0.000000
0.117933	0.000000
0.118916	-0.000000
0.119899	-0.000000
0.120881	-0.000000
0.121864	0.000000
0.122847	-0.000000
0.123830	0.000000
0.124812	-0.000000
0.125795	-0.000000
0.126778	0.000000
0.127761	0.000000
0.128744	-0.000000
0.129726	-0.000000
0.130709	-0.000000
0.131692	-0.000000
0.132675	-0.000000
0.133657	0.000000
0.134640	-0.000000
0.135623	-0.000000
0.136606	-0.000000
0.137589	0.000000
0.138571	-0.000000
0.139554	-0.000000
0.140537	-0.000000
0.141520	0.000000
0.142502	0.000000
0.143485	-0.000000
0.144468	0.000000
0.145451	-0.000000
0.146434	-0.000000
0.147416	0.000000
0.148399	0.000000
0.149382	0.000000
0.150365	0.000000
0.151347	-0.000000
0.152330	0.000000
0.153313	-0.000000
0.154296	-0.000000
0.155279	0.000000
0.156261	0.000000
0.157244	0.000000
0.158227	-0.000000
0.159210	-0.000000
0.160192	0.000000
0.161175	0.000000
0.162158	0.000000
0.163141	-0.000000
0.164124	-0.000000
0.165106	0.000000
0.166089	-0.000000
0.167072	-0.000000
0.168055	0.000000
0.169037	-0.000000
0.170020	-0.000000
0.171003	0.000000
0.171986	-0.000000
0.172969	-0.000000
0.173951	-0.000000
0.174934	-0.000000
0.175917	-0.000000
0.176900	-0.000000
0.177882	-0.000000
0.178865	-0.000000
0.179848	-0.000000
0.180831	0.000000
0.181813	-0.000000
0.182796	-0.000000
0.183779	-0.000000
0.184762	0.000000
0.185745	-0.000000
0.186727	-0.000000
0.187710	-0.000000
0.188693	-0.000000
0.189676	-0.000000
0.190658	-0.000000
0.191641	-0.000000
0.192624	-0.000000
0.193607	-0.000000
0.194590	0.000000
0.195572	-0.000000
0.196555	-0.000000
0.197538	-0.000000
0.198521	-0.000000
0.199503	0.000000
0.200486	0.000000
0.201469	0.000000
0.202452	0.000000
0.203435	-0.000000
0.204417	-0.000000
0.205400	-0.000000
0.206383	0.000000
0.207366	-0.000000
0.208348	-0.000000
0.209331	0.000000
0.210314	0.000000
0.211297	-0.000000
0.212280	0.000000
0.213262	0.000000
0.214245	-0.000000
0.215228	0.000000
0.216211	0.000000
0.217193	-0.000000
0.218176	0.000000
0.219159	-0.000000
0.220142	0.000000
0.221125	-0.000000
0.222107	-0.000000
0.223090	-0.000000
0.224073	0.000000
0.225056	-0.000000
0.226038	-0.000000
0.227021	0.000002
0.228004	0.000002
0.228987	0.000004
0.229969	0.000004
0.230952	0.000004
0.231935	0.000004
0.232918	0.000006
0.233901	0.000006
0.234883	0.000006
0.235866	0.000006
0.236849	0.000007
0.237832	0.000007
0.238814	0.000007
0.239797	0.000007
0.240780	0.000007
0.241763	0.000007
0.242746	0.000009
0.243728	0.000009
0.244711	0.000009
0.245694	0.000009
0.246677	0.000009
0.247659	0.000009
0.248642	0.000009
0.249625	0.000009
0.250608	0.000009
0.251591	0.000011
0.252573	0.000011
0.253556	0.000011
0.254539	0.000009
0.255522	0.000011
0.256504	0.000011
0.257487	0.000009
0.258470	0.000011
0.259453	0.000011
0.260436	0.000009
0.261418	0.000009
0.262401	0.000009
0.263384	0.000009
0.264367	0.000009
0.265349	0.000009
0.266332	0.000009
0.267315	0.000009
0.268298	0.000007
0.269281	0.000009
0.270263	0.000007
0.271246	0.000006
0.272229	0.000006
0.273212	0.000007
0.274194	0.000006
0.275177	0.000006
0.276160	0.000006
0.277143	0.000006
0.278125	0.000004
0.279108	0.000004
0.280091	0.000004
0.281074	0.000004
0.282057	0.000004
0.283039	0.000002
0.284022	0.000002
0.285005	0.000002
0.285988	0.000000
0.286962	0.000002
0.287937	0.000002
0.288912	0.000004
0.289887	0.000006
0.290862	0.000006
0.291836	0.000008
0.292811	0.000008
0.293786	0.000009
0.294761	0.000011
0.295736	0.000011
0.296710	0.000013
0.297685	0.000015
0.298660	0.000017
0.299635	0.000017
0.300610	0.000017
0.301584	0.000019
0.302559	0.000021
0.303534	0.000023
0.304509	0.000025
0.305484	0.000025
0.306458	0.000027
0.307433	0.000029
0.308408	0.000031
0.309383	0.000033
0.310357	0.000033
0.311332	0.000037
0.312307	0.000039
0.313282	0.000041
0.314257	0.000043
0.315231	0.000045
0.316206	0.000049
0.317181	0.000051
0.318156	0.000053
0.319131	0.000055
0.320105	0.000059
0.321080	0.000063
0.322055	0.000065
0.323030	0.000069
0.324005	0.000073
0.324979	0.000077
0.325954	0.000081
0.326929	0.000085
0.327904	0.000091
0.328879	0.000095
0.329853	0.000099
0.330828	0.000105
0.331803	0.000112
0.332778	0.000116
0.333753	0.000124
0.334727	0.000128
0.335702	0.000136
0.336677	0.000144
0.337652	0.000151
0.338626	0.000159
0.339601	0.000169
0.340576	0.000178
0.341551	0.000188
0.342526	0.000198
0.343500	0.000209
0.344475	0.000219
0.345450	0.000232
0.346425	0.000247
0.347400	0.000259
0.348374	0.000274
0.349349	0.000291
0.350324	0.000305
0.351299	0.000322
0.352274	0.000343
0.353248	0.000362
0.354223	0.000386
0.355198	0.000407
0.356173	0.000432
0.357148	0.000460
0.358122	0.000488
0.359097	0.000518
0.360072	0.000552
0.361047	0.000588
0.362021	0.000627
0.362996	0.000667
0.363971	0.000715
0.364946	0.000764
0.365921	0.000822
0.366895	0.000880
0.367870	0.000949
0.368845	0.001022
0.369820	0.001108
0.370795	0.001203
0.371769	0.001312
0.372744	0.001437
0.373719	0.001584
0.374694	0.001757
0.375669	0.001969
0.376643	0.002236
0.377618	0.002580
0.378593	0.003044
0.379568	0.003704
0.380543	0.004684
0.381517	0.006119
0.382492	0.007756
0.383475	0.007813
0.384458	0.006821
0.385440	0.005893
0.386423	0.005297
0.387406	0.004934
0.388389	0.004707
0.389372	0.004566
0.390354	0.004477
0.391337	0.004420
0.392320	0.004385
0.393303	0.004368
0.394285	0.004359
0.395268	0.004363
0.396251	0.004372
0.397234	0.004385
0.398217	0.004405
0.399199	0.004427
0.400182	0.004451
0.401165	0.004477
0.402148	0.004505
0.403130	0.004535
0.404113	0.004566
0.405096	0.004601
0.406079	0.004636
0.407061	0.004668
0.408044	0.004703
0.409027	0.004738
0.410010	0.004775
0.410993	0.004812
0.411975	0.004849
0.412958	0.004884
0.413941	0.004923
0.414924	0.004960
0.415906	0.004997
0.416889	0.005034
0.417872	0.005073
0.418855	0.005110
0.419838	0.005147
0.420820	0.005184
0.421803	0.005223
0.422786	0.005260
0.423769	0.005299
0.424751	0.005336
0.425734	0.005371
0.426717	0.005410
0.427700	0.005447
0.428683	0.005484
0.429665	0.005519
0.430648	0.005556
0.431631	0.005593
0.432614	0.005628
0.433596	0.005663
0.434579	0.005700
0.435562	0.005735
0.436545	0.005772
0.437528	0.005804
0.438510	0.005839
0.439493	0.005874
0.440476	0.005909
0.441459	0.005941
0.442441	0.005976
0.443424	0.006009
0.444407	0.006044
0.445390	0.006076
0.446373	0.006109
0.447355	0.006142
0.448338	0.006174
0.449321	0.006205
0.450304	0.006237
0.451286	0.006270
0.452269	0.006300
0.453252	0.006331
0.454235	0.006361
0.455217	0.006392
0.456200	0.006420
0.457183	0.006451
0.458166	0.006481
0.459149	0.006509
0.460131	0.006538
0.461114	0.006566
0.462097	0.006594
0.463080	0.006622
0.464062	0.006649
0.465045	0.006677
0.466028	0.006705
0.467011	0.006729
0.467994	0.006757
0.468976	0.006784
0.469959	0.006807
0.470942	0.006834
0.471925	0.006860
0.472907	0.006884
0.473890	0.006908
0.474873	0.006931
0.475856	0.006955
0.476839	0.006979
0.477821	0.007003
0.478804	0.007023
0.479787	0.007047
0.480770	0.007069
0.481752	0.007090
0.482735	0.007112
0.483718	0.007132
0.484701	0.007156
0.485684	0.007175
0.486666	0.007193
0.487649	0.007214
0.488632	0.007232
0.489615	0.007251
0.490597	0.007271
0.491580	0.007288
0.492563	0.007306
0.493546	0.007325
0.494529	0.007343
0.495511	0.007358
0.496494	0.007378
0.497477	0.007393
0.498460	0.007408
0.499442	0.007426
0.500425	0.007441
0.501408	0.007454
0.502391	0.007471
0.503374	0.007484
0.504356	0.007500
0.505339	0.007513
0.506322	0.007526
0.507305	0.007539
0.508287	0.007550
0.509270	0.007565
0.510253	0.007576
0.511236	0.007587
0.512218	0.007600
0.513201	0.007611
0.514184	0.007621
0.515167	0.007632
0.516150	0.007643
0.517132	0.007652
0.518115	0.007661
0.519098	0.007671
0.520081	0.007680
0.521063	0.007689
0.522046	0.007695
0.523029	0.007704
0.524012	0.007711
0.524995	0.007717
0.525977	0.007724
0.526960	0.007730
0.527943	0.007739
0.528926	0.007743
0.529908	0.007748
0.530891	0.007754
0.531874	0.007761
0.532857	0.007765
0.533840	0.007767
0.534822	0.007772
0.535805	0.007776
0.536788	0.007780
0.537771	0.007782
0.538753	0.007787
0.539736	0.007789
0.540719	0.007791
0.541702	0.007793
0.542685	0.007795
0.543667	0.007795
0.544650	0.007798
0.545633	0.007798
0.546616	0.007798
0.547598	0.007800
0.548581	0.007798
0.549564	0.007800
0.550547	0.007798
0.551530	0.007795
0.552512	0.007795
0.553495	0.007793
0.554478	0.007791
0.555461	0.007789
0.556443	0.007787
0.557426	0.007785
0.558409	0.007782
0.559392	0.007778
0.560374	0.007774
0.561357	0.007772
0.562340	0.007767
0.563323	0.007763
0.564306	0.007758
0.565288	0.007752
0.566271	0.007748
0.567254	0.007743
0.568237	0.007737
0.569219	0.007730
0.570202	0.007726
0.571185	0.007719
0.572168	0.007713
0.573151	0.007706
0.574133	0.007698
0.575116	0.007691
0.576099	0.007684
0.577082	0.007676
0.578064	0.007669
0.579047	0.007661
0.580030	0.007652
0.581013	0.007643
0.581996	0.007634
0.582978	0.007624
0.583961	0.007615
0.584944	0.007604
0.585927	0.007595
0.586909	0.007584
0.587892	0.007576
0.588875	0.007565
0.589858	0.007554
0.590841	0.007543
0.591823	0.007532
0.592806	0.007521
0.593789	0.007510
0.594772	0.007497
0.595754	0.007484
0.596737	0.007473
0.597720	0.007460
0.598703	0.007449
0.599686	0.007436
0.600668	0.007421
0.601651	0.007410
0.602634	0.007397
0.603617	0.007382
0.604599	0.007369
0.605582	0.007356
0.606565	0.007341
0.607548	0.007325
0.608530	0.007312
0.609513	0.007297
0.610496	0.007284
0.611479	0.007269
0.612462	0.007251
0.613444	0.007238
0.614427	0.007221
0.615410	0.007208
0.616393	0.007190
0.617375	0.007175
0.618358	0.007158
0.619341	0.007143
0.620324	0.007127
0.621307	0.007110
0.622289	0.007093
0.623272	0.007077
0.624255	0.007060
0.625238	0.007042
0.626220	0.007025
0.627203	0.007008
0.628186	0.006988
0.629169	0.006973
0.630152	0.006955
0.631134	0.006936
0.632117	0.006918
0.633100	0.006901
0.634083	0.006884
0.635065	0.006864
0.636048	0.006844
0.637031	0.006827
0.638014	0.006810
0.638997	0.006790
0.639979	0.006770
0.640962	0.006751
0.641945	0.006733
0.642928	0.006714
0.643910	0.006694
0.644893	0.006675
0.645876	0.006655
0.646859	0.006636
0.647842	0.006616
0.648824	0.006596
0.649807	0.006577
0.650790	0.006557
0.651773	0.006538
0.652755	0.006516
0.653738	0.006496
0.654721	0.006474
0.655704	0.006457
0.656686	0.006435
0.657669	0.006414
0.658652	0.006394
0.659635	0.006374
0.660618	0.006353
0.661600	0.006331
0.662583	0.006311
0.663566	0.006289
0.664549	0.006270
0.665531	0.006248
0.666514	0.006229
0.667497	0.006205
0.668480	0.006185
0.669463	0.006165
0.670445	0.006142
0.671428	0.006122
0.672411	0.006100
0.673394	0.006078
0.674376	0.006057
0.675359	0.006035
0.676342	0.006013
0.677325	0.005991
0.678308	0.005967
0.679290	0.005948
0.680273	0.005926
0.681256	0.005904
0.682239	0.005883
0.683221	0.005861
0.684204	0.005839
0.685187	0.005817
0.686170	0.005795
0.687153	0.005774
0.688135	0.005750
0.689118	0.005730
0.690101	0.005706
0.691084	0.005684
0.692066	0.005661
0.693049	0.005639
0.694032	0.005619
0.695015	0.005595
0.695998	0.005573
0.696980	0.005552
0.697963	0.005530
0.698946	0.005508
0.699929	0.005484
0.700911	0.005462
0.701894	0.005441
0.702877	0.005417
0.703860	0.005397
0.704842	0.005375
0.705825	0.005354
0.706808	0.005330
0.707791	0.005308
0.708774	0.005286
0.709756	0.005262
0.710739	0.005241
0.711722	0.005217
0.712705	0.005195
0.713687	0.005175
0.714670	0.005153
0.715653	0.005130
0.716636	0.005106
0.717619	0.005084
0.718601	0.005064
0.719584	0.005040
0.720567	0.005019
0.721550	0.004997
0.722532	0.004975
0.723515	0.004953
0.724498	0.004931
0.725481	0.004910
0.726464	0.004886
0.727446	0.004864
0.728429	0.004842
0.729412	0.004820
0.730395	0.004799
0.731377	0.004777
0.732360	0.004757
0.733343	0.004733
0.734326	0.004714
0.735309	0.004690
0.736291	0.004668
0.737274	0.004649
0.738257	0.004625
0.739240	0.004603
0.740222	0.004581
0.741205	0.004562
0.742188	0.004540
0.743171	0.004518
0.744154	0.004496
0.745136	0.004474
0.746119	0.004453
0.747102	0.004433
0.748085	0.004411
0.749067	0.004390
0.750050	0.004368
0.751033	0.004346
0.752016	0.004326
0.752999	0.004305
0.753981	0.004283
0.754964	0.004261
0.755947	0.004242
0.756930	0.004220
0.757912	0.004198
0.758895	0.004178
0.759878	0.004159
0.760861	0.004137
0.761843	0.004115
0.762826	0.004096
0.763809	0.004074
0.764792	0.004054
0.765775	0.004033
0.766757	0.004013
0.767740	0.003994
0.768723	0.003974
0.769706	0.003950
0.770688	0.003930
0.771671	0.003913
0.772654	0.003891
0.773637	0.003872
0.774620	0.003852
0.775602	0.003830
0.776585	0.003811
0.777568	0.003791
0.778551	0.003772
0.779533	0.003752
0.780516	0.003732
0.781499	0.003713
0.782482	0.003691
0.783465	0.003671
0.784447	0.003654
0.785430	0.003634
0.786413	0.003617
0.787396	0.003595
0.788378	0.003578
0.789361	0.003556
0.790344	0.003539
0.791327	0.003519
0.792310	0.003499
0.793292	0.003482
0.794275	0.003462
0.795258	0.003443
0.796241	0.003425
0.797223	0.003404
0.798206	0.003386
0.799189	0.003367
0.800172	0.003349
0.801155	0.003330
0.802137	0.003312
0.803120	0.003293
0.804103	0.003275
0.805086	0.003258
0.806068	0.003238
0.807051	0.003221
0.808034	0.003204
0.809017	0.003186
0.809999	0.003169
0.810982	0.003149
0.811965	0.003132
0.812948	0.003114
0.813931	0.003095
0.814913	0.003079
0.815896	0.003060
0.816879	0.003042
0.817862	0.003025
0.818844	0.003008
0.819827	0.002990
0.820810	0.002973
0.821793	0.002955
0.822776	0.002940
0.823758	0.002923
0.824741	0.002905
0.825724	0.002888
0.826707	0.002871
0.827689	0.002853
0.828672	0.002836
0.829655	0.002820
0.830638	0.002805
0.831621	0.002788
0.832603	0.002770
0.833586	0.002753
0.834569	0.002738
0.835552	0.002720
0.836534	0.002705
0.837517	0.002688
0.838500	0.002672
0.839483	0.002655
0.840466	0.002642
0.841448	0.002625
0.842431	0.002609
0.843414	0.002592
0.844397	0.002579
0.845379	0.002561
0.846362	0.002546
0.847345	0.002531
0.848328	0.002516
0.849311	0.002498
0.850293	0.002483
0.851276	0.002468
0.852259	0.002453
0.853242	0.002437
0.854224	0.002422
0.855207	0.002407
0.856190	0.002392
0.857173	0.002377
0.858155	0.002363
0.859138	0.002348
0.860121	0.002333
0.861104	0.002318
0.862087	0.002303
0.863069	0.002289
0.864052	0.002274
0.865035	0.002261
0.866018	0.002246
0.867000	0.002233
0.867983	0.002215
0.868966	0.002202
0.869949	0.002189
0.870932	0.002174
0.871914	0.002159
0.872897	0.002146
0.873880	0.002133
0.874863	0.002120
0.875845	0.002104
0.876828	0.002091
0.877811	0.002076
0.878794	0.002063
0.879777	0.002050
0.880759	0.002037
0.881742	0.002022
0.882725	0.002009
0.883708	0.001996
0.884690	0.001980
0.885673	0.001967
0.886656	0.001956
0.887639	0.001941
0.888622	0.001930
0.889604	0.001915
0.890587	0.001904
0.891570	0.001889
0.892553	0.001878
0.893535	0.001863
0.894518	0.001850
0.895501	0.001839
0.896484	0.001826
0.897467	0.001813
0.898449	0.001802
0.899432	0.001789
0.900415	0.001776
0.901398	0.001765
0.902380	0.001752
0.903363	0.001739
0.904346	0.001728
0.905329	0.001715
0.906311	0.001704
0.907294	0.001691
0.908277	0.001678
0.909260	0.001667
0.910243	0.001654
0.911225	0.001641
0.912208	0.001630
0.913191	0.001617
0.914174	0.001606
0.915156	0.001597
0.916139	0.001584
0.917122	0.001573
0.918105	0.001563
0.919088	0.001550
0.920070	0.001536
0.921053	0.001526
0.922036	0.001515
0.923019	0.001504
0.924001	0.001491
0.924984	0.001482
0.925967	0.001469
0.926950	0.001460
0.927933	0.001447
0.928915	0.001436
0.929898	0.001425
0.930881	0.001415
0.931864	0.001406
0.932846	0.001393
0.933829	0.001382
0.934812	0.001371
0.935795	0.001360
0.936778	0.001351
0.937760	0.001341
0.938743	0.001330
0.939726	0.001319
0.940709	0.001308
0.941691	0.001297
0.942674	0.001288
0.943657	0.001277
0.944640	0.001267
0.945623	0.001258
0.946605	0.001245
0.947588	0.001236
0.948571	0.001225
0.949554	0.001217
0.950536	0.001206
0.951519	0.001195
0.952502	0.001186
0.953485	0.001177
0.954467	0.001164
0.955450	0.001156
0.956433	0.001147
0.957416	0.001136
0.958399	0.001127
0.959381	0.001116
0.960364	0.001108
0.961347	0.001097
0.962330	0.001088
0.963312	0.001077
0.964295	0.001069
0.965278	0.001060
0.966261	0.001051
0.967244	0.001042
0.968226	0.001032
0.969209	0.001021
0.970192	0.001012
0.971175	0.001003
0.972157	0.000995
0.973140	0.000984
0.974123	0.000977
0.975106	0.000966
0.976089	0.000955
0.977071	0.000949
0.978054	0.000940
0.979037	0.000931
0.980020	0.000923
0.981002	0.000914
0.981985	0.000903
0.982968	0.000894
0.983951	0.000886
0.984934	0.000877
0.985916	0.000868
0.986899	0.000860
0.987882	0.000849
0.988865	0.000842
0.989847	0.000834
0.990830	0.000825
0.991813	0.000816
0.992796	0.000807
0.993779	0.000799
0.994761	0.000790
0.995744	0.000781
0.996727	0.000773
0.997710	0.000766
0.998692	0.000755
0.999675	0.000749
1.000658	0.000738
1.001641	0.000731
1.002624	0.000725
1.003606	0.000714
1.004589	0.000705
1.005572	0.000699
1.006555	0.000690
1.007537	0.000683
1.008520	0.000675
1.009503	0.000666
1.010486	0.000657
1.011468	0.000651
1.012451	0.000642
1.013434	0.000633
1.014417	0.000625
1.015400	0.000616
1.016382	0.000609
1.017365	0.000603
1.018348	0.000594
1.019331	0.000585
1.020313	0.000577
1.021296	0.000570
1.022279	0.000561
1.023262	0.000555
1.024245	0.000546
1.025227	0.000540
1.026210	0.000531
1.027193	0.000522
1.028176	0.000516
1.029158	0.000509
1.030141	0.000501
1.031124	0.000492
1.032107	0.000485
1.033090	0.000477
1.034072	0.000470
1.035055	0.000464
1.036038	0.000455
1.037021	0.000448
1.038003	0.000437
1.038986	0.000433
1.039969	0.000424
1.040952	0.000416
1.041935	0.000409
1.042917	0.000400
1.043900	0.000394
1.044883	0.000387
1.045866	0.000379
1.046848	0.000372
1.047831	0.000366
1.048814	0.000357
1.049797	0.000350
1.050780	0.000342
1.051762	0.000335
1.052745	0.000329
1.053728	0.000322
1.054711	0.000313
1.055693	0.000307
1.056676	0.000300
1.057659	0.000289
1.058642	0.000283
1.059624	0.000276
1.060607	0.000270
1.061590	0.000263
1.062573	0.000257
1.063556	0.000248
1.064538	0.000242
1.065521	0.000233
1.066504	0.000226
1.067487	0.000220
1.068469	0.000213
1.069452	0.000207
1.070435	0.000198
1.071418	0.000192
1.072401	0.000185
1.073383	0.000176
1.074366	0.000170
1.075349	0.000163
1.076332	0.000155
1.077314	0.000148
1.078297	0.000141
1.079280	0.000135
1.080263	0.000126
1.081246	0.000120
1.082228	0.000111
1.083211	0.000104
1.084194	0.000100
1.085177	0.000091
1.086159	0.000085
1.087142	0.000078
1.088125	0.000072
1.089108	0.000063
1.090091	0.000057
1.091073	0.000050
1.092056	0.000044
1.093039	0.000035
1.094022	0.000028
1.095004	0.000020
1.095987	0.000013
1.096970	0.000007
1.097945	0.000009
1.098920	0.000013
1.099894	0.000017
1.100869	0.000022
1.101844	0.000024
1.102819	0.000028
1.103794	0.000033
1.104768	0.000035
1.105743	0.000037
1.106718	0.000042
1.107693	0.000044
1.108667	0.000048
1.109642	0.000053
1.110617	0.000055
1.111592	0.000060
1.112567	0.000062
1.113541	0.000067
1.114516	0.000071
1.115491	0.000074
1.116466	0.000078
1.117441	0.000081
1.118415	0.000085
1.119390	0.000090
1.120365	0.000092
1.121340	0.000095
1.122315	0.000099
1.123289	0.000102
1.124264	0.000106
1.125239	0.000109
1.126214	0.000114
1.127189	0.000116
1.128163	0.000121
1.129138	0.000123
1.130113	0.000128
1.131088	0.000133
1.132062	0.000135
1.133037	0.000140
1.134012	0.000143
1.134987	0.000145
1.135962	0.000150
1.136936	0.000153
1.137911	0.000158
1.138886	0.000160
1.139861	0.000165
1.140836	0.000170
1.141810	0.000173
1.142785	0.000176
1.143760	0.000181
1.144735	0.000183
1.145710	0.000186
1.146684	0.000191
1.147659	0.000194
1.148634	0.000199
1.149609	0.000201
1.150584	0.000204
1.151558	0.000209
1.152533	0.000212
1.153508	0.000215
1.154483	0.000220
1.155457	0.000225
1.156432	0.000228
1.157407	0.000231
1.158382	0.000234
1.159357	0.000239
1.160331	0.000242
1.161306	0.000245
1.162281	0.000250
1.163256	0.000250
1.164231	0.000256
1.165205	0.000259
1.166180	0.000264
1.167155	0.000267
1.168130	0.000270
1.169105	0.000273
1.170079	0.000276
1.171054	0.000281
1.172029	0.000284
1.173004	0.000287
1.173979	0.000293
1.174953	0.000293
1.175928	0.000299
1.176903	0.000302
1.177878	0.000305
1.178852	0.000308
1.179827	0.000314
1.180802	0.000317
1.181777	0.000320
1.182752	0.000325
1.183726	0.000326
1.184701	0.000332
1.185676	0.000335
1.186651	0.000338
1.187626	0.000341
1.188600	0.000347
1.189575	0.000350
1.190550	0.000354
1.191525	0.000354
1.192500	0.000358
1.193474	0.000363
1.194449	0.000364
1.195424	0.000370
1.196399	0.000373
1.197374	0.000377
1.198348	0.000380
1.199323	0.000383
1.200298	0.000389
1.201273	0.000390
1.202247	0.000394
1.203222	0.000400
1.204197	0.000403
1.205172	0.000404
1.206147	0.000407
1.207121	0.000411
1.208096	0.000414
1.209071	0.000418
1.210046	0.000421
1.211021	0.000425
1.211995	0.000428
1.212970	0.000432
1.213945	0.000435
1.214920	0.000439
1.215895	0.000440
1.216869	0.000443
1.217844	0.000447
1.218819	0.000451
1.219794	0.000452
1.220769	0.000458
1.221743	0.000462
1.222718	0.000465
1.223693	0.000469
1.224668	0.000470
1.225643	0.000474
1.226617	0.000478
1.227592	0.000479
1.228567	0.000485
1.229542	0.000486
1.230516	0.000490
1.231491	0.000494
1.232466	0.000498
1.233441	0.000501
1.234416	0.000502
1.235390	0.000504
1.236365	0.000510
1.237340	0.000511
1.238315	0.000515
1.239290	0.000516
1.240264	0.000523
1.241239	0.000524
1.242214	0.000525
1.243189	0.000529
1.244164	0.000533
1.245138	0.000537
1.246113	0.000542
1.247088	0.000543
1.248063	0.000547
1.249038	0.000548
1.250012	0.000552
1.250987	0.000553
1.251962	0.000557
1.252937	0.000562
1.253911	0.000563
1.254886	0.000564
1.255861	0.000568
1.256836	0.000573
1.257811	0.000574
1.258785	0.000578
1.259760	0.000579
1.260735	0.000584
1.261710	0.000585
1.262685	0.000589
1.263659	0.000591
1.264634	0.000595
1.265609	0.000596
1.266584	0.000598
1.267559	0.000602
1.268533	0.000603
1.269508	0.000605
1.270483	0.000609
1.271458	0.000614
1.272433	0.000615
1.273407	0.000617
1.274382	0.000621
1.275357	0.000623
1.276332	0.000624
1.277306	0.000625
1.278281	0.000633
1.279256	0.000635
1.280231	0.000636
1.281206	0.000638
1.282180	0.000642
1.283155	0.000641
1.284130	0.000645
1.285105	0.000647
1.286080	0.000648
1.287054	0.000650
1.288029	0.000655
1.289004	0.000656
1.289979	0.000658
1.290954	0.000660
1.291928	0.000661
1.292903	0.000666
1.293878	0.000668
1.294853	0.000669
1.295828	0.000671
1.296802	0.000676
1.297777	0.000677
1.298752	0.000679
1.299727	0.000684
1.300701	0.000682
1.301676	0.000687
1.302651	0.000689
1.303626	0.000691
1.304601	0.000693
1.305575	0.000691
1.306550	0.000696
1.307525	0.000698
1.308500	0.000700
1.309475	0.000701
1.310449	0.000700
1.311424	0.000705
1.312399	0.000707
1.313374	0.000709
1.314349	0.000707
1.315323	0.000709
1.316298	0.000711
1.317273	0.000712
1.318248	0.000718
1.319223	0.000716
1.320197	0.000718
1.321172	0.000720
1.322147	0.000722
1.323122	0.000724
1.324096	0.000726
1.325071	0.000728
1.326046	0.000730
1.327021	0.000728
1.327996	0.000730
1.328970	0.000732
1.329945	0.000734
1.330920	0.000736
1.331895	0.000738
1.332870	0.000740
1.333844	0.000738
1.334819	0.000744
1.335794	0.000742
1.336769	0.000741
1.337744	0.000743
1.338718	0.000748
1.339693	0.000747
1.340668	0.000745
1.341643	0.000747
1.342618	0.000749
1.343592	0.000751
1.344567	0.000753
1.345542	0.000752
1.346517	0.000754
1.347492	0.000756
1.348466	0.000754
1.349441	0.000760
1.350416	0.000755
1.351391	0.000761
1.352365	0.000759
1.353340	0.000758
1.354315	0.000760
1.355290	0.000762
1.356265	0.000764
1.357239	0.000763
1.358214	0.000761
1.359189	0.000763
1.360164	0.000766
1.361139	0.000768
1.362113	0.000766
1.363088	0.000768
1.364063	0.000767
1.365038	0.000769
1.366013	0.000767
1.366987	0.000766
1.367962	0.000768
1.368937	0.000770
1.369912	0.000769
1.370887	0.000767
1.371861	0.000769
1.372836	0.000768
1.373811	0.000770
1.374786	0.000772
1.375760	0.000771
1.376735	0.000773
1.377710	0.000767
1.378685	0.000770
1.379660	0.000768
1.380634	0.000770
1.381609	0.000773
1.382584	0.000771
1.383559	0.000769
1.384534	0.000772
1.385508	0.000770
1.386483	0.000768
1.387458	0.000771
1.388433	0.000769
1.389408	0.000767
1.390382	0.000770
1.391357	0.000768
1.392332	0.000766
1.393307	0.000764
1.394282	0.000767
1.395256	0.000765
1.396231	0.000767
1.397206	0.000766
1.398181	0.000768
1.399155	0.000766
1.400130	0.000764
1.401105	0.000758
1.402080	0.000761
1.403055	0.000763
1.404029	0.000757
1.405004	0.000759
1.405979	0.000758
1.406954	0.000756
1.407929	0.000758
1.408903	0.000752
1.409878	0.000754
1.410853	0.000757
1.411828	0.000755
1.412803	0.000753
1.413777	0.000751
1.414752	0.000749
1.415727	0.000747
1.416702	0.000750
1.417677	0.000748
1.418651	0.000741
1.419626	0.000743
1.420601	0.000741
1.421576	0.000739
1.422550	0.000737
1.423525	0.000735
1.424500	0.000738
1.425475	0.000731
1.426450	0.000734
1.427424	0.000731
1.428399	0.000724
1.429374	0.000727
1.430349	0.000730
1.431324	0.000723
1.432298	0.000720
1.433273	0.000723
1.434248	0.000721
1.435223	0.000719
1.436198	0.000716
1.437172	0.000714
1.438147	0.000712
1.439122	0.000709
1.440097	0.000707
1.441072	0.000705
1.442046	0.000702
1.443021	0.000700
1.443996	0.000702
1.444971	0.000695
1.445946	0.000698
1.446920	0.000695
1.447895	0.000693
1.448870	0.000690
1.449845	0.000688
1.450819	0.000685
1.451794	0.000682
1.452769	0.000680
1.453744	0.000677
1.454719	0.000675
1.455693	0.000667
1.456668	0.000669
1.457643	0.000667
1.458618	0.000664
1.459593	0.000661
1.460567	0.000658
1.461542	0.000656
1.462517	0.000653
1.463492	0.000650
1.464467	0.000647
1.465441	0.000644
1.466416	0.000641
1.467391	0.000638
1.468366	0.000635
1.469341	0.000632
1.470315	0.000629
1.471290	0.000626
1.472265	0.000623
1.473240	0.000620
1.474214	0.000617
1.475189	0.000614
1.476164	0.000611
1.477139	0.000608
1.478114	0.000604
1.479088	0.000601
1.480063	0.000598
1.481038	0.000594
1.482013	0.000591
1.482988	0.000588
1.483962	0.000578
1.484937	0.000581
1.485912	0.000577
1.486887	0.000574
1.487862	0.000564
1.488836	0.000567
1.489811	0.000563
1.490786	0.000553
1.491761	0.000556
1.492736	0.000552
1.493710	0.000542
1.494685	0.000545
1.495660	0.000537
1.496635	0.000533
1.497609	0.000529
1.498584	0.000525
1.499559	0.000521
1.500534	0.000517
1.501509	0.000512
1.502483	0.000508
1.503458	0.000504
1.504433	0.000500
1.505408	0.000495
1.506383	0.000491
1.507357	0.000487
1.508332	0.000482
1.509307	0.000478
1.510282	0.000473
1.511257	0.000469
1.512231	0.000464
1.513206	0.000460
1.514181	0.000454
1.515156	0.000449
1.516131	0.000445
1.517105	0.000440
1.518080	0.000435
1.519055	0.000431
1.520030	0.000426
1.521004	0.000421
1.521979	0.000416
1.522954	0.000411
1.523929	0.000406
1.524904	0.000401
1.525878	0.000396
1.526853	0.000390
1.527828	0.000385
1.528803	0.000380
1.529778	0.000375
1.530752	0.000370
1.531727	0.000364
1.532702	0.000359
1.533677	0.000353
1.534652	0.000347
1.535626	0.000343
1.536601	0.000337
1.537576	0.000331
1.538551	0.000325
1.539526	0.000321
1.540500	0.000314
1.541475	0.000309
1.542450	0.000302
1.543425	0.000297
1.544399	0.000290
1.545374	0.000285
1.546349	0.000279
1.547324	0.000272
1.548299	0.000266
1.549273	0.000260
1.550248	0.000255
1.551223	0.000248
1.552198	0.000243
1.553173	0.000236
1.554147	0.000230
1.555122	0.000224
1.556097	0.000217
1.557072	0.000211
1.558047	0.000205
1.559021	0.000197
1.559996	0.000190
1.560971	0.000185
1.561946	0.000177
1.562921	0.000171
1.563895	0.000163
1.564870	0.000157
1.565845	0.000150
1.566820	0.000142
1.567795	0.000135
1.568769	0.000129
1.569744	0.000122
1.570719	0.000114
1.571694	0.000108
1.572668	0.000100
1.573643	0.000092
1.574618	0.000086
1.575593	0.000078
1.576568	0.000071
1.577542	0.000063
1.578517	0.000055
1.579492	0.000047
1.580467	0.000040
1.581442	0.000031
1.582416	0.000024
1.583391	0.000016
1.584366	0.000008
1.585349	0.000017
1.586332	0.000025
1.587314	0.000032
1.588297	0.000042
1.589280	0.000049
1.590263	0.000057
1.591245	0.000065
1.592228	0.000074
1.593211	0.000081
1.594194	0.000091
1.595176	0.000099
1.596159	0.000106
1.597142	0.000115
1.598125	0.000123
1.599108	0.000132
1.600090	0.000140
1.601073	0.000148
1.602056	0.000157
1.603039	0.000165
1.604021	0.000175
1.605004	0.000182
1.605987	0.000190
1.606970	0.000199
1.607953	0.000207
1.608935	0.000215
1.609918	0.000224
1.610901	0.000232
1.611884	0.000240
1.612866	0.000249
1.613849	0.000257
1.614832	0.000265
1.615815	0.000275
1.616798	0.000282
1.617780	0.000292
1.618763	0.000299
1.619746	0.000309
1.620729	0.000317
1.621711	0.000326
1.622694	0.000334
1.623677	0.000343
1.624660	0.000352
1.625643	0.000361
1.626625	0.000370
1.627608	0.000377
1.628591	0.000386
1.629574	0.000395
1.630556	0.000403
1.631539	0.000411
1.632522	0.000421
1.633505	0.000429
1.634488	0.000438
1.635470	0.000448
1.636453	0.000457
1.637436	0.000466
1.638419	0.000474
1.639401	0.000483
1.640384	0.000493
1.641367	0.000502
1.642350	0.000511
1.643333	0.000520
1.644315	0.000529
1.645298	0.000538
1.646281	0.000547
1.647264	0.000556
1.648246	0.000566
1.649229	0.000575
1.650212	0.000584
1.651195	0.000594
1.652177	0.000603
1.653160	0.000612
1.654143	0.000622
1.655126	0.000631
1.656109	0.000641
1.657091	0.000651
1.658074	0.000659
1.659057	0.000671
1.660040	0.000679
1.661022	0.000689
1.662005	0.000698
1.662988	0.000708
1.663971	0.000719
1.664954	0.000728
1.665936	0.000738
1.666919	0.000747
1.667902	0.000758
1.668885	0.000768
1.669867	0.000779
1.670850	0.000788
1.671833	0.000799
1.672816	0.000810
1.673799	0.000819
1.674781	0.000830
1.675764	0.000840
1.676747	0.000850
1.677730	0.000861
1.678712	0.000872
1.679695	0.000881
1.680678	0.000892
1.681661	0.000903
1.682644	0.000914
1.683626	0.000924
1.684609	0.000935
1.685592	0.000946
1.686575	0.000957
1.687557	0.000969
1.688540	0.000979
1.689523	0.000991
1.690506	0.001001
1.691489	0.001013
1.692471	0.001025
1.693454	0.001037
1.694437	0.001048
1.695420	0.001058
1.696402	0.001069
1.697385	0.001081
1.698368	0.001093
1.699351	0.001105
1.700333	0.001117
1.701316	0.001129
1.702299	0.001141
1.703282	0.001153
1.704265	0.001164
1.705247	0.001177
1.706230	0.001190
1.707213	0.001202
1.708196	0.001213
1.709178	0.001227
1.710161	0.001239
1.711144	0.001251
1.712127	0.001264
1.713110	0.001277
1.714092	0.001290
1.715075	0.001302
1.716058	0.001314
1.717041	0.001329
1.718023	0.001342
1.719006	0.001355
1.719989	0.001368
1.720972	0.001381
1.721955	0.001394
1.722937	0.001409
1.723920	0.001422
1.724903	0.001436
1.725886	0.001449
1.726868	0.001464
1.727851	0.001477
1.728834	0.001490
1.729817	0.001506
1.730800	0.001520
1.731782	0.001534
1.732765	0.001549
1.733748	0.001563
1.734731	0.001577
1.735713	0.001593
1.736696	0.001607
1.737679	0.001623
1.738662	0.001637
1.739645	0.001653
1.740627	0.001668
1.741610	0.001684
1.742593	0.001698
1.743576	0.001715
1.744558	0.001729
1.745541	0.001745
1.746524	0.001762
1.747507	0.001777
1.748489	0.001794
1.749472	0.001809
1.750455	0.001826
1.751438	0.001842
1.752421	0.001860
1.753403	0.001876
1.754386	0.001892
1.755369	0.001910
1.756352	0.001927
1.757334	0.001943
1.758317	0.001960
1.759300	0.001978
1.760283	0.001995
1.761266	0.002013
1.762248	0.002031
1.763231	0.002049
1.764214	0.002067
1.765197	0.002086
1.766179	0.002104
1.767162	0.002123
1.768145	0.002140
1.769128	0.002159
1.770111	0.002178
1.771093	0.002197
1.772076	0.002216
1.773059	0.002235
1.774042	0.002256
1.775024	0.002275
1.776007	0.002294
1.776990	0.002314
1.777973	0.002333
1.778956	0.002355
1.779938	0.002374
1.780921	0.002394
1.781904	0.002416
1.782887	0.002436
1.783869	0.002458
1.784852	0.002478
1.785835	0.002500
1.786818	0.002521
1.787801	0.002543
1.788783	0.002564
1.789766	0.002586
1.790749	0.002608
1.791732	0.002630
1.792714	0.002654
1.793697	0.002675
1.794680	0.002698
1.795663	0.002722
1.796645	0.002745
1.797628	0.002767
1.798611	0.002791
1.799594	0.002815
1.800577	0.002839
1.801559	0.002863
1.802542	0.002887
1.803525	0.002912
1.804508	0.002937
1.805490	0.002962
1.806473	0.002987
1.807456	0.003013
1.808439	0.003039
1.809422	0.003064
1.810404	0.003090
1.811387	0.003115
1.812370	0.003143
1.813353	0.003169
1.814335	0.003196
1.815318	0.003223
1.816301	0.003251
1.817284	0.003278
1.818267	0.003304
1.819249	0.003333
1.820232	0.003362
1.821215	0.003390
1.822198	0.003418
1.823180	0.003448
1.824163	0.003478
1.825146	0.003505
1.826129	0.003535
1.827112	0.003565
1.828094	0.003596
1.829077	0.003627
1.830060	0.003657
1.831043	0.003687
1.832025	0.003719
1.833008	0.003750
1.833991	0.003782
1.834974	0.003814
1.835957	0.003847
1.836939	0.003878
1.837922	0.003912
1.838905	0.003945
1.839888	0.003979
1.840870	0.004012
1.841853	0.004046
1.842836	0.004081
1.843819	0.004115
1.844801	0.004150
1.845784	0.004185
1.846767	0.004220
1.847750	0.004258
1.848733	0.004293
1.849715	0.004329
1.850698	0.004366
1.851681	0.004405
1.852664	0.004442
1.853646	0.004479
1.854629	0.004517
1.855612	0.004555
1.856595	0.004594
1.857578	0.004633
1.858560	0.004673
1.859543	0.004713
1.860526	0.004753
1.861509	0.004793
1.862491	0.004834
1.863474	0.004876
1.864457	0.004918
1.865440	0.004961
1.866423	0.005003
1.867405	0.005044
1.868388	0.005088
1.869371	0.005132
1.870354	0.005176
1.871336	0.005220
1.872319	0.005266
1.873302	0.005311
1.874285	0.005355
1.875268	0.005402
1.876250	0.005449
1.877233	0.005497
1.878216	0.005543
1.879199	0.005591
1.880181	0.005639
1.881164	0.005688
1.882147	0.005737
1.883130	0.005787
1.884113	0.005839
1.885095	0.005888
1.886078	0.005939
1.887061	0.005992
1.888044	0.006043
1.889026	0.006095
1.890009	0.006148
1.890992	0.006202
1.891975	0.006257
1.892958	0.006311
1.893940	0.006365
1.894923	0.006422
1.895906	0.006477
1.896889	0.006535
1.897871	0.006592
1.898854	0.006649
1.899837	0.006708
1.900820	0.006767
1.901802	0.006826
1.902785	0.006886
1.903768	0.006947
1.904751	0.007008
1.905734	0.007070
1.906716	0.007133
1.907699	0.007196
1.908682	0.007259
1.909665	0.007323
1.910647	0.007389
1.911630	0.007453
1.912613	0.007520
1.913596	0.007587
1.914579	0.007655
1.915561	0.007722
1.916544	0.007792
1.917527	0.007861
1.918510	0.007931
1.919492	0.008002
1.920475	0.008074
1.921458	0.008147
1.922441	0.008220
1.923424	0.008293
1.924406	0.008368
1.925389	0.008443
1.926372	0.008519
1.927355	0.008595
1.928337	0.008673
1.929320	0.008752
1.930303	0.008831
1.931286	0.008910
1.932269	0.008991
1.933251	0.009072
1.934234	0.009155
1.935217	0.009239
1.936200	0.009322
1.937182	0.009407
1.938165	0.009493
1.939148	0.009579
1.940131	0.009667
1.941114	0.009756
1.942096	0.009845
1.943079	0.009936
1.944062	0.010027
1.945045	0.010119
1.946027	0.010212
1.947010	0.010305
1.947993	0.010401
1.948976	0.010496
1.949958	0.010594
1.950941	0.010692
1.951924	0.010791
1.952907	0.010890
1.953890	0.010992
1.954872	0.011094
1.955855	0.011196
1.956838	0.011300
1.957821	0.011407
1.958803	0.011512
1.959786	0.011621
1.960769	0.011730
1.961752	0.011839
1.962735	0.011950
1.963717	0.012062
1.964700	0.012176
1.965683	0.012291
1.966666	0.012407
1.967648	0.012523
1.968631	0.012641
1.969614	0.012761
1.970597	0.012880
1.971580	0.013003
1.972562	0.013127
1.973545	0.013251
1.974528	0.013377
1.975511	0.013503
1.976493	0.013633
1.977476	0.013763
1.978459	0.013894
1.979442	0.014027
1.980425	0.014161
1.981407	0.014296
1.982390	0.014433
1.983373	0.014573
1.984356	0.014712
1.985338	0.014854
1.986321	0.014997
1.987304	0.015142
1.988287	0.015288
1.989270	0.015435
1.990252	0.015584
1.991235	0.015735
1.992218	0.015888
1.993201	0.016042
1.994183	0.016197
1.995166	0.016355
1.996149	0.016514
1.997132	0.016675
1.998114	0.016838
1.999097	0.017002
2.000080	0.017169
2.001063	0.017335
2.002046	0.017505
2.003028	0.017676
2.004011	0.017849
2.004994	0.018025
2.005977	0.018202
2.006959	0.018380
2.007942	0.018562
2.008925	0.018745
2.009908	0.018929
2.010891	0.019116
2.011873	0.019305
2.012856	0.019496
2.013839	0.019689
2.014822	0.019885
2.015804	0.020081
2.016787	0.020281
2.017770	0.020481
2.018753	0.020685
2.019736	0.020891
2.020718	0.021098
2.021701	0.021307
2.022684	0.021519
2.023667	0.021735
2.024649	0.021950
2.025632	0.022169
2.026615	0.022390
2.027598	0.022615
2.028581	0.022841
2.029563	0.023069
2.030546	0.023299
2.031529	0.023533
2.032512	0.023768
2.033494	0.024006
2.034477	0.024247
2.035460	0.024489
2.036443	0.024736
2.037426	0.024983
2.038408	0.025233
2.039391	0.025487
2.040374	0.025741
2.041357	0.026001
2.042339	0.026262
2.043322	0.026525
2.044305	0.026790
2.045288	0.027059
2.046270	0.027331
2.047253	0.027606
2.048236	0.027883
2.049219	0.028163
2.050202	0.028444
2.051184	0.028730
2.052167	0.029018
2.053150	0.029310
2.054133	0.029603
2.055115	0.029900
2.056098	0.030199
2.057081	0.030501
2.058064	0.030805
2.059047	0.031114
2.060029	0.031423
2.061012	0.031738
2.061995	0.032054
2.062978	0.032374
2.063960	0.032696
2.064943	0.033021
2.065926	0.033349
2.066909	0.033680
2.067892	0.034013
2.068874	0.034349
2.069857	0.034689
2.070840	0.035030
2.071823	0.035376
2.072805	0.035724
2.073788	0.036076
2.074771	0.036428
2.075754	0.036785
2.076737	0.037146
2.077719	0.037507
2.078702	0.037872
2.079685	0.038240
2.080668	0.038611
2.081650	0.038984
2.082633	0.039360
2.083616	0.039739
2.084599	0.040119
2.085582	0.040503
2.086564	0.040890
2.087547	0.041279
2.088530	0.041670
2.089513	0.042065
2.090495	0.042461
2.091478	0.042859
2.092461	0.043260
2.093444	0.043663
2.094426	0.044069
2.095409	0.044477
2.096392	0.044886
2.097375	0.045298
2.098358	0.045711
2.099340	0.046126
2.100323	0.046544
2.101306	0.046963
2.102289	0.047384
2.103271	0.047805
2.104254	0.048230
2.105237	0.048655
2.106220	0.049081
2.107203	0.049508
2.108185	0.049937
2.109168	0.050368
2.110151	0.050798
2.111134	0.051229
2.112116	0.051661
2.113099	0.052094
2.114082	0.052528
2.115065	0.052961
2.116048	0.053394
2.117030	0.053828
2.118013	0.054260
2.118996	0.054694
2.119979	0.055127
2.120961	0.055560
2.121944	0.055992
2.122927	0.056422
2.123910	0.056851
2.124893	0.057280
2.125875	0.057707
2.126858	0.058132
2.127841	0.058556
2.128824	0.058979
2.129806	0.059399
2.130789	0.059816
2.131772	0.060231
2.132755	0.060645
2.133738	0.061054
2.134720	0.061462
2.135703	0.061866
2.136686	0.062266
2.137669	0.062664
2.138651	0.063056
2.139634	0.063445
2.140617	0.063830
2.141600	0.064210
2.142583	0.064586
2.143565	0.064956
2.144548	0.065324
2.145531	0.065684
2.146514	0.066039
2.147496	0.066388
2.148479	0.066731
2.149462	0.067068
2.150445	0.067400
2.151427	0.067724
2.152410	0.068042
2.153393	0.068353
2.154376	0.068655
2.155359	0.068952
2.156341	0.069241
2.157324	0.069523
2.158307	0.069794
2.159290	0.070059
2.160272	0.070317
2.161255	0.070563
2.162238	0.070802
2.163221	0.071032
2.164204	0.071253
2.165186	0.071465
2.166169	0.071667
2.167152	0.071859
2.168135	0.072041
2.169117	0.072215
2.170100	0.072377
2.171083	0.072529
2.172066	0.072671
2.173049	0.072803
2.174031	0.072924
2.175014	0.073033
2.175997	0.073133
2.176980	0.073222
2.177962	0.073298
2.178945	0.073365
2.179928	0.073420
2.180911	0.073464
2.181894	0.073497
2.182876	0.073517
2.183859	0.073528
2.184842	0.073525
2.185825	0.073512
2.186807	0.073488
2.187790	0.073451
2.188773	0.073403
2.189756	0.073345
2.190739	0.073273
2.191721	0.073190
2.192704	0.073097
2.193687	0.072992
2.194670	0.072876
2.195652	0.072748
2.196635	0.072609
2.197618	0.072459
2.198601	0.072297
2.199583	0.072125
2.200566	0.071941
2.201549	0.071747
2.202532	0.071542
2.203515	0.071327
2.204497	0.071101
2.205480	0.070866
2.206463	0.070618
2.207446	0.070363
2.208428	0.070095
2.209411	0.069820
2.210394	0.069534
2.211377	0.069239
2.212360	0.068935
2.213342	0.068622
2.214325	0.068299
2.215308	0.067968
2.216291	0.067627
2.217273	0.067280
2.218256	0.066923
2.219239	0.066559
2.220222	0.066186
2.221205	0.065807
2.222187	0.065420
2.223170	0.065026
2.224153	0.064625
2.225136	0.064217
2.226118	0.063801
2.227101	0.063380
2.228084	0.062952
2.229067	0.062519
2.230050	0.062081
2.231032	0.061636
2.232015	0.061187
2.232998	0.060731
2.233981	0.060271
2.234963	0.059805
2.235946	0.059337
2.236929	0.058864
2.237912	0.058386
2.238895	0.057904
2.239877	0.057418
2.240860	0.056930
2.241843	0.056438
2.242826	0.055941
2.243808	0.055444
2.244791	0.054942
2.245774	0.054438
2.246757	0.053932
2.247739	0.053424
2.248722	0.052912
2.249705	0.052400
2.250688	0.051885
2.251671	0.051369
2.252653	0.050853
2.253636	0.050332
2.254619	0.049813
2.255602	0.049292
2.256584	0.048771
2.257567	0.048247
2.258550	0.047723
2.259533	0.047199
2.260516	0.046675
2.261498	0.046150
2.262481	0.045626
2.263464	0.045101
2.264447	0.044578
2.265429	0.044053
2.266412	0.043529
2.267395	0.043005
2.268378	0.042482
2.269361	0.041960
2.270343	0.041438
2.271326	0.040917
2.272309	0.040397
2.273292	0.039877
2.274274	0.039358
2.275257	0.038842
2.276240	0.038325
2.277223	0.037811
2.278206	0.037295
2.279188	0.036784
2.280171	0.036273
2.281154	0.035763
2.282137	0.035255
2.283119	0.034748
2.284102	0.034242
2.285085	0.033740
2.286068	0.033238
2.287051	0.032737
2.288033	0.032238
2.289016	0.031740
2.289999	0.031245
2.290982	0.030751
2.291964	0.030260
2.292947	0.029769
2.293930	0.029281
2.294913	0.028795
2.295895	0.028310
2.296878	0.027827
2.297861	0.027346
2.298844	0.026867
2.299827	0.026390
2.300809	0.025915
2.301792	0.025441
2.302775	0.024969
2.303758	0.024499
2.304740	0.024030
2.305723	0.023564
2.306706	0.023098
2.307689	0.022636
2.308672	0.022175
2.309654	0.021716
2.310637	0.021259
2.311620	0.020802
2.312603	0.020349
2.313585	0.019896
2.314568	0.019446
2.315551	0.018996
2.316534	0.018549
2.317517	0.018103
2.318499	0.017658
2.319482	0.017217
2.320465	0.016775
2.321448	0.016335
2.322430	0.015896
2.323413	0.015460
2.324396	0.015025
2.325379	0.014590
2.326362	0.014158
2.327344	0.013727
2.328327	0.013296
2.329310	0.012868
2.330293	0.012441
2.331275	0.012014
2.332258	0.011590
2.333241	0.011165
2.334224	0.010742
2.335207	0.010320
2.336189	0.009900
2.337172	0.009480
2.338155	0.009062
2.339138	0.008643
2.340120	0.008226
2.341103	0.007810
2.342086	0.007393
2.343069	0.006978
2.344051	0.006565
2.345034	0.006151
2.346017	0.005738
2.347000	0.005326
2.347983	0.004914
2.348965	0.004504
2.349948	0.004093
2.350931	0.003682
2.351914	0.003271
2.352896	0.002862
2.353879	0.002453
2.354862	0.002043
2.355845	0.001634
2.356828	0.001225
2.357810	0.000817
2.358793	0.000408
2.359776	0.000000
2.360759	-0.000000
2.361741	0.000000
2.362724	-0.000000
2.363707	-0.000000
2.364690	0.000000
2.365673	0.000000
2.366655	-0.000000
2.367638	0.000000
2.368621	0.000000
2.369604	0.000000
2.370586	0.000000
2.371569	0.000000
2.372552	-0.000000
2.373535	0.000000
2.374518	-0.000000
2.375500	0.000000
2.376483	0.000000
2.377466	-0.000000
2.378449	-0.000000
2.379431	-0.000000
2.380414	0.000000
2.381397	0.000000
2.382380	-0.000000
2.383363	-0.000000
2.384345	0.000000
2.385328	0.000000
2.386311	0.000000
2.387294	0.000000
2.388276	0.000000
2.389259	0.000000
2.390242	-0.000000
2.391225	-0.000000
2.392208	-0.000000
2.393190	-0.000000
2.394173	0.000000
2.395156	0.000000
2.396139	0.000000
2.397121	0.000000
2.398104	-0.000000
2.399087	0.000000
2.400070	0.000000
2.401052	-0.000000
2.402035	0.000000
2.403018	-0.000000
2.404001	-0.000000
2.404984	0.000000
2.405966	-0.000000
2.406949	0.000000
2.407932	-0.000000
2.408915	-0.000000
2.409897	-0.000000
2.410880	-0.000000
2.411863	-0.000000
2.412846	-0.000000
2.413829	0.000000
2.414811	0.000000
2.415794	-0.000000
2.416777	-0.000000
2.417760	0.000000
2.418742	0.000000
2.419725	0.000000
2.420708	0.000000
2.421691	0.000000
2.422674	0.000000
2.423656	0.000000
2.424639	0.000000
2.425622	0.000000
2.426605	-0.000000
2.427587	0.000000
2.428570	-0.000000
2.429553	0.000000
2.430536	-0.000000
2.431519	0.000000
2.432501	-0.000000
2.433484	0.000000
2.434467	0.000000
2.435450	-0.000000
2.436432	-0.000000
2.437415	-0.000000
2.438398	-0.000000
2.439381	-0.000000
2.440364	-0.000000
2.441346	0.000000
2.442329	-0.000000
2.443312	0.000000
2.444295	0.000000
2.445277	0.000000
2.446260	0.000000
2.447243	0.000000
2.448226	0.000000
2.449208	-0.000000
2.450191	-0.000000
2.451174	0.000000
2.452157	0.000000
2.453140	-0.000000
2.454122	-0.000000
2.455105	-0.000000
2.456088	-0.000000
2.457071	0.000000
2.458053	0.000000
2.459036	-0.000000
2.460019	0.000000
2.461002	-0.000000
2.461985	0.000000
2.462967	0.000000
2.463950	-0.000000
2.464933	-0.000000
2.465916	-0.000000
2.466898	-0.000000
2.467881	0.000000
2.468864	0.000000
2.469847	0.000000
2.470830	0.000000
2.471812	-0.000000
2.472795	0.000000
2.473778	-0.000000
2.474761	-0.000000
2.475743	0.000000
2.476726	-0.000000
2.477709	-0.000000
2.478692	0.000000
2.479675	-0.000000
2.480657	-0.000000
2.481640	0.000000
2.482623	-0.000000
2.483606	0.000000
2.484588	0.000000
2.485571	0.000000
2.486554	0.000000
2.487537	0.000000
2.488520	-0.000000
2.489502	-0.000000
2.490485	-0.000000
2.491468	-0.000000
2.492451	0.000000
2.493433	-0.000000
2.494416	-0.000000
2.495399	0.000000
2.496382	-0.000000
2.497364	0.000000
2.498347	0.000000
2.499330	-0.000000
2.500313	0.000000
2.501296	0.000000
2.502278	0.000000
2.503261	-0.000000
2.504244	-0.000000
2.505227	-0.000000
2.506209	0.000000
2.507192	-0.000000
2.508175	-0.000000
2.509158	0.000000
2.510141	-0.000000
2.511123	-0.000000
2.512106	-0.000000
2.513089	0.000000
2.514072	-0.000000
2.515054	-0.000000
2.516037	0.000000
2.517020	-0.000000
2.518003	0.000000
2.518986	-0.000000
2.519968	0.000000
2.520951	-0.000000
2.521934	0.000000
2.522917	0.000000
2.523899	0.000000
2.524882	-0.000000
2.525865	-0.000000
2.526848	0.000000
2.527831	0.000000
2.528813	-0.000000
2.529796	0.000000
2.530779	0.000000
2.531762	0.000000
2.532744	-0.000000
2.533727	-0.000000
2.534710	-0.000000
2.535693	0.000000
2.536676	0.000000
2.537658	0.000000
2.538641	-0.000000
2.539624	-0.000000
2.540607	0.000000
2.541589	0.000000
2.542572	-0.000000
2.543555	-0.000000
2.544538	-0.000000
2.545520	-0.000000
2.546503	0.000000
2.547486	-0.000000
2.548469	-0.000000
2.549452	0.000000
2.550434	0.000000
2.551417	0.000000
2.552400	0.000000
2.553383	0.000000
2.554365	0.000000
2.555348	0.000000
2.556331	-0.000000
2.557314	0.000000
2.558297	-0.000000
2.559279	-0.000000
2.560262	-0.000000
2.561245	-0.000000
2.562228	0.000000
2.563210	-0.000000
2.564193	-0.000000
2.565176	0.000000
2.566159	0.000000
2.567142	-0.000000
2.568124	0.000000
2.569107	-0.000000
2.570090	-0.000000
2.571073	0.000000
2.572055	0.000000
2.573038	0.000000
2.574021	-0.000000
2.575004	-0.000000
2.575987	-0.000000
2.576969	-0.000000
2.577952	0.000000
2.578935	0.000000
2.579918	-0.000000
2.580900	-0.000000
2.581883	0.000000
2.582866	0.000000
2.583849	-0.000000
2.584832	-0.000000
2.585814	0.000000
2.586797	0.000000
2.587780	-0.000000
2.588763	-0.000000
2.589745	-0.000000
2.590728	-0.000000
2.591711	0.000000
2.592694	0.000000
2.593676	0.000000
2.594659	-0.000000
2.595642	-0.000000
2.596625	0.000000
2.597608	-0.000000
2.598590	0.000000
2.599573	0.000000
2.600556	-0.000000
2.601539	-0.000000
2.602521	0.000000
2.603504	-0.000000
2.604487	-0.000000
2.605470	-0.000000
2.606453	-0.000000
2.607435	0.000000
2.608418	-0.000000
2.609401	0.000000
2.610384	0.000000
2.611366	0.000000
2.612349	0.000000
2.613332	0.000000
2.614315	0.000000
2.615298	0.000000
2.616280	-0.000000
2.617263	-0.000000
2.618246	0.000000
2.619229	-0.000000
2.620211	-0.000000
2.621194	-0.000000
2.622177	-0.000000
2.623160	0.000000
2.624143	0.000000
2.625125	-0.000000
2.626108	-0.000000
2.627091	0.000000
2.628074	0.000000
2.629056	0.000000
2.630039	-0.000000
2.631022	-0.000000
2.632005	-0.000000
2.632988	0.000000
2.633970	0.000000
2.634953	0.000000
2.635936	-0.000000
2.636919	0.000000
2.637901	0.000000
2.638884	-0.000000
2.639867	-0.000000
2.640850	0.000000
2.641833	0.000000
2.642815	0.000000
2.643798	-0.000000
2.644781	0.000000
2.645764	-0.000000
2.646746	0.000000
2.647729	-0.000000
2.648712	0.000000
2.649695	-0.000000
2.650677	-0.000000
2.651660	0.000000
2.652643	-0.000000
2.653626	-0.000000
2.654609	-0.000000
2.655591	0.000000
2.656574	-0.000000
2.657557	-0.000000
2.658540	0.000000
2.659522	-0.000000
2.660505	-0.000000
2.661488	-0.000000
2.662471	0.000000
2.663454	0.000000
2.664436	0.000000
2.665419	-0.000000
2.666402	0.000000
2.667385	0.000000
2.668367	-0.000000
2.669350	0.000000
2.670333	-0.000000
2.671316	-0.000000
2.672299	0.000000
2.673281	-0.000000
2.674264	-0.000000
2.675247	-0.000000
2.676230	-0.000000
2.677212	0.000000
2.678195	0.000000
2.679178	0.000000
2.680161	0.000000
2.681144	0.000000
2.682126	-0.000000
2.683109	0.000000
2.684092	-0.000000
2.685075	-0.000000
2.686057	0.000000
2.687040	-0.000000
2.688023	-0.000000
2.689006	0.000000
2.689989	-0.000000
2.690971	-0.000000
2.691954	0.000000
2.692937	-0.000000
2.693920	0.000000
2.694902	0.000000
2.695885	0.000000
2.696868	0.000000
2.697851	-0.000000
2.698833	-0.000000
2.699816	-0.000000
2.700799	-0.000000
2.701782	0.000000
2.702765	0.000000
2.703747	-0.000000
2.704730	0.000000
2.705713	-0.000000
2.706696	0.000000
2.707678	0.000000
2.708661	-0.000000
2.709644	-0.000000
2.710627	-0.000000
2.711610	-0.000000
2.712592	0.000000
2.713575	0.000000
2.714558	-0.000000
2.715541	-0.000000
2.716523	0.000000
2.717506	0.000000
2.718489	0.000000
2.719472	0.000000
2.720455	0.000000
2.721437	0.000000
2.722420	-0.000000
2.723403	0.000000
2.724386	-0.000000
2.725368	-0.000000
2.726351	-0.000000
2.727334	-0.000000
2.728317	-0.000000
2.729300	-0.000000
2.730282	0.000000
2.731265	0.000000
2.732248	-0.000000
2.733231	0.000000
2.734213	-0.000000
2.735196	0.000000
2.736179	-0.000000
2.737162	0.000000
2.738145	-0.000000
2.739127	0.000000
2.740110	0.000000
2.741093	0.000000
2.742076	0.000000
2.743058	0.000000
2.744041	0.000000
2.745024	0.000000
2.746007	0.000000
2.746989	0.000000
2.747972	-0.000000
2.748955	-0.000000
2.749938	0.000000
2.750921	0.000000
2.751903	-0.000000
2.752886	-0.000000
2.753869	-0.000000
2.754852	-0.000000
2.755834	-0.000000
2.756817	-0.000000
2.757800	0.000000
2.758783	-0.000000
2.759766	0.000000
2.760748	-0.000000
2.761731	-0.000000
2.762714	0.000000
2.763697	-0.000000
2.764679	0.000000
2.765662	0.000000
2.766645	-0.000000
2.767628	0.000000
2.768611	0.000000
2.769593	0.000000
2.770576	0.000000
2.771559	-0.000000
2.772542	-0.000000
2.773524	-0.000000
2.774507	-0.000000
2.775490	0.000000
2.776473	0.000000
2.777456	0.000000
2.778438	0.000000
2.779421	0.000000
2.780404	0.000000
2.781387	-0.000000
2.782369	-0.000000
2.783352	0.000000
2.784335	0.000000
2.785318	-0.000000
2.786301	-0.000000
2.787283	-0.000000
2.788266	0.000000
2.789249	0.000000
2.790232	-0.000000
2.791214	0.000000
2.792197	-0.000000
2.793180	0.000000
2.794163	0.000000
2.795145	0.000000
2.796128	0.000000
2.797111	0.000000
2.798094	-0.000000
2.799077	0.000000
2.800059	0.000000
2.801042	-0.000000
2.802025	-0.000000
2.803008	0.000000
2.803990	-0.000000
2.804973	0.000000
2.805956	0.000408
2.806939	0.000817
2.807922	0.001225
2.808904	0.001634
2.809887	0.002043
2.810870	0.002453
2.811853	0.002862
2.812835	0.003271
2.813818	0.003682
2.814801	0.004093
2.815784	0.004504
2.816767	0.004914
2.817749	0.005326
2.818732	0.005738
2.819715	0.006151
2.820698	0.006565
2.821680	0.006978
2.822663	0.007393
2.823646	0.007810
2.824629	0.008226
2.825612	0.008643
2.826594	0.009062
2.827577	0.009480
2.828560	0.009900
2.829543	0.010320
2.830525	0.010742
2.831508	0.011165
2.832491	0.011590
2.833474	0.012014
2.834457	0.012441
2.835439	0.012868
2.836422	0.013296
2.837405	0.013727
2.838388	0.014158
2.839370	0.014590
2.840353	0.015025
2.841336	0.015460
2.842319	0.015896
2.843301	0.016335
2.844284	0.016775
2.845267	0.017217
2.846250	0.017658
2.847233	0.018103
2.848215	0.018549
2.849198	0.018996
2.850181	0.019446
2.851164	0.019896
2.852146	0.020349
2.853129	0.020802
2.854112	0.021259
2.855095	0.021716
2.856078	0.022175
2.857060	0.022636
2.858043	0.023098
2.859026	0.023564
2.860009	0.024030
2.860991	0.024499
2.861974	0.024969
2.862957	0.025441
2.863940	0.025915
2.864923	0.026390
2.865905	0.026867
2.866888	0.027346
2.867871	0.027827
2.868854	0.028310
2.869836	0.028795
2.870819	0.029281
2.871802	0.029769
2.872785	0.030260
2.873768	0.030751
2.874750	0.031245
2.875733	0.031740
2.876716	0.032238
2.877699	0.032737
2.878681	0.033238
2.879664	0.033740
2.880647	0.034242
2.881630	0.034748
2.882613	0.035255
2.883595	0.035763
2.884578	0.036273
2.885561	0.036784
2.886544	0.037295
2.887526	0.037811
2.888509	0.038325
2.889492	0.038842
2.890475	0.039358
2.891458	0.039877
2.892440	0.040397
2.893423	0.040917
2.894406	0.041438
2.895389	0.041960
2.896371	0.042482
2.897354	0.043005
2.898337	0.043529
2.899320	0.044053
2.900302	0.044578
2.901285	0.045101
2.902268	0.045626
2.903251	0.046150
2.904234	0.046675
2.905216	0.047199
2.906199	0.047723
2.907182	0.048247
2.908165	0.048771
2.909147	0.049292
2.910130	0.049813
2.911113	0.050332
2.912096	0.050853
2.913079	0.051369
2.914061	0.051885
2.915044	0.052400
2.916027	0.052912
2.917010	0.053424
2.917992	0.053932
2.918975	0.054438
2.919958	0.054942
2.920941	0.055444
2.921924	0.055941
2.922906	0.056438
2.923889	0.056930
2.924872	0.057418
2.925855	0.057904
2.926837	0.058386
2.927820	0.058864
2.928803	0.059337
2.929786	0.059805
2.930769	0.060271
2.931751	0.060731
2.932734	0.061187
2.933717	0.061636
2.934700	0.062081
2.935682	0.062519
2.936665	0.062952
2.937648	0.063380
2.938631	0.063801
2.939614	0.064217
2.940596	0.064625
2.941579	0.065026
2.942562	0.065420
2.943545	0.065807
2.944527	0.066186
2.945510	0.066559
2.946493	0.066923
2.947476	0.067280
2.948458	0.067627
2.949441	0.067968
2.950424	0.068299
2.951407	0.068622
2.952390	0.068935
2.953372	0.069239
2.954355	0.069534
2.955338	0.069820
2.956321	0.070095
2.957303	0.070363
2.958286	0.070618
2.959269	0.070866
2.960252	0.071101
2.961235	0.071327
2.962217	0.071542
2.963200	0.071747
2.964183	0.071941
2.965166	0.072125
2.966148	0.072297
2.967131	0.072459
2.968114	0.072609
2.969097	0.072748
2.970080	0.072876
2.971062	0.072992
2.972045	0.073097
2.973028	0.073190
2.974011	0.073273
2.974993	0.073345
2.975976	0.073403
2.976959	0.073451
2.977942	0.073488
2.978925	0.073512
2.979907	0.073525
2.980890	0.073528
2.981873	0.073517
2.982856	0.073497
2.983838	0.073464
2.984821	0.073420
2.985804	0.073365
2.986787	0.073298
2.987770	0.073222
2.988752	0.073133
2.989735	0.073033
2.990718	0.072924
2.991701	0.072803
2.992683	0.072671
2.993666	0.072529
2.994649	0.072377
2.995632	0.072215
2.996614	0.072041
2.997597	0.071859
2.998580	0.071667
2.999563	0.071465
3.000546	0.071253
3.001528	0.071032
3.002511	0.070802
3.003494	0.070563
3.004477	0.070317
3.005459	0.070059
3.006442	0.069794
3.007425	0.069523
3.008408	0.069241
3.009391	0.068952
3.010373	0.068655
3.011356	0.068353
3.012339	0.068042
3.013322	0.067724
3.014304	0.067400
3.015287	0.067068
3.016270	0.066731
3.017253	0.066388
3.018236	0.066039
3.019218	0.065684
3.020201	0.065324
3.021184	0.064956
3.022167	0.064586
3.023149	0.064210
3.024132	0.063830
3.025115	0.063445
3.026098	0.063056
3.027081	0.062664
3.028063	0.062266
3.029046	0.061866
3.030029	0.061462
3.031012	0.061054
3.031994	0.060645
3.032977	0.060231
3.033960	0.059816
3.034943	0.059399
3.035926	0.058979
3.036908	0.058556
3.037891	0.058132
3.038874	0.057707
3.039857	0.057280
3.040839	0.056851
3.041822	0.056422
3.042805	0.055992
3.043788	0.055560
3.044770	0.055127
3.045753	0.054694
3.046736	0.054260
3.047719	0.053828
3.048702	0.053394
3.049684	0.052961
3.050667	0.052528
3.051650	0.052094
3.052633	0.051661
3.053615	0.051229
3.054598	0.050798
3.055581	0.050368
3.056564	0.049937
3.057547	0.049508
3.058529	0.049081
3.059512	0.048655
3.060495	0.048230
3.061478	0.047805
3.062460	0.047384
3.063443	0.046963
3.064426	0.046544
3.065409	0.046126
3.066392	0.045711
3.067374	0.045298
3.068357	0.044886
3.069340	0.044477
3.070323	0.044069
3.071305	0.043663
3.072288	0.043260
3.073271	0.042859
3.074254	0.042461
3.075237	0.042065
3.076219	0.041670
3.077202	0.041279
3.078185	0.040890
3.079168	0.040503
3.080150	0.040119
3.081133	0.039739
3.082116	0.039360
3.083099	0.038984
3.084082	0.038611
3.085064	0.038240
3.086047	0.037872
3.087030	0.037507
3.088013	0.037146
3.088995	0.036785
3.089978	0.036428
3.090961	0.036076
3.091944	0.035724
3.092926	0.035376
3.093909	0.035030
3.094892	0.034689
3.095875	0.034349
3.096858	0.034013
3.097840	0.033680
3.098823	0.033349
3.099806	0.033021
3.100789	0.032696
3.101771	0.032374
3.102754	0.032054
3.103737	0.031738
3.104720	0.031423
3.105703	0.031114
3.106685	0.030805
3.107668	0.030501
3.108651	0.030199
3.109634	0.029900
3.110616	0.029603
3.111599	0.029310
3.112582	0.029018
3.113565	0.028730
3.114548	0.028444
3.115530	0.028163
3.116513	0.027883
3.117496	0.027606
3.118479	0.027331
3.119461	0.027059
3.120444	0.026790
3.121427	0.026525
3.122410	0.026262
3.123393	0.026001
3.124375	0.025741
3.125358	0.025487
3.126341	0.025233
3.127324	0.024983
3.128306	0.024736
3.129289	0.024489
3.130272	0.024247
3.131255	0.024006
3.132238	0.023768
3.133220	0.023533
3.134203	0.023299
3.135186	0.023069
3.136169	0.022841
3.137151	0.022615
3.138134	0.022390
3.139117	0.022169
3.140100	0.021950
3.141083	0.021735
3.142065	0.021519
3.143048	0.021307
3.144031	0.021098
3.145014	0.020891
3.145996	0.020685
3.146979	0.020481
3.147962	0.020281
3.148945	0.020081
3.149927	0.019885
3.150910	0.019689
3.151893	0.019496
3.152876	0.019305
3.153859	0.019116
3.154841	0.018929
3.155824	0.018745
3.156807	0.018562
3.157790	0.018380
3.158772	0.018202
3.159755	0.018025
3.160738	0.017849
3.161721	0.017676
3.162704	0.017505
3.163686	0.017335
3.164669	0.017169
3.165652	0.017002
3.166635	0.016838
3.167617	0.016675
3.168600	0.016514
3.169583	0.016355
3.170566	0.016197
3.171549	0.016042
3.172531	0.015888
3.173514	0.015735
3.174497	0.015584
3.175480	0.015435
3.176462	0.015288
3.177445	0.015142
3.178428	0.014997
3.179411	0.014854
3.180394	0.014712
3.181376	0.014573
3.182359	0.014433
3.183342	0.014296
3.184325	0.014161
3.185307	0.014027
3.186290	0.013894
3.187273	0.013763
3.188256	0.013633
3.189239	0.013503
3.190221	0.013377
3.191204	0.013251
3.192187	0.013127
3.193170	0.013003
3.194152	0.012880
3.195135	0.012761
3.196118	0.012641
3.197101	0.012523
3.198083	0.012407
3.199066	0.012291
3.200049	0.012176
3.201032	0.012062
3.202015	0.011950
3.202997	0.011839
3.203980	0.011730
3.204963	0.011621
3.205946	0.011512
3.206928	0.011407
3.207911	0.011300
3.208894	0.011196
3.209877	0.011094
3.210860	0.010992
3.211842	0.010890
3.212825	0.010791
3.213808	0.010692
3.214791	0.010594
3.215773	0.010496
3.216756	0.010401
3.217739	0.010305
3.218722	0.010212
3.219705	0.010119
3.220687	0.010027
3.221670	0.009936
3.222653	0.009845
3.223636	0.009756
3.224618	0.009667
3.225601	0.009579
3.226584	0.009493
3.227567	0.009407
3.228550	0.009322
3.229532	0.009239
3.230515	0.009155
3.231498	0.009072
3.232481	0.008991
3.233463	0.008910
3.234446	0.008831
3.235429	0.008752
3.236412	0.008673
3.237395	0.008595
3.238377	0.008519
3.239360	0.008443
3.240343	0.008368
3.241326	0.008293
3.242308	0.008220
3.243291	0.008147
3.244274	0.008074
3.245257	0.008002
3.246239	0.007931
3.247222	0.007861
3.248205	0.007792
3.249188	0.007722
3.250171	0.007655
3.251153	0.007587
3.252136	0.007520
3.253119	0.007453
3.254102	0.007389
3.255084	0.007323
3.256067	0.007259
3.257050	0.007196
3.258033	0.007133
3.259016	0.007070
3.259998	0.007008
3.260981	0.006947
3.261964	0.006886
3.262947	0.006826
3.263929	0.006767
3.264912	0.006708
3.265895	0.006649
3.266878	0.006592
3.267861	0.006535
3.268843	0.006477
3.269826	0.006422
3.270809	0.006365
3.271792	0.006311
3.272774	0.006257
3.273757	0.006202
3.274740	0.006148
3.275723	0.006095
3.276706	0.006043
3.277688	0.005992
3.278671	0.005939
3.279654	0.005888
3.280637	0.005839
3.281619	0.005787
3.282602	0.005737
3.283585	0.005688
3.284568	0.005639
3.285551	0.005591
3.286533	0.005543
3.287516	0.005497
3.288499	0.005449
3.289482	0.005402
3.290464	0.005355
3.291447	0.005311
3.292430	0.005266
3.293413	0.005220
3.294395	0.005176
3.295378	0.005132
3.296361	0.005088
3.297344	0.005044
3.298327	0.005003
3.299309	0.004961
3.300292	0.004918
3.301275	0.004876
3.302258	0.004834
3.303240	0.004793
3.304223	0.004753
3.305206	0.004713
3.306189	0.004673
3.307172	0.004633
3.308154	0.004594
3.309137	0.004555
3.310120	0.004517
3.311103	0.004479
3.312085	0.004442
3.313068	0.004405
3.314051	0.004366
3.315034	0.004329
3.316017	0.004293
3.316999	0.004258
3.317982	0.004220
3.318965	0.004185
3.319948	0.004150
3.320930	0.004115
3.321913	0.004081
3.322896	0.004046
3.323879	0.004012
3.324862	0.003979
3.325844	0.003945
3.326827	0.003912
3.327810	0.003878
3.328793	0.003847
3.329775	0.003814
3.330758	0.003782
3.331741	0.003750
3.332724	0.003719
3.333707	0.003687
3.334689	0.003657
3.335672	0.003627
3.336655	0.003596
3.337638	0.003565
3.338620	0.003535
3.339603	0.003505
3.340586	0.003478
3.341569	0.003448
3.342551	0.003418
3.343534	0.003390
3.344517	0.003362
3.345500	0.003333
3.346483	0.003304
3.347465	0.003278
3.348448	0.003251
3.349431	0.003223
3.350414	0.003196
3.351396	0.003169
3.352379	0.003143
3.353362	0.003115
3.354345	0.003090
3.355328	0.003064
3.356310	0.003039
3.357293	0.003013
3.358276	0.002987
3.359259	0.002962
3.360241	0.002937
3.361224	0.002912
3.362207	0.002887
3.363190	0.002863
3.364173	0.002839
3.365155	0.002815
3.366138	0.002791
3.367121	0.002767
3.368104	0.002745
3.369086	0.002722
3.370069	0.002698
3.371052	0.002675
3.372035	0.002654
3.373018	0.002630
3.374000	0.002608
3.374983	0.002586
3.375966	0.002564
3.376949	0.002543
3.377931	0.002521
3.378914	0.002500
3.379897	0.002478
3.380880	0.002458
3.381863	0.002436
3.382845	0.002416
3.383828	0.002394
3.384811	0.002374
3.385794	0.002355
3.386776	0.002333
3.387759	0.002314
3.388742	0.002294
3.389725	0.002275
3.390708	0.002256
3.391690	0.002235
3.392673	0.002216
3.393656	0.002197
3.394639	0.002178
3.395621	0.002159
3.396604	0.002140
3.397587	0.002123
3.398570	0.002104
3.399552	0.002086
3.400535	0.002067
3.401518	0.002049
3.402501	0.002031
3.403484	0.002013
3.404466	0.001995
3.405449	0.001978
3.406432	0.001960
3.407415	0.001943
3.408397	0.001927
3.409380	0.001910
3.410363	0.001892
3.411346	0.001876
3.412329	0.001860
3.413311	0.001842
3.414294	0.001826
3.415277	0.001809
3.416260	0.001794
3.417242	0.001777
3.418225	0.001762
3.419208	0.001745
3.420191	0.001729
3.421174	0.001715
3.422156	0.001698
3.423139	0.001684
3.424122	0.001668
3.425105	0.001653
3.426087	0.001637
3.427070	0.001623
3.428053	0.001607
3.429036	0.001593
3.430019	0.001577
3.431001	0.001563
3.431984	0.001549
3.432967	0.001534
3.433950	0.001520
3.434932	0.001506
3.435915	0.001490
3.436898	0.001477
3.437881	0.001464
3.438864	0.001449
3.439846	0.001436
3.440829	0.001422
3.441812	0.001409
3.442795	0.001394
3.443777	0.001381
3.444760	0.001368
3.445743	0.001355
3.446726	0.001342
3.447708	0.001329
3.448691	0.001314
3.449674	0.001302
3.450657	0.001290
3.451640	0.001277
3.452622	0.001264
3.453605	0.001251
3.454588	0.001239
3.455571	0.001227
3.456553	0.001213
3.457536	0.001202
3.458519	0.001190
3.459502	0.001177
3.460485	0.001164
3.461467	0.001153
3.462450	0.001141
3.463433	0.001129
3.464416	0.001117
3.465398	0.001105
3.466381	0.001093
3.467364	0.001081
3.468347	0.001069
3.469330	0.001058
3.470312	0.001048
3.471295	0.001037
3.472278	0.001025
3.473261	0.001013
3.474243	0.001001
3.475226	0.000991
3.476209	0.000979
3.477192	0.000969
3.478175	0.000957
3.479157	0.000946
3.480140	0.000935
3.481123	0.000924
3.482106	0.000914
3.483088	0.000903
3.484071	0.000892
3.485054	0.000881
3.486037	0.000872
3.487020	0.000861
3.488002	0.000850
3.488985	0.000840
3.489968	0.000830
3.490951	0.000819
3.491933	0.000810
3.492916	0.000799
3.493899	0.000788
3.494882	0.000779
3.495864	0.000768
3.496847	0.000758
3.497830	0.000747
3.498813	0.000738
3.499796	0.000728
3.500778	0.000719
3.501761	0.000708
3.502744	0.000698
3.503727	0.000689
3.504709	0.000679
3.505692	0.000671
3.506675	0.000659
3.507658	0.000651
3.508641	0.000641
3.509623	0.000631
3.510606	0.000622
3.511589	0.000612
3.512572	0.000603
3.513554	0.000594
3.514537	0.000584
3.515520	0.000575
3.516503	0.000566
3.517486	0.000556
3.518468	0.000547
3.519451	0.000538
3.520434	0.000529
3.521417	0.000520
3.522399	0.000511
3.523382	0.000502
3.524365	0.000493
3.525348	0.000483
3.526331	0.000474
3.527313	0.000466
3.528296	0.000457
3.529279	0.000448
3.530262	0.000438
3.531244	0.000429
3.532227	0.000421
3.533210	0.000411
3.534193	0.000403
3.535176	0.000395
3.536158	0.000386
3.537141	0.000377
3.538124	0.000370
3.539107	0.000361
3.540089	0.000352
3.541072	0.000343
3.542055	0.000334
3.543038	0.000326
3.544020	0.000317
3.545003	0.000309
3.545986	0.000299
3.546969	0.000292
3.547952	0.000282
3.548934	0.000275
3.549917	0.000265
3.550900	0.000257
3.551883	0.000249
3.552865	0.000240
3.553848	0.000232
3.554831	0.000224
3.555814	0.000215
3.556797	0.000207
3.557779	0.000199
3.558762	0.000190
3.559745	0.000182
3.560728	0.000175
3.561710	0.000165
3.562693	0.000157
3.563676	0.000148
3.564659	0.000140
3.565642	0.000132
3.566624	0.000123
3.567607	0.000115
3.568590	0.000106
3.569573	0.000099
3.570555	0.000091
3.571538	0.000081
3.572521	0.000074
3.573504	0.000065
3.574487	0.000057
3.575469	0.000049
3.576452	0.000042
3.577435	0.000032
3.578418	0.000025
3.579400	0.000017
3.580375	0.000008
3.581350	0.000016
3.582325	0.000024
3.583300	0.000031
3.584274	0.000040
3.585249	0.000047
3.586224	0.000055
3.587199	0.000063
3.588174	0.000071
3.589148	0.000078
3.590123	0.000086
3.591098	0.000092
3.592073	0.000100
3.593048	0.000108
3.594022	0.000114
3.594997	0.000122
3.595972	0.000129
3.596947	0.000135
3.597921	0.000142
3.598896	0.000150
3.599871	0.000157
3.600846	0.000163
3.601821	0.000171
3.602795	0.000177
3.603770	0.000185
3.604745	0.000190
3.605720	0.000197
3.606695	0.000205
3.607669	0.000211
3.608644	0.000217
3.609619	0.000224
3.610594	0.000230
3.611569	0.000236
3.612543	0.000243
3.613518	0.000248
3.614493	0.000255
3.615468	0.000260
3.616443	0.000266
3.617417	0.000272
3.618392	0.000279
3.619367	0.000285
3.620342	0.000290
3.621316	0.000297
3.622291	0.000302
3.623266	0.000309
3.624241	0.000314
3.625216	0.000321
3.626190	0.000325
3.627165	0.000331
3.628140	0.000337
3.629115	0.000343
3.630090	0.000347
3.631064	0.000353
3.632039	0.000359
3.633014	0.000364
3.633989	0.000370
3.634964	0.000375
3.635938	0.000380
3.636913	0.000385
3.637888	0.000390
3.638863	0.000396
3.639838	0.000401
3.640812	0.000406
3.641787	0.000411
3.642762	0.000416
3.643737	0.000421
3.644711	0.000426
3.645686	0.000431
3.646661	0.000435
3.647636	0.000440
3.648611	0.000445
3.649585	0.000449
3.650560	0.000454
3.651535	0.000460
3.652510	0.000464
3.653485	0.000469
3.654459	0.000473
3.655434	0.000478
3.656409	0.000482
3.657384	0.000487
3.658359	0.000491
3.659333	0.000495
3.660308	0.000500
3.661283	0.000504
3.662258	0.000508
3.663233	0.000512
3.664207	0.000517
3.665182	0.000521
3.666157	0.000525
3.667132	0.000529
3.668106	0.000533
3.669081	0.000537
3.670056	0.000545
3.671031	0.000542
3.672006	0.000552
3.672980	0.000556
3.673955	0.000553
3.674930	0.000563
3.675905	0.000567
3.676880	0.000564
3.677854	0.000574
3.678829	0.000577
3.679804	0.000581
3.680779	0.000578
3.681754	0.000588
3.682728	0.000591
3.683703	0.000594
3.684678	0.000598
3.685653	0.000601
3.686628	0.000604
3.687602	0.000608
3.688577	0.000611
3.689552	0.000614
3.690527	0.000617
3.691501	0.000620
3.692476	0.000623
3.693451	0.000626
3.694426	0.000629
3.695401	0.000632
3.696375	0.000635
3.697350	0.000638
3.698325	0.000641
3.699300	0.000644
3.700275	0.000647
3.701249	0.000650
3.702224	0.000653
3.703199	0.000656
3.704174	0.000658
3.705149	0.000661
3.706123	0.000664
3.707098	0.000667
3.708073	0.000669
3.709048	0.000667
3.710023	0.000675
3.710997	0.000677
3.711972	0.000680
3.712947	0.000682
3.713922	0.000685
3.714897	0.000688
3.715871	0.000690
3.716846	0.000693
3.717821	0.000695
3.718796	0.000698
3.719770	0.000695
3.720745	0.000702
3.721720	0.000700
3.722695	0.000702
3.723670	0.000705
3.724644	0.000707
3.725619	0.000709
3.726594	0.000712
3.727569	0.000714
3.728544	0.000716
3.729518	0.000719
3.730493	0.000721
3.731468	0.000723
3.732443	0.000720
3.733418	0.000723
3.734392	0.000730
3.735367	0.000727
3.736342	0.000724
3.737317	0.000731
3.738292	0.000734
3.739266	0.000731
3.740241	0.000738
3.741216	0.000735
3.742191	0.000737
3.743165	0.000739
3.744140	0.000741
3.745115	0.000743
3.746090	0.000741
3.747065	0.000748
3.748039	0.000750
3.749014	0.000747
3.749989	0.000749
3.750964	0.000751
3.751939	0.000753
3.752913	0.000755
3.753888	0.000757
3.754863	0.000754
3.755838	0.000752
3.756813	0.000758
3.757787	0.000756
3.758762	0.000758
3.759737	0.000759
3.760712	0.000757
3.761687	0.000763
3.762661	0.000761
3.763636	0.000758
3.764611	0.000764
3.765586	0.000766
3.766560	0.000768
3.767535	0.000766
3.768510	0.000767
3.769485	0.000765
3.770460	0.000767
3.771434	0.000764
3.772409	0.000766
3.773384	0.000768
3.774359	0.000770
3.775334	0.000767
3.776308	0.000769
3.777283	0.000771
3.778258	0.000768
3.779233	0.000770
3.780208	0.000772
3.781182	0.000769
3.782157	0.000771
3.783132	0.000773
3.784107	0.000770
3.785082	0.000768
3.786056	0.000770
3.787031	0.000767
3.788006	0.000773
3.788981	0.000771
3.789955	0.000772
3.790930	0.000770
3.791905	0.000768
3.792880	0.000769
3.793855	0.000767
3.794829	0.000769
3.795804	0.000770
3.796779	0.000768
3.797754	0.000766
3.798729	0.000767
3.799703	0.000769
3.800678	0.000767
3.801653	0.000768
3.802628	0.000766
3.803603	0.000768
3.804577	0.000766
3.805552	0.000763
3.806527	0.000761
3.807502	0.000763
3.808477	0.000764
3.809451	0.000762
3.810426	0.000760
3.811401	0.000758
3.812376	0.000759
3.813350	0.000761
3.814325	0.000755
3.815300	0.000760
3.816275	0.000754
3.817250	0.000756
3.818224	0.000754
3.819199	0.000752
3.820174	0.000753
3.821149	0.000751
3.822124	0.000749
3.823098	0.000747
3.824073	0.000745
3.825048	0.000747
3.826023	0.000748
3.826998	0.000743
3.827972	0.000741
3.828947	0.000742
3.829922	0.000744
3.830897	0.000738
3.831872	0.000740
3.832846	0.000738
3.833821	0.000736
3.834796	0.000734
3.835771	0.000732
3.836746	0.000730
3.837720	0.000728
3.838695	0.000730
3.839670	0.000728
3.840645	0.000726
3.841619	0.000724
3.842594	0.000722
3.843569	0.000720
3.844544	0.000718
3.845519	0.000716
3.846493	0.000718
3.847468	0.000712
3.848443	0.000711
3.849418	0.000709
3.850393	0.000707
3.851367	0.000709
3.852342	0.000707
3.853317	0.000705
3.854292	0.000700
3.855267	0.000701
3.856241	0.000700
3.857216	0.000698
3.858191	0.000696
3.859166	0.000691
3.860141	0.000693
3.861115	0.000691
3.862090	0.000689
3.863065	0.000687
3.864040	0.000682
3.865014	0.000684
3.865989	0.000679
3.866964	0.000677
3.867939	0.000676
3.868914	0.000671
3.869888	0.000669
3.870863	0.000668
3.871838	0.000666
3.872813	0.000661
3.873788	0.000660
3.874762	0.000658
3.875737	0.000656
3.876712	0.000655
3.877687	0.000650
3.878662	0.000648
3.879636	0.000647
3.880611	0.000645
3.881586	0.000641
3.882561	0.000642
3.883536	0.000638
3.884510	0.000636
3.885485	0.000635
3.886460	0.000633
3.887435	0.000625
3.888409	0.000624
3.889384	0.000623
3.890359	0.000621
3.891334	0.000617
3.892309	0.000615
3.893283	0.000614
3.894258	0.000609
3.895233	0.000605
3.896208	0.000603
3.897183	0.000602
3.898157	0.000598
3.899132	0.000596
3.900107	0.000595
3.901082	0.000591
3.902057	0.000589
3.903031	0.000585
3.904006	0.000584
3.904981	0.000579
3.905956	0.000578
3.906931	0.000574
3.907905	0.000573
3.908880	0.000568
3.909855	0.000564
3.910830	0.000563
3.911804	0.000562
3.912779	0.000557
3.913754	0.000553
3.914729	0.000552
3.915704	0.000548
3.916678	0.000547
3.917653	0.000543
3.918628	0.000542
3.919603	0.000537
3.920578	0.000533
3.921552	0.000529
3.922527	0.000525
3.923502	0.000524
3.924477	0.000523
3.925452	0.000516
3.926426	0.000515
3.927401	0.000511
3.928376	0.000510
3.929351	0.000504
3.930326	0.000502
3.931300	0.000501
3.932275	0.000498
3.933250	0.000494
3.934225	0.000490
3.935200	0.000486
3.936174	0.000485
3.937149	0.000479
3.938124	0.000478
3.939099	0.000474
3.940073	0.000470
3.941048	0.000469
3.942023	0.000465
3.942998	0.000462
3.943973	0.000458
3.944947	0.000452
3.945922	0.000451
3.946897	0.000447
3.947872	0.000443
3.948847	0.000440
3.949821	0.000439
3.950796	0.000435
3.951771	0.000432
3.952746	0.000428
3.953721	0.000425
3.954695	0.000421
3.955670	0.000418
3.956645	0.000414
3.957620	0.000411
3.958595	0.000407
3.959569	0.000404
3.960544	0.000403
3.961519	0.000400
3.962494	0.000394
3.963468	0.000390
3.964443	0.000389
3.965418	0.000383
3.966393	0.000380
3.967368	0.000377
3.968342	0.000373
3.969317	0.000370
3.970292	0.000364
3.971267	0.000363
3.972242	0.000358
3.973216	0.000354
3.974191	0.000354
3.975166	0.000350
3.976141	0.000347
3.977116	0.000341
3.978090	0.000338
3.979065	0.000335
3.980040	0.000332
3.981015	0.000326
3.981990	0.000325
3.982964	0.000320
3.983939	0.000317
3.984914	0.000314
3.985889	0.000308
3.986863	0.000305
3.987838	0.000302
3.988813	0.000299
3.989788	0.000293
3.990763	0.000293
3.991737	0.000287
3.992712	0.000284
3.993687	0.000281
3.994662	0.000276
3.995637	0.000273
3.996611	0.000270
3.997586	0.000267
3.998561	0.000264
3.999536	0.000259
4.000511	0.000256
4.001485	0.000250
4.002460	0.000250
4.003435	0.000245
4.004410	0.000242
4.005385	0.000239
4.006359	0.000234
4.007334	0.000231
4.008309	0.000228
4.009284	0.000225
4.010258	0.000220
4.011233	0.000215
4.012208	0.000212
4.013183	0.000209
4.014158	0.000204
4.015132	0.000201
4.016107	0.000199
4.017082	0.000194
4.018057	0.000191
4.019032	0.000186
4.020006	0.000183
4.020981	0.000181
4.021956	0.000176
4.022931	0.000173
4.023906	0.000170
4.024880	0.000165
4.025855	0.000160
4.026830	0.000158
4.027805	0.000153
4.028780	0.000150
4.029754	0.000145
4.030729	0.000143
4.031704	0.000140
4.032679	0.000135
4.033653	0.000133
4.034628	0.000128
4.035603	0.000123
4.036578	0.000121
4.037553	0.000116
4.038527	0.000114
4.039502	0.000109
4.040477	0.000106
4.041452	0.000102
4.042427	0.000099
4.043401	0.000095
4.044376	0.000092
4.045351	0.000090
4.046326	0.000085
4.047301	0.000081
4.048275	0.000078
4.049250	0.000074
4.050225	0.000071
4.051200	0.000067
4.052175	0.000062
4.053149	0.000060
4.054124	0.000055
4.055099	0.000053
4.056074	0.000048
4.057049	0.000044
4.058023	0.000042
4.058998	0.000037
4.059973	0.000035
4.060948	0.000033
4.061922	0.000028
4.062897	0.000024
4.063872	0.000022
4.064847	0.000017
4.065822	0.000013
4.066796	0.000009
4.067779	0.000007
4.068762	0.000013
4.069745	0.000020
4.070728	0.000028
4.071710	0.000035
4.072693	0.000044
4.073676	0.000050
4.074659	0.000057
4.075641	0.000063
4.076624	0.000072
4.077607	0.000078
4.078590	0.000085
4.079573	0.000091
4.080555	0.000100
4.081538	0.000104
4.082521	0.000111
4.083504	0.000120
4.084486	0.000126
4.085469	0.000135
4.086452	0.000141
4.087435	0.000148
4.088417	0.000155
4.089400	0.000163
4.090383	0.000170
4.091366	0.000176
4.092349	0.000185
4.093331	0.000192
4.094314	0.000198
4.095297	0.000207
4.096280	0.000213
4.097262	0.000220
4.098245	0.000226
4.099228	0.000233
4.100211	0.000242
4.101194	0.000248
4.102176	0.000257
4.103159	0.000263
4.104142	0.000270
4.105125	0.000276
4.106107	0.000283
4.107090	0.000289
4.108073	0.000300
4.109056	0.000307
4.110039	0.000313
4.111021	0.000322
4.112004	0.000329
4.112987	0.000335
4.113970	0.000342
4.114952	0.000350
4.115935	0.000357
4.116918	0.000366
4.117901	0.000372
4.118884	0.000379
4.119866	0.000387
4.120849	0.000394
4.121832	0.000400
4.122815	0.000409
4.123797	0.000416
4.124780	0.000424
4.125763	0.000433
4.126746	0.000437
4.127729	0.000448
4.128711	0.000455
4.129694	0.000464
4.130677	0.000470
4.131660	0.000477
4.132642	0.000485
4.133625	0.000492
4.134608	0.000501
4.135591	0.000509
4.136573	0.000516
4.137556	0.000522
4.138539	0.000531
4.139522	0.000540
4.140505	0.000546
4.141487	0.000555
4.142470	0.000561
4.143453	0.000570
4.144436	0.000577
4.145418	0.000585
4.146401	0.000594
4.147384	0.000603
4.148367	0.000609
4.149350	0.000616
4.150332	0.000625
4.151315	0.000633
4.152298	0.000642
4.153281	0.000651
4.154263	0.000657
4.155246	0.000666
4.156229	0.000675
4.157212	0.000683
4.158195	0.000690
4.159177	0.000699
4.160160	0.000705
4.161143	0.000714
4.162126	0.000725
4.163108	0.000731
4.164091	0.000738
4.165074	0.000749
4.166057	0.000755
4.167040	0.000766
4.168022	0.000773
4.169005	0.000781
4.169988	0.000790
4.170971	0.000799
4.171953	0.000807
4.172936	0.000816
4.173919	0.000825
4.174902	0.000834
4.175885	0.000842
4.176867	0.000849
4.177850	0.000860
4.178833	0.000868
4.179816	0.000877
4.180798	0.000886
4.181781	0.000894
4.182764	0.000903
4.183747	0.000914
4.184729	0.000923
4.185712	0.000931
4.186695	0.000940
4.187678	0.000949
4.188661	0.000955
4.189643	0.000966
4.190626	0.000977
4.191609	0.000984
4.192592	0.000995
4.193574	0.001003
4.194557	0.001012
4.195540	0.001021
4.196523	0.001032
4.197506	0.001042
4.198488	0.001051
4.199471	0.001060
4.200454	0.001069
4.201437	0.001077
4.202419	0.001088
4.203402	0.001097
4.204385	0.001108
4.205368	0.001116
4.206351	0.001127
4.207333	0.001136
4.208316	0.001147
4.209299	0.001156
4.210282	0.001164
4.211264	0.001177
4.212247	0.001186
4.213230	0.001195
4.214213	0.001206
4.215196	0.001217
4.216178	0.001225
4.217161	0.001236
4.218144	0.001245
4.219127	0.001258
4.220109	0.001267
4.221092	0.001277
4.222075	0.001288
4.223058	0.001297
4.224041	0.001308
4.225023	0.001319
4.226006	0.001330
4.226989	0.001341
4.227972	0.001351
4.228954	0.001360
4.229937	0.001371
4.230920	0.001382
4.231903	0.001393
4.232885	0.001406
4.233868	0.001415
4.234851	0.001425
4.235834	0.001436
4.236817	0.001447
4.237799	0.001460
4.238782	0.001469
4.239765	0.001482
4.240748	0.001491
4.241730	0.001504
4.242713	0.001515
4.243696	0.001526
4.244679	0.001536
4.245662	0.001550
4.246644	0.001563
4.247627	0.001573
4.248610	0.001584
4.249593	0.001597
4.250575	0.001606
4.251558	0.001617
4.252541	0.001630
4.253524	0.001641
4.254507	0.001654
4.255489	0.001667
4.256472	0.001678
4.257455	0.001691
4.258438	0.001704
4.259420	0.001715
4.260403	0.001728
4.261386	0.001739
4.262369	0.001752
4.263352	0.001765
4.264334	0.001776
4.265317	0.001789
4.266300	0.001802
4.267283	0.001813
4.268265	0.001826
4.269248	0.001839
4.270231	0.001850
4.271214	0.001863
4.272197	0.001878
4.273179	0.001889
4.274162	0.001904
4.275145	0.001915
4.276128	0.001930
4.277110	0.001941
4.278093	0.001956
4.279076	0.001967
4.280059	0.001980
4.281042	0.001996
4.282024	0.002009
4.283007	0.002022
4.283990	0.002037
4.284973	0.002050
4.285955	0.002063
4.286938	0.002076
4.287921	0.002091
4.288904	0.002104
4.289886	0.002120
4.290869	0.002133
4.291852	0.002146
4.292835	0.002159
4.293818	0.002174
4.294800	0.002189
4.295783	0.002202
4.296766	0.002215
4.297749	0.002233
4.298731	0.002246
4.299714	0.002261
4.300697	0.002274
4.301680	0.002289
4.302663	0.002303
4.303645	0.002318
4.304628	0.002333
4.305611	0.002348
4.306594	0.002363
4.307576	0.002377
4.308559	0.002392
4.309542	0.002407
4.310525	0.002422
4.311508	0.002437
4.312490	0.002453
4.313473	0.002468
4.314456	0.002483
4.315439	0.002498
4.316421	0.002516
4.317404	0.002531
4.318387	0.002546
4.319370	0.002561
4.320353	0.002579
4.321335	0.002592
4.322318	0.002609
4.323301	0.002625
4.324284	0.002642
4.325266	0.002655
4.326249	0.002672
4.327232	0.002688
4.328215	0.002705
4.329198	0.002720
4.330180	0.002738
4.331163	0.002753
4.332146	0.002770
4.333129	0.002788
4.334111	0.002805
4.335094	0.002820
4.336077	0.002836
4.337060	0.002853
4.338042	0.002871
4.339025	0.002888
4.340008	0.002905
4.340991	0.002923
4.341974	0.002940
4.342956	0.002955
4.343939	0.002973
4.344922	0.002990
4.345905	0.003008
4.346887	0.003025
4.347870	0.003042
4.348853	0.003060
4.349836	0.003079
4.350819	0.003095
4.351801	0.003114
4.352784	0.003132
4.353767	0.003149
4.354750	0.003169
4.355732	0.003186
4.356715	0.003204
4.357698	0.003221
4.358681	0.003238
4.359664	0.003258
4.360646	0.003275
4.361629	0.003293
4.362612	0.003312
4.363595	0.003330
4.364577	0.003349
4.365560	0.003367
4.366543	0.003386
4.367526	0.003404
4.368509	0.003425
4.369491	0.003443
4.370474	0.003462
4.371457	0.003482
4.372440	0.003499
4.373422	0.003519
4.374405	0.003539
4.375388	0.003556
4.376371	0.003578
4.377354	0.003595
4.378336	0.003617
4.379319	0.003634
4.380302	0.003654
4.381285	0.003671
4.382267	0.003691
4.383250	0.003713
4.384233	0.003732
4.385216	0.003752
4.386198	0.003772
4.387181	0.003791
4.388164	0.003811
4.389147	0.003830
4.390130	0.003852
4.391112	0.003872
4.392095	0.003891
4.393078	0.003913
4.394061	0.003930
4.395043	0.003950
4.396026	0.003974
4.397009	0.003994
4.397992	0.004013
4.398975	0.004033
4.399957	0.004054
4.400940	0.004074
4.401923	0.004096
4.402906	0.004115
4.403888	0.004137
4.404871	0.004159
4.405854	0.004178
4.406837	0.004198
4.407820	0.004220
4.408802	0.004242
4.409785	0.004261
4.410768	0.004283
4.411751	0.004305
4.412733	0.004326
4.413716	0.004346
4.414699	0.004368
4.415682	0.004390
4.416665	0.004411
4.417647	0.004433
4.418630	0.004453
4.419613	0.004474
4.420596	0.004496
4.421578	0.004518
4.422561	0.004540
4.423544	0.004562
4.424527	0.004581
4.425510	0.004603
4.426492	0.004625
4.427475	0.004649
4.428458	0.004668
4.429441	0.004690
4.430423	0.004714
4.431406	0.004733
4.432389	0.004757
4.433372	0.004777
4.434354	0.004799
4.435337	0.004820
4.436320	0.004842
4.437303	0.004864
4.438286	0.004886
4.439268	0.004910
4.440251	0.004931
4.441234	0.004953
4.442217	0.004975
4.443199	0.004997
4.444182	0.005019
4.445165	0.005040
4.446148	0.005064
4.447131	0.005084
4.448113	0.005106
4.449096	0.005130
4.450079	0.005153
4.451062	0.005175
4.452044	0.005195
4.453027	0.005217
4.454010	0.005241
4.454993	0.005262
4.455976	0.005286
4.456958	0.005308
4.457941	0.005330
4.458924	0.005354
4.459907	0.005375
4.460889	0.005397
4.461872	0.005417
4.462855	0.005441
4.463838	0.005462
4.464821	0.005484
4.465803	0.005508
4.466786	0.005530
4.467769	0.005552
4.468752	0.005573
4.469734	0.005595
4.470717	0.005619
4.471700	0.005639
4.472683	0.005661
4.473666	0.005684
4.474648	0.005706
4.475631	0.005730
4.476614	0.005750
4.477597	0.005774
4.478579	0.005795
4.479562	0.005817
4.480545	0.005839
4.481528	0.005861
4.482510	0.005883
4.483493	0.005904
4.484476	0.005926
4.485459	0.005948
4.486442	0.005967
4.487424	0.005991
4.488407	0.006013
4.489390	0.006035
4.490373	0.006057
4.491355	0.006078
4.492338	0.006100
4.493321	0.006122
4.494304	0.006142
4.495287	0.006165
4.496269	0.006185
4.497252	0.006205
4.498235	0.006229
4.499218	0.006248
4.500200	0.006270
4.501183	0.006289
4.502166	0.006311
4.503149	0.006331
4.504132	0.006353
4.505114	0.006374
4.506097	0.006394
4.507080	0.006414
4.508063	0.006435
4.509045	0.006457
4.510028	0.006474
4.511011	0.006496
4.511994	0.006516
4.512977	0.006538
4.513959	0.006557
4.514942	0.006577
4.515925	0.006596
4.516908	0.006616
4.517890	0.006636
4.518873	0.006655
4.519856	0.006675
4.520839	0.006694
4.521822	0.006714
4.522804	0.006733
4.523787	0.006751
4.524770	0.006770
4.525753	0.006790
4.526735	0.006810
4.527718	0.006827
4.528701	0.006844
4.529684	0.006864
4.530667	0.006884
4.531649	0.006901
4.532632	0.006918
4.533615	0.006936
4.534598	0.006955
4.535580	0.006973
4.536563	0.006988
4.537546	0.007008
4.538529	0.007025
4.539511	0.007042
4.540494	0.007060
4.541477	0.007077
4.542460	0.007093
4.543443	0.007110
4.544425	0.007127
4.545408	0.007143
4.546391	0.007158
4.547374	0.007175
4.548356	0.007190
4.549339	0.007208
4.550322	0.007221
4.551305	0.007238
4.552288	0.007251
4.553270	0.007269
4.554253	0.007284
4.555236	0.007297
4.556219	0.007312
4.557201	0.007325
4.558184	0.007341
4.559167	0.007356
4.560150	0.007369
4.561133	0.007382
4.562115	0.007397
4.563098	0.007410
4.564081	0.007421
4.565064	0.007436
4.566046	0.007449
4.567029	0.007460
4.568012	0.007473
4.568995	0.007484
4.569978	0.007497
4.570960	0.007510
4.571943	0.007521
4.572926	0.007532
4.573909	0.007543
4.574891	0.007554
4.575874	0.007565
4.576857	0.007576
4.577840	0.007584
4.578823	0.007595
4.579805	0.007604
4.580788	0.007615
4.581771	0.007624
4.582754	0.007634
4.583736	0.007643
4.584719	0.007652
4.585702	0.007661
4.586685	0.007669
4.587667	0.007676
4.588650	0.007684
4.589633	0.007691
4.590616	0.007698
4.591599	0.007706
4.592581	0.007713
4.593564	0.007719
4.594547	0.007726
4.595530	0.007730
4.596512	0.007737
4.597495	0.007743
4.598478	0.007748
4.599461	0.007752
4.600444	0.007758
4.601426	0.007763
4.602409	0.007767
4.603392	0.007772
4.604375	0.007774
4.605357	0.007778
4.606340	0.007782
4.607323	0.007785
4.608306	0.007787
4.609289	0.007789
4.610271	0.007791
4.611254	0.007793
4.612237	0.007795
4.613220	0.007795
4.614202	0.007798
4.615185	0.007800
4.616168	0.007798
4.617151	0.007800
4.618134	0.007798
4.619116	0.007798
4.620099	0.007798
4.621082	0.007795
4.622065	0.007795
4.623047	0.007793
4.624030	0.007791
4.625013	0.007789
4.625996	0.007787
4.626979	0.007782
4.627961	0.007780
4.628944	0.007776
4.629927	0.007772
4.630910	0.007767
4.631892	0.007765
4.632875	0.007761
4.633858	0.007754
4.634841	0.007748
4.635823	0.007743
4.636806	0.007739
4.637789	0.007730
4.638772	0.007724
4.639755	0.007717
4.640737	0.007711
4.641720	0.007704
4.642703	0.007695
4.643686	0.007689
4.644668	0.007680
4.645651	0.007671
4.646634	0.007661
4.647617	0.007652
4.648600	0.007643
4.649582	0.007632
4.650565	0.007621
4.651548	0.007611
4.652531	0.007600
4.653513	0.007587
4.654496	0.007576
4.655479	0.007565
4.656462	0.007550
4.657445	0.007539
4.658427	0.007526
4.659410	0.007513
4.660393	0.007500
4.661376	0.007484
4.662358	0.007471
4.663341	0.007454
4.664324	0.007441
4.665307	0.007426
4.666290	0.007408
4.667272	0.007393
4.668255	0.007378
4.669238	0.007358
4.670221	0.007343
4.671203	0.007325
4.672186	0.007306
4.673169	0.007288
4.674152	0.007271
4.675135	0.007251
4.676117	0.007232
4.677100	0.007214
4.678083	0.007193
4.679066	0.007175
4.680048	0.007156
4.681031	0.007132
4.682014	0.007112
4.682997	0.007090
4.683979	0.007069
4.684962	0.007047
4.685945	0.007023
4.686928	0.007003
4.687911	0.006979
4.688893	0.006955
4.689876	0.006931
4.690859	0.006908
4.691842	0.006884
4.692824	0.006860
4.693807	0.006834
4.694790	0.006807
4.695773	0.006784
4.696756	0.006757
4.697738	0.006729
4.698721	0.006705
4.699704	0.006677
4.700687	0.006649
4.701669	0.006622
4.702652	0.006594
4.703635	0.006566
4.704618	0.006538
4.705601	0.006509
4.706583	0.006481
4.707566	0.006451
4.708549	0.006420
4.709532	0.006392
4.710514	0.006361
4.711497	0.006331
4.712480	0.006300
4.713463	0.006270
4.714446	0.006237
4.715428	0.006205
4.716411	0.006174
4.717394	0.006142
4.718377	0.006109
4.719359	0.006076
4.720342	0.006044
4.721325	0.006009
4.722308	0.005976
4.723291	0.005941
4.724273	0.005909
4.725256	0.005874
4.726239	0.005839
4.727222	0.005804
4.728204	0.005772
4.729187	0.005735
4.730170	0.005700
4.731153	0.005663
4.732135	0.005628
4.733118	0.005593
4.734101	0.005556
4.735084	0.005519
4.736067	0.005484
4.737049	0.005447
4.738032	0.005410
4.739015	0.005371
4.739998	0.005336
4.740980	0.005299
4.741963	0.005260
4.742946	0.005223
4.743929	0.005184
4.744912	0.005147
4.745894	0.005110
4.746877	0.005073
4.747860	0.005034
4.748843	0.004997
4.749825	0.004960
4.750808	0.004923
4.751791	0.004884
4.752774	0.004849
4.753757	0.004812
4.754739	0.004775
4.755722	0.004738
4.756705	0.004703
4.757688	0.004668
4.758670	0.004636
4.759653	0.004601
4.760636	0.004566
4.761619	0.004535
4.762602	0.004505
4.763584	0.004477
4.764567	0.004451
4.765550	0.004427
4.766533	0.004405
4.767515	0.004385
4.768498	0.004372
4.769481	0.004363
4.770464	0.004359
4.771447	0.004368
4.772429	0.004385
4.773412	0.004420
4.774395	0.004477
4.775378	0.004566
4.776360	0.004707
4.777343	0.004934
4.778326	0.005297
4.779309	0.005893
4.780292	0.006821
4.781274	0.007813
4.782249	0.007756
4.783224	0.006119
4.784199	0.004684
4.785173	0.003704
4.786148	0.003044
4.787123	0.002580
4.788098	0.002236
4.789073	0.001969
4.790047	0.001757
4.791022	0.001584
4.791997	0.001437
4.792972	0.001312
4.793947	0.001203
4.794921	0.001108
4.795896	0.001022
4.796871	0.000949
4.797846	0.000880
4.798821	0.000822
4.799795	0.000764
4.800770	0.000715
4.801745	0.000667
4.802720	0.000627
4.803694	0.000588
4.804669	0.000552
4.805644	0.000518
4.806619	0.000488
4.807594	0.000460
4.808568	0.000432
4.809543	0.000407
4.810518	0.000386
4.811493	0.000362
4.812468	0.000343
4.813442	0.000322
4.814417	0.000305
4.815392	0.000291
4.816367	0.000274
4.817342	0.000259
4.818316	0.000247
4.819291	0.000232
4.820266	0.000219
4.821241	0.000209
4.822216	0.000198
4.823190	0.000188
4.824165	0.000178
4.825140	0.000169
4.826115	0.000159
4.827090	0.000151
4.828064	0.000144
4.829039	0.000136
4.830014	0.000128
4.830989	0.000124
4.831963	0.000116
4.832938	0.000112
4.833913	0.000105
4.834888	0.000099
4.835863	0.000095
4.836837	0.000091
4.837812	0.000085
4.838787	0.000081
4.839762	0.000077
4.840737	0.000073
4.841711	0.000069
4.842686	0.000065
4.843661	0.000063
4.844636	0.000059
4.845611	0.000055
4.846585	0.000053
4.847560	0.000051
4.848535	0.000049
4.849510	0.000045
4.850485	0.000043
4.851459	0.000041
4.852434	0.000039
4.853409	0.000037
4.854384	0.000033
4.855358	0.000033
4.856333	0.000031
4.857308	0.000029
4.858283	0.000027
4.859258	0.000025
4.860232	0.000025
4.861207	0.000023
4.862182	0.000021
4.863157	0.000019
4.864132	0.000017
4.865106	0.000017
4.866081	0.000017
4.867056	0.000015
4.868031	0.000013
4.869006	0.000011
4.869980	0.000011
4.870955	0.000009
4.871930	0.000008
4.872905	0.000008
4.873880	0.000006
4.874854	0.000006
4.875829	0.000004
4.876804	0.000002
4.877779	0.000002
4.878761	0.000000
4.879744	0.000002
4.880727	0.000002
4.881710	0.000002
4.882693	0.000004
4.883675	0.000004
4.884658	0.000004
4.885641	0.000004
4.886624	0.000004
4.887606	0.000006
4.888589	0.000006
4.889572	0.000006
4.890555	0.000006
4.891538	0.000007
4.892520	0.000006
4.893503	0.000006
4.894486	0.000007
4.895469	0.000009
4.896451	0.000007
4.897434	0.000009
4.898417	0.000009
4.899400	0.000009
4.900383	0.000009
4.901365	0.000009
4.902348	0.000009
4.903331	0.000009
4.904314	0.000009
4.905296	0.000011
4.906279	0.000011
4.907262	0.000009
4.908245	0.000011
4.909228	0.000011
4.910210	0.000009
4.911193	0.000011
4.912176	0.000011
4.913159	0.000011
4.914141	0.000009
4.915124	0.000009
4.916107	0.000009
4.917090	0.000009
4.918072	0.000009
4.919055	0.000009
4.920038	0.000009
4.921021	0.000009
4.922004	0.000009
4.922986	0.000007
4.923969	0.000007
4.924952	0.000007
4.925935	0.000007
4.926917	0.000007
4.927900	0.000007
4.928883	0.000006
4.929866	0.000006
4.930849	0.000006
4.931831	0.000006
4.932814	0.000004
4.933797	0.000004
4.934780	0.000004
4.935762	0.000004
4.936745	0.000002
4.937728	0.000002
4.938711	-0.000000
4.939694	-0.000000
4.940676	0.000000
4.941659	-0.000000
4.942642	-0.000000
4.943625	-0.000000
4.944607	0.000000
4.945590	-0.000000
4.946573	0.000000
4.947556	-0.000000
4.948539	0.000000
4.949521	0.000000
4.950504	-0.000000
4.951487	0.000000
4.952470	0.000000
4.953452	-0.000000
4.954435	0.000000
4.955418	0.000000
4.956401	-0.000000
4.957384	-0.000000
4.958366	0.000000
4.959349	-0.000000
4.960332	-0.000000
4.961315	-0.000000
4.962297	0.000000
4.963280	0.000000
4.964263	0.000000
4.965246	0.000000
4.966228	-0.000000
4.967211	-0.000000
4.968194	-0.000000
4.969177	-0.000000
4.970160	0.000000
4.971142	-0.000000
4.972125	-0.000000
4.973108	-0.000000
4.974091	-0.000000
4.975073	-0.000000
4.976056	-0.000000
4.977039	-0.000000
4.978022	-0.000000
4.979005	-0.000000
4.979987	0.000000
4.980970	-0.000000
4.981953	-0.000000
4.982936	-0.000000
4.983918	0.000000
4.984901	-0.000000
4.985884	-0.000000
4.986867	-0.000000
4.987850	-0.000000
4.988832	-0.000000
4.989815	-0.000000
4.990798	-0.000000
4.991781	-0.000000
4.992763	-0.000000
4.993746	0.000000
4.994729	-0.000000
4.995712	-0.000000
4.996695	0.000000
4.997677	-0.000000
4.998660	-0.000000
4.999643	0.000000
5.000626	-0.000000
5.001608	-0.000000
5.002591	0.000000
5.003574	0.000000
5.004557	0.000000
5.005540	-0.000000
5.006522	-0.000000
5.007505	0.000000
5.008488	0.000000
5.009471	0.000000
5.010453	-0.000000
5.011436	-0.000000
5.012419	0.000000
5.013402	-0.000000
5.014384	0.000000
5.015367	0.000000
5.016350	0.000000
5.017333	0.000000
5.018316	-0.000000
5.019298	-0.000000
5.020281	0.000000
5.021264	-0.000000
5.022247	0.000000
5.023229	0.000000
5.024212	-0.000000
5.025195	-0.000000
5.026178	-0.000000
5.027161	0.000000
5.028143	-0.000000
5.029126	-0.000000
5.030109	-0.000000
5.031092	0.000000
5.032074	-0.000000
5.033057	-0.000000
5.034040	-0.000000
5.035023	-0.000000
5.036006	-0.000000
5.036988	0.000000
5.037971	0.000000
5.038954	-0.000000
5.039937	-0.000000
5.040919	0.000000
5.041902	-0.000000
5.042885	0.000000
5.043868	-0.000000
5.044851	-0.000000
5.045833	-0.000000
5.046816	0.000000
5.047799	-0.000000
5.048782	0.000000
5.049764	-0.000000
5.050747	-0.000000
5.051730	0.000000
5.052713	-0.000000
5.053696	0.000000
5.054678	0.000000
5.055661	-0.000000
5.056644	-0.000000
5.057627	-0.000000
5.058609	0.000000
5.059592	-0.000000
5.060575	-0.000000
5.061558	0.000000
5.062540	0.000000
5.063523	-0.000000
5.064506	-0.000000
5.065489	0.000000
5.066472	-0.000000
5.067454	0.000000
5.068437	-0.000000
5.069420	-0.000000
5.070403	0.000000
5.071385	0.000000
5.072368	0.000000
5.073351	-0.000000
5.074334	-0.000000
5.075317	-0.000000
5.076299	0.000000
5.077282	0.000000
5.078265	-0.000000
5.079248	-0.000000
5.080230	0.000000
5.081213	-0.000000
5.082196	-0.000000
5.083179	-0.000000
5.084162	-0.000000
5.085144	0.000000
5.086127	-0.000000
5.087110	-0.000000
5.088093	-0.000000
5.089075	-0.000000
5.090058	0.000000
5.091041	0.000000
5.092024	-0.000000
5.093007	-0.000000
5.093989	-0.000000
5.094972	-0.000000
5.095955	-0.000000
5.096938	0.000000
5.097920	-0.000000
5.098903	0.000000
5.099886	-0.000000
5.100869	-0.000000
5.101852	0.000000
5.102834	0.000000
5.103817	0.000000
5.104800	0.000000
5.105783	-0.000000
5.106765	-0.000000
5.107748	-0.000000
5.108731	-0.000000
5.109714	0.000000
5.110697	-0.000000
5.111679	-0.000000
5.112662	-0.000000
5.113645	0.000000
5.114628	-0.000000
5.115610	-0.000000
5.116593	-0.000000
5.117576	-0.000000
5.118559	-0.000000
5.119541	-0.000000
5.120524	0.000000
5.121507	0.000000
5.122490	-0.000000
5.123473	0.000000
5.124455	-0.000000
5.125438	-0.000000
5.126421	-0.000000
5.127404	-0.000000
5.128386	-0.000000
5.129369	-0.000000
5.130352	0.000000
5.131335	0.000000
5.132318	-0.000000
5.133300	0.000000
5.134283	-0.000000
5.135266	0.000000
5.136249	-0.000000
5.137231	-0.000000
5.138214	0.000000
5.139197	-0.000000
5.140180	0.000000
5.141163	-0.000000
5.142145	-0.000000
5.143128	0.000000
5.144111	-0.000000
5.145094	-0.000000
5.146076	-0.000000
5.147059	0.000000
5.148042	0.000000
5.149025	-0.000000
5.150008	-0.000000
5.150990	-0.000000
5.151973	-0.000000
5.152956	-0.000000
5.153939	0.000000
5.154921	-0.000000
5.155904	-0.000000
5.156887	-0.000000
5.157870	-0.000000
5.158853	0.000000
5.159835	-0.000000
5.160818	-0.000000
5.161801	0.000000
5.162784	0.000000
5.163766	0.000000
