1 0
2 2.078527e+00
3 4.222093e+00
4 6.410270e+00
5 8.659534e+00
6 9.569841e+00
7 1.186285e+01
8 1.428557e+01
9 1.676955e+01
10 1.929088e+01
11 2.190734e+01
12 2.419480e+01
13 2.695337e+01
14 2.964611e+01
15 3.255244e+01
16 3.554755e+01
17 3.862826e+01
18 4.177566e+01
19 1.926814e+01
20 2.262565e+01
21 2.604672e+01
22 2.902744e+01
23 3.257728e+01
24 3.566024e+01
25 3.932368e+01
26 4.289354e+01
27 4.691678e+01
28 5.124061e+01
29 5.568786e+01
30 6.023534e+01
31 6.501523e+01
32 6.995884e+01
33 7.507949e+01
34 8.042959e+01
35 8.598295e+01
36 9.175476e+01
37 9.775945e+01
38 1.040011e+02
39 1.105058e+02
40 1.172930e+02
41 1.243752e+02
42 1.316054e+02
43 1.392032e+02
44 1.472583e+02
45 1.557339e+02
46 1.646139e+02
47 1.739347e+02
48 1.837445e+02
49 1.940725e+02
50 2.049036e+02
51 2.163928e+02
52 2.270866e+02
53 2.219601e+02
54 2.356069e+02
55 2.481484e+02
56 2.625402e+02
57 2.773399e+02
58 2.948953e+02
59 3.131074e+02
60 3.304406e+02
61 3.514298e+02
62 3.748992e+02
63 3.956371e+02
64 4.199165e+02
65 4.500331e+02
66 4.793704e+02
67 5.129749e+02
68 5.532515e+02
69 5.965611e+02
70 6.462179e+02
71 7.022392e+02
72 7.417393e+02
73 8.084275e+02
74 8.916310e+02
75 9.894188e+02
76 1.088830e+03
77 1.087504e+03
78 1.171806e+03
79 1.384519e+03
80 1.657964e+03
81 2.022595e+03
