1 1.157131e+02
2 1.182450e+02
3 2.827525e+01
4 2.947006e+01
5 2.764752e+01
6 2.956835e+01
7 3.153624e+01
8 3.019244e+01
9 2.541995e+01
10 2.762082e+01
11 8.528161e+00
12 6.121196e+00
13 0
14 2.762131e+00
15 5.018744e+00
16 8.047419e+00
17 1.010666e+01
18 1.350472e+01
19 1.658585e+01
20 1.998545e+01
21 1.828269e+01
22 2.183428e+01
23 2.384167e+01
24 2.809109e+01
25 3.241594e+01
26 3.875668e+01
27 4.345338e+01
28 4.712900e+01
29 5.223103e+01
30 5.757008e+01
31 6.250120e+01
32 6.425082e+01
33 6.820643e+01
34 5.086337e+01
35 5.657214e+01
36 6.023442e+01
37 6.737104e+01
38 7.523822e+01
39 8.300080e+01
40 9.107081e+01
41 9.621611e+01
42 1.056200e+02
43 1.005783e+02
44 9.266975e+01
45 6.499617e+01
46 6.047924e+01
47 7.225196e+01
48 8.587723e+01
49 9.609125e+01
50 1.121154e+02
51 1.292273e+02
52 1.326379e+02
53 1.440944e+02
54 1.629044e+02
55 1.769548e+02
56 1.945085e+02
57 2.215031e+02
58 2.525313e+02
59 2.865643e+02
60 3.222228e+02
61 3.663524e+02
62 4.161251e+02
63 3.804954e+02
64 3.928004e+02
65 4.536324e+02
66 5.445689e+02
67 6.160258e+02
68 7.438621e+02
69 9.064111e+02
70 1.097829e+03
71 1.383670e+03
72 1.743621e+03
73 2.376046e+03
74 3.322450e+03
75 5.294985e+03
