1 -1.078030e-02
2 -1.078030e-02
3 -1.078030e-02
4 -1.078028e-02
5 -1.078028e-02
6 -1.077240e-02
7 -1.077229e-02
8 -1.077229e-02
9 -1.077229e-02
10 -1.077236e-02
11 -1.077236e-02
12 -1.077264e-02
13 -1.077264e-02
14 -1.077204e-02
15 -1.077201e-02
16 -1.077201e-02
17 -1.077201e-02
18 -1.077197e-02
19 -1.125952e-02
20 -1.125994e-02
21 -1.126050e-02
22 -1.129532e-02
23 -1.129768e-02
24 -1.131567e-02
25 -1.132399e-02
26 -1.132350e-02
27 -1.132466e-02
28 -1.132510e-02
29 -1.132727e-02
30 -1.132473e-02
31 -1.132395e-02
32 -1.132374e-02
33 -1.132336e-02
34 -1.132336e-02
35 -1.132329e-02
36 -1.132321e-02
37 -1.132320e-02
38 -1.132401e-02
39 -1.132454e-02
40 -1.132449e-02
41 -1.132451e-02
42 -1.134157e-02
43 -1.135394e-02
44 -1.135057e-02
45 -1.135068e-02
46 -1.134963e-02
47 -1.134825e-02
48 -1.134750e-02
49 -1.134664e-02
50 -1.134132e-02
51 -1.132418e-02
52 -1.239025e-02
53 -3.826040e-03
54 -3.845407e-03
55 -4.204063e-04
56 -2.116985e-03
57 1.854011e-03
58 2.451669e-03
59 7.698154e-03
60 2.262939e-02
61 2.496046e-02
62 4.333039e-02
63 1.392428e-01
64 4.256462e-01
65 4.320892e-01
66 9.233037e-01
67 8.948250e-01
68 8.997560e-01
69 8.501107e-01
70 7.693174e-01
71 7.760144e-01
72 9.309446e-01
73 7.631246e-01
74 7.360942e-01
75 7.061115e-01
76 7.584378e-01
77 1.160834e+00
78 1.633385e+00
79 1.632309e+00
80 1.631523e+00
81 1.630224e+00
