1 -1.531516e+02
2 -1.532584e+02
3 -2.408051e+02
4 -2.415561e+02
5 -2.439979e+02
6 -2.440778e+02
7 -2.445483e+02
8 -2.495067e+02
9 -2.569168e+02
10 -2.572709e+02
11 -2.787380e+02
12 -2.839307e+02
13 -2.946981e+02
14 -2.948885e+02
15 -2.956647e+02
16 -2.958545e+02
17 -2.969753e+02
18 -2.969686e+02
19 -2.976224e+02
20 -2.977035e+02
21 -3.037614e+02
22 -3.037772e+02
23 -3.044994e+02
24 -3.045836e+02
25 -3.046844e+02
26 -3.061445e+02
27 -3.061477e+02
28 -3.080643e+02
29 -3.080621e+02
30 -3.080520e+02
31 -3.091162e+02
32 -3.197246e+02
33 -3.215008e+02
34 -3.537185e+02
35 -3.519420e+02
36 -3.556114e+02
37 -3.557407e+02
38 -3.554254e+02
39 -3.541039e+02
40 -3.535148e+02
41 -3.507714e+02
42 -3.505051e+02
43 -3.606527e+02
44 -3.704923e+02
45 -3.802884e+02
46 -3.901791e+02
47 -3.904505e+02
48 -3.907270e+02
49 -3.913229e+02
50 -3.904762e+02
51 -3.906214e+02
52 -3.996089e+02
53 -4.096843e+02
54 -4.096628e+02
55 -4.181715e+02
56 -4.206558e+02
57 -4.225889e+02
58 -4.211506e+02
59 -4.215066e+02
60 -4.264436e+02
61 -4.263861e+02
62 -4.262173e+02
63 -5.184566e+02
64 -5.553373e+02
65 -5.581016e+02
66 -5.579021e+02
67 -5.913838e+02
68 -5.966111e+02
69 -6.007391e+02
70 -6.223065e+02
71 -6.224413e+02
72 -6.564984e+02
73 -6.227890e+02
74 -6.501811e+02
75 -6.593289e+02
