1 -1.601316e+02
2 -1.602790e+02
3 -1.602865e+02
4 -1.603499e+02
5 -1.603537e+02
6 -1.801668e+02
7 -1.821458e+02
8 -1.821473e+02
9 -1.821697e+02
10 -1.830465e+02
11 -1.830505e+02
12 -2.050446e+02
13 -2.050663e+02
14 -2.359360e+02
15 -2.402792e+02
16 -2.403802e+02
17 -2.405132e+02
18 -2.954589e+02
19 -2.619479e+02
20 -2.620265e+02
21 -2.638115e+02
22 -2.907237e+02
23 -2.894400e+02
24 -3.015842e+02
25 -3.095836e+02
26 -3.068220e+02
27 -3.052886e+02
28 -3.052990e+02
29 -3.066776e+02
30 -3.039017e+02
31 -3.029268e+02
32 -3.033724e+02
33 -3.035700e+02
34 -3.035756e+02
35 -3.044058e+02
36 -3.052524e+02
37 -3.052479e+02
38 -3.062641e+02
39 -3.067821e+02
40 -3.070263e+02
41 -3.068706e+02
42 -3.225099e+02
43 -3.313155e+02
44 -3.810507e+02
45 -3.849582e+02
46 -3.927695e+02
47 -3.949830e+02
48 -3.736205e+02
49 -3.680917e+02
50 -3.696912e+02
51 -3.716172e+02
52 -3.790065e+02
53 -4.036343e+02
54 -4.040197e+02
55 -4.235183e+02
56 -4.292098e+02
57 -4.260215e+02
58 -4.293626e+02
59 -4.273193e+02
60 -4.217424e+02
61 -4.311700e+02
62 -4.345026e+02
63 -4.319049e+02
64 -4.423628e+02
65 -4.441868e+02
66 -4.426811e+02
67 -5.013907e+02
68 -5.025587e+02
69 -5.178865e+02
70 -5.293797e+02
71 -5.259608e+02
72 -5.333998e+02
73 -6.029911e+02
74 -6.119819e+02
75 -6.114888e+02
76 -6.610624e+02
77 -7.093127e+02
78 -6.950403e+02
79 -6.951731e+02
80 -6.926265e+02
81 -6.928965e+02
