1 -2.071769e+02
2 -2.071769e+02
3 -2.071769e+02
4 -2.071769e+02
5 -2.071769e+02
6 -2.071790e+02
7 -2.071791e+02
8 -2.071791e+02
9 -2.071791e+02
10 -2.071791e+02
11 -2.071790e+02
12 -2.071790e+02
13 -2.071790e+02
14 -2.071791e+02
15 -2.071791e+02
16 -2.071791e+02
17 -2.071791e+02
18 -2.071792e+02
19 -2.069260e+02
20 -2.069244e+02
21 -2.069217e+02
22 -2.068913e+02
23 -2.068739e+02
24 -2.068457e+02
25 -2.068509e+02
26 -2.068731e+02
27 -2.068519e+02
28 -2.068523e+02
29 -2.068533e+02
30 -2.068488e+02
31 -2.068530e+02
32 -2.068530e+02
33 -2.068615e+02
34 -2.068615e+02
35 -2.068614e+02
36 -2.068614e+02
37 -2.068614e+02
38 -2.068616e+02
39 -2.068604e+02
40 -2.068605e+02
41 -2.068606e+02
42 -2.068649e+02
43 -2.068534e+02
44 -2.068492e+02
45 -2.068487e+02
46 -2.068482e+02
47 -2.068499e+02
48 -2.068582e+02
49 -2.068660e+02
50 -2.069190e+02
51 -2.069320e+02
52 -2.075164e+02
53 -2.146273e+02
54 -2.146206e+02
55 -2.152181e+02
56 -2.156210e+02
57 -2.164126e+02
58 -2.163573e+02
59 -2.165516e+02
60 -2.175900e+02
61 -2.179505e+02
62 -2.180203e+02
63 -2.205278e+02
64 -2.212667e+02
65 -2.212959e+02
66 -2.228105e+02
67 -2.237413e+02
68 -2.237451e+02
69 -2.243612e+02
70 -2.245124e+02
71 -2.246780e+02
72 -2.341362e+02
73 -2.363694e+02
74 -2.367218e+02
75 -2.368583e+02
76 -2.432919e+02
77 -2.975548e+02
78 -3.307151e+02
79 -3.306972e+02
80 -3.306907e+02
81 -3.306678e+02
