1 2.052632e+00
2 4.160000e+00
3 6.324324e+00
4 8.547945e+00
5 1.083333e+01
6 1.318310e+01
7 1.560000e+01
8 1.808696e+01
9 2.064706e+01
10 2.328358e+01
11 26
12 2.880000e+01
13 3.168750e+01
14 3.466667e+01
15 3.774194e+01
16 4.091803e+01
17 4.420000e+01
18 4.759322e+01
19 5.110345e+01
20 5.473684e+01
21 5.850000e+01
22 6.240000e+01
23 6.644444e+01
24 7.064151e+01
25 75
26 7.952941e+01
27 8.424000e+01
28 8.914286e+01
29 9.425000e+01
30 9.957447e+01
31 1.051304e+02
32 1.109333e+02
33 117
34 1.233488e+02
35 130
36 1.369756e+02
37 1.443000e+02
38 152
39 1.601053e+02
40 1.686486e+02
41 1.776667e+02
42 1.872000e+02
43 1.972941e+02
44 208
45 2.193750e+02
46 2.314839e+02
47 2.444000e+02
48 2.582069e+02
49 273
50 2.888889e+02
51 306
52 3.244800e+02
53 3.445000e+02
54 3.662609e+02
55 390
56 416
57 4.446000e+02
58 4.762105e+02
59 5.113333e+02
60 5.505882e+02
61 5.947500e+02
62 6.448000e+02
63 702
64 768
65 845
66 936
67 1.045200e+03
68 1.178667e+03
69 1.345500e+03
70 1560
71 1846
72 2.246400e+03
73 2847
74 3848
75 5850
