1 1
2 8.415089e-01
3 5.167863e-01
4 4.259518e-01
5 3.910263e-01
6 3.170812e-01
7 3.023424e-01
8 2.945982e-01
9 2.835945e-01
10 2.622872e-01
11 2.509465e-01
12 2.461663e-01
13 2.350123e-01
14 2.215691e-01
15 2.169128e-01
16 2.122512e-01
17 1.960394e-01
18 1.947135e-01
19 1.923211e-01
20 1.720785e-01
21 1.709349e-01
22 1.565947e-01
23 1.562430e-01
24 1.557501e-01
25 1.447949e-01
26 1.435330e-01
27 1.410617e-01
28 1.313536e-01
29 1.174355e-01
30 1.084682e-01
31 1.070553e-01
32 1.048424e-01
33 9.788877e-02
34 9.038493e-02
35 8.265151e-02
36 8.171371e-02
37 7.950674e-02
38 7.783423e-02
39 7.113127e-02
40 7.054956e-02
41 6.808259e-02
42 6.379520e-02
43 4.665772e-02
44 3.477176e-02
45 2.254502e-02
46 2.021107e-02
47 1.913795e-02
48 1.903732e-02
49 1.528449e-02
50 1.430215e-02
51 1.139116e-02
52 8.343687e-03
53 7.009933e-03
54 5.618140e-03
55 5.072344e-03
56 4.552122e-03
57 4.116232e-03
58 3.864148e-03
59 3.556878e-03
60 3.255961e-03
61 2.094794e-03
62 2.004710e-03
63 1.283416e-03
64 5.627718e-04
65 4.726041e-04
66 3.619665e-04
67 2.570003e-04
68 1.603773e-04
69 1.039550e-04
70 7.271395e-05
71 3.752321e-05
72 2.814017e-05
73 1.136102e-05
74 5.985934e-06
75 1.575202e-06
