1 -6.696001e-04
2 -5.557230e-01
3 -9.525610e-04
4 -1.220532e-01
5 -2.057959e-04
6 -1.571880e-02
7 -1.625347e-05
8 -3.418191e-02
9 -2.649303e-05
10 -5.872927e-02
11 -6.085854e-05
12 -3.320801e-02
13 -3.919334e-05
14 -2.707273e-02
15 -1.261819e-04
16 -1.105280e-01
17 -2.858890e-03
18 -2.497467e+00
19 -2.645215e-01
20 -1.730087e-01
21 -3.600046e-02
22 -1.166684e-01
23 -5.525275e-02
24 -9.858080e-02
25 -2.427105e-02
26 -5.751363e-02
27 -7.521953e-02
28 -1.034075e-01
29 -5.576580e-02
30 -2.146843e-02
31 -8.400147e-02
32 -8.264878e-02
33 -4.909377e-02
34 -3.568439e-02
35 -1.550617e-02
36 -4.232782e-02
37 -8.271585e-02
38 -5.607232e-03
39 -8.534084e-02
40 -4.487924e-02
41 -1.744528e-01
42 -5.943090e-02
43 -1.303126e-01
44 -9.241921e-02
45 -6.081336e-01
46 -1.450631e-02
47 -4.735361e-01
48 -4.025134e-01
49 -4.177276e-01
50 -6.298695e-01
51 -7.152312e-01
52 -7.972667e-02
53 -1.131381e-01
54 -1.334299e-01
55 -2.838431e-01
56 -3.318830e-01
57 -3.938206e-02
58 -8.193846e-02
59 -1.213501e-01
60 -1.324407e-01
61 -6.984994e-02
62 -1.451905e-01
63 -1.435146e-01
64 -2.637554e-01
65 -4.341698e-01
66 -4.045738e-01
67 -3.817941e-01
68 -5.544026e-01
69 -4.075383e-02
70 -9.413208e-01
71 -6.370596e-01
72 -2.266346e-01
73 -1.808338e+00
74 -1.324729e+00
75 -8.365296e-02
76 -1.941902e+00
77 -1.171614e+00
78 -1.965595e+00
79 -6.357229e-01
80 -1.603563e+00
