1.777678e-02 1.919674e-05
1.754432e-02 2.349918e-06
1.866753e-02 -9.358144e-06
-5.547678e-03 -4.252270e-06
-8.319969e-03 2.411624e-06
9.407065e-04 -9.172646e-07
-1.053370e-03 8.584529e-06
9.026291e-03 1.841265e-05
8.843799e-03 1.987292e-05
9.103121e-03 1.022410e-05
-8.754531e-04 -1.315652e-06
3.512420e-03 -1.796556e-06
4.659621e-03 -2.755749e-06
1.030029e-02 -7.119225e-06
1.338814e-03 -1.088283e-05
1.592533e-03 -1.344105e-06
2.337277e-03 1.867050e-05
1.864131e-02 6.242600e-05
-5.246260e-02 1.718966e-04
-1.209366e-01 -3.153656e-04
-7.279915e-02 -5.310860e-04
-1.440995e-01 -3.514771e-04
1.101528e-01 -4.687718e-04
-1.398812e-06 -2.492331e-04
-1.543136e-02 -6.291493e-04
-2.636929e-02 -1.481043e-04
-5.818157e-03 -9.290942e-05
2.452444e-02 -5.496574e-04
-2.726747e-02 -1.670348e-04
-1.058584e-01 -3.263055e-04
-9.136988e-02 -2.881134e-04
5.074778e-02 -4.219750e-04
-1.206326e-02 -1.035432e-04
-8.498300e-03 1.505675e-04
