9.393084e-02 9.570361e-02
1.132819e-01 1.115987e-01
1.264991e-01 1.231741e-01
1.306427e-01 1.254503e-01
1.310957e-01 1.266603e-01
1.293722e-01 1.270786e-01
1.244084e-01 1.251938e-01
1.244106e-01 1.254176e-01
1.209259e-01 1.208743e-01
1.218604e-01 1.241251e-01
1.240602e-01 1.247930e-01
1.263370e-01 1.258251e-01
1.311759e-01 1.258026e-01
1.341296e-01 1.261387e-01
1.344013e-01 1.260019e-01
1.272915e-01 1.234889e-01
1.136680e-01 1.122211e-01
1.025487e-01 1.043365e-01
-1.448021e-01 -1.466604e-01
-1.171017e-01 -1.193303e-01
-1.077424e-01 -1.115244e-01
-1.225885e-01 -1.262436e-01
-9.475292e-02 -9.804108e-02
-7.942446e-02 -8.206279e-02
-6.077757e-02 -7.265167e-02
-4.824200e-02 -3.485643e-02
-3.640449e-02 -2.041314e-02
-1.002332e-02 -1.749605e-02
-3.994087e-02 -3.137645e-02
-5.714528e-02 -6.921645e-02
-7.868696e-02 -7.978254e-02
-1.318839e-01 -1.334631e-01
-9.908073e-02 -1.013373e-01
-1.054737e-01 -1.071209e-01
-1.942504e-01 -1.955642e-01
