1.780178e-02 4.419979e-05
1.758385e-02 4.187763e-05
1.871248e-02 3.559458e-05
-5.501112e-03 4.231442e-05
-8.277640e-03 4.474030e-05
9.857609e-04 4.413717e-05
-1.014094e-03 4.785992e-05
9.063342e-03 5.546371e-05
8.880129e-03 5.620304e-05
9.140453e-03 4.755563e-05
-8.356227e-04 3.851478e-05
3.555557e-03 4.133992e-05
4.705679e-03 4.330235e-05
1.034799e-02 4.057810e-05
1.384890e-03 3.519351e-05
1.633007e-03 3.913006e-05
2.362689e-03 4.408302e-05
1.862909e-02 5.020454e-05
-5.244358e-02 1.909205e-04
-1.193049e-01 1.316298e-03
-7.095717e-02 1.310895e-03
-1.424388e-01 1.309211e-03
1.119514e-01 1.329838e-03
1.368966e-03 1.121131e-03
-1.375412e-02 1.048084e-03
-2.522264e-02 9.985416e-04
-4.693270e-03 1.031977e-03
2.616790e-02 1.093798e-03
-2.592873e-02 1.171706e-03
-1.041084e-01 1.423719e-03
-8.975237e-02 1.329401e-03
5.253698e-02 1.367232e-03
-1.047782e-02 1.481897e-03
-8.477761e-03 1.711064e-04
