8.022073e-03 4.923221e-03
3.950136e-03 2.748347e-04
7.219965e-03 2.013109e-04
9.719574e-03 -2.959270e-03
1.403584e-02 -1.724271e-03
1.936487e-02 1.074559e-03
2.221594e-02 5.363618e-03
2.858363e-02 8.993913e-03
2.848443e-02 1.087430e-02
2.909856e-02 1.055638e-02
2.726261e-02 7.826984e-03
2.253640e-02 2.880406e-03
1.897149e-02 -2.143215e-03
1.439257e-02 -4.724830e-03
1.049916e-02 -4.989136e-03
4.977884e-03 -2.373148e-03
1.587545e-03 -4.788600e-04
1.470961e-02 5.447877e-03
6.653612e-02 1.793979e-02
9.106521e-02 2.333458e-02
2.039852e-02 4.683365e-03
6.267108e-02 1.215083e-02
8.702406e-02 1.890772e-02
2.251110e-02 1.763617e-03
1.063391e-02 5.616928e-03
1.116394e-02 7.324790e-03
1.834495e-02 7.792786e-03
4.371414e-02 7.757369e-03
1.789488e-02 7.511668e-03
1.176790e-02 6.102967e-03
1.924147e-02 3.382168e-03
6.345200e-03 8.200044e-04
5.040567e-02 1.295598e-02
2.237473e-02 5.094037e-03
9.846697e-02 2.412905e-02
1.328029e-02 2.723449e-03
