3.400000e-01 5.600000e-02
3.405179e-01 5.585860e-02
3.410323e-01 5.571440e-02
3.415433e-01 5.556740e-02
3.420507e-01 5.541760e-02
3.425548e-01 5.526500e-02
3.430553e-01 5.510960e-02
3.435524e-01 5.495140e-02
3.440461e-01 5.479040e-02
3.445362e-01 5.462660e-02
3.450229e-01 5.446000e-02
3.455062e-01 5.429060e-02
3.459860e-01 5.411840e-02
3.464623e-01 5.394340e-02
3.469351e-01 5.376560e-02
3.474045e-01 5.358500e-02
3.478704e-01 5.340160e-02
3.483329e-01 5.321540e-02
3.487919e-01 5.302640e-02
3.492474e-01 5.283460e-02
3.496995e-01 5.264000e-02
3.501481e-01 5.244260e-02
3.505932e-01 5.224240e-02
3.510349e-01 5.203940e-02
3.514731e-01 5.183360e-02
3.519078e-01 5.162500e-02
3.523391e-01 5.141360e-02
3.527669e-01 5.119940e-02
3.531913e-01 5.098240e-02
3.536122e-01 5.076260e-02
3.540296e-01 5.054000e-02
3.544436e-01 5.031460e-02
3.548541e-01 5.008640e-02
3.552611e-01 4.985540e-02
3.556647e-01 4.962160e-02
3.560648e-01 4.938500e-02
3.564614e-01 4.914560e-02
3.568546e-01 4.890340e-02
3.572443e-01 4.865840e-02
3.576305e-01 4.841060e-02
3.580133e-01 4.816000e-02
3.583926e-01 4.790660e-02
3.587685e-01 4.765040e-02
3.591409e-01 4.739140e-02
3.595098e-01 4.712960e-02
3.598753e-01 4.686500e-02
3.602373e-01 4.659760e-02
3.605958e-01 4.632740e-02
3.609509e-01 4.605440e-02
3.613025e-01 4.577860e-02
3.616506e-01 4.550000e-02
3.619953e-01 4.521860e-02
3.623365e-01 4.493440e-02
3.626743e-01 4.464740e-02
3.630086e-01 4.435760e-02
3.633394e-01 4.406500e-02
3.636667e-01 4.376960e-02
3.639906e-01 4.347140e-02
3.643111e-01 4.317040e-02
3.646280e-01 4.286660e-02
3.649415e-01 4.256000e-02
3.652516e-01 4.225060e-02
3.655581e-01 4.193840e-02
3.658613e-01 4.162340e-02
3.661609e-01 4.130560e-02
3.664571e-01 4.098500e-02
3.667498e-01 4.066160e-02
3.670390e-01 4.033540e-02
3.673248e-01 4.000640e-02
3.676072e-01 3.967460e-02
3.678860e-01 3.934000e-02
3.681614e-01 3.900260e-02
3.684333e-01 3.866240e-02
3.687018e-01 3.831940e-02
3.689668e-01 3.797360e-02
3.692284e-01 3.762500e-02
3.694864e-01 3.727360e-02
3.697410e-01 3.691940e-02
3.699922e-01 3.656240e-02
3.702399e-01 3.620260e-02
3.704841e-01 3.584000e-02
3.707248e-01 3.547460e-02
3.709621e-01 3.510640e-02
3.711960e-01 3.473540e-02
3.714263e-01 3.436160e-02
3.716532e-01 3.398500e-02
3.718767e-01 3.360560e-02
3.720966e-01 3.322340e-02
3.723131e-01 3.283840e-02
3.725262e-01 3.245060e-02
3.727358e-01 3.206000e-02
3.729419e-01 3.166660e-02
3.731445e-01 3.127040e-02
3.733437e-01 3.087140e-02
3.735394e-01 3.046960e-02
3.737317e-01 3.006500e-02
3.739205e-01 2.965760e-02
3.741058e-01 2.924740e-02
3.742877e-01 2.883440e-02
3.744661e-01 2.841860e-02
3.746410e-01 2.800000e-02
3.748125e-01 2.757860e-02
3.749805e-01 2.715440e-02
3.751450e-01 2.672740e-02
3.753061e-01 2.629760e-02
3.754637e-01 2.586500e-02
3.756179e-01 2.542960e-02
3.757686e-01 2.499140e-02
3.759158e-01 2.455040e-02
3.760596e-01 2.410660e-02
3.761999e-01 2.366000e-02
3.763367e-01 2.321060e-02
3.764701e-01 2.275840e-02
3.766000e-01 2.230340e-02
3.767264e-01 2.184560e-02
3.768494e-01 2.138500e-02
3.769689e-01 2.092160e-02
3.770849e-01 2.045540e-02
3.771975e-01 1.998640e-02
3.773066e-01 1.951460e-02
3.774123e-01 1.904000e-02
3.775145e-01 1.856260e-02
3.776132e-01 1.808240e-02
3.777085e-01 1.759940e-02
3.778003e-01 1.711360e-02
3.778886e-01 1.662500e-02
3.779735e-01 1.613360e-02
3.780549e-01 1.563940e-02
3.781328e-01 1.514240e-02
3.782073e-01 1.464260e-02
3.782783e-01 1.414000e-02
3.783459e-01 1.363460e-02
3.784100e-01 1.312640e-02
3.784706e-01 1.261540e-02
3.785277e-01 1.210160e-02
3.785814e-01 1.158500e-02
3.786317e-01 1.106560e-02
3.786784e-01 1.054340e-02
3.787217e-01 1.001840e-02
3.787616e-01 9.490600e-03
3.787979e-01 8.960000e-03
3.788308e-01 8.426600e-03
3.788603e-01 7.890400e-03
3.788863e-01 7.351400e-03
3.789088e-01 6.809600e-03
3.789278e-01 6.265000e-03
3.789434e-01 5.717600e-03
3.789556e-01 5.167400e-03
3.789642e-01 4.614400e-03
3.789694e-01 4.058600e-03
3.789711e-01 3.500000e-03
3.789694e-01 2.938600e-03
3.789642e-01 2.374400e-03
3.789556e-01 1.807400e-03
3.789434e-01 1.237600e-03
3.789278e-01 6.650000e-04
3.789088e-01 8.960000e-05
3.788863e-01 -4.886000e-04
3.788603e-01 -1.069600e-03
3.788308e-01 -1.653400e-03
3.787979e-01 -2.240000e-03
3.787616e-01 -2.829400e-03
3.787217e-01 -3.421600e-03
3.786784e-01 -4.016600e-03
3.786317e-01 -4.614400e-03
3.785814e-01 -5.215000e-03
3.785277e-01 -5.818400e-03
3.784706e-01 -6.424600e-03
3.784100e-01 -7.033600e-03
3.783459e-01 -7.645400e-03
3.782783e-01 -8.260000e-03
3.782073e-01 -8.877400e-03
3.781328e-01 -9.497600e-03
3.780549e-01 -1.012060e-02
3.779735e-01 -1.074640e-02
3.778886e-01 -1.137500e-02
3.778003e-01 -1.200640e-02
3.777085e-01 -1.264060e-02
3.776132e-01 -1.327760e-02
3.775145e-01 -1.391740e-02
3.774123e-01 -1.456000e-02
3.773066e-01 -1.520540e-02
3.771975e-01 -1.585360e-02
3.770849e-01 -1.650460e-02
3.769689e-01 -1.715840e-02
3.768494e-01 -1.781500e-02
3.767264e-01 -1.847440e-02
3.766000e-01 -1.913660e-02
3.764701e-01 -1.980160e-02
3.763367e-01 -2.046940e-02
3.761999e-01 -2.114000e-02
3.760596e-01 -2.181340e-02
3.759158e-01 -2.248960e-02
3.757686e-01 -2.316860e-02
3.756179e-01 -2.385040e-02
3.754637e-01 -2.453500e-02
3.753061e-01 -2.522240e-02
3.751450e-01 -2.591260e-02
3.749805e-01 -2.660560e-02
3.748125e-01 -2.730140e-02
3.746410e-01 -2.800000e-02
3.746410e-01 -2.800000e-02
3.742946e-01 -2.855720e-02
3.739482e-01 -2.910880e-02
3.736018e-01 -2.965480e-02
3.732554e-01 -3.019520e-02
3.729090e-01 -3.073000e-02
3.725626e-01 -3.125920e-02
3.722161e-01 -3.178280e-02
3.718697e-01 -3.230080e-02
3.715233e-01 -3.281320e-02
3.711769e-01 -3.332000e-02
3.708305e-01 -3.382120e-02
3.704841e-01 -3.431680e-02
3.701377e-01 -3.480680e-02
3.697913e-01 -3.529120e-02
3.694449e-01 -3.577000e-02
3.690985e-01 -3.624320e-02
3.687520e-01 -3.671080e-02
3.684056e-01 -3.717280e-02
3.680592e-01 -3.762920e-02
3.677128e-01 -3.808000e-02
3.673664e-01 -3.852520e-02
3.670200e-01 -3.896480e-02
3.666736e-01 -3.939880e-02
3.663272e-01 -3.982720e-02
3.659808e-01 -4.025000e-02
3.656344e-01 -4.066720e-02
3.652879e-01 -4.107880e-02
3.649415e-01 -4.148480e-02
3.645951e-01 -4.188520e-02
3.642487e-01 -4.228000e-02
3.639023e-01 -4.266920e-02
3.635559e-01 -4.305280e-02
3.632095e-01 -4.343080e-02
3.628631e-01 -4.380320e-02
3.625167e-01 -4.417000e-02
3.621703e-01 -4.453120e-02
3.618238e-01 -4.488680e-02
3.614774e-01 -4.523680e-02
3.611310e-01 -4.558120e-02
3.607846e-01 -4.592000e-02
3.604382e-01 -4.625320e-02
3.600918e-01 -4.658080e-02
3.597454e-01 -4.690280e-02
3.593990e-01 -4.721920e-02
3.590526e-01 -4.753000e-02
3.587061e-01 -4.783520e-02
3.583597e-01 -4.813480e-02
3.580133e-01 -4.842880e-02
3.576669e-01 -4.871720e-02
3.573205e-01 -4.900000e-02
3.569741e-01 -4.927720e-02
3.566277e-01 -4.954880e-02
3.562813e-01 -4.981480e-02
3.559349e-01 -5.007520e-02
3.555885e-01 -5.033000e-02
3.552420e-01 -5.057920e-02
3.548956e-01 -5.082280e-02
3.545492e-01 -5.106080e-02
3.542028e-01 -5.129320e-02
3.538564e-01 -5.152000e-02
3.535100e-01 -5.174120e-02
3.531636e-01 -5.195680e-02
3.528172e-01 -5.216680e-02
3.524708e-01 -5.237120e-02
3.521244e-01 -5.257000e-02
3.517779e-01 -5.276320e-02
3.514315e-01 -5.295080e-02
3.510851e-01 -5.313280e-02
3.507387e-01 -5.330920e-02
3.503923e-01 -5.348000e-02
3.500459e-01 -5.364520e-02
3.496995e-01 -5.380480e-02
3.493531e-01 -5.395880e-02
3.490067e-01 -5.410720e-02
3.486603e-01 -5.425000e-02
3.483138e-01 -5.438720e-02
3.479674e-01 -5.451880e-02
3.476210e-01 -5.464480e-02
3.472746e-01 -5.476520e-02
3.469282e-01 -5.488000e-02
3.465818e-01 -5.498920e-02
3.462354e-01 -5.509280e-02
3.458890e-01 -5.519080e-02
3.455426e-01 -5.528320e-02
3.451962e-01 -5.537000e-02
3.448497e-01 -5.545120e-02
3.445033e-01 -5.552680e-02
3.441569e-01 -5.559680e-02
3.438105e-01 -5.566120e-02
3.434641e-01 -5.572000e-02
3.431177e-01 -5.577320e-02
3.427713e-01 -5.582080e-02
3.424249e-01 -5.586280e-02
3.420785e-01 -5.589920e-02
3.417321e-01 -5.593000e-02
3.413856e-01 -5.595520e-02
3.410392e-01 -5.597480e-02
3.406928e-01 -5.598880e-02
3.403464e-01 -5.599720e-02
3.400000e-01 -5.600000e-02
3.396536e-01 -5.599720e-02
3.393072e-01 -5.598880e-02
3.389608e-01 -5.597480e-02
3.386144e-01 -5.595520e-02
3.382679e-01 -5.593000e-02
3.379215e-01 -5.589920e-02
3.375751e-01 -5.586280e-02
3.372287e-01 -5.582080e-02
3.368823e-01 -5.577320e-02
3.365359e-01 -5.572000e-02
3.361895e-01 -5.566120e-02
3.358431e-01 -5.559680e-02
3.354967e-01 -5.552680e-02
3.351503e-01 -5.545120e-02
3.348038e-01 -5.537000e-02
3.344574e-01 -5.528320e-02
3.341110e-01 -5.519080e-02
3.337646e-01 -5.509280e-02
3.334182e-01 -5.498920e-02
3.330718e-01 -5.488000e-02
3.327254e-01 -5.476520e-02
3.323790e-01 -5.464480e-02
3.320326e-01 -5.451880e-02
3.316862e-01 -5.438720e-02
3.313397e-01 -5.425000e-02
3.309933e-01 -5.410720e-02
3.306469e-01 -5.395880e-02
3.303005e-01 -5.380480e-02
3.299541e-01 -5.364520e-02
3.296077e-01 -5.348000e-02
3.292613e-01 -5.330920e-02
3.289149e-01 -5.313280e-02
3.285685e-01 -5.295080e-02
3.282221e-01 -5.276320e-02
3.278756e-01 -5.257000e-02
3.275292e-01 -5.237120e-02
3.271828e-01 -5.216680e-02
3.268364e-01 -5.195680e-02
3.264900e-01 -5.174120e-02
3.261436e-01 -5.152000e-02
3.257972e-01 -5.129320e-02
3.254508e-01 -5.106080e-02
3.251044e-01 -5.082280e-02
3.247580e-01 -5.057920e-02
3.244115e-01 -5.033000e-02
3.240651e-01 -5.007520e-02
3.237187e-01 -4.981480e-02
3.233723e-01 -4.954880e-02
3.230259e-01 -4.927720e-02
3.226795e-01 -4.900000e-02
3.223331e-01 -4.871720e-02
3.219867e-01 -4.842880e-02
3.216403e-01 -4.813480e-02
3.212939e-01 -4.783520e-02
3.209474e-01 -4.753000e-02
3.206010e-01 -4.721920e-02
3.202546e-01 -4.690280e-02
3.199082e-01 -4.658080e-02
3.195618e-01 -4.625320e-02
3.192154e-01 -4.592000e-02
3.188690e-01 -4.558120e-02
3.185226e-01 -4.523680e-02
3.181762e-01 -4.488680e-02
3.178297e-01 -4.453120e-02
3.174833e-01 -4.417000e-02
3.171369e-01 -4.380320e-02
3.167905e-01 -4.343080e-02
3.164441e-01 -4.305280e-02
3.160977e-01 -4.266920e-02
3.157513e-01 -4.228000e-02
3.154049e-01 -4.188520e-02
3.150585e-01 -4.148480e-02
3.147121e-01 -4.107880e-02
3.143656e-01 -4.066720e-02
3.140192e-01 -4.025000e-02
3.136728e-01 -3.982720e-02
3.133264e-01 -3.939880e-02
3.129800e-01 -3.896480e-02
3.126336e-01 -3.852520e-02
3.122872e-01 -3.808000e-02
3.119408e-01 -3.762920e-02
3.115944e-01 -3.717280e-02
3.112480e-01 -3.671080e-02
3.109015e-01 -3.624320e-02
3.105551e-01 -3.577000e-02
3.102087e-01 -3.529120e-02
3.098623e-01 -3.480680e-02
3.095159e-01 -3.431680e-02
3.091695e-01 -3.382120e-02
3.088231e-01 -3.332000e-02
3.084767e-01 -3.281320e-02
3.081303e-01 -3.230080e-02
3.077839e-01 -3.178280e-02
3.074374e-01 -3.125920e-02
3.070910e-01 -3.073000e-02
3.067446e-01 -3.019520e-02
3.063982e-01 -2.965480e-02
3.060518e-01 -2.910880e-02
3.057054e-01 -2.855720e-02
3.053590e-01 -2.800000e-02
3.053590e-01 -2.800000e-02
3.051875e-01 -2.730140e-02
3.050195e-01 -2.660560e-02
3.048550e-01 -2.591260e-02
3.046939e-01 -2.522240e-02
3.045363e-01 -2.453500e-02
3.043821e-01 -2.385040e-02
3.042314e-01 -2.316860e-02
3.040842e-01 -2.248960e-02
3.039404e-01 -2.181340e-02
3.038001e-01 -2.114000e-02
3.036633e-01 -2.046940e-02
3.035299e-01 -1.980160e-02
3.034000e-01 -1.913660e-02
3.032736e-01 -1.847440e-02
3.031506e-01 -1.781500e-02
3.030311e-01 -1.715840e-02
3.029151e-01 -1.650460e-02
3.028025e-01 -1.585360e-02
3.026934e-01 -1.520540e-02
3.025877e-01 -1.456000e-02
3.024855e-01 -1.391740e-02
3.023868e-01 -1.327760e-02
3.022915e-01 -1.264060e-02
3.021997e-01 -1.200640e-02
3.021114e-01 -1.137500e-02
3.020265e-01 -1.074640e-02
3.019451e-01 -1.012060e-02
3.018672e-01 -9.497600e-03
3.017927e-01 -8.877400e-03
3.017217e-01 -8.260000e-03
3.016541e-01 -7.645400e-03
3.015900e-01 -7.033600e-03
3.015294e-01 -6.424600e-03
3.014723e-01 -5.818400e-03
3.014186e-01 -5.215000e-03
3.013683e-01 -4.614400e-03
3.013216e-01 -4.016600e-03
3.012783e-01 -3.421600e-03
3.012384e-01 -2.829400e-03
3.012021e-01 -2.240000e-03
3.011692e-01 -1.653400e-03
3.011397e-01 -1.069600e-03
3.011137e-01 -4.886000e-04
3.010912e-01 8.960000e-05
3.010722e-01 6.650000e-04
3.010566e-01 1.237600e-03
3.010444e-01 1.807400e-03
3.010358e-01 2.374400e-03
3.010306e-01 2.938600e-03
3.010289e-01 3.500000e-03
3.010306e-01 4.058600e-03
3.010358e-01 4.614400e-03
3.010444e-01 5.167400e-03
3.010566e-01 5.717600e-03
3.010722e-01 6.265000e-03
3.010912e-01 6.809600e-03
3.011137e-01 7.351400e-03
3.011397e-01 7.890400e-03
3.011692e-01 8.426600e-03
3.012021e-01 8.960000e-03
3.012384e-01 9.490600e-03
3.012783e-01 1.001840e-02
3.013216e-01 1.054340e-02
3.013683e-01 1.106560e-02
3.014186e-01 1.158500e-02
3.014723e-01 1.210160e-02
3.015294e-01 1.261540e-02
3.015900e-01 1.312640e-02
3.016541e-01 1.363460e-02
3.017217e-01 1.414000e-02
3.017927e-01 1.464260e-02
3.018672e-01 1.514240e-02
3.019451e-01 1.563940e-02
3.020265e-01 1.613360e-02
3.021114e-01 1.662500e-02
3.021997e-01 1.711360e-02
3.022915e-01 1.759940e-02
3.023868e-01 1.808240e-02
3.024855e-01 1.856260e-02
3.025877e-01 1.904000e-02
3.026934e-01 1.951460e-02
3.028025e-01 1.998640e-02
3.029151e-01 2.045540e-02
3.030311e-01 2.092160e-02
3.031506e-01 2.138500e-02
3.032736e-01 2.184560e-02
3.034000e-01 2.230340e-02
3.035299e-01 2.275840e-02
3.036633e-01 2.321060e-02
3.038001e-01 2.366000e-02
3.039404e-01 2.410660e-02
3.040842e-01 2.455040e-02
3.042314e-01 2.499140e-02
3.043821e-01 2.542960e-02
3.045363e-01 2.586500e-02
3.046939e-01 2.629760e-02
3.048550e-01 2.672740e-02
3.050195e-01 2.715440e-02
3.051875e-01 2.757860e-02
3.053590e-01 2.800000e-02
3.055339e-01 2.841860e-02
3.057123e-01 2.883440e-02
3.058942e-01 2.924740e-02
3.060795e-01 2.965760e-02
3.062683e-01 3.006500e-02
3.064606e-01 3.046960e-02
3.066563e-01 3.087140e-02
3.068555e-01 3.127040e-02
3.070581e-01 3.166660e-02
3.072642e-01 3.206000e-02
3.074738e-01 3.245060e-02
3.076869e-01 3.283840e-02
3.079034e-01 3.322340e-02
3.081233e-01 3.360560e-02
3.083468e-01 3.398500e-02
3.085737e-01 3.436160e-02
3.088040e-01 3.473540e-02
3.090379e-01 3.510640e-02
3.092752e-01 3.547460e-02
3.095159e-01 3.584000e-02
3.097601e-01 3.620260e-02
3.100078e-01 3.656240e-02
3.102590e-01 3.691940e-02
3.105136e-01 3.727360e-02
3.107716e-01 3.762500e-02
3.110332e-01 3.797360e-02
3.112982e-01 3.831940e-02
3.115667e-01 3.866240e-02
3.118386e-01 3.900260e-02
3.121140e-01 3.934000e-02
3.123928e-01 3.967460e-02
3.126752e-01 4.000640e-02
3.129610e-01 4.033540e-02
3.132502e-01 4.066160e-02
3.135429e-01 4.098500e-02
3.138391e-01 4.130560e-02
3.141387e-01 4.162340e-02
3.144419e-01 4.193840e-02
3.147484e-01 4.225060e-02
3.150585e-01 4.256000e-02
3.153720e-01 4.286660e-02
3.156889e-01 4.317040e-02
3.160094e-01 4.347140e-02
3.163333e-01 4.376960e-02
3.166606e-01 4.406500e-02
3.169914e-01 4.435760e-02
3.173257e-01 4.464740e-02
3.176635e-01 4.493440e-02
3.180047e-01 4.521860e-02
3.183494e-01 4.550000e-02
3.186975e-01 4.577860e-02
3.190491e-01 4.605440e-02
3.194042e-01 4.632740e-02
3.197627e-01 4.659760e-02
3.201247e-01 4.686500e-02
3.204902e-01 4.712960e-02
3.208591e-01 4.739140e-02
3.212315e-01 4.765040e-02
3.216074e-01 4.790660e-02
3.219867e-01 4.816000e-02
3.223695e-01 4.841060e-02
3.227557e-01 4.865840e-02
3.231454e-01 4.890340e-02
3.235386e-01 4.914560e-02
3.239352e-01 4.938500e-02
3.243353e-01 4.962160e-02
3.247389e-01 4.985540e-02
3.251459e-01 5.008640e-02
3.255564e-01 5.031460e-02
3.259704e-01 5.054000e-02
3.263878e-01 5.076260e-02
3.268087e-01 5.098240e-02
3.272331e-01 5.119940e-02
3.276609e-01 5.141360e-02
3.280922e-01 5.162500e-02
3.285269e-01 5.183360e-02
3.289651e-01 5.203940e-02
3.294068e-01 5.224240e-02
3.298519e-01 5.244260e-02
3.303005e-01 5.264000e-02
3.307526e-01 5.283460e-02
3.312081e-01 5.302640e-02
3.316671e-01 5.321540e-02
3.321296e-01 5.340160e-02
3.325955e-01 5.358500e-02
3.330649e-01 5.376560e-02
3.335377e-01 5.394340e-02
3.340140e-01 5.411840e-02
3.344938e-01 5.429060e-02
3.349771e-01 5.446000e-02
3.354638e-01 5.462660e-02
3.359539e-01 5.479040e-02
3.364476e-01 5.495140e-02
3.369447e-01 5.510960e-02
3.374452e-01 5.526500e-02
3.379493e-01 5.541760e-02
3.384567e-01 5.556740e-02
3.389677e-01 5.571440e-02
3.394821e-01 5.585860e-02
3.400000e-01 5.600000e-02
