1.297400e-01 -8.500000e-01
1.297400e-01 -7.500000e-01
1.297400e-01 -6.500000e-01
1.297400e-01 -5.500000e-01
1.297400e-01 -4.500000e-01
1.297400e-01 -3.500000e-01
1.297400e-01 -2.500000e-01
1.297400e-01 -1.500000e-01
1.297400e-01 -5.000000e-02
1.299500e-01 5.000000e-02
1.299500e-01 1.500000e-01
1.299500e-01 2.500000e-01
1.299500e-01 3.500000e-01
1.299500e-01 4.500000e-01
1.299500e-01 5.500000e-01
1.299500e-01 6.500000e-01
1.299500e-01 7.500000e-01
1.299500e-01 8.500000e-01
3.861500e-01 9.900000e-01
5.361500e-01 9.900000e-01
5.832600e-01 8.500000e-01
5.832600e-01 7.500000e-01
5.832600e-01 6.500000e-01
5.832600e-01 5.500000e-01
5.832600e-01 4.500000e-01
5.832600e-01 3.500000e-01
5.832600e-01 2.500000e-01
5.832600e-01 1.500000e-01
5.832600e-01 5.000000e-02
5.887900e-01 -1.500000e-01
5.887900e-01 -2.500000e-01
5.887900e-01 -3.500000e-01
5.887900e-01 -4.500000e-01
5.887900e-01 -5.500000e-01
5.887900e-01 -6.500000e-01
5.887900e-01 -7.500000e-01
5.887900e-01 -8.500000e-01
5.361500e-01 -9.900000e-01
3.861500e-01 -9.900000e-01