44 3.477176e-02
45 2.254502e-02
46 2.021107e-02
47 1.913795e-02
48 1.903732e-02
49 1.528449e-02
50 1.430215e-02
51 1.139116e-02
52 8.343687e-03
53 7.009933e-03
54 5.618140e-03
55 5.072344e-03
56 4.552122e-03
57 4.116232e-03
58 3.864148e-03
59 3.556878e-03
60 3.255961e-03
61 2.094794e-03
62 2.004710e-03
63 1.283416e-03
64 5.627718e-04
65 4.726041e-04
66 3.619665e-04
67 2.570003e-04
68 1.603773e-04
69 1.039550e-04
70 7.271395e-05
71 3.752321e-05
72 2.814017e-05
73 1.136102e-05
74 5.985934e-06
75 1.575202e-06
