6.940000e-01 2.850000e-01
6.462500e-01 2.850000e-01
5.985000e-01 2.850000e-01
5.985000e-01 3.600000e-01
5.985000e-01 4.350000e-01
5.985000e-01 5.758750e-01
5.985000e-01 7.167500e-01
5.985000e-01 8.576250e-01
5.985000e-01 9.985000e-01
3.501750e-01 9.985000e-01
1.018500e-01 9.985000e-01
1.018500e-01 7.992500e-01
1.018500e-01 6.000000e-01
1.018500e-01 4.000000e-01
1.018500e-01 2.000000e-01
1.018500e-01 1.665335e-16
1.018500e-01 -2.000000e-01
1.018500e-01 -4.000000e-01
1.018500e-01 -6.000000e-01
1.018500e-01 -7.992500e-01
1.018500e-01 -9.985000e-01
3.501750e-01 -9.985000e-01
5.985000e-01 -9.985000e-01
5.985000e-01 -8.576250e-01
5.985000e-01 -7.167500e-01
5.985000e-01 -5.758750e-01
5.985000e-01 -4.350000e-01
5.985000e-01 -3.600000e-01
5.985000e-01 -2.850000e-01
6.462500e-01 -2.850000e-01
6.940000e-01 -2.850000e-01
