6.780833e-01 2.850000e-01
6.462500e-01 2.850000e-01
6.144167e-01 2.850000e-01
5.985000e-01 3.100000e-01
5.985000e-01 3.600000e-01
5.985000e-01 4.100000e-01
5.985000e-01 4.819583e-01
5.985000e-01 5.758750e-01
5.985000e-01 6.697917e-01
5.985000e-01 7.637083e-01
5.985000e-01 8.576250e-01
5.985000e-01 9.515417e-01
5.576375e-01 9.985000e-01
4.759125e-01 9.985000e-01
3.941875e-01 9.985000e-01
3.124625e-01 9.985000e-01
2.307375e-01 9.985000e-01
1.490125e-01 9.985000e-01
1.081500e-01 9.569583e-01
1.081500e-01 8.738750e-01
1.081500e-01 7.907917e-01
1.081500e-01 7.077083e-01
1.081500e-01 6.246250e-01
1.081500e-01 5.415417e-01
1.081500e-01 4.444444e-01
1.081500e-01 3.333333e-01
1.081500e-01 2.222222e-01
1.081500e-01 1.111111e-01
1.081500e-01 2.775558e-16
1.081500e-01 -1.111111e-01
1.081500e-01 -2.222222e-01
1.081500e-01 -3.333333e-01
1.081500e-01 -4.444444e-01
1.081500e-01 -5.415417e-01
1.081500e-01 -6.246250e-01
1.081500e-01 -7.077083e-01
1.081500e-01 -7.907917e-01
1.081500e-01 -8.738750e-01
1.081500e-01 -9.569583e-01
1.490125e-01 -9.985000e-01
2.307375e-01 -9.985000e-01
3.124625e-01 -9.985000e-01
3.941875e-01 -9.985000e-01
4.759125e-01 -9.985000e-01
5.576375e-01 -9.985000e-01
5.985000e-01 -9.515417e-01
5.985000e-01 -8.576250e-01
5.985000e-01 -7.637083e-01
5.985000e-01 -6.697917e-01
5.985000e-01 -5.758750e-01
5.985000e-01 -4.819583e-01
5.985000e-01 -4.100000e-01
5.985000e-01 -3.600000e-01
5.985000e-01 -3.100000e-01
6.144167e-01 -2.850000e-01
6.462500e-01 -2.850000e-01
6.780833e-01 -2.850000e-01
