0.000983	0.044423
0.001966	0.044422
0.002948	0.044421
0.003931	0.044418
0.004914	0.044414
0.005897	0.044410
0.006879	0.044404
0.007862	0.044398
0.008845	0.044390
0.009828	0.044382
0.010811	0.044372
0.011793	0.044361
0.012776	0.044350
0.013759	0.044337
0.014742	0.044324
0.015724	0.044309
0.016707	0.044293
0.017690	0.044277
0.018673	0.044259
0.019656	0.044240
0.020638	0.044221
0.021621	0.044200
0.022604	0.044178
0.023587	0.044156
0.024569	0.044132
0.025552	0.044107
0.026535	0.044082
0.027518	0.044055
0.028500	0.044027
0.029483	0.043999
0.030466	0.043969
0.031449	0.043938
0.032432	0.043907
0.033414	0.043874
0.034397	0.043840
0.035380	0.043806
0.036363	0.043770
0.037345	0.043734
0.038328	0.043696
0.039311	0.043657
0.040294	0.043618
0.041277	0.043577
0.042259	0.043536
0.043242	0.043493
0.044225	0.043450
0.045208	0.043405
0.046190	0.043360
0.047173	0.043313
0.048156	0.043266
0.049139	0.043217
0.050122	0.043168
0.051104	0.043118
0.052087	0.043066
0.053070	0.043014
0.054053	0.042961
0.055035	0.042907
0.056018	0.042851
0.057001	0.042795
0.057984	0.042738
0.058967	0.042680
0.059949	0.042621
0.060932	0.042561
0.061915	0.042500
0.062898	0.042438
0.063880	0.042375
0.064863	0.042311
0.065846	0.042247
0.066829	0.042181
0.067812	0.042114
0.068794	0.042046
0.069777	0.041978
0.070760	0.041908
0.071743	0.041838
0.072725	0.041766
0.073708	0.041694
0.074691	0.041621
0.075674	0.041547
0.076656	0.041471
0.077639	0.041395
0.078622	0.041318
0.079605	0.041240
0.080588	0.041161
0.081570	0.041081
0.082553	0.041001
0.083536	0.040919
0.084519	0.040836
0.085501	0.040753
0.086484	0.040668
0.087467	0.040583
0.088450	0.040497
0.089433	0.040409
0.090415	0.040321
0.091398	0.040232
0.092381	0.040142
0.093364	0.040051
0.094346	0.039959
0.095329	0.039866
0.096312	0.039773
0.097295	0.039678
0.098278	0.039583
0.099260	0.039486
0.100243	0.039389
0.101226	0.039290
0.102209	0.039191
0.103191	0.039091
0.104174	0.038990
0.105157	0.038888
0.106140	0.038785
0.107123	0.038682
0.108105	0.038577
0.109088	0.038471
0.110071	0.038365
0.111054	0.038258
0.112036	0.038149
0.113019	0.038040
0.114002	0.037930
0.114985	0.037819
0.115968	0.037707
0.116950	0.037594
0.117933	0.037480
0.118916	0.037365
0.119899	0.037250
0.120881	0.037133
0.121864	0.037016
0.122847	0.036897
0.123830	0.036778
0.124812	0.036658
0.125795	0.036537
0.126778	0.036415
0.127761	0.036292
0.128744	0.036168
0.129726	0.036043
0.130709	0.035917
0.131692	0.035790
0.132675	0.035663
0.133657	0.035534
0.134640	0.035404
0.135623	0.035274
0.136606	0.035142
0.137589	0.035010
0.138571	0.034877
0.139554	0.034742
0.140537	0.034607
0.141520	0.034471
0.142502	0.034333
0.143485	0.034195
0.144468	0.034056
0.145451	0.033916
0.146434	0.033775
0.147416	0.033633
0.148399	0.033489
0.149382	0.033345
0.150365	0.033200
0.151347	0.033054
0.152330	0.032907
0.153313	0.032759
0.154296	0.032609
0.155279	0.032459
0.156261	0.032308
0.157244	0.032156
0.158227	0.032002
0.159210	0.031848
0.160192	0.031692
0.161175	0.031536
0.162158	0.031378
0.163141	0.031219
0.164124	0.031060
0.165106	0.030899
0.166089	0.030737
0.167072	0.030573
0.168055	0.030409
0.169037	0.030244
0.170020	0.030077
0.171003	0.029910
0.171986	0.029741
0.172969	0.029571
0.173951	0.029400
0.174934	0.029227
0.175917	0.029054
0.176900	0.028879
0.177882	0.028703
0.178865	0.028526
0.179848	0.028347
0.180831	0.028168
0.181813	0.027987
0.182796	0.027804
0.183779	0.027621
0.184762	0.027436
0.185745	0.027250
0.186727	0.027063
0.187710	0.026874
0.188693	0.026684
0.189676	0.026492
0.190658	0.026300
0.191641	0.026105
0.192624	0.025910
0.193607	0.025713
0.194590	0.025514
0.195572	0.025315
0.196555	0.025113
0.197538	0.024911
0.198521	0.024706
0.199503	0.024501
0.200486	0.024294
0.201469	0.024085
0.202452	0.023875
0.203435	0.023663
0.204417	0.023450
0.205400	0.023235
0.206383	0.023019
0.207366	0.022801
0.208348	0.022581
0.209331	0.022360
0.210314	0.022137
0.211297	0.021912
0.212280	0.021686
0.213262	0.021458
0.214245	0.021229
0.215228	0.020998
0.216211	0.020765
0.217193	0.020530
0.218176	0.020294
0.219159	0.020056
0.220142	0.019816
0.221125	0.019574
0.222107	0.019331
0.223090	0.019086
0.224073	0.018839
0.225056	0.018590
0.226038	0.018340
0.227021	0.018087
0.228004	0.017833
0.228987	0.017577
0.229969	0.017320
0.230952	0.017060
0.231935	0.016799
0.232918	0.016535
0.233901	0.016270
0.234883	0.016003
0.235866	0.015734
0.236849	0.015464
0.237832	0.015191
0.238814	0.014917
0.239797	0.014641
0.240780	0.014363
0.241763	0.014083
0.242746	0.013802
0.243728	0.013518
0.244711	0.013233
0.245694	0.012946
0.246677	0.012657
0.247659	0.012367
0.248642	0.012075
0.249625	0.011781
0.250608	0.011485
0.251591	0.011188
0.252573	0.010889
0.253556	0.010588
0.254539	0.010286
0.255522	0.009982
0.256504	0.009677
0.257487	0.009370
0.258470	0.009062
0.259453	0.008752
0.260436	0.008441
0.261418	0.008128
0.262401	0.007815
0.263384	0.007499
0.264367	0.007183
0.265349	0.006865
0.266332	0.006546
0.267315	0.006226
0.268298	0.005905
0.269281	0.005583
0.270263	0.005260
0.271246	0.004936
0.272229	0.004611
0.273212	0.004285
0.274194	0.003958
0.275177	0.003631
0.276160	0.003303
0.277143	0.002975
0.278125	0.002646
0.279108	0.002316
0.280091	0.001986
0.281074	0.001655
0.282057	0.001325
0.283039	0.000994
0.284022	0.000663
0.285005	0.000331
0.285988	-0.000000
0.286962	0.000658
0.287937	0.000988
0.288912	0.001319
0.289887	0.001650
0.290862	0.001982
0.291836	0.002315
0.292811	0.002649
0.293786	0.002984
0.294761	0.003320
0.295736	0.003657
0.296710	0.003995
0.297685	0.004335
0.298660	0.004676
0.299635	0.005018
0.300610	0.005361
0.301584	0.005707
0.302559	0.006053
0.303534	0.006402
0.304509	0.006752
0.305484	0.007105
0.306458	0.007459
0.307433	0.007815
0.308408	0.008173
0.309383	0.008534
0.310357	0.008897
0.311332	0.009263
0.312307	0.009631
0.313282	0.010001
0.314257	0.010375
0.315231	0.010751
0.316206	0.011130
0.317181	0.011513
0.318156	0.011899
0.319131	0.012288
0.320105	0.012681
0.321080	0.013078
0.322055	0.013478
0.323030	0.013883
0.324005	0.014292
0.324979	0.014705
0.325954	0.015123
0.326929	0.015546
0.327904	0.015973
0.328879	0.016407
0.329853	0.016845
0.330828	0.017290
0.331803	0.017740
0.332778	0.018198
0.333753	0.018661
0.334727	0.019132
0.335702	0.019610
0.336677	0.020096
0.337652	0.020590
0.338626	0.021093
0.339601	0.021605
0.340576	0.022127
0.341551	0.022659
0.342526	0.023201
0.343500	0.023755
0.344475	0.024322
0.345450	0.024901
0.346425	0.025494
0.347400	0.026101
0.348374	0.026724
0.349349	0.027365
0.350324	0.028023
0.351299	0.028700
0.352274	0.029399
0.353248	0.030120
0.354223	0.030865
0.355198	0.031637
0.356173	0.032439
0.357148	0.033271
0.358122	0.034139
0.359097	0.035045
0.360072	0.035993
0.361047	0.036989
0.362021	0.038037
0.362996	0.039145
0.363971	0.040320
0.364946	0.041570
0.365921	0.042909
0.366895	0.044349
0.367870	0.045908
0.368845	0.047608
0.369820	0.049476
0.370795	0.051550
0.371769	0.053878
0.372744	0.056530
0.373719	0.059603
0.374694	0.063245
0.375669	0.067688
0.376643	0.073325
0.377618	0.080880
0.378593	0.091842
0.379568	0.109687
0.380543	0.143730
0.381517	0.222545
0.382492	0.302013
0.383475	0.304238
0.384458	0.248140
0.385440	0.210407
0.386423	0.185410
0.387406	0.168107
0.388389	0.155471
0.389372	0.145790
0.390354	0.138075
0.391337	0.131732
0.392320	0.126386
0.393303	0.121789
0.394285	0.117773
0.395268	0.114216
0.396251	0.111031
0.397234	0.108151
0.398217	0.105526
0.399199	0.103117
0.400182	0.100892
0.401165	0.098825
0.402148	0.096897
0.403130	0.095091
0.404113	0.093391
0.405096	0.091787
0.406079	0.090268
0.407061	0.088825
0.408044	0.087452
0.409027	0.086141
0.410010	0.084888
0.410993	0.083687
0.411975	0.082533
0.412958	0.081424
0.413941	0.080355
0.414924	0.079324
0.415906	0.078328
0.416889	0.077365
0.417872	0.076432
0.418855	0.075527
0.419838	0.074649
0.420820	0.073795
0.421803	0.072966
0.422786	0.072158
0.423769	0.071371
0.424751	0.070604
0.425734	0.069855
0.426717	0.069124
0.427700	0.068410
0.428683	0.067712
0.429665	0.067029
0.430648	0.066361
0.431631	0.065707
0.432614	0.065065
0.433596	0.064437
0.434579	0.063820
0.435562	0.063215
0.436545	0.062621
0.437528	0.062038
0.438510	0.061465
0.439493	0.060902
0.440476	0.060349
0.441459	0.059804
0.442441	0.059269
0.443424	0.058742
0.444407	0.058223
0.445390	0.057713
0.446373	0.057210
0.447355	0.056714
0.448338	0.056226
0.449321	0.055745
0.450304	0.055270
0.451286	0.054802
0.452269	0.054341
0.453252	0.053886
0.454235	0.053437
0.455217	0.052993
0.456200	0.052556
0.457183	0.052124
0.458166	0.051697
0.459149	0.051276
0.460131	0.050860
0.461114	0.050449
0.462097	0.050043
0.463080	0.049642
0.464062	0.049245
0.465045	0.048853
0.466028	0.048465
0.467011	0.048082
0.467994	0.047703
0.468976	0.047328
0.469959	0.046958
0.470942	0.046591
0.471925	0.046229
0.472907	0.045870
0.473890	0.045515
0.474873	0.045163
0.475856	0.044816
0.476839	0.044471
0.477821	0.044131
0.478804	0.043794
0.479787	0.043460
0.480770	0.043129
0.481752	0.042802
0.482735	0.042478
0.483718	0.042157
0.484701	0.041839
0.485684	0.041524
0.486666	0.041213
0.487649	0.040904
0.488632	0.040598
0.489615	0.040295
0.490597	0.039994
0.491580	0.039697
0.492563	0.039402
0.493546	0.039110
0.494529	0.038820
0.495511	0.038533
0.496494	0.038249
0.497477	0.037967
0.498460	0.037688
0.499442	0.037411
0.500425	0.037137
0.501408	0.036864
0.502391	0.036595
0.503374	0.036327
0.504356	0.036062
0.505339	0.035799
0.506322	0.035539
0.507305	0.035281
0.508287	0.035024
0.509270	0.034770
0.510253	0.034518
0.511236	0.034268
0.512218	0.034021
0.513201	0.033775
0.514184	0.033531
0.515167	0.033290
0.516150	0.033050
0.517132	0.032812
0.518115	0.032576
0.519098	0.032342
0.520081	0.032110
0.521063	0.031880
0.522046	0.031652
0.523029	0.031425
0.524012	0.031201
0.524995	0.030978
0.525977	0.030757
0.526960	0.030537
0.527943	0.030320
0.528926	0.030104
0.529908	0.029889
0.530891	0.029677
0.531874	0.029466
0.532857	0.029257
0.533840	0.029049
0.534822	0.028843
0.535805	0.028638
0.536788	0.028435
0.537771	0.028234
0.538753	0.028034
0.539736	0.027836
0.540719	0.027639
0.541702	0.027444
0.542685	0.027250
0.543667	0.027058
0.544650	0.026867
0.545633	0.026678
0.546616	0.026490
0.547598	0.026303
0.548581	0.026118
0.549564	0.025934
0.550547	0.025752
0.551530	0.025571
0.552512	0.025391
0.553495	0.025213
0.554478	0.025036
0.555461	0.024860
0.556443	0.024686
0.557426	0.024513
0.558409	0.024341
0.559392	0.024170
0.560374	0.024001
0.561357	0.023833
0.562340	0.023666
0.563323	0.023501
0.564306	0.023336
0.565288	0.023173
0.566271	0.023011
0.567254	0.022850
0.568237	0.022691
0.569219	0.022532
0.570202	0.022375
0.571185	0.022219
0.572168	0.022064
0.573151	0.021910
0.574133	0.021757
0.575116	0.021606
0.576099	0.021455
0.577082	0.021306
0.578064	0.021157
0.579047	0.021010
0.580030	0.020864
0.581013	0.020719
0.581996	0.020574
0.582978	0.020431
0.583961	0.020289
0.584944	0.020148
0.585927	0.020008
0.586909	0.019869
0.587892	0.019731
0.588875	0.019594
0.589858	0.019458
0.590841	0.019323
0.591823	0.019189
0.592806	0.019055
0.593789	0.018923
0.594772	0.018792
0.595754	0.018662
0.596737	0.018532
0.597720	0.018404
0.598703	0.018276
0.599686	0.018149
0.600668	0.018023
0.601651	0.017899
0.602634	0.017775
0.603617	0.017651
0.604599	0.017529
0.605582	0.017408
0.606565	0.017287
0.607548	0.017167
0.608530	0.017049
0.609513	0.016931
0.610496	0.016813
0.611479	0.016697
0.612462	0.016581
0.613444	0.016467
0.614427	0.016353
0.615410	0.016240
0.616393	0.016127
0.617375	0.016016
0.618358	0.015905
0.619341	0.015795
0.620324	0.015686
0.621307	0.015577
0.622289	0.015470
0.623272	0.015363
0.624255	0.015257
0.625238	0.015151
0.626220	0.015047
0.627203	0.014943
0.628186	0.014839
0.629169	0.014737
0.630152	0.014635
0.631134	0.014534
0.632117	0.014434
0.633100	0.014334
0.634083	0.014235
0.635065	0.014137
0.636048	0.014039
0.637031	0.013942
0.638014	0.013846
0.638997	0.013750
0.639979	0.013655
0.640962	0.013561
0.641945	0.013467
0.642928	0.013374
0.643910	0.013282
0.644893	0.013190
0.645876	0.013099
0.646859	0.013009
0.647842	0.012919
0.648824	0.012830
0.649807	0.012741
0.650790	0.012654
0.651773	0.012566
0.652755	0.012480
0.653738	0.012393
0.654721	0.012308
0.655704	0.012223
0.656686	0.012139
0.657669	0.012055
0.658652	0.011972
0.659635	0.011889
0.660618	0.011807
0.661600	0.011726
0.662583	0.011645
0.663566	0.011564
0.664549	0.011485
0.665531	0.011405
0.666514	0.011327
0.667497	0.011249
0.668480	0.011171
0.669463	0.011094
0.670445	0.011017
0.671428	0.010941
0.672411	0.010866
0.673394	0.010791
0.674376	0.010716
0.675359	0.010643
0.676342	0.010569
0.677325	0.010496
0.678308	0.010424
0.679290	0.010352
0.680273	0.010280
0.681256	0.010209
0.682239	0.010139
0.683221	0.010069
0.684204	0.010000
0.685187	0.009931
0.686170	0.009862
0.687153	0.009794
0.688135	0.009726
0.689118	0.009659
0.690101	0.009593
0.691084	0.009526
0.692066	0.009461
0.693049	0.009395
0.694032	0.009330
0.695015	0.009266
0.695998	0.009202
0.696980	0.009138
0.697963	0.009075
0.698946	0.009013
0.699929	0.008950
0.700911	0.008889
0.701894	0.008827
0.702877	0.008766
0.703860	0.008706
0.704842	0.008646
0.705825	0.008586
0.706808	0.008526
0.707791	0.008468
0.708774	0.008409
0.709756	0.008351
0.710739	0.008293
0.711722	0.008236
0.712705	0.008179
0.713687	0.008122
0.714670	0.008066
0.715653	0.008010
0.716636	0.007955
0.717619	0.007900
0.718601	0.007845
0.719584	0.007791
0.720567	0.007737
0.721550	0.007684
0.722532	0.007631
0.723515	0.007578
0.724498	0.007525
0.725481	0.007473
0.726464	0.007421
0.727446	0.007370
0.728429	0.007319
0.729412	0.007268
0.730395	0.007218
0.731377	0.007168
0.732360	0.007118
0.733343	0.007069
0.734326	0.007020
0.735309	0.006971
0.736291	0.006923
0.737274	0.006875
0.738257	0.006827
0.739240	0.006780
0.740222	0.006733
0.741205	0.006686
0.742188	0.006640
0.743171	0.006594
0.744154	0.006548
0.745136	0.006502
0.746119	0.006457
0.747102	0.006412
0.748085	0.006368
0.749067	0.006324
0.750050	0.006280
0.751033	0.006236
0.752016	0.006193
0.752999	0.006150
0.753981	0.006107
0.754964	0.006064
0.755947	0.006022
0.756930	0.005980
0.757912	0.005939
0.758895	0.005897
0.759878	0.005856
0.760861	0.005815
0.761843	0.005775
0.762826	0.005735
0.763809	0.005695
0.764792	0.005655
0.765775	0.005616
0.766757	0.005576
0.767740	0.005538
0.768723	0.005499
0.769706	0.005461
0.770688	0.005422
0.771671	0.005385
0.772654	0.005347
0.773637	0.005310
0.774620	0.005272
0.775602	0.005236
0.776585	0.005199
0.777568	0.005163
0.778551	0.005126
0.779533	0.005091
0.780516	0.005055
0.781499	0.005020
0.782482	0.004984
0.783465	0.004949
0.784447	0.004915
0.785430	0.004880
0.786413	0.004846
0.787396	0.004812
0.788378	0.004778
0.789361	0.004745
0.790344	0.004711
0.791327	0.004678
0.792310	0.004645
0.793292	0.004613
0.794275	0.004580
0.795258	0.004548
0.796241	0.004516
0.797223	0.004484
0.798206	0.004453
0.799189	0.004421
0.800172	0.004390
0.801155	0.004359
0.802137	0.004328
0.803120	0.004298
0.804103	0.004267
0.805086	0.004237
0.806068	0.004207
0.807051	0.004177
0.808034	0.004148
0.809017	0.004118
0.809999	0.004089
0.810982	0.004060
0.811965	0.004032
0.812948	0.004003
0.813931	0.003974
0.814913	0.003946
0.815896	0.003918
0.816879	0.003890
0.817862	0.003863
0.818844	0.003835
0.819827	0.003808
0.820810	0.003781
0.821793	0.003754
0.822776	0.003727
0.823758	0.003700
0.824741	0.003674
0.825724	0.003648
0.826707	0.003622
0.827689	0.003596
0.828672	0.003570
0.829655	0.003544
0.830638	0.003519
0.831621	0.003494
0.832603	0.003469
0.833586	0.003444
0.834569	0.003419
0.835552	0.003395
0.836534	0.003370
0.837517	0.003346
0.838500	0.003322
0.839483	0.003298
0.840466	0.003274
0.841448	0.003250
0.842431	0.003227
0.843414	0.003203
0.844397	0.003180
0.845379	0.003157
0.846362	0.003134
0.847345	0.003112
0.848328	0.003089
0.849311	0.003067
0.850293	0.003044
0.851276	0.003022
0.852259	0.003000
0.853242	0.002978
0.854224	0.002956
0.855207	0.002935
0.856190	0.002913
0.857173	0.002892
0.858155	0.002871
0.859138	0.002850
0.860121	0.002829
0.861104	0.002808
0.862087	0.002787
0.863069	0.002767
0.864052	0.002747
0.865035	0.002726
0.866018	0.002706
0.867000	0.002686
0.867983	0.002666
0.868966	0.002646
0.869949	0.002627
0.870932	0.002607
0.871914	0.002588
0.872897	0.002569
0.873880	0.002550
0.874863	0.002531
0.875845	0.002512
0.876828	0.002493
0.877811	0.002474
0.878794	0.002456
0.879777	0.002437
0.880759	0.002419
0.881742	0.002401
0.882725	0.002383
0.883708	0.002365
0.884690	0.002347
0.885673	0.002329
0.886656	0.002311
0.887639	0.002294
0.888622	0.002276
0.889604	0.002259
0.890587	0.002242
0.891570	0.002225
0.892553	0.002208
0.893535	0.002191
0.894518	0.002174
0.895501	0.002157
0.896484	0.002141
0.897467	0.002124
0.898449	0.002108
0.899432	0.002091
0.900415	0.002075
0.901398	0.002059
0.902380	0.002043
0.903363	0.002027
0.904346	0.002011
0.905329	0.001996
0.906311	0.001980
0.907294	0.001964
0.908277	0.001949
0.909260	0.001934
0.910243	0.001918
0.911225	0.001903
0.912208	0.001888
0.913191	0.001873
0.914174	0.001858
0.915156	0.001843
0.916139	0.001829
0.917122	0.001814
0.918105	0.001799
0.919088	0.001785
0.920070	0.001771
0.921053	0.001756
0.922036	0.001742
0.923019	0.001728
0.924001	0.001714
0.924984	0.001700
0.925967	0.001686
0.926950	0.001672
0.927933	0.001658
0.928915	0.001645
0.929898	0.001631
0.930881	0.001618
0.931864	0.001604
0.932846	0.001591
0.933829	0.001578
0.934812	0.001564
0.935795	0.001551
0.936778	0.001538
0.937760	0.001525
0.938743	0.001512
0.939726	0.001499
0.940709	0.001487
0.941691	0.001474
0.942674	0.001461
0.943657	0.001449
0.944640	0.001436
0.945623	0.001424
0.946605	0.001411
0.947588	0.001399
0.948571	0.001387
0.949554	0.001375
0.950536	0.001362
0.951519	0.001350
0.952502	0.001338
0.953485	0.001327
0.954467	0.001315
0.955450	0.001303
0.956433	0.001291
0.957416	0.001279
0.958399	0.001268
0.959381	0.001256
0.960364	0.001245
0.961347	0.001233
0.962330	0.001222
0.963312	0.001211
0.964295	0.001199
0.965278	0.001188
0.966261	0.001177
0.967244	0.001166
0.968226	0.001155
0.969209	0.001144
0.970192	0.001133
0.971175	0.001122
0.972157	0.001111
0.973140	0.001101
0.974123	0.001090
0.975106	0.001079
0.976089	0.001069
0.977071	0.001058
0.978054	0.001047
0.979037	0.001037
0.980020	0.001027
0.981002	0.001016
0.981985	0.001006
0.982968	0.000996
0.983951	0.000985
0.984934	0.000975
0.985916	0.000965
0.986899	0.000955
0.987882	0.000945
0.988865	0.000935
0.989847	0.000925
0.990830	0.000915
0.991813	0.000905
0.992796	0.000895
0.993779	0.000885
0.994761	0.000876
0.995744	0.000866
0.996727	0.000856
0.997710	0.000847
0.998692	0.000837
0.999675	0.000828
1.000658	0.000818
1.001641	0.000809
1.002624	0.000799
1.003606	0.000790
1.004589	0.000780
1.005572	0.000771
1.006555	0.000762
1.007537	0.000753
1.008520	0.000743
1.009503	0.000734
1.010486	0.000725
1.011468	0.000716
1.012451	0.000707
1.013434	0.000698
1.014417	0.000689
1.015400	0.000680
1.016382	0.000671
1.017365	0.000662
1.018348	0.000653
1.019331	0.000644
1.020313	0.000635
1.021296	0.000626
1.022279	0.000618
1.023262	0.000609
1.024245	0.000600
1.025227	0.000592
1.026210	0.000583
1.027193	0.000574
1.028176	0.000566
1.029158	0.000557
1.030141	0.000549
1.031124	0.000540
1.032107	0.000532
1.033090	0.000523
1.034072	0.000515
1.035055	0.000506
1.036038	0.000498
1.037021	0.000489
1.038003	0.000481
1.038986	0.000473
1.039969	0.000464
1.040952	0.000456
1.041935	0.000448
1.042917	0.000440
1.043900	0.000431
1.044883	0.000423
1.045866	0.000415
1.046848	0.000407
1.047831	0.000399
1.048814	0.000391
1.049797	0.000383
1.050780	0.000374
1.051762	0.000366
1.052745	0.000358
1.053728	0.000350
1.054711	0.000342
1.055693	0.000334
1.056676	0.000326
1.057659	0.000318
1.058642	0.000310
1.059624	0.000302
1.060607	0.000294
1.061590	0.000287
1.062573	0.000279
1.063556	0.000271
1.064538	0.000263
1.065521	0.000255
1.066504	0.000247
1.067487	0.000239
1.068469	0.000231
1.069452	0.000224
1.070435	0.000216
1.071418	0.000208
1.072401	0.000200
1.073383	0.000192
1.074366	0.000185
1.075349	0.000177
1.076332	0.000169
1.077314	0.000161
1.078297	0.000154
1.079280	0.000146
1.080263	0.000138
1.081246	0.000131
1.082228	0.000123
1.083211	0.000115
1.084194	0.000107
1.085177	0.000100
1.086159	0.000092
1.087142	0.000084
1.088125	0.000077
1.089108	0.000069
1.090091	0.000061
1.091073	0.000054
1.092056	0.000046
1.093039	0.000038
1.094022	0.000031
1.095004	0.000023
1.095987	0.000015
1.096970	0.000008
1.097945	0.000011
1.098920	0.000015
1.099894	0.000019
1.100869	0.000023
1.101844	0.000027
1.102819	0.000031
1.103794	0.000034
1.104768	0.000038
1.105743	0.000042
1.106718	0.000046
1.107693	0.000050
1.108667	0.000054
1.109642	0.000058
1.110617	0.000061
1.111592	0.000065
1.112567	0.000069
1.113541	0.000073
1.114516	0.000077
1.115491	0.000081
1.116466	0.000085
1.117441	0.000089
1.118415	0.000093
1.119390	0.000096
1.120365	0.000100
1.121340	0.000104
1.122315	0.000108
1.123289	0.000112
1.124264	0.000116
1.125239	0.000120
1.126214	0.000124
1.127189	0.000128
1.128163	0.000132
1.129138	0.000136
1.130113	0.000139
1.131088	0.000143
1.132062	0.000147
1.133037	0.000151
1.134012	0.000155
1.134987	0.000159
1.135962	0.000163
1.136936	0.000167
1.137911	0.000171
1.138886	0.000175
1.139861	0.000179
1.140836	0.000183
1.141810	0.000187
1.142785	0.000190
1.143760	0.000194
1.144735	0.000198
1.145710	0.000202
1.146684	0.000206
1.147659	0.000210
1.148634	0.000214
1.149609	0.000218
1.150584	0.000222
1.151558	0.000226
1.152533	0.000230
1.153508	0.000233
1.154483	0.000237
1.155457	0.000241
1.156432	0.000245
1.157407	0.000249
1.158382	0.000253
1.159357	0.000257
1.160331	0.000261
1.161306	0.000265
1.162281	0.000268
1.163256	0.000272
1.164231	0.000276
1.165205	0.000280
1.166180	0.000284
1.167155	0.000288
1.168130	0.000291
1.169105	0.000295
1.170079	0.000299
1.171054	0.000303
1.172029	0.000307
1.173004	0.000311
1.173979	0.000314
1.174953	0.000318
1.175928	0.000322
1.176903	0.000326
1.177878	0.000329
1.178852	0.000333
1.179827	0.000337
1.180802	0.000341
1.181777	0.000345
1.182752	0.000348
1.183726	0.000352
1.184701	0.000356
1.185676	0.000359
1.186651	0.000363
1.187626	0.000367
1.188600	0.000371
1.189575	0.000374
1.190550	0.000378
1.191525	0.000382
1.192500	0.000385
1.193474	0.000389
1.194449	0.000392
1.195424	0.000396
1.196399	0.000400
1.197374	0.000403
1.198348	0.000407
1.199323	0.000411
1.200298	0.000414
1.201273	0.000418
1.202247	0.000421
1.203222	0.000425
1.204197	0.000428
1.205172	0.000432
1.206147	0.000435
1.207121	0.000439
1.208096	0.000442
1.209071	0.000446
1.210046	0.000449
1.211021	0.000453
1.211995	0.000456
1.212970	0.000460
1.213945	0.000463
1.214920	0.000466
1.215895	0.000470
1.216869	0.000473
1.217844	0.000477
1.218819	0.000480
1.219794	0.000483
1.220769	0.000487
1.221743	0.000490
1.222718	0.000493
1.223693	0.000496
1.224668	0.000500
1.225643	0.000503
1.226617	0.000506
1.227592	0.000510
1.228567	0.000513
1.229542	0.000516
1.230516	0.000519
1.231491	0.000522
1.232466	0.000525
1.233441	0.000529
1.234416	0.000532
1.235390	0.000535
1.236365	0.000538
1.237340	0.000541
1.238315	0.000544
1.239290	0.000547
1.240264	0.000550
1.241239	0.000553
1.242214	0.000556
1.243189	0.000559
1.244164	0.000562
1.245138	0.000565
1.246113	0.000568
1.247088	0.000571
1.248063	0.000574
1.249038	0.000577
1.250012	0.000580
1.250987	0.000582
1.251962	0.000585
1.252937	0.000588
1.253911	0.000591
1.254886	0.000594
1.255861	0.000596
1.256836	0.000599
1.257811	0.000602
1.258785	0.000604
1.259760	0.000607
1.260735	0.000610
1.261710	0.000612
1.262685	0.000615
1.263659	0.000618
1.264634	0.000620
1.265609	0.000623
1.266584	0.000625
1.267559	0.000628
1.268533	0.000630
1.269508	0.000633
1.270483	0.000635
1.271458	0.000638
1.272433	0.000640
1.273407	0.000643
1.274382	0.000645
1.275357	0.000647
1.276332	0.000650
1.277306	0.000652
1.278281	0.000654
1.279256	0.000657
1.280231	0.000659
1.281206	0.000661
1.282180	0.000663
1.283155	0.000665
1.284130	0.000668
1.285105	0.000670
1.286080	0.000672
1.287054	0.000674
1.288029	0.000676
1.289004	0.000678
1.289979	0.000680
1.290954	0.000682
1.291928	0.000684
1.292903	0.000686
1.293878	0.000688
1.294853	0.000690
1.295828	0.000692
1.296802	0.000694
1.297777	0.000696
1.298752	0.000698
1.299727	0.000699
1.300701	0.000701
1.301676	0.000703
1.302651	0.000705
1.303626	0.000706
1.304601	0.000708
1.305575	0.000710
1.306550	0.000711
1.307525	0.000713
1.308500	0.000715
1.309475	0.000716
1.310449	0.000718
1.311424	0.000719
1.312399	0.000721
1.313374	0.000722
1.314349	0.000724
1.315323	0.000725
1.316298	0.000726
1.317273	0.000728
1.318248	0.000729
1.319223	0.000730
1.320197	0.000732
1.321172	0.000733
1.322147	0.000734
1.323122	0.000736
1.324096	0.000737
1.325071	0.000738
1.326046	0.000739
1.327021	0.000740
1.327996	0.000741
1.328970	0.000742
1.329945	0.000743
1.330920	0.000744
1.331895	0.000745
1.332870	0.000746
1.333844	0.000747
1.334819	0.000748
1.335794	0.000749
1.336769	0.000750
1.337744	0.000751
1.338718	0.000751
1.339693	0.000752
1.340668	0.000753
1.341643	0.000754
1.342618	0.000754
1.343592	0.000755
1.344567	0.000756
1.345542	0.000756
1.346517	0.000757
1.347492	0.000758
1.348466	0.000758
1.349441	0.000759
1.350416	0.000759
1.351391	0.000759
1.352365	0.000760
1.353340	0.000760
1.354315	0.000761
1.355290	0.000761
1.356265	0.000761
1.357239	0.000762
1.358214	0.000762
1.359189	0.000762
1.360164	0.000762
1.361139	0.000762
1.362113	0.000763
1.363088	0.000763
1.364063	0.000763
1.365038	0.000763
1.366013	0.000763
1.366987	0.000763
1.367962	0.000763
1.368937	0.000763
1.369912	0.000763
1.370887	0.000763
1.371861	0.000762
1.372836	0.000762
1.373811	0.000762
1.374786	0.000762
1.375760	0.000762
1.376735	0.000761
1.377710	0.000761
1.378685	0.000761
1.379660	0.000760
1.380634	0.000760
1.381609	0.000759
1.382584	0.000759
1.383559	0.000759
1.384534	0.000758
1.385508	0.000757
1.386483	0.000757
1.387458	0.000756
1.388433	0.000756
1.389408	0.000755
1.390382	0.000754
1.391357	0.000754
1.392332	0.000753
1.393307	0.000752
1.394282	0.000751
1.395256	0.000750
1.396231	0.000750
1.397206	0.000749
1.398181	0.000748
1.399155	0.000747
1.400130	0.000746
1.401105	0.000745
1.402080	0.000744
1.403055	0.000743
1.404029	0.000742
1.405004	0.000740
1.405979	0.000739
1.406954	0.000738
1.407929	0.000737
1.408903	0.000736
1.409878	0.000734
1.410853	0.000733
1.411828	0.000732
1.412803	0.000730
1.413777	0.000729
1.414752	0.000728
1.415727	0.000726
1.416702	0.000725
1.417677	0.000723
1.418651	0.000722
1.419626	0.000720
1.420601	0.000718
1.421576	0.000717
1.422550	0.000715
1.423525	0.000713
1.424500	0.000712
1.425475	0.000710
1.426450	0.000708
1.427424	0.000706
1.428399	0.000705
1.429374	0.000703
1.430349	0.000701
1.431324	0.000699
1.432298	0.000697
1.433273	0.000695
1.434248	0.000693
1.435223	0.000691
1.436198	0.000689
1.437172	0.000687
1.438147	0.000685
1.439122	0.000682
1.440097	0.000680
1.441072	0.000678
1.442046	0.000676
1.443021	0.000673
1.443996	0.000671
1.444971	0.000669
1.445946	0.000666
1.446920	0.000664
1.447895	0.000662
1.448870	0.000659
1.449845	0.000657
1.450819	0.000654
1.451794	0.000652
1.452769	0.000649
1.453744	0.000646
1.454719	0.000644
1.455693	0.000641
1.456668	0.000638
1.457643	0.000636
1.458618	0.000633
1.459593	0.000630
1.460567	0.000627
1.461542	0.000624
1.462517	0.000621
1.463492	0.000619
1.464467	0.000616
1.465441	0.000613
1.466416	0.000610
1.467391	0.000607
1.468366	0.000604
1.469341	0.000601
1.470315	0.000597
1.471290	0.000594
1.472265	0.000591
1.473240	0.000588
1.474214	0.000585
1.475189	0.000581
1.476164	0.000578
1.477139	0.000575
1.478114	0.000571
1.479088	0.000568
1.480063	0.000565
1.481038	0.000561
1.482013	0.000558
1.482988	0.000554
1.483962	0.000551
1.484937	0.000547
1.485912	0.000543
1.486887	0.000540
1.487862	0.000536
1.488836	0.000533
1.489811	0.000529
1.490786	0.000525
1.491761	0.000521
1.492736	0.000518
1.493710	0.000514
1.494685	0.000510
1.495660	0.000506
1.496635	0.000502
1.497609	0.000498
1.498584	0.000494
1.499559	0.000490
1.500534	0.000486
1.501509	0.000482
1.502483	0.000478
1.503458	0.000474
1.504433	0.000470
1.505408	0.000465
1.506383	0.000461
1.507357	0.000457
1.508332	0.000453
1.509307	0.000448
1.510282	0.000444
1.511257	0.000439
1.512231	0.000435
1.513206	0.000431
1.514181	0.000426
1.515156	0.000422
1.516131	0.000417
1.517105	0.000413
1.518080	0.000408
1.519055	0.000403
1.520030	0.000399
1.521004	0.000394
1.521979	0.000389
1.522954	0.000384
1.523929	0.000380
1.524904	0.000375
1.525878	0.000370
1.526853	0.000365
1.527828	0.000360
1.528803	0.000355
1.529778	0.000350
1.530752	0.000345
1.531727	0.000340
1.532702	0.000335
1.533677	0.000330
1.534652	0.000325
1.535626	0.000319
1.536601	0.000314
1.537576	0.000309
1.538551	0.000304
1.539526	0.000298
1.540500	0.000293
1.541475	0.000288
1.542450	0.000282
1.543425	0.000277
1.544399	0.000271
1.545374	0.000266
1.546349	0.000260
1.547324	0.000254
1.548299	0.000249
1.549273	0.000243
1.550248	0.000237
1.551223	0.000231
1.552198	0.000226
1.553173	0.000220
1.554147	0.000214
1.555122	0.000208
1.556097	0.000202
1.557072	0.000196
1.558047	0.000190
1.559021	0.000184
1.559996	0.000178
1.560971	0.000171
1.561946	0.000165
1.562921	0.000159
1.563895	0.000152
1.564870	0.000146
1.565845	0.000140
1.566820	0.000133
1.567795	0.000127
1.568769	0.000120
1.569744	0.000113
1.570719	0.000107
1.571694	0.000100
1.572668	0.000093
1.573643	0.000086
1.574618	0.000080
1.575593	0.000073
1.576568	0.000066
1.577542	0.000059
1.578517	0.000051
1.579492	0.000044
1.580467	0.000037
1.581442	0.000030
1.582416	0.000022
1.583391	0.000015
1.584366	0.000008
1.585349	0.000015
1.586332	0.000023
1.587314	0.000031
1.588297	0.000038
1.589280	0.000046
1.590263	0.000054
1.591245	0.000061
1.592228	0.000069
1.593211	0.000077
1.594194	0.000084
1.595176	0.000092
1.596159	0.000100
1.597142	0.000107
1.598125	0.000115
1.599108	0.000123
1.600090	0.000130
1.601073	0.000138
1.602056	0.000146
1.603039	0.000153
1.604021	0.000161
1.605004	0.000169
1.605987	0.000177
1.606970	0.000184
1.607953	0.000192
1.608935	0.000200
1.609918	0.000208
1.610901	0.000215
1.611884	0.000223
1.612866	0.000231
1.613849	0.000239
1.614832	0.000247
1.615815	0.000254
1.616798	0.000262
1.617780	0.000270
1.618763	0.000278
1.619746	0.000286
1.620729	0.000294
1.621711	0.000302
1.622694	0.000310
1.623677	0.000318
1.624660	0.000326
1.625643	0.000334
1.626625	0.000342
1.627608	0.000350
1.628591	0.000358
1.629574	0.000366
1.630556	0.000374
1.631539	0.000382
1.632522	0.000390
1.633505	0.000398
1.634488	0.000406
1.635470	0.000414
1.636453	0.000422
1.637436	0.000431
1.638419	0.000439
1.639401	0.000447
1.640384	0.000455
1.641367	0.000463
1.642350	0.000472
1.643333	0.000480
1.644315	0.000488
1.645298	0.000497
1.646281	0.000505
1.647264	0.000514
1.648246	0.000522
1.649229	0.000530
1.650212	0.000539
1.651195	0.000547
1.652177	0.000556
1.653160	0.000564
1.654143	0.000573
1.655126	0.000582
1.656109	0.000590
1.657091	0.000599
1.658074	0.000608
1.659057	0.000616
1.660040	0.000625
1.661022	0.000634
1.662005	0.000643
1.662988	0.000652
1.663971	0.000660
1.664954	0.000669
1.665936	0.000678
1.666919	0.000687
1.667902	0.000696
1.668885	0.000705
1.669867	0.000714
1.670850	0.000723
1.671833	0.000733
1.672816	0.000742
1.673799	0.000751
1.674781	0.000760
1.675764	0.000769
1.676747	0.000779
1.677730	0.000788
1.678712	0.000797
1.679695	0.000807
1.680678	0.000816
1.681661	0.000826
1.682644	0.000835
1.683626	0.000845
1.684609	0.000854
1.685592	0.000864
1.686575	0.000874
1.687557	0.000884
1.688540	0.000893
1.689523	0.000903
1.690506	0.000913
1.691489	0.000923
1.692471	0.000933
1.693454	0.000943
1.694437	0.000953
1.695420	0.000963
1.696402	0.000973
1.697385	0.000983
1.698368	0.000993
1.699351	0.001004
1.700333	0.001014
1.701316	0.001024
1.702299	0.001035
1.703282	0.001045
1.704265	0.001056
1.705247	0.001066
1.706230	0.001077
1.707213	0.001087
1.708196	0.001098
1.709178	0.001109
1.710161	0.001120
1.711144	0.001130
1.712127	0.001141
1.713110	0.001152
1.714092	0.001163
1.715075	0.001174
1.716058	0.001186
1.717041	0.001197
1.718023	0.001208
1.719006	0.001219
1.719989	0.001231
1.720972	0.001242
1.721955	0.001253
1.722937	0.001265
1.723920	0.001277
1.724903	0.001288
1.725886	0.001300
1.726868	0.001312
1.727851	0.001323
1.728834	0.001335
1.729817	0.001347
1.730800	0.001359
1.731782	0.001371
1.732765	0.001384
1.733748	0.001396
1.734731	0.001408
1.735713	0.001420
1.736696	0.001433
1.737679	0.001445
1.738662	0.001458
1.739645	0.001470
1.740627	0.001483
1.741610	0.001496
1.742593	0.001509
1.743576	0.001521
1.744558	0.001534
1.745541	0.001547
1.746524	0.001561
1.747507	0.001574
1.748489	0.001587
1.749472	0.001600
1.750455	0.001614
1.751438	0.001627
1.752421	0.001641
1.753403	0.001654
1.754386	0.001668
1.755369	0.001682
1.756352	0.001696
1.757334	0.001710
1.758317	0.001724
1.759300	0.001738
1.760283	0.001752
1.761266	0.001766
1.762248	0.001780
1.763231	0.001795
1.764214	0.001809
1.765197	0.001824
1.766179	0.001839
1.767162	0.001853
1.768145	0.001868
1.769128	0.001883
1.770111	0.001898
1.771093	0.001913
1.772076	0.001929
1.773059	0.001944
1.774042	0.001959
1.775024	0.001975
1.776007	0.001990
1.776990	0.002006
1.777973	0.002022
1.778956	0.002038
1.779938	0.002054
1.780921	0.002070
1.781904	0.002086
1.782887	0.002102
1.783869	0.002118
1.784852	0.002135
1.785835	0.002151
1.786818	0.002168
1.787801	0.002185
1.788783	0.002202
1.789766	0.002218
1.790749	0.002236
1.791732	0.002253
1.792714	0.002270
1.793697	0.002287
1.794680	0.002305
1.795663	0.002322
1.796645	0.002340
1.797628	0.002358
1.798611	0.002376
1.799594	0.002394
1.800577	0.002412
1.801559	0.002430
1.802542	0.002448
1.803525	0.002467
1.804508	0.002486
1.805490	0.002504
1.806473	0.002523
1.807456	0.002542
1.808439	0.002561
1.809422	0.002580
1.810404	0.002600
1.811387	0.002619
1.812370	0.002639
1.813353	0.002658
1.814335	0.002678
1.815318	0.002698
1.816301	0.002718
1.817284	0.002738
1.818267	0.002758
1.819249	0.002779
1.820232	0.002799
1.821215	0.002820
1.822198	0.002841
1.823180	0.002862
1.824163	0.002883
1.825146	0.002904
1.826129	0.002925
1.827112	0.002947
1.828094	0.002969
1.829077	0.002990
1.830060	0.003012
1.831043	0.003034
1.832025	0.003056
1.833008	0.003079
1.833991	0.003101
1.834974	0.003124
1.835957	0.003147
1.836939	0.003170
1.837922	0.003193
1.838905	0.003216
1.839888	0.003239
1.840870	0.003263
1.841853	0.003286
1.842836	0.003310
1.843819	0.003334
1.844801	0.003358
1.845784	0.003383
1.846767	0.003407
1.847750	0.003432
1.848733	0.003456
1.849715	0.003481
1.850698	0.003506
1.851681	0.003532
1.852664	0.003557
1.853646	0.003583
1.854629	0.003608
1.855612	0.003634
1.856595	0.003660
1.857578	0.003687
1.858560	0.003713
1.859543	0.003740
1.860526	0.003766
1.861509	0.003793
1.862491	0.003821
1.863474	0.003848
1.864457	0.003875
1.865440	0.003903
1.866423	0.003931
1.867405	0.003959
1.868388	0.003987
1.869371	0.004016
1.870354	0.004044
1.871336	0.004073
1.872319	0.004102
1.873302	0.004131
1.874285	0.004160
1.875268	0.004190
1.876250	0.004220
1.877233	0.004250
1.878216	0.004280
1.879199	0.004310
1.880181	0.004341
1.881164	0.004371
1.882147	0.004402
1.883130	0.004434
1.884113	0.004465
1.885095	0.004496
1.886078	0.004528
1.887061	0.004560
1.888044	0.004592
1.889026	0.004625
1.890009	0.004657
1.890992	0.004690
1.891975	0.004723
1.892958	0.004757
1.893940	0.004790
1.894923	0.004824
1.895906	0.004858
1.896889	0.004892
1.897871	0.004927
1.898854	0.004961
1.899837	0.004996
1.900820	0.005031
1.901802	0.005066
1.902785	0.005102
1.903768	0.005138
1.904751	0.005174
1.905734	0.005210
1.906716	0.005247
1.907699	0.005284
1.908682	0.005321
1.909665	0.005358
1.910647	0.005395
1.911630	0.005433
1.912613	0.005471
1.913596	0.005509
1.914579	0.005548
1.915561	0.005587
1.916544	0.005626
1.917527	0.005665
1.918510	0.005705
1.919492	0.005745
1.920475	0.005785
1.921458	0.005825
1.922441	0.005866
1.923424	0.005907
1.924406	0.005948
1.925389	0.005990
1.926372	0.006031
1.927355	0.006073
1.928337	0.006116
1.929320	0.006158
1.930303	0.006201
1.931286	0.006244
1.932269	0.006288
1.933251	0.006332
1.934234	0.006376
1.935217	0.006420
1.936200	0.006465
1.937182	0.006510
1.938165	0.006555
1.939148	0.006601
1.940131	0.006646
1.941114	0.006693
1.942096	0.006739
1.943079	0.006786
1.944062	0.006833
1.945045	0.006881
1.946027	0.006928
1.947010	0.006976
1.947993	0.007025
1.948976	0.007074
1.949958	0.007123
1.950941	0.007172
1.951924	0.007222
1.952907	0.007272
1.953890	0.007322
1.954872	0.007373
1.955855	0.007424
1.956838	0.007476
1.957821	0.007527
1.958803	0.007580
1.959786	0.007632
1.960769	0.007685
1.961752	0.007738
1.962735	0.007792
1.963717	0.007846
1.964700	0.007900
1.965683	0.007955
1.966666	0.008010
1.967648	0.008065
1.968631	0.008121
1.969614	0.008177
1.970597	0.008233
1.971580	0.008290
1.972562	0.008348
1.973545	0.008405
1.974528	0.008463
1.975511	0.008522
1.976493	0.008581
1.977476	0.008640
1.978459	0.008700
1.979442	0.008760
1.980425	0.008820
1.981407	0.008881
1.982390	0.008942
1.983373	0.009004
1.984356	0.009066
1.985338	0.009129
1.986321	0.009192
1.987304	0.009255
1.988287	0.009319
1.989270	0.009383
1.990252	0.009448
1.991235	0.009513
1.992218	0.009579
1.993201	0.009645
1.994183	0.009711
1.995166	0.009778
1.996149	0.009845
1.997132	0.009913
1.998114	0.009982
1.999097	0.010050
2.000080	0.010120
2.001063	0.010189
2.002046	0.010259
2.003028	0.010330
2.004011	0.010401
2.004994	0.010473
2.005977	0.010545
2.006959	0.010617
2.007942	0.010690
2.008925	0.010764
2.009908	0.010838
2.010891	0.010913
2.011873	0.010988
2.012856	0.011063
2.013839	0.011139
2.014822	0.011216
2.015804	0.011293
2.016787	0.011371
2.017770	0.011449
2.018753	0.011528
2.019736	0.011607
2.020718	0.011687
2.021701	0.011767
2.022684	0.011848
2.023667	0.011929
2.024649	0.012011
2.025632	0.012094
2.026615	0.012177
2.027598	0.012260
2.028581	0.012344
2.029563	0.012429
2.030546	0.012515
2.031529	0.012600
2.032512	0.012687
2.033494	0.012774
2.034477	0.012862
2.035460	0.012950
2.036443	0.013039
2.037426	0.013128
2.038408	0.013218
2.039391	0.013309
2.040374	0.013400
2.041357	0.013492
2.042339	0.013585
2.043322	0.013678
2.044305	0.013772
2.045288	0.013866
2.046270	0.013961
2.047253	0.014057
2.048236	0.014153
2.049219	0.014250
2.050202	0.014348
2.051184	0.014446
2.052167	0.014545
2.053150	0.014645
2.054133	0.014745
2.055115	0.014846
2.056098	0.014948
2.057081	0.015050
2.058064	0.015153
2.059047	0.015257
2.060029	0.015362
2.061012	0.015467
2.061995	0.015573
2.062978	0.015679
2.063960	0.015787
2.064943	0.015895
2.065926	0.016003
2.066909	0.016113
2.067892	0.016223
2.068874	0.016334
2.069857	0.016446
2.070840	0.016558
2.071823	0.016672
2.072805	0.016786
2.073788	0.016900
2.074771	0.017016
2.075754	0.017132
2.076737	0.017249
2.077719	0.017367
2.078702	0.017486
2.079685	0.017606
2.080668	0.017726
2.081650	0.017847
2.082633	0.017969
2.083616	0.018092
2.084599	0.018215
2.085582	0.018340
2.086564	0.018465
2.087547	0.018591
2.088530	0.018718
2.089513	0.018846
2.090495	0.018974
2.091478	0.019104
2.092461	0.019234
2.093444	0.019365
2.094426	0.019498
2.095409	0.019631
2.096392	0.019765
2.097375	0.019899
2.098358	0.020035
2.099340	0.020172
2.100323	0.020309
2.101306	0.020448
2.102289	0.020587
2.103271	0.020727
2.104254	0.020869
2.105237	0.021011
2.106220	0.021154
2.107203	0.021298
2.108185	0.021443
2.109168	0.021589
2.110151	0.021736
2.111134	0.021884
2.112116	0.022033
2.113099	0.022183
2.114082	0.022334
2.115065	0.022486
2.116048	0.022639
2.117030	0.022793
2.118013	0.022948
2.118996	0.023105
2.119979	0.023262
2.120961	0.023420
2.121944	0.023579
2.122927	0.023739
2.123910	0.023901
2.124893	0.024063
2.125875	0.024227
2.126858	0.024391
2.127841	0.024557
2.128824	0.024724
2.129806	0.024892
2.130789	0.025061
2.131772	0.025231
2.132755	0.025402
2.133738	0.025574
2.134720	0.025748
2.135703	0.025923
2.136686	0.026098
2.137669	0.026275
2.138651	0.026454
2.139634	0.026633
2.140617	0.026813
2.141600	0.026995
2.142583	0.027178
2.143565	0.027362
2.144548	0.027547
2.145531	0.027734
2.146514	0.027922
2.147496	0.028111
2.148479	0.028301
2.149462	0.028492
2.150445	0.028685
2.151427	0.028879
2.152410	0.029074
2.153393	0.029271
2.154376	0.029469
2.155359	0.029668
2.156341	0.029868
2.157324	0.030070
2.158307	0.030273
2.159290	0.030477
2.160272	0.030683
2.161255	0.030890
2.162238	0.031098
2.163221	0.031308
2.164204	0.031519
2.165186	0.031731
2.166169	0.031945
2.167152	0.032160
2.168135	0.032377
2.169117	0.032595
2.170100	0.032814
2.171083	0.033035
2.172066	0.033257
2.173049	0.033481
2.174031	0.033706
2.175014	0.033932
2.175997	0.034160
2.176980	0.034390
2.177962	0.034621
2.178945	0.034853
2.179928	0.035087
2.180911	0.035322
2.181894	0.035559
2.182876	0.035797
2.183859	0.036037
2.184842	0.036279
2.185825	0.036522
2.186807	0.036766
2.187790	0.037012
2.188773	0.037260
2.189756	0.037509
2.190739	0.037759
2.191721	0.038012
2.192704	0.038265
2.193687	0.038521
2.194670	0.038778
2.195652	0.039036
2.196635	0.039297
2.197618	0.039559
2.198601	0.039822
2.199583	0.040087
2.200566	0.040354
2.201549	0.040622
2.202532	0.040892
2.203515	0.041164
2.204497	0.041438
2.205480	0.041713
2.206463	0.041989
2.207446	0.042268
2.208428	0.042548
2.209411	0.042830
2.210394	0.043114
2.211377	0.043399
2.212360	0.043686
2.213342	0.043975
2.214325	0.044266
2.215308	0.044558
2.216291	0.044852
2.217273	0.045148
2.218256	0.045446
2.219239	0.045745
2.220222	0.046046
2.221205	0.046349
2.222187	0.046654
2.223170	0.046961
2.224153	0.047269
2.225136	0.047579
2.226118	0.047891
2.227101	0.048205
2.228084	0.048521
2.229067	0.048839
2.230050	0.049158
2.231032	0.049479
2.232015	0.049803
2.232998	0.050128
2.233981	0.050455
2.234963	0.050783
2.235946	0.051114
2.236929	0.051447
2.237912	0.051781
2.238895	0.052118
2.239877	0.052456
2.240860	0.052796
2.241843	0.053138
2.242826	0.053482
2.243808	0.053828
2.244791	0.054176
2.245774	0.054526
2.246757	0.054878
2.247739	0.055232
2.248722	0.055587
2.249705	0.055945
2.250688	0.056304
2.251671	0.056666
2.252653	0.057029
2.253636	0.057395
2.254619	0.057762
2.255602	0.058132
2.256584	0.058503
2.257567	0.058876
2.258550	0.059252
2.259533	0.059629
2.260516	0.060008
2.261498	0.060390
2.262481	0.060773
2.263464	0.061158
2.264447	0.061545
2.265429	0.061934
2.266412	0.062326
2.267395	0.062719
2.268378	0.063114
2.269361	0.063511
2.270343	0.063910
2.271326	0.064311
2.272309	0.064714
2.273292	0.065120
2.274274	0.065527
2.275257	0.065936
2.276240	0.066347
2.277223	0.066760
2.278206	0.067175
2.279188	0.067592
2.280171	0.068011
2.281154	0.068431
2.282137	0.068854
2.283119	0.069279
2.284102	0.069706
2.285085	0.070135
2.286068	0.070565
2.287051	0.070998
2.288033	0.071433
2.289016	0.071869
2.289999	0.072307
2.290982	0.072748
2.291964	0.073190
2.292947	0.073634
2.293930	0.074080
2.294913	0.074528
2.295895	0.074978
2.296878	0.075430
2.297861	0.075883
2.298844	0.076339
2.299827	0.076796
2.300809	0.077255
2.301792	0.077716
2.302775	0.078179
2.303758	0.078644
2.304740	0.079110
2.305723	0.079578
2.306706	0.080048
2.307689	0.080520
2.308672	0.080994
2.309654	0.081469
2.310637	0.081946
2.311620	0.082425
2.312603	0.082905
2.313585	0.083387
2.314568	0.083871
2.315551	0.084356
2.316534	0.084843
2.317517	0.085332
2.318499	0.085822
2.319482	0.086314
2.320465	0.086808
2.321448	0.087303
2.322430	0.087799
2.323413	0.088298
2.324396	0.088797
2.325379	0.089298
2.326362	0.089801
2.327344	0.090305
2.328327	0.090811
2.329310	0.091318
2.330293	0.091826
2.331275	0.092336
2.332258	0.092847
2.333241	0.093359
2.334224	0.093873
2.335207	0.094388
2.336189	0.094904
2.337172	0.095421
2.338155	0.095940
2.339138	0.096460
2.340120	0.096981
2.341103	0.097503
2.342086	0.098027
2.343069	0.098551
2.344051	0.099076
2.345034	0.099603
2.346017	0.100130
2.347000	0.100659
2.347983	0.101188
2.348965	0.101719
2.349948	0.102250
2.350931	0.102782
2.351914	0.103316
2.352896	0.103849
2.353879	0.104384
2.354862	0.104920
2.355845	0.105456
2.356828	0.105993
2.357810	0.106530
2.358793	0.107068
2.359776	0.107607
2.360759	0.108147
2.361741	0.108687
2.362724	0.109227
2.363707	0.109768
2.364690	0.110309
2.365673	0.110851
2.366655	0.111393
2.367638	0.111936
2.368621	0.112479
2.369604	0.113022
2.370586	0.113566
2.371569	0.114109
2.372552	0.114653
2.373535	0.115197
2.374518	0.115741
2.375500	0.116286
2.376483	0.116830
2.377466	0.117374
2.378449	0.117919
2.379431	0.118463
2.380414	0.119007
2.381397	0.119551
2.382380	0.120095
2.383363	0.120639
2.384345	0.121182
2.385328	0.121726
2.386311	0.122269
2.387294	0.122811
2.388276	0.123353
2.389259	0.123895
2.390242	0.124437
2.391225	0.124978
2.392208	0.125518
2.393190	0.126058
2.394173	0.126597
2.395156	0.127136
2.396139	0.127674
2.397121	0.128212
2.398104	0.128748
2.399087	0.129284
2.400070	0.129819
2.401052	0.130353
2.402035	0.130887
2.403018	0.131419
2.404001	0.131951
2.404984	0.132481
2.405966	0.133011
2.406949	0.133540
2.407932	0.134067
2.408915	0.134593
2.409897	0.135119
2.410880	0.135643
2.411863	0.136166
2.412846	0.136687
2.413829	0.137207
2.414811	0.137726
2.415794	0.138244
2.416777	0.138760
2.417760	0.139275
2.418742	0.139788
2.419725	0.140300
2.420708	0.140811
2.421691	0.141319
2.422674	0.141827
2.423656	0.142332
2.424639	0.142836
2.425622	0.143339
2.426605	0.143839
2.427587	0.144338
2.428570	0.144835
2.429553	0.145330
2.430536	0.145824
2.431519	0.146315
2.432501	0.146805
2.433484	0.147293
2.434467	0.147778
2.435450	0.148262
2.436432	0.148744
2.437415	0.149224
2.438398	0.149701
2.439381	0.150177
2.440364	0.150650
2.441346	0.151121
2.442329	0.151590
2.443312	0.152057
2.444295	0.152522
2.445277	0.152984
2.446260	0.153444
2.447243	0.153902
2.448226	0.154357
2.449208	0.154810
2.450191	0.155261
2.451174	0.155709
2.452157	0.156155
2.453140	0.156598
2.454122	0.157039
2.455105	0.157477
2.456088	0.157913
2.457071	0.158346
2.458053	0.158776
2.459036	0.159204
2.460019	0.159630
2.461002	0.160052
2.461985	0.160472
2.462967	0.160889
2.463950	0.161304
2.464933	0.161716
2.465916	0.162125
2.466898	0.162531
2.467881	0.162934
2.468864	0.163335
2.469847	0.163732
2.470830	0.164127
2.471812	0.164519
2.472795	0.164908
2.473778	0.165294
2.474761	0.165678
2.475743	0.166058
2.476726	0.166435
2.477709	0.166809
2.478692	0.167180
2.479675	0.167549
2.480657	0.167914
2.481640	0.168276
2.482623	0.168635
2.483606	0.168991
2.484588	0.169344
2.485571	0.169693
2.486554	0.170040
2.487537	0.170383
2.488520	0.170724
2.489502	0.171061
2.490485	0.171394
2.491468	0.171725
2.492451	0.172053
2.493433	0.172377
2.494416	0.172698
2.495399	0.173015
2.496382	0.173330
2.497364	0.173641
2.498347	0.173948
2.499330	0.174253
2.500313	0.174554
2.501296	0.174852
2.502278	0.175146
2.503261	0.175437
2.504244	0.175725
2.505227	0.176009
2.506209	0.176290
2.507192	0.176568
2.508175	0.176842
2.509158	0.177113
2.510141	0.177380
2.511123	0.177644
2.512106	0.177904
2.513089	0.178161
2.514072	0.178415
2.515054	0.178664
2.516037	0.178911
2.517020	0.179154
2.518003	0.179393
2.518986	0.179629
2.519968	0.179862
2.520951	0.180091
2.521934	0.180316
2.522917	0.180538
2.523899	0.180756
2.524882	0.180971
2.525865	0.181182
2.526848	0.181390
2.527831	0.181594
2.528813	0.181794
2.529796	0.181991
2.530779	0.182184
2.531762	0.182374
2.532744	0.182560
2.533727	0.182743
2.534710	0.182922
2.535693	0.183097
2.536676	0.183268
2.537658	0.183436
2.538641	0.183601
2.539624	0.183761
2.540607	0.183918
2.541589	0.184072
2.542572	0.184222
2.543555	0.184368
2.544538	0.184510
2.545520	0.184649
2.546503	0.184784
2.547486	0.184915
2.548469	0.185043
2.549452	0.185167
2.550434	0.185288
2.551417	0.185404
2.552400	0.185518
2.553383	0.185627
2.554365	0.185733
2.555348	0.185835
2.556331	0.185933
2.557314	0.186027
2.558297	0.186118
2.559279	0.186206
2.560262	0.186289
2.561245	0.186369
2.562228	0.186445
2.563210	0.186517
2.564193	0.186586
2.565176	0.186651
2.566159	0.186712
2.567142	0.186770
2.568124	0.186824
2.569107	0.186874
2.570090	0.186920
2.571073	0.186963
2.572055	0.187002
2.573038	0.187037
2.574021	0.187069
2.575004	0.187097
2.575987	0.187121
2.576969	0.187141
2.577952	0.187158
2.578935	0.187171
2.579918	0.187180
2.580900	0.187186
2.581883	0.187188
2.582866	0.187188
2.583849	0.187186
2.584832	0.187180
2.585814	0.187171
2.586797	0.187158
2.587780	0.187141
2.588763	0.187121
2.589745	0.187097
2.590728	0.187069
2.591711	0.187037
2.592694	0.187002
2.593676	0.186963
2.594659	0.186920
2.595642	0.186874
2.596625	0.186824
2.597608	0.186770
2.598590	0.186712
2.599573	0.186651
2.600556	0.186586
2.601539	0.186517
2.602521	0.186445
2.603504	0.186369
2.604487	0.186289
2.605470	0.186206
2.606453	0.186118
2.607435	0.186027
2.608418	0.185933
2.609401	0.185835
2.610384	0.185733
2.611366	0.185627
2.612349	0.185518
2.613332	0.185404
2.614315	0.185288
2.615298	0.185167
2.616280	0.185043
2.617263	0.184915
2.618246	0.184784
2.619229	0.184649
2.620211	0.184510
2.621194	0.184368
2.622177	0.184222
2.623160	0.184072
2.624143	0.183918
2.625125	0.183761
2.626108	0.183601
2.627091	0.183436
2.628074	0.183268
2.629056	0.183097
2.630039	0.182922
2.631022	0.182743
2.632005	0.182560
2.632988	0.182374
2.633970	0.182184
2.634953	0.181991
2.635936	0.181794
2.636919	0.181594
2.637901	0.181390
2.638884	0.181182
2.639867	0.180971
2.640850	0.180756
2.641833	0.180538
2.642815	0.180316
2.643798	0.180091
2.644781	0.179862
2.645764	0.179629
2.646746	0.179393
2.647729	0.179154
2.648712	0.178911
2.649695	0.178664
2.650677	0.178415
2.651660	0.178161
2.652643	0.177904
2.653626	0.177644
2.654609	0.177380
2.655591	0.177113
2.656574	0.176842
2.657557	0.176568
2.658540	0.176290
2.659522	0.176009
2.660505	0.175725
2.661488	0.175437
2.662471	0.175146
2.663454	0.174852
2.664436	0.174554
2.665419	0.174253
2.666402	0.173948
2.667385	0.173641
2.668367	0.173330
2.669350	0.173015
2.670333	0.172698
2.671316	0.172377
2.672299	0.172053
2.673281	0.171725
2.674264	0.171394
2.675247	0.171061
2.676230	0.170724
2.677212	0.170383
2.678195	0.170040
2.679178	0.169693
2.680161	0.169344
2.681144	0.168991
2.682126	0.168635
2.683109	0.168276
2.684092	0.167914
2.685075	0.167549
2.686057	0.167180
2.687040	0.166809
2.688023	0.166435
2.689006	0.166058
2.689989	0.165678
2.690971	0.165294
2.691954	0.164908
2.692937	0.164519
2.693920	0.164127
2.694902	0.163732
2.695885	0.163335
2.696868	0.162934
2.697851	0.162531
2.698833	0.162125
2.699816	0.161716
2.700799	0.161304
2.701782	0.160889
2.702765	0.160472
2.703747	0.160052
2.704730	0.159630
2.705713	0.159204
2.706696	0.158776
2.707678	0.158346
2.708661	0.157913
2.709644	0.157477
2.710627	0.157039
2.711610	0.156598
2.712592	0.156155
2.713575	0.155709
2.714558	0.155261
2.715541	0.154810
2.716523	0.154357
2.717506	0.153902
2.718489	0.153444
2.719472	0.152984
2.720455	0.152522
2.721437	0.152057
2.722420	0.151590
2.723403	0.151121
2.724386	0.150650
2.725368	0.150177
2.726351	0.149701
2.727334	0.149224
2.728317	0.148744
2.729300	0.148262
2.730282	0.147778
2.731265	0.147293
2.732248	0.146805
2.733231	0.146315
2.734213	0.145824
2.735196	0.145330
2.736179	0.144835
2.737162	0.144338
2.738145	0.143839
2.739127	0.143339
2.740110	0.142836
2.741093	0.142332
2.742076	0.141827
2.743058	0.141319
2.744041	0.140811
2.745024	0.140300
2.746007	0.139788
2.746989	0.139275
2.747972	0.138760
2.748955	0.138244
2.749938	0.137726
2.750921	0.137207
2.751903	0.136687
2.752886	0.136166
2.753869	0.135643
2.754852	0.135119
2.755834	0.134593
2.756817	0.134067
2.757800	0.133540
2.758783	0.133011
2.759766	0.132481
2.760748	0.131951
2.761731	0.131419
2.762714	0.130887
2.763697	0.130353
2.764679	0.129819
2.765662	0.129284
2.766645	0.128748
2.767628	0.128212
2.768611	0.127674
2.769593	0.127136
2.770576	0.126597
2.771559	0.126058
2.772542	0.125518
2.773524	0.124978
2.774507	0.124437
2.775490	0.123895
2.776473	0.123353
2.777456	0.122811
2.778438	0.122269
2.779421	0.121726
2.780404	0.121182
2.781387	0.120639
2.782369	0.120095
2.783352	0.119551
2.784335	0.119007
2.785318	0.118463
2.786301	0.117919
2.787283	0.117374
2.788266	0.116830
2.789249	0.116286
2.790232	0.115741
2.791214	0.115197
2.792197	0.114653
2.793180	0.114109
2.794163	0.113566
2.795145	0.113022
2.796128	0.112479
2.797111	0.111936
2.798094	0.111393
2.799077	0.110851
2.800059	0.110309
2.801042	0.109768
2.802025	0.109227
2.803008	0.108687
2.803990	0.108147
2.804973	0.107607
2.805956	0.107068
2.806939	0.106530
2.807922	0.105993
2.808904	0.105456
2.809887	0.104920
2.810870	0.104384
2.811853	0.103849
2.812835	0.103316
2.813818	0.102782
2.814801	0.102250
2.815784	0.101719
2.816767	0.101188
2.817749	0.100659
2.818732	0.100130
2.819715	0.099603
2.820698	0.099076
2.821680	0.098551
2.822663	0.098027
2.823646	0.097503
2.824629	0.096981
2.825612	0.096460
2.826594	0.095940
2.827577	0.095421
2.828560	0.094904
2.829543	0.094388
2.830525	0.093873
2.831508	0.093359
2.832491	0.092847
2.833474	0.092336
2.834457	0.091826
2.835439	0.091318
2.836422	0.090811
2.837405	0.090305
2.838388	0.089801
2.839370	0.089298
2.840353	0.088797
2.841336	0.088298
2.842319	0.087799
2.843301	0.087303
2.844284	0.086808
2.845267	0.086314
2.846250	0.085822
2.847233	0.085332
2.848215	0.084843
2.849198	0.084356
2.850181	0.083871
2.851164	0.083387
2.852146	0.082905
2.853129	0.082425
2.854112	0.081946
2.855095	0.081469
2.856078	0.080994
2.857060	0.080520
2.858043	0.080048
2.859026	0.079578
2.860009	0.079110
2.860991	0.078644
2.861974	0.078179
2.862957	0.077716
2.863940	0.077255
2.864923	0.076796
2.865905	0.076339
2.866888	0.075883
2.867871	0.075430
2.868854	0.074978
2.869836	0.074528
2.870819	0.074080
2.871802	0.073634
2.872785	0.073190
2.873768	0.072748
2.874750	0.072307
2.875733	0.071869
2.876716	0.071433
2.877699	0.070998
2.878681	0.070565
2.879664	0.070135
2.880647	0.069706
2.881630	0.069279
2.882613	0.068854
2.883595	0.068431
2.884578	0.068011
2.885561	0.067592
2.886544	0.067175
2.887526	0.066760
2.888509	0.066347
2.889492	0.065936
2.890475	0.065527
2.891458	0.065120
2.892440	0.064714
2.893423	0.064311
2.894406	0.063910
2.895389	0.063511
2.896371	0.063114
2.897354	0.062719
2.898337	0.062326
2.899320	0.061934
2.900302	0.061545
2.901285	0.061158
2.902268	0.060773
2.903251	0.060390
2.904234	0.060008
2.905216	0.059629
2.906199	0.059252
2.907182	0.058876
2.908165	0.058503
2.909147	0.058132
2.910130	0.057762
2.911113	0.057395
2.912096	0.057029
2.913079	0.056666
2.914061	0.056304
2.915044	0.055945
2.916027	0.055587
2.917010	0.055232
2.917992	0.054878
2.918975	0.054526
2.919958	0.054176
2.920941	0.053828
2.921924	0.053482
2.922906	0.053138
2.923889	0.052796
2.924872	0.052456
2.925855	0.052118
2.926837	0.051781
2.927820	0.051447
2.928803	0.051114
2.929786	0.050783
2.930769	0.050455
2.931751	0.050128
2.932734	0.049803
2.933717	0.049479
2.934700	0.049158
2.935682	0.048839
2.936665	0.048521
2.937648	0.048205
2.938631	0.047891
2.939614	0.047579
2.940596	0.047269
2.941579	0.046961
2.942562	0.046654
2.943545	0.046349
2.944527	0.046046
2.945510	0.045745
2.946493	0.045446
2.947476	0.045148
2.948458	0.044852
2.949441	0.044558
2.950424	0.044266
2.951407	0.043975
2.952390	0.043686
2.953372	0.043399
2.954355	0.043114
2.955338	0.042830
2.956321	0.042548
2.957303	0.042268
2.958286	0.041989
2.959269	0.041713
2.960252	0.041438
2.961235	0.041164
2.962217	0.040892
2.963200	0.040622
2.964183	0.040354
2.965166	0.040087
2.966148	0.039822
2.967131	0.039559
2.968114	0.039297
2.969097	0.039036
2.970080	0.038778
2.971062	0.038521
2.972045	0.038265
2.973028	0.038012
2.974011	0.037759
2.974993	0.037509
2.975976	0.037260
2.976959	0.037012
2.977942	0.036766
2.978925	0.036522
2.979907	0.036279
2.980890	0.036037
2.981873	0.035797
2.982856	0.035559
2.983838	0.035322
2.984821	0.035087
2.985804	0.034853
2.986787	0.034621
2.987770	0.034390
2.988752	0.034160
2.989735	0.033932
2.990718	0.033706
2.991701	0.033481
2.992683	0.033257
2.993666	0.033035
2.994649	0.032814
2.995632	0.032595
2.996614	0.032377
2.997597	0.032160
2.998580	0.031945
2.999563	0.031731
3.000546	0.031519
3.001528	0.031308
3.002511	0.031098
3.003494	0.030890
3.004477	0.030683
3.005459	0.030477
3.006442	0.030273
3.007425	0.030070
3.008408	0.029868
3.009391	0.029668
3.010373	0.029469
3.011356	0.029271
3.012339	0.029074
3.013322	0.028879
3.014304	0.028685
3.015287	0.028492
3.016270	0.028301
3.017253	0.028111
3.018236	0.027922
3.019218	0.027734
3.020201	0.027547
3.021184	0.027362
3.022167	0.027178
3.023149	0.026995
3.024132	0.026813
3.025115	0.026633
3.026098	0.026454
3.027081	0.026275
3.028063	0.026098
3.029046	0.025923
3.030029	0.025748
3.031012	0.025574
3.031994	0.025402
3.032977	0.025231
3.033960	0.025061
3.034943	0.024892
3.035926	0.024724
3.036908	0.024557
3.037891	0.024391
3.038874	0.024227
3.039857	0.024063
3.040839	0.023901
3.041822	0.023739
3.042805	0.023579
3.043788	0.023420
3.044770	0.023262
3.045753	0.023105
3.046736	0.022948
3.047719	0.022793
3.048702	0.022639
3.049684	0.022486
3.050667	0.022334
3.051650	0.022183
3.052633	0.022033
3.053615	0.021884
3.054598	0.021736
3.055581	0.021589
3.056564	0.021443
3.057547	0.021298
3.058529	0.021154
3.059512	0.021011
3.060495	0.020869
3.061478	0.020727
3.062460	0.020587
3.063443	0.020448
3.064426	0.020309
3.065409	0.020172
3.066392	0.020035
3.067374	0.019899
3.068357	0.019765
3.069340	0.019631
3.070323	0.019498
3.071305	0.019365
3.072288	0.019234
3.073271	0.019104
3.074254	0.018974
3.075237	0.018846
3.076219	0.018718
3.077202	0.018591
3.078185	0.018465
3.079168	0.018340
3.080150	0.018215
3.081133	0.018092
3.082116	0.017969
3.083099	0.017847
3.084082	0.017726
3.085064	0.017606
3.086047	0.017486
3.087030	0.017367
3.088013	0.017249
3.088995	0.017132
3.089978	0.017016
3.090961	0.016900
3.091944	0.016786
3.092926	0.016672
3.093909	0.016558
3.094892	0.016446
3.095875	0.016334
3.096858	0.016223
3.097840	0.016113
3.098823	0.016003
3.099806	0.015895
3.100789	0.015787
3.101771	0.015679
3.102754	0.015573
3.103737	0.015467
3.104720	0.015362
3.105703	0.015257
3.106685	0.015153
3.107668	0.015050
3.108651	0.014948
3.109634	0.014846
3.110616	0.014745
3.111599	0.014645
3.112582	0.014545
3.113565	0.014446
3.114548	0.014348
3.115530	0.014250
3.116513	0.014153
3.117496	0.014057
3.118479	0.013961
3.119461	0.013866
3.120444	0.013772
3.121427	0.013678
3.122410	0.013585
3.123393	0.013492
3.124375	0.013400
3.125358	0.013309
3.126341	0.013218
3.127324	0.013128
3.128306	0.013039
3.129289	0.012950
3.130272	0.012862
3.131255	0.012774
3.132238	0.012687
3.133220	0.012600
3.134203	0.012515
3.135186	0.012429
3.136169	0.012344
3.137151	0.012260
3.138134	0.012177
3.139117	0.012094
3.140100	0.012011
3.141083	0.011929
3.142065	0.011848
3.143048	0.011767
3.144031	0.011687
3.145014	0.011607
3.145996	0.011528
3.146979	0.011449
3.147962	0.011371
3.148945	0.011293
3.149927	0.011216
3.150910	0.011139
3.151893	0.011063
3.152876	0.010988
3.153859	0.010913
3.154841	0.010838
3.155824	0.010764
3.156807	0.010690
3.157790	0.010617
3.158772	0.010545
3.159755	0.010473
3.160738	0.010401
3.161721	0.010330
3.162704	0.010259
3.163686	0.010189
3.164669	0.010120
3.165652	0.010050
3.166635	0.009982
3.167617	0.009913
3.168600	0.009845
3.169583	0.009778
3.170566	0.009711
3.171549	0.009645
3.172531	0.009579
3.173514	0.009513
3.174497	0.009448
3.175480	0.009383
3.176462	0.009319
3.177445	0.009255
3.178428	0.009192
3.179411	0.009129
3.180394	0.009066
3.181376	0.009004
3.182359	0.008942
3.183342	0.008881
3.184325	0.008820
3.185307	0.008760
3.186290	0.008700
3.187273	0.008640
3.188256	0.008581
3.189239	0.008522
3.190221	0.008463
3.191204	0.008405
3.192187	0.008348
3.193170	0.008290
3.194152	0.008233
3.195135	0.008177
3.196118	0.008121
3.197101	0.008065
3.198083	0.008010
3.199066	0.007955
3.200049	0.007900
3.201032	0.007846
3.202015	0.007792
3.202997	0.007738
3.203980	0.007685
3.204963	0.007632
3.205946	0.007580
3.206928	0.007527
3.207911	0.007476
3.208894	0.007424
3.209877	0.007373
3.210860	0.007322
3.211842	0.007272
3.212825	0.007222
3.213808	0.007172
3.214791	0.007123
3.215773	0.007074
3.216756	0.007025
3.217739	0.006976
3.218722	0.006928
3.219705	0.006881
3.220687	0.006833
3.221670	0.006786
3.222653	0.006739
3.223636	0.006693
3.224618	0.006646
3.225601	0.006601
3.226584	0.006555
3.227567	0.006510
3.228550	0.006465
3.229532	0.006420
3.230515	0.006376
3.231498	0.006332
3.232481	0.006288
3.233463	0.006244
3.234446	0.006201
3.235429	0.006158
3.236412	0.006116
3.237395	0.006073
3.238377	0.006031
3.239360	0.005990
3.240343	0.005948
3.241326	0.005907
3.242308	0.005866
3.243291	0.005825
3.244274	0.005785
3.245257	0.005745
3.246239	0.005705
3.247222	0.005665
3.248205	0.005626
3.249188	0.005587
3.250171	0.005548
3.251153	0.005509
3.252136	0.005471
3.253119	0.005433
3.254102	0.005395
3.255084	0.005358
3.256067	0.005321
3.257050	0.005284
3.258033	0.005247
3.259016	0.005210
3.259998	0.005174
3.260981	0.005138
3.261964	0.005102
3.262947	0.005066
3.263929	0.005031
3.264912	0.004996
3.265895	0.004961
3.266878	0.004927
3.267861	0.004892
3.268843	0.004858
3.269826	0.004824
3.270809	0.004790
3.271792	0.004757
3.272774	0.004723
3.273757	0.004690
3.274740	0.004657
3.275723	0.004625
3.276706	0.004592
3.277688	0.004560
3.278671	0.004528
3.279654	0.004496
3.280637	0.004465
3.281619	0.004434
3.282602	0.004402
3.283585	0.004371
3.284568	0.004341
3.285551	0.004310
3.286533	0.004280
3.287516	0.004250
3.288499	0.004220
3.289482	0.004190
3.290464	0.004160
3.291447	0.004131
3.292430	0.004102
3.293413	0.004073
3.294395	0.004044
3.295378	0.004016
3.296361	0.003987
3.297344	0.003959
3.298327	0.003931
3.299309	0.003903
3.300292	0.003875
3.301275	0.003848
3.302258	0.003821
3.303240	0.003793
3.304223	0.003766
3.305206	0.003740
3.306189	0.003713
3.307172	0.003687
3.308154	0.003660
3.309137	0.003634
3.310120	0.003608
3.311103	0.003583
3.312085	0.003557
3.313068	0.003532
3.314051	0.003506
3.315034	0.003481
3.316017	0.003456
3.316999	0.003432
3.317982	0.003407
3.318965	0.003383
3.319948	0.003358
3.320930	0.003334
3.321913	0.003310
3.322896	0.003286
3.323879	0.003263
3.324862	0.003239
3.325844	0.003216
3.326827	0.003193
3.327810	0.003170
3.328793	0.003147
3.329775	0.003124
3.330758	0.003101
3.331741	0.003079
3.332724	0.003056
3.333707	0.003034
3.334689	0.003012
3.335672	0.002990
3.336655	0.002969
3.337638	0.002947
3.338620	0.002925
3.339603	0.002904
3.340586	0.002883
3.341569	0.002862
3.342551	0.002841
3.343534	0.002820
3.344517	0.002799
3.345500	0.002779
3.346483	0.002758
3.347465	0.002738
3.348448	0.002718
3.349431	0.002698
3.350414	0.002678
3.351396	0.002658
3.352379	0.002639
3.353362	0.002619
3.354345	0.002600
3.355328	0.002580
3.356310	0.002561
3.357293	0.002542
3.358276	0.002523
3.359259	0.002504
3.360241	0.002486
3.361224	0.002467
3.362207	0.002448
3.363190	0.002430
3.364173	0.002412
3.365155	0.002394
3.366138	0.002376
3.367121	0.002358
3.368104	0.002340
3.369086	0.002322
3.370069	0.002305
3.371052	0.002287
3.372035	0.002270
3.373018	0.002253
3.374000	0.002236
3.374983	0.002218
3.375966	0.002202
3.376949	0.002185
3.377931	0.002168
3.378914	0.002151
3.379897	0.002135
3.380880	0.002118
3.381863	0.002102
3.382845	0.002086
3.383828	0.002070
3.384811	0.002054
3.385794	0.002038
3.386776	0.002022
3.387759	0.002006
3.388742	0.001990
3.389725	0.001975
3.390708	0.001959
3.391690	0.001944
3.392673	0.001929
3.393656	0.001913
3.394639	0.001898
3.395621	0.001883
3.396604	0.001868
3.397587	0.001853
3.398570	0.001839
3.399552	0.001824
3.400535	0.001809
3.401518	0.001795
3.402501	0.001780
3.403484	0.001766
3.404466	0.001752
3.405449	0.001738
3.406432	0.001724
3.407415	0.001710
3.408397	0.001696
3.409380	0.001682
3.410363	0.001668
3.411346	0.001654
3.412329	0.001641
3.413311	0.001627
3.414294	0.001614
3.415277	0.001600
3.416260	0.001587
3.417242	0.001574
3.418225	0.001561
3.419208	0.001547
3.420191	0.001534
3.421174	0.001521
3.422156	0.001509
3.423139	0.001496
3.424122	0.001483
3.425105	0.001470
3.426087	0.001458
3.427070	0.001445
3.428053	0.001433
3.429036	0.001420
3.430019	0.001408
3.431001	0.001396
3.431984	0.001384
3.432967	0.001371
3.433950	0.001359
3.434932	0.001347
3.435915	0.001335
3.436898	0.001323
3.437881	0.001312
3.438864	0.001300
3.439846	0.001288
3.440829	0.001277
3.441812	0.001265
3.442795	0.001253
3.443777	0.001242
3.444760	0.001231
3.445743	0.001219
3.446726	0.001208
3.447708	0.001197
3.448691	0.001186
3.449674	0.001174
3.450657	0.001163
3.451640	0.001152
3.452622	0.001141
3.453605	0.001130
3.454588	0.001120
3.455571	0.001109
3.456553	0.001098
3.457536	0.001087
3.458519	0.001077
3.459502	0.001066
3.460485	0.001056
3.461467	0.001045
3.462450	0.001035
3.463433	0.001024
3.464416	0.001014
3.465398	0.001004
3.466381	0.000993
3.467364	0.000983
3.468347	0.000973
3.469330	0.000963
3.470312	0.000953
3.471295	0.000943
3.472278	0.000933
3.473261	0.000923
3.474243	0.000913
3.475226	0.000903
3.476209	0.000893
3.477192	0.000884
3.478175	0.000874
3.479157	0.000864
3.480140	0.000854
3.481123	0.000845
3.482106	0.000835
3.483088	0.000826
3.484071	0.000816
3.485054	0.000807
3.486037	0.000797
3.487020	0.000788
3.488002	0.000779
3.488985	0.000769
3.489968	0.000760
3.490951	0.000751
3.491933	0.000742
3.492916	0.000733
3.493899	0.000723
3.494882	0.000714
3.495864	0.000705
3.496847	0.000696
3.497830	0.000687
3.498813	0.000678
3.499796	0.000669
3.500778	0.000660
3.501761	0.000652
3.502744	0.000643
3.503727	0.000634
3.504709	0.000625
3.505692	0.000616
3.506675	0.000608
3.507658	0.000599
3.508641	0.000590
3.509623	0.000582
3.510606	0.000573
3.511589	0.000564
3.512572	0.000556
3.513554	0.000547
3.514537	0.000539
3.515520	0.000530
3.516503	0.000522
3.517486	0.000514
3.518468	0.000505
3.519451	0.000497
3.520434	0.000488
3.521417	0.000480
3.522399	0.000472
3.523382	0.000463
3.524365	0.000455
3.525348	0.000447
3.526331	0.000439
3.527313	0.000431
3.528296	0.000422
3.529279	0.000414
3.530262	0.000406
3.531244	0.000398
3.532227	0.000390
3.533210	0.000382
3.534193	0.000374
3.535176	0.000366
3.536158	0.000358
3.537141	0.000350
3.538124	0.000342
3.539107	0.000334
3.540089	0.000326
3.541072	0.000318
3.542055	0.000310
3.543038	0.000302
3.544020	0.000294
3.545003	0.000286
3.545986	0.000278
3.546969	0.000270
3.547952	0.000262
3.548934	0.000254
3.549917	0.000247
3.550900	0.000239
3.551883	0.000231
3.552865	0.000223
3.553848	0.000215
3.554831	0.000208
3.555814	0.000200
3.556797	0.000192
3.557779	0.000184
3.558762	0.000177
3.559745	0.000169
3.560728	0.000161
3.561710	0.000153
3.562693	0.000146
3.563676	0.000138
3.564659	0.000130
3.565642	0.000123
3.566624	0.000115
3.567607	0.000107
3.568590	0.000100
3.569573	0.000092
3.570555	0.000084
3.571538	0.000077
3.572521	0.000069
3.573504	0.000061
3.574487	0.000054
3.575469	0.000046
3.576452	0.000038
3.577435	0.000031
3.578418	0.000023
3.579400	0.000015
3.580375	0.000008
3.581350	0.000015
3.582325	0.000022
3.583300	0.000030
3.584274	0.000037
3.585249	0.000044
3.586224	0.000051
3.587199	0.000059
3.588174	0.000066
3.589148	0.000073
3.590123	0.000080
3.591098	0.000086
3.592073	0.000093
3.593048	0.000100
3.594022	0.000107
3.594997	0.000113
3.595972	0.000120
3.596947	0.000127
3.597921	0.000133
3.598896	0.000140
3.599871	0.000146
3.600846	0.000152
3.601821	0.000159
3.602795	0.000165
3.603770	0.000171
3.604745	0.000178
3.605720	0.000184
3.606695	0.000190
3.607669	0.000196
3.608644	0.000202
3.609619	0.000208
3.610594	0.000214
3.611569	0.000220
3.612543	0.000226
3.613518	0.000231
3.614493	0.000237
3.615468	0.000243
3.616443	0.000249
3.617417	0.000254
3.618392	0.000260
3.619367	0.000266
3.620342	0.000271
3.621316	0.000277
3.622291	0.000282
3.623266	0.000288
3.624241	0.000293
3.625216	0.000298
3.626190	0.000304
3.627165	0.000309
3.628140	0.000314
3.629115	0.000319
3.630090	0.000325
3.631064	0.000330
3.632039	0.000335
3.633014	0.000340
3.633989	0.000345
3.634964	0.000350
3.635938	0.000355
3.636913	0.000360
3.637888	0.000365
3.638863	0.000370
3.639838	0.000375
3.640812	0.000380
3.641787	0.000384
3.642762	0.000389
3.643737	0.000394
3.644711	0.000399
3.645686	0.000403
3.646661	0.000408
3.647636	0.000413
3.648611	0.000417
3.649585	0.000422
3.650560	0.000426
3.651535	0.000431
3.652510	0.000435
3.653485	0.000439
3.654459	0.000444
3.655434	0.000448
3.656409	0.000453
3.657384	0.000457
3.658359	0.000461
3.659333	0.000465
3.660308	0.000470
3.661283	0.000474
3.662258	0.000478
3.663233	0.000482
3.664207	0.000486
3.665182	0.000490
3.666157	0.000494
3.667132	0.000498
3.668106	0.000502
3.669081	0.000506
3.670056	0.000510
3.671031	0.000514
3.672006	0.000518
3.672980	0.000521
3.673955	0.000525
3.674930	0.000529
3.675905	0.000533
3.676880	0.000536
3.677854	0.000540
3.678829	0.000543
3.679804	0.000547
3.680779	0.000551
3.681754	0.000554
3.682728	0.000558
3.683703	0.000561
3.684678	0.000565
3.685653	0.000568
3.686628	0.000571
3.687602	0.000575
3.688577	0.000578
3.689552	0.000581
3.690527	0.000585
3.691501	0.000588
3.692476	0.000591
3.693451	0.000594
3.694426	0.000597
3.695401	0.000601
3.696375	0.000604
3.697350	0.000607
3.698325	0.000610
3.699300	0.000613
3.700275	0.000616
3.701249	0.000619
3.702224	0.000621
3.703199	0.000624
3.704174	0.000627
3.705149	0.000630
3.706123	0.000633
3.707098	0.000636
3.708073	0.000638
3.709048	0.000641
3.710023	0.000644
3.710997	0.000646
3.711972	0.000649
3.712947	0.000652
3.713922	0.000654
3.714897	0.000657
3.715871	0.000659
3.716846	0.000662
3.717821	0.000664
3.718796	0.000666
3.719770	0.000669
3.720745	0.000671
3.721720	0.000673
3.722695	0.000676
3.723670	0.000678
3.724644	0.000680
3.725619	0.000682
3.726594	0.000685
3.727569	0.000687
3.728544	0.000689
3.729518	0.000691
3.730493	0.000693
3.731468	0.000695
3.732443	0.000697
3.733418	0.000699
3.734392	0.000701
3.735367	0.000703
3.736342	0.000705
3.737317	0.000706
3.738292	0.000708
3.739266	0.000710
3.740241	0.000712
3.741216	0.000713
3.742191	0.000715
3.743165	0.000717
3.744140	0.000718
3.745115	0.000720
3.746090	0.000722
3.747065	0.000723
3.748039	0.000725
3.749014	0.000726
3.749989	0.000728
3.750964	0.000729
3.751939	0.000730
3.752913	0.000732
3.753888	0.000733
3.754863	0.000734
3.755838	0.000736
3.756813	0.000737
3.757787	0.000738
3.758762	0.000739
3.759737	0.000740
3.760712	0.000742
3.761687	0.000743
3.762661	0.000744
3.763636	0.000745
3.764611	0.000746
3.765586	0.000747
3.766560	0.000748
3.767535	0.000749
3.768510	0.000750
3.769485	0.000750
3.770460	0.000751
3.771434	0.000752
3.772409	0.000753
3.773384	0.000754
3.774359	0.000754
3.775334	0.000755
3.776308	0.000756
3.777283	0.000756
3.778258	0.000757
3.779233	0.000757
3.780208	0.000758
3.781182	0.000759
3.782157	0.000759
3.783132	0.000759
3.784107	0.000760
3.785082	0.000760
3.786056	0.000761
3.787031	0.000761
3.788006	0.000761
3.788981	0.000762
3.789955	0.000762
3.790930	0.000762
3.791905	0.000762
3.792880	0.000762
3.793855	0.000763
3.794829	0.000763
3.795804	0.000763
3.796779	0.000763
3.797754	0.000763
3.798729	0.000763
3.799703	0.000763
3.800678	0.000763
3.801653	0.000763
3.802628	0.000763
3.803603	0.000762
3.804577	0.000762
3.805552	0.000762
3.806527	0.000762
3.807502	0.000762
3.808477	0.000761
3.809451	0.000761
3.810426	0.000761
3.811401	0.000760
3.812376	0.000760
3.813350	0.000759
3.814325	0.000759
3.815300	0.000759
3.816275	0.000758
3.817250	0.000758
3.818224	0.000757
3.819199	0.000756
3.820174	0.000756
3.821149	0.000755
3.822124	0.000754
3.823098	0.000754
3.824073	0.000753
3.825048	0.000752
3.826023	0.000751
3.826998	0.000751
3.827972	0.000750
3.828947	0.000749
3.829922	0.000748
3.830897	0.000747
3.831872	0.000746
3.832846	0.000745
3.833821	0.000744
3.834796	0.000743
3.835771	0.000742
3.836746	0.000741
3.837720	0.000740
3.838695	0.000739
3.839670	0.000738
3.840645	0.000737
3.841619	0.000736
3.842594	0.000734
3.843569	0.000733
3.844544	0.000732
3.845519	0.000730
3.846493	0.000729
3.847468	0.000728
3.848443	0.000726
3.849418	0.000725
3.850393	0.000724
3.851367	0.000722
3.852342	0.000721
3.853317	0.000719
3.854292	0.000718
3.855267	0.000716
3.856241	0.000715
3.857216	0.000713
3.858191	0.000711
3.859166	0.000710
3.860141	0.000708
3.861115	0.000706
3.862090	0.000705
3.863065	0.000703
3.864040	0.000701
3.865014	0.000699
3.865989	0.000698
3.866964	0.000696
3.867939	0.000694
3.868914	0.000692
3.869888	0.000690
3.870863	0.000688
3.871838	0.000686
3.872813	0.000684
3.873788	0.000682
3.874762	0.000680
3.875737	0.000678
3.876712	0.000676
3.877687	0.000674
3.878662	0.000672
3.879636	0.000670
3.880611	0.000668
3.881586	0.000665
3.882561	0.000663
3.883536	0.000661
3.884510	0.000659
3.885485	0.000657
3.886460	0.000654
3.887435	0.000652
3.888409	0.000650
3.889384	0.000647
3.890359	0.000645
3.891334	0.000643
3.892309	0.000640
3.893283	0.000638
3.894258	0.000635
3.895233	0.000633
3.896208	0.000630
3.897183	0.000628
3.898157	0.000625
3.899132	0.000623
3.900107	0.000620
3.901082	0.000618
3.902057	0.000615
3.903031	0.000612
3.904006	0.000610
3.904981	0.000607
3.905956	0.000604
3.906931	0.000602
3.907905	0.000599
3.908880	0.000596
3.909855	0.000594
3.910830	0.000591
3.911804	0.000588
3.912779	0.000585
3.913754	0.000582
3.914729	0.000580
3.915704	0.000577
3.916678	0.000574
3.917653	0.000571
3.918628	0.000568
3.919603	0.000565
3.920578	0.000562
3.921552	0.000559
3.922527	0.000556
3.923502	0.000553
3.924477	0.000550
3.925452	0.000547
3.926426	0.000544
3.927401	0.000541
3.928376	0.000538
3.929351	0.000535
3.930326	0.000532
3.931300	0.000529
3.932275	0.000525
3.933250	0.000522
3.934225	0.000519
3.935200	0.000516
3.936174	0.000513
3.937149	0.000510
3.938124	0.000506
3.939099	0.000503
3.940073	0.000500
3.941048	0.000496
3.942023	0.000493
3.942998	0.000490
3.943973	0.000487
3.944947	0.000483
3.945922	0.000480
3.946897	0.000477
3.947872	0.000473
3.948847	0.000470
3.949821	0.000466
3.950796	0.000463
3.951771	0.000460
3.952746	0.000456
3.953721	0.000453
3.954695	0.000449
3.955670	0.000446
3.956645	0.000442
3.957620	0.000439
3.958595	0.000435
3.959569	0.000432
3.960544	0.000428
3.961519	0.000425
3.962494	0.000421
3.963468	0.000418
3.964443	0.000414
3.965418	0.000411
3.966393	0.000407
3.967368	0.000403
3.968342	0.000400
3.969317	0.000396
3.970292	0.000392
3.971267	0.000389
3.972242	0.000385
3.973216	0.000382
3.974191	0.000378
3.975166	0.000374
3.976141	0.000371
3.977116	0.000367
3.978090	0.000363
3.979065	0.000359
3.980040	0.000356
3.981015	0.000352
3.981990	0.000348
3.982964	0.000345
3.983939	0.000341
3.984914	0.000337
3.985889	0.000333
3.986863	0.000329
3.987838	0.000326
3.988813	0.000322
3.989788	0.000318
3.990763	0.000314
3.991737	0.000311
3.992712	0.000307
3.993687	0.000303
3.994662	0.000299
3.995637	0.000295
3.996611	0.000291
3.997586	0.000288
3.998561	0.000284
3.999536	0.000280
4.000511	0.000276
4.001485	0.000272
4.002460	0.000268
4.003435	0.000265
4.004410	0.000261
4.005385	0.000257
4.006359	0.000253
4.007334	0.000249
4.008309	0.000245
4.009284	0.000241
4.010258	0.000237
4.011233	0.000233
4.012208	0.000230
4.013183	0.000226
4.014158	0.000222
4.015132	0.000218
4.016107	0.000214
4.017082	0.000210
4.018057	0.000206
4.019032	0.000202
4.020006	0.000198
4.020981	0.000194
4.021956	0.000190
4.022931	0.000187
4.023906	0.000183
4.024880	0.000179
4.025855	0.000175
4.026830	0.000171
4.027805	0.000167
4.028780	0.000163
4.029754	0.000159
4.030729	0.000155
4.031704	0.000151
4.032679	0.000147
4.033653	0.000143
4.034628	0.000139
4.035603	0.000136
4.036578	0.000132
4.037553	0.000128
4.038527	0.000124
4.039502	0.000120
4.040477	0.000116
4.041452	0.000112
4.042427	0.000108
4.043401	0.000104
4.044376	0.000100
4.045351	0.000096
4.046326	0.000093
4.047301	0.000089
4.048275	0.000085
4.049250	0.000081
4.050225	0.000077
4.051200	0.000073
4.052175	0.000069
4.053149	0.000065
4.054124	0.000061
4.055099	0.000058
4.056074	0.000054
4.057049	0.000050
4.058023	0.000046
4.058998	0.000042
4.059973	0.000038
4.060948	0.000034
4.061922	0.000031
4.062897	0.000027
4.063872	0.000023
4.064847	0.000019
4.065822	0.000015
4.066796	0.000011
4.067779	0.000008
4.068762	0.000015
4.069745	0.000023
4.070728	0.000031
4.071710	0.000038
4.072693	0.000046
4.073676	0.000054
4.074659	0.000061
4.075641	0.000069
4.076624	0.000077
4.077607	0.000084
4.078590	0.000092
4.079573	0.000100
4.080555	0.000107
4.081538	0.000115
4.082521	0.000123
4.083504	0.000131
4.084486	0.000138
4.085469	0.000146
4.086452	0.000154
4.087435	0.000161
4.088417	0.000169
4.089400	0.000177
4.090383	0.000185
4.091366	0.000192
4.092349	0.000200
4.093331	0.000208
4.094314	0.000216
4.095297	0.000224
4.096280	0.000231
4.097262	0.000239
4.098245	0.000247
4.099228	0.000255
4.100211	0.000263
4.101194	0.000271
4.102176	0.000279
4.103159	0.000287
4.104142	0.000294
4.105125	0.000302
4.106107	0.000310
4.107090	0.000318
4.108073	0.000326
4.109056	0.000334
4.110039	0.000342
4.111021	0.000350
4.112004	0.000358
4.112987	0.000366
4.113970	0.000374
4.114952	0.000383
4.115935	0.000391
4.116918	0.000399
4.117901	0.000407
4.118884	0.000415
4.119866	0.000423
4.120849	0.000431
4.121832	0.000440
4.122815	0.000448
4.123797	0.000456
4.124780	0.000464
4.125763	0.000473
4.126746	0.000481
4.127729	0.000489
4.128711	0.000498
4.129694	0.000506
4.130677	0.000515
4.131660	0.000523
4.132642	0.000532
4.133625	0.000540
4.134608	0.000549
4.135591	0.000557
4.136573	0.000566
4.137556	0.000574
4.138539	0.000583
4.139522	0.000592
4.140505	0.000600
4.141487	0.000609
4.142470	0.000618
4.143453	0.000626
4.144436	0.000635
4.145418	0.000644
4.146401	0.000653
4.147384	0.000662
4.148367	0.000671
4.149350	0.000680
4.150332	0.000689
4.151315	0.000698
4.152298	0.000707
4.153281	0.000716
4.154263	0.000725
4.155246	0.000734
4.156229	0.000743
4.157212	0.000753
4.158195	0.000762
4.159177	0.000771
4.160160	0.000780
4.161143	0.000790
4.162126	0.000799
4.163108	0.000809
4.164091	0.000818
4.165074	0.000828
4.166057	0.000837
4.167040	0.000847
4.168022	0.000856
4.169005	0.000866
4.169988	0.000876
4.170971	0.000885
4.171953	0.000895
4.172936	0.000905
4.173919	0.000915
4.174902	0.000925
4.175885	0.000935
4.176867	0.000945
4.177850	0.000955
4.178833	0.000965
4.179816	0.000975
4.180798	0.000985
4.181781	0.000996
4.182764	0.001006
4.183747	0.001016
4.184729	0.001027
4.185712	0.001037
4.186695	0.001047
4.187678	0.001058
4.188661	0.001069
4.189643	0.001079
4.190626	0.001090
4.191609	0.001101
4.192592	0.001111
4.193574	0.001122
4.194557	0.001133
4.195540	0.001144
4.196523	0.001155
4.197506	0.001166
4.198488	0.001177
4.199471	0.001188
4.200454	0.001199
4.201437	0.001211
4.202419	0.001222
4.203402	0.001233
4.204385	0.001245
4.205368	0.001256
4.206351	0.001268
4.207333	0.001279
4.208316	0.001291
4.209299	0.001303
4.210282	0.001315
4.211264	0.001327
4.212247	0.001338
4.213230	0.001350
4.214213	0.001362
4.215196	0.001375
4.216178	0.001387
4.217161	0.001399
4.218144	0.001411
4.219127	0.001424
4.220109	0.001436
4.221092	0.001449
4.222075	0.001461
4.223058	0.001474
4.224041	0.001487
4.225023	0.001499
4.226006	0.001512
4.226989	0.001525
4.227972	0.001538
4.228954	0.001551
4.229937	0.001564
4.230920	0.001578
4.231903	0.001591
4.232885	0.001604
4.233868	0.001618
4.234851	0.001631
4.235834	0.001645
4.236817	0.001658
4.237799	0.001672
4.238782	0.001686
4.239765	0.001700
4.240748	0.001714
4.241730	0.001728
4.242713	0.001742
4.243696	0.001756
4.244679	0.001771
4.245662	0.001785
4.246644	0.001799
4.247627	0.001814
4.248610	0.001829
4.249593	0.001843
4.250575	0.001858
4.251558	0.001873
4.252541	0.001888
4.253524	0.001903
4.254507	0.001918
4.255489	0.001934
4.256472	0.001949
4.257455	0.001964
4.258438	0.001980
4.259420	0.001996
4.260403	0.002011
4.261386	0.002027
4.262369	0.002043
4.263352	0.002059
4.264334	0.002075
4.265317	0.002091
4.266300	0.002108
4.267283	0.002124
4.268265	0.002141
4.269248	0.002157
4.270231	0.002174
4.271214	0.002191
4.272197	0.002208
4.273179	0.002225
4.274162	0.002242
4.275145	0.002259
4.276128	0.002276
4.277110	0.002294
4.278093	0.002311
4.279076	0.002329
4.280059	0.002347
4.281042	0.002365
4.282024	0.002383
4.283007	0.002401
4.283990	0.002419
4.284973	0.002437
4.285955	0.002456
4.286938	0.002474
4.287921	0.002493
4.288904	0.002512
4.289886	0.002531
4.290869	0.002550
4.291852	0.002569
4.292835	0.002588
4.293818	0.002607
4.294800	0.002627
4.295783	0.002646
4.296766	0.002666
4.297749	0.002686
4.298731	0.002706
4.299714	0.002726
4.300697	0.002747
4.301680	0.002767
4.302663	0.002787
4.303645	0.002808
4.304628	0.002829
4.305611	0.002850
4.306594	0.002871
4.307576	0.002892
4.308559	0.002913
4.309542	0.002935
4.310525	0.002956
4.311508	0.002978
4.312490	0.003000
4.313473	0.003022
4.314456	0.003044
4.315439	0.003067
4.316421	0.003089
4.317404	0.003112
4.318387	0.003134
4.319370	0.003157
4.320353	0.003180
4.321335	0.003203
4.322318	0.003227
4.323301	0.003250
4.324284	0.003274
4.325266	0.003298
4.326249	0.003322
4.327232	0.003346
4.328215	0.003370
4.329198	0.003395
4.330180	0.003419
4.331163	0.003444
4.332146	0.003469
4.333129	0.003494
4.334111	0.003519
4.335094	0.003544
4.336077	0.003570
4.337060	0.003596
4.338042	0.003622
4.339025	0.003648
4.340008	0.003674
4.340991	0.003700
4.341974	0.003727
4.342956	0.003754
4.343939	0.003781
4.344922	0.003808
4.345905	0.003835
4.346887	0.003863
4.347870	0.003890
4.348853	0.003918
4.349836	0.003946
4.350819	0.003974
4.351801	0.004003
4.352784	0.004032
4.353767	0.004060
4.354750	0.004089
4.355732	0.004118
4.356715	0.004148
4.357698	0.004177
4.358681	0.004207
4.359664	0.004237
4.360646	0.004267
4.361629	0.004298
4.362612	0.004328
4.363595	0.004359
4.364577	0.004390
4.365560	0.004421
4.366543	0.004453
4.367526	0.004484
4.368509	0.004516
4.369491	0.004548
4.370474	0.004580
4.371457	0.004613
4.372440	0.004645
4.373422	0.004678
4.374405	0.004711
4.375388	0.004745
4.376371	0.004778
4.377354	0.004812
4.378336	0.004846
4.379319	0.004880
4.380302	0.004915
4.381285	0.004949
4.382267	0.004984
4.383250	0.005020
4.384233	0.005055
4.385216	0.005091
4.386198	0.005126
4.387181	0.005163
4.388164	0.005199
4.389147	0.005236
4.390130	0.005272
4.391112	0.005310
4.392095	0.005347
4.393078	0.005385
4.394061	0.005422
4.395043	0.005461
4.396026	0.005499
4.397009	0.005538
4.397992	0.005576
4.398975	0.005616
4.399957	0.005655
4.400940	0.005695
4.401923	0.005735
4.402906	0.005775
4.403888	0.005815
4.404871	0.005856
4.405854	0.005897
4.406837	0.005939
4.407820	0.005980
4.408802	0.006022
4.409785	0.006064
4.410768	0.006107
4.411751	0.006150
4.412733	0.006193
4.413716	0.006236
4.414699	0.006280
4.415682	0.006324
4.416665	0.006368
4.417647	0.006412
4.418630	0.006457
4.419613	0.006502
4.420596	0.006548
4.421578	0.006594
4.422561	0.006640
4.423544	0.006686
4.424527	0.006733
4.425510	0.006780
4.426492	0.006827
4.427475	0.006875
4.428458	0.006923
4.429441	0.006971
4.430423	0.007020
4.431406	0.007069
4.432389	0.007118
4.433372	0.007168
4.434354	0.007218
4.435337	0.007268
4.436320	0.007319
4.437303	0.007370
4.438286	0.007421
4.439268	0.007473
4.440251	0.007525
4.441234	0.007578
4.442217	0.007631
4.443199	0.007684
4.444182	0.007737
4.445165	0.007791
4.446148	0.007845
4.447131	0.007900
4.448113	0.007955
4.449096	0.008010
4.450079	0.008066
4.451062	0.008122
4.452044	0.008179
4.453027	0.008236
4.454010	0.008293
4.454993	0.008351
4.455976	0.008409
4.456958	0.008468
4.457941	0.008526
4.458924	0.008586
4.459907	0.008646
4.460889	0.008706
4.461872	0.008766
4.462855	0.008827
4.463838	0.008889
4.464821	0.008950
4.465803	0.009013
4.466786	0.009075
4.467769	0.009138
4.468752	0.009202
4.469734	0.009266
4.470717	0.009330
4.471700	0.009395
4.472683	0.009461
4.473666	0.009526
4.474648	0.009593
4.475631	0.009659
4.476614	0.009726
4.477597	0.009794
4.478579	0.009862
4.479562	0.009931
4.480545	0.010000
4.481528	0.010069
4.482510	0.010139
4.483493	0.010209
4.484476	0.010280
4.485459	0.010352
4.486442	0.010424
4.487424	0.010496
4.488407	0.010569
4.489390	0.010643
4.490373	0.010716
4.491355	0.010791
4.492338	0.010866
4.493321	0.010941
4.494304	0.011017
4.495287	0.011094
4.496269	0.011171
4.497252	0.011249
4.498235	0.011327
4.499218	0.011405
4.500200	0.011485
4.501183	0.011564
4.502166	0.011645
4.503149	0.011726
4.504132	0.011807
4.505114	0.011889
4.506097	0.011972
4.507080	0.012055
4.508063	0.012139
4.509045	0.012223
4.510028	0.012308
4.511011	0.012393
4.511994	0.012480
4.512977	0.012566
4.513959	0.012654
4.514942	0.012741
4.515925	0.012830
4.516908	0.012919
4.517890	0.013009
4.518873	0.013099
4.519856	0.013190
4.520839	0.013282
4.521822	0.013374
4.522804	0.013467
4.523787	0.013561
4.524770	0.013655
4.525753	0.013750
4.526735	0.013846
4.527718	0.013942
4.528701	0.014039
4.529684	0.014137
4.530667	0.014235
4.531649	0.014334
4.532632	0.014434
4.533615	0.014534
4.534598	0.014635
4.535580	0.014737
4.536563	0.014839
4.537546	0.014943
4.538529	0.015047
4.539511	0.015151
4.540494	0.015257
4.541477	0.015363
4.542460	0.015470
4.543443	0.015577
4.544425	0.015686
4.545408	0.015795
4.546391	0.015905
4.547374	0.016016
4.548356	0.016127
4.549339	0.016240
4.550322	0.016353
4.551305	0.016467
4.552288	0.016581
4.553270	0.016697
4.554253	0.016813
4.555236	0.016931
4.556219	0.017049
4.557201	0.017167
4.558184	0.017287
4.559167	0.017408
4.560150	0.017529
4.561133	0.017651
4.562115	0.017775
4.563098	0.017899
4.564081	0.018023
4.565064	0.018149
4.566046	0.018276
4.567029	0.018404
4.568012	0.018532
4.568995	0.018662
4.569978	0.018792
4.570960	0.018923
4.571943	0.019055
4.572926	0.019189
4.573909	0.019323
4.574891	0.019458
4.575874	0.019594
4.576857	0.019731
4.577840	0.019869
4.578823	0.020008
4.579805	0.020148
4.580788	0.020289
4.581771	0.020431
4.582754	0.020574
4.583736	0.020719
4.584719	0.020864
4.585702	0.021010
4.586685	0.021157
4.587667	0.021306
4.588650	0.021455
4.589633	0.021606
4.590616	0.021757
4.591599	0.021910
4.592581	0.022064
4.593564	0.022219
4.594547	0.022375
4.595530	0.022532
4.596512	0.022691
4.597495	0.022850
4.598478	0.023011
4.599461	0.023173
4.600444	0.023336
4.601426	0.023501
4.602409	0.023666
4.603392	0.023833
4.604375	0.024001
4.605357	0.024170
4.606340	0.024341
4.607323	0.024513
4.608306	0.024686
4.609289	0.024860
4.610271	0.025036
4.611254	0.025213
4.612237	0.025391
4.613220	0.025571
4.614202	0.025752
4.615185	0.025934
4.616168	0.026118
4.617151	0.026303
4.618134	0.026490
4.619116	0.026678
4.620099	0.026867
4.621082	0.027058
4.622065	0.027250
4.623047	0.027444
4.624030	0.027639
4.625013	0.027836
4.625996	0.028034
4.626979	0.028234
4.627961	0.028435
4.628944	0.028638
4.629927	0.028843
4.630910	0.029049
4.631892	0.029257
4.632875	0.029466
4.633858	0.029677
4.634841	0.029889
4.635823	0.030104
4.636806	0.030320
4.637789	0.030537
4.638772	0.030757
4.639755	0.030978
4.640737	0.031201
4.641720	0.031425
4.642703	0.031652
4.643686	0.031880
4.644668	0.032110
4.645651	0.032342
4.646634	0.032576
4.647617	0.032812
4.648600	0.033050
4.649582	0.033290
4.650565	0.033531
4.651548	0.033775
4.652531	0.034021
4.653513	0.034268
4.654496	0.034518
4.655479	0.034770
4.656462	0.035024
4.657445	0.035281
4.658427	0.035539
4.659410	0.035799
4.660393	0.036062
4.661376	0.036327
4.662358	0.036595
4.663341	0.036864
4.664324	0.037137
4.665307	0.037411
4.666290	0.037688
4.667272	0.037967
4.668255	0.038249
4.669238	0.038533
4.670221	0.038820
4.671203	0.039110
4.672186	0.039402
4.673169	0.039697
4.674152	0.039994
4.675135	0.040295
4.676117	0.040598
4.677100	0.040904
4.678083	0.041213
4.679066	0.041524
4.680048	0.041839
4.681031	0.042157
4.682014	0.042478
4.682997	0.042802
4.683979	0.043129
4.684962	0.043460
4.685945	0.043794
4.686928	0.044131
4.687911	0.044471
4.688893	0.044816
4.689876	0.045163
4.690859	0.045515
4.691842	0.045870
4.692824	0.046229
4.693807	0.046591
4.694790	0.046958
4.695773	0.047328
4.696756	0.047703
4.697738	0.048082
4.698721	0.048465
4.699704	0.048853
4.700687	0.049245
4.701669	0.049642
4.702652	0.050043
4.703635	0.050449
4.704618	0.050860
4.705601	0.051276
4.706583	0.051697
4.707566	0.052124
4.708549	0.052556
4.709532	0.052993
4.710514	0.053437
4.711497	0.053886
4.712480	0.054341
4.713463	0.054802
4.714446	0.055270
4.715428	0.055745
4.716411	0.056226
4.717394	0.056714
4.718377	0.057210
4.719359	0.057713
4.720342	0.058223
4.721325	0.058742
4.722308	0.059269
4.723291	0.059804
4.724273	0.060349
4.725256	0.060902
4.726239	0.061465
4.727222	0.062038
4.728204	0.062621
4.729187	0.063215
4.730170	0.063820
4.731153	0.064437
4.732135	0.065065
4.733118	0.065707
4.734101	0.066361
4.735084	0.067029
4.736067	0.067712
4.737049	0.068410
4.738032	0.069124
4.739015	0.069855
4.739998	0.070604
4.740980	0.071371
4.741963	0.072158
4.742946	0.072966
4.743929	0.073795
4.744912	0.074649
4.745894	0.075527
4.746877	0.076432
4.747860	0.077365
4.748843	0.078328
4.749825	0.079324
4.750808	0.080355
4.751791	0.081424
4.752774	0.082533
4.753757	0.083687
4.754739	0.084888
4.755722	0.086141
4.756705	0.087452
4.757688	0.088825
4.758670	0.090268
4.759653	0.091787
4.760636	0.093391
4.761619	0.095091
4.762602	0.096897
4.763584	0.098825
4.764567	0.100892
4.765550	0.103117
4.766533	0.105526
4.767515	0.108151
4.768498	0.111031
4.769481	0.114216
4.770464	0.117773
4.771447	0.121789
4.772429	0.126386
4.773412	0.131732
4.774395	0.138075
4.775378	0.145790
4.776360	0.155471
4.777343	0.168107
4.778326	0.185410
4.779309	0.210407
4.780292	0.248140
4.781274	0.304238
4.782249	0.302013
4.783224	0.222545
4.784199	0.143730
4.785173	0.109687
4.786148	0.091842
4.787123	0.080880
4.788098	0.073325
4.789073	0.067688
4.790047	0.063245
4.791022	0.059603
4.791997	0.056530
4.792972	0.053878
4.793947	0.051550
4.794921	0.049476
4.795896	0.047608
4.796871	0.045908
4.797846	0.044349
4.798821	0.042909
4.799795	0.041570
4.800770	0.040320
4.801745	0.039145
4.802720	0.038037
4.803694	0.036989
4.804669	0.035993
4.805644	0.035045
4.806619	0.034139
4.807594	0.033271
4.808568	0.032439
4.809543	0.031637
4.810518	0.030865
4.811493	0.030120
4.812468	0.029399
4.813442	0.028700
4.814417	0.028023
4.815392	0.027365
4.816367	0.026724
4.817342	0.026101
4.818316	0.025494
4.819291	0.024901
4.820266	0.024322
4.821241	0.023755
4.822216	0.023201
4.823190	0.022659
4.824165	0.022127
4.825140	0.021605
4.826115	0.021093
4.827090	0.020590
4.828064	0.020096
4.829039	0.019610
4.830014	0.019132
4.830989	0.018661
4.831963	0.018198
4.832938	0.017740
4.833913	0.017290
4.834888	0.016845
4.835863	0.016407
4.836837	0.015973
4.837812	0.015546
4.838787	0.015123
4.839762	0.014705
4.840737	0.014292
4.841711	0.013883
4.842686	0.013478
4.843661	0.013078
4.844636	0.012681
4.845611	0.012288
4.846585	0.011899
4.847560	0.011513
4.848535	0.011130
4.849510	0.010751
4.850485	0.010375
4.851459	0.010001
4.852434	0.009631
4.853409	0.009263
4.854384	0.008897
4.855358	0.008534
4.856333	0.008173
4.857308	0.007815
4.858283	0.007459
4.859258	0.007105
4.860232	0.006752
4.861207	0.006402
4.862182	0.006053
4.863157	0.005707
4.864132	0.005361
4.865106	0.005018
4.866081	0.004676
4.867056	0.004335
4.868031	0.003995
4.869006	0.003657
4.869980	0.003320
4.870955	0.002984
4.871930	0.002649
4.872905	0.002315
4.873880	0.001982
4.874854	0.001650
4.875829	0.001319
4.876804	0.000988
4.877779	0.000658
4.878761	-0.000000
4.879744	0.000331
4.880727	0.000663
4.881710	0.000994
4.882693	0.001325
4.883675	0.001655
4.884658	0.001986
4.885641	0.002316
4.886624	0.002646
4.887606	0.002975
4.888589	0.003303
4.889572	0.003631
4.890555	0.003958
4.891538	0.004285
4.892520	0.004611
4.893503	0.004936
4.894486	0.005260
4.895469	0.005583
4.896451	0.005905
4.897434	0.006226
4.898417	0.006546
4.899400	0.006865
4.900383	0.007183
4.901365	0.007499
4.902348	0.007815
4.903331	0.008128
4.904314	0.008441
4.905296	0.008752
4.906279	0.009062
4.907262	0.009370
4.908245	0.009677
4.909228	0.009982
4.910210	0.010286
4.911193	0.010588
4.912176	0.010889
4.913159	0.011188
4.914141	0.011485
4.915124	0.011781
4.916107	0.012075
4.917090	0.012367
4.918072	0.012657
4.919055	0.012946
4.920038	0.013233
4.921021	0.013518
4.922004	0.013802
4.922986	0.014083
4.923969	0.014363
4.924952	0.014641
4.925935	0.014917
4.926917	0.015191
4.927900	0.015464
4.928883	0.015734
4.929866	0.016003
4.930849	0.016270
4.931831	0.016535
4.932814	0.016799
4.933797	0.017060
4.934780	0.017320
4.935762	0.017577
4.936745	0.017833
4.937728	0.018087
4.938711	0.018340
4.939694	0.018590
4.940676	0.018839
4.941659	0.019086
4.942642	0.019331
4.943625	0.019574
4.944607	0.019816
4.945590	0.020056
4.946573	0.020294
4.947556	0.020530
4.948539	0.020765
4.949521	0.020998
4.950504	0.021229
4.951487	0.021458
4.952470	0.021686
4.953452	0.021912
4.954435	0.022137
4.955418	0.022360
4.956401	0.022581
4.957384	0.022801
4.958366	0.023019
4.959349	0.023235
4.960332	0.023450
4.961315	0.023663
4.962297	0.023875
4.963280	0.024085
4.964263	0.024294
4.965246	0.024501
4.966228	0.024706
4.967211	0.024911
4.968194	0.025113
4.969177	0.025315
4.970160	0.025514
4.971142	0.025713
4.972125	0.025910
4.973108	0.026105
4.974091	0.026300
4.975073	0.026492
4.976056	0.026684
4.977039	0.026874
4.978022	0.027063
4.979005	0.027250
4.979987	0.027436
4.980970	0.027621
4.981953	0.027804
4.982936	0.027987
4.983918	0.028168
4.984901	0.028347
4.985884	0.028526
4.986867	0.028703
4.987850	0.028879
4.988832	0.029054
4.989815	0.029227
4.990798	0.029400
4.991781	0.029571
4.992763	0.029741
4.993746	0.029910
4.994729	0.030077
4.995712	0.030244
4.996695	0.030409
4.997677	0.030573
4.998660	0.030737
4.999643	0.030899
5.000626	0.031060
5.001608	0.031219
5.002591	0.031378
5.003574	0.031536
5.004557	0.031692
5.005540	0.031848
5.006522	0.032002
5.007505	0.032156
5.008488	0.032308
5.009471	0.032459
5.010453	0.032609
5.011436	0.032759
5.012419	0.032907
5.013402	0.033054
5.014384	0.033200
5.015367	0.033345
5.016350	0.033489
5.017333	0.033633
5.018316	0.033775
5.019298	0.033916
5.020281	0.034056
5.021264	0.034195
5.022247	0.034333
5.023229	0.034471
5.024212	0.034607
5.025195	0.034742
5.026178	0.034877
5.027161	0.035010
5.028143	0.035142
5.029126	0.035274
5.030109	0.035404
5.031092	0.035534
5.032074	0.035663
5.033057	0.035790
5.034040	0.035917
5.035023	0.036043
5.036006	0.036168
5.036988	0.036292
5.037971	0.036415
5.038954	0.036537
5.039937	0.036658
5.040919	0.036778
5.041902	0.036897
5.042885	0.037016
5.043868	0.037133
5.044851	0.037250
5.045833	0.037365
5.046816	0.037480
5.047799	0.037594
5.048782	0.037707
5.049764	0.037819
5.050747	0.037930
5.051730	0.038040
5.052713	0.038149
5.053696	0.038258
5.054678	0.038365
5.055661	0.038471
5.056644	0.038577
5.057627	0.038682
5.058609	0.038785
5.059592	0.038888
5.060575	0.038990
5.061558	0.039091
5.062540	0.039191
5.063523	0.039290
5.064506	0.039389
5.065489	0.039486
5.066472	0.039583
5.067454	0.039678
5.068437	0.039773
5.069420	0.039866
5.070403	0.039959
5.071385	0.040051
5.072368	0.040142
5.073351	0.040232
5.074334	0.040321
5.075317	0.040409
5.076299	0.040497
5.077282	0.040583
5.078265	0.040668
5.079248	0.040753
5.080230	0.040836
5.081213	0.040919
5.082196	0.041001
5.083179	0.041081
5.084162	0.041161
5.085144	0.041240
5.086127	0.041318
5.087110	0.041395
5.088093	0.041471
5.089075	0.041547
5.090058	0.041621
5.091041	0.041694
5.092024	0.041766
5.093007	0.041838
5.093989	0.041908
5.094972	0.041978
5.095955	0.042046
5.096938	0.042114
5.097920	0.042181
5.098903	0.042247
5.099886	0.042311
5.100869	0.042375
5.101852	0.042438
5.102834	0.042500
5.103817	0.042561
5.104800	0.042621
5.105783	0.042680
5.106765	0.042738
5.107748	0.042795
5.108731	0.042851
5.109714	0.042907
5.110697	0.042961
5.111679	0.043014
5.112662	0.043066
5.113645	0.043118
5.114628	0.043168
5.115610	0.043217
5.116593	0.043266
5.117576	0.043313
5.118559	0.043360
5.119541	0.043405
5.120524	0.043450
5.121507	0.043493
5.122490	0.043536
5.123473	0.043577
5.124455	0.043618
5.125438	0.043657
5.126421	0.043696
5.127404	0.043734
5.128386	0.043770
5.129369	0.043806
5.130352	0.043840
5.131335	0.043874
5.132318	0.043907
5.133300	0.043938
5.134283	0.043969
5.135266	0.043999
5.136249	0.044027
5.137231	0.044055
5.138214	0.044082
5.139197	0.044107
5.140180	0.044132
5.141163	0.044156
5.142145	0.044178
5.143128	0.044200
5.144111	0.044221
5.145094	0.044240
5.146076	0.044259
5.147059	0.044277
5.148042	0.044293
5.149025	0.044309
5.150008	0.044324
5.150990	0.044337
5.151973	0.044350
5.152956	0.044361
5.153939	0.044372
5.154921	0.044382
5.155904	0.044390
5.156887	0.044398
5.157870	0.044404
5.158853	0.044410
5.159835	0.044414
5.160818	0.044418
5.161801	0.044421
5.162784	0.044422
5.163766	0.044423
