1.091248e-01	4.934148e-03	0.000000e+00	0.000000e+00	8.000000e-02	-1.252526e-01	2.363950e-02	-1.416573e-06
1.100996e-01	4.867701e-03	0.000000e+00	0.000000e+00	8.000000e-02	-9.199840e-02	1.735705e-02	-3.209243e-06
1.110744e-01	4.800658e-03	0.000000e+00	0.000000e+00	8.000000e-02	-1.008414e-01	1.902091e-02	-3.402414e-06
1.120492e-01	4.733016e-03	0.000000e+00	0.000000e+00	8.000000e-02	-9.850807e-02	1.857434e-02	-5.039647e-06
1.130240e-01	4.664774e-03	0.000000e+00	0.000000e+00	8.000000e-02	-9.914469e-02	1.868871e-02	-6.452396e-06
1.139988e-01	4.595931e-03	0.000000e+00	0.000000e+00	8.000000e-02	-9.899431e-02	1.865297e-02	-7.814888e-06
1.149735e-01	4.526485e-03	0.000000e+00	0.000000e+00	8.000000e-02	-9.905736e-02	1.865730e-02	-9.069676e-06
1.159483e-01	4.456433e-03	0.000000e+00	0.000000e+00	8.000000e-02	-9.906711e-02	1.865071e-02	-1.079275e-05
1.169231e-01	4.385774e-03	0.000000e+00	0.000000e+00	8.000000e-02	-9.909329e-02	1.864846e-02	-1.170503e-05
1.178979e-01	4.314506e-03	0.000000e+00	0.000000e+00	8.000000e-02	-9.911704e-02	1.864429e-02	-1.219476e-05
1.188727e-01	4.242628e-03	0.000000e+00	0.000000e+00	8.000000e-02	-9.914438e-02	1.863968e-02	-1.454819e-05
1.198475e-01	4.170137e-03	0.000000e+00	0.000000e+00	8.000000e-02	-9.917379e-02	1.863500e-02	-1.570829e-05
1.208223e-01	4.097032e-03	0.000000e+00	0.000000e+00	8.000000e-02	-9.920505e-02	1.863144e-02	-1.591628e-05
1.217971e-01	4.023310e-03	0.000000e+00	0.000000e+00	8.000000e-02	-9.924020e-02	1.862798e-02	-1.704178e-05
1.227719e-01	3.948969e-03	0.000000e+00	0.000000e+00	8.000000e-02	-9.927503e-02	1.862339e-02	-1.936238e-05
1.237467e-01	3.874009e-03	0.000000e+00	0.000000e+00	8.000000e-02	-9.931196e-02	1.861954e-02	-2.044846e-05
1.247215e-01	3.798426e-03	0.000000e+00	0.000000e+00	8.000000e-02	-9.935329e-02	1.861427e-02	-2.166202e-05
1.256963e-01	3.722218e-03	0.000000e+00	0.000000e+00	8.000000e-02	-9.939498e-02	1.861042e-02	-2.269196e-05
1.266710e-01	3.645384e-03	0.000000e+00	0.000000e+00	8.000000e-02	-9.943878e-02	1.860664e-02	-2.358929e-05
1.276458e-01	3.567921e-03	0.000000e+00	0.000000e+00	8.000000e-02	-9.948534e-02	1.860154e-02	-2.475624e-05
1.286206e-01	3.489827e-03	0.000000e+00	0.000000e+00	8.000000e-02	-9.953389e-02	1.859818e-02	-2.580713e-05
1.295954e-01	3.411100e-03	0.000000e+00	0.000000e+00	8.000000e-02	-9.958276e-02	1.859343e-02	-2.686671e-05
1.305702e-01	3.331739e-03	0.000000e+00	0.000000e+00	8.000000e-02	-9.963535e-02	1.858907e-02	-2.796290e-05
1.315450e-01	3.251739e-03	0.000000e+00	0.000000e+00	8.000000e-02	-9.969076e-02	1.858493e-02	-2.971005e-05
1.325198e-01	3.171100e-03	0.000000e+00	0.000000e+00	8.000000e-02	-9.974518e-02	1.857990e-02	-3.078818e-05
1.334946e-01	3.089820e-03	0.000000e+00	0.000000e+00	8.000000e-02	-9.980331e-02	1.857487e-02	-3.148683e-05
1.344694e-01	3.007895e-03	0.000000e+00	0.000000e+00	8.000000e-02	-9.986473e-02	1.857117e-02	-3.253146e-05
1.354442e-01	2.925323e-03	0.000000e+00	0.000000e+00	8.000000e-02	-9.992608e-02	1.856622e-02	-3.321982e-05
1.364190e-01	2.842103e-03	0.000000e+00	0.000000e+00	8.000000e-02	-9.999005e-02	1.856170e-02	-3.516553e-05
1.373938e-01	2.758231e-03	0.000000e+00	0.000000e+00	8.000000e-02	-1.000563e-01	1.855709e-02	-3.515017e-05
1.383686e-01	2.673706e-03	0.000000e+00	0.000000e+00	8.000000e-02	-1.001233e-01	1.855281e-02	-3.711987e-05
1.393433e-01	2.588525e-03	0.000000e+00	0.000000e+00	8.000000e-02	-1.001934e-01	1.854769e-02	-3.777518e-05
1.403181e-01	2.502685e-03	0.000000e+00	0.000000e+00	8.000000e-02	-1.002655e-01	1.854247e-02	-3.845327e-05
1.412929e-01	2.416184e-03	0.000000e+00	0.000000e+00	8.000000e-02	-1.003384e-01	1.853887e-02	-4.005969e-05
1.422677e-01	2.329020e-03	0.000000e+00	0.000000e+00	8.000000e-02	-1.004143e-01	1.853281e-02	-4.096135e-05
1.432425e-01	2.241189e-03	0.000000e+00	0.000000e+00	8.000000e-02	-1.004919e-01	1.852842e-02	-4.162519e-05
1.442173e-01	2.152690e-03	0.000000e+00	0.000000e+00	8.000000e-02	-1.005702e-01	1.852363e-02	-4.318098e-05
1.451921e-01	2.063520e-03	0.000000e+00	0.000000e+00	8.000000e-02	-1.006516e-01	1.851917e-02	-4.404513e-05
1.461669e-01	1.973676e-03	0.000000e+00	0.000000e+00	8.000000e-02	-1.007340e-01	1.851418e-02	-4.556431e-05
1.471417e-01	1.883156e-03	0.000000e+00	0.000000e+00	8.000000e-02	-1.008192e-01	1.850800e-02	-4.616172e-05
1.481165e-01	1.791956e-03	0.000000e+00	0.000000e+00	8.000000e-02	-1.009058e-01	1.850418e-02	-4.681567e-05
1.490913e-01	1.700075e-03	0.000000e+00	0.000000e+00	8.000000e-02	-1.009938e-01	1.849916e-02	-4.771038e-05
1.500661e-01	1.607509e-03	0.000000e+00	0.000000e+00	8.000000e-02	-1.010844e-01	1.849365e-02	-4.908739e-05
1.510408e-01	1.514256e-03	0.000000e+00	0.000000e+00	8.000000e-02	-1.011760e-01	1.848843e-02	-4.971287e-05
1.520156e-01	1.420313e-03	0.000000e+00	0.000000e+00	8.000000e-02	-1.012702e-01	1.848294e-02	-5.197843e-05
1.529904e-01	1.325677e-03	0.000000e+00	0.000000e+00	8.000000e-02	-1.013654e-01	1.847864e-02	-5.172695e-05
1.539652e-01	1.230346e-03	0.000000e+00	0.000000e+00	8.000000e-02	-1.014628e-01	1.847346e-02	-5.316493e-05
1.549400e-01	1.134316e-03	0.000000e+00	0.000000e+00	8.000000e-02	-1.015621e-01	1.846782e-02	-5.452370e-05
1.559148e-01	1.037585e-03	0.000000e+00	0.000000e+00	8.000000e-02	-1.016629e-01	1.846210e-02	-5.504034e-05
1.568896e-01	9.401496e-04	0.000000e+00	0.000000e+00	8.000000e-02	-1.017656e-01	1.845755e-02	-5.617135e-05
1.578644e-01	8.420075e-04	0.000000e+00	0.000000e+00	8.000000e-02	-1.018696e-01	1.845195e-02	-5.708702e-05
1.588392e-01	7.431555e-04	0.000000e+00	0.000000e+00	8.000000e-02	-1.019758e-01	1.844665e-02	-5.805828e-05
1.598140e-01	6.435906e-04	0.000000e+00	0.000000e+00	8.000000e-02	-1.020836e-01	1.844158e-02	-5.898698e-05
1.607888e-01	5.433099e-04	0.000000e+00	0.000000e+00	8.000000e-02	-1.021931e-01	1.843569e-02	-5.992787e-05
1.617636e-01	4.423103e-04	0.000000e+00	0.000000e+00	8.000000e-02	-1.023044e-01	1.843019e-02	-6.078196e-05
1.627384e-01	3.405891e-04	0.000000e+00	0.000000e+00	8.000000e-02	-1.024165e-01	1.842435e-02	-6.181867e-05
1.637131e-01	2.381430e-04	0.000000e+00	0.000000e+00	8.000000e-02	-1.025336e-01	1.841988e-02	-6.273503e-05
1.646879e-01	1.349691e-04	0.000000e+00	0.000000e+00	8.000000e-02	-1.026405e-01	1.841367e-02	-6.354185e-05
1.656627e-01	3.106432e-05	0.000000e+00	0.000000e+00	8.000000e-02	-1.027926e-01	1.840748e-02	-6.454139e-05
1.666375e-01	-7.357433e-05	-2.768755e-01	2.307188e+00	8.000441e-02	-1.027848e-01	1.840332e-02	-6.544374e-05
1.676123e-01	-1.786737e-04	-3.474744e-01	5.652898e+00	8.001398e-02	-1.025705e-01	1.839732e-02	-6.631148e-05
1.685871e-01	-2.841628e-04	-3.915196e-01	9.032184e+00	8.002556e-02	-1.023367e-01	1.839117e-02	-6.706623e-05
1.695619e-01	-3.899959e-04	-4.245108e-01	1.243542e+01	8.003858e-02	-1.020598e-01	1.838495e-02	-6.774982e-05
1.705367e-01	-4.961379e-04	-4.511535e-01	1.585800e+01	8.005275e-02	-1.017579e-01	1.837955e-02	-6.851894e-05
1.715115e-01	-6.025595e-04	-4.735866e-01	1.929701e+01	8.006791e-02	-1.014329e-01	1.837424e-02	-6.921035e-05
1.724863e-01	-7.092352e-04	-4.929856e-01	2.275036e+01	8.008394e-02	-1.010892e-01	1.836815e-02	-6.989993e-05
1.734611e-01	-8.161425e-04	-5.100741e-01	2.621643e+01	8.010075e-02	-1.007291e-01	1.836262e-02	-7.059692e-05
1.744359e-01	-9.232605e-04	-5.253337e-01	2.969392e+01	8.011827e-02	-1.003541e-01	1.835601e-02	-7.120614e-05
1.754106e-01	-1.030570e-03	-5.391026e-01	3.318168e+01	8.013645e-02	-9.996660e-02	1.835073e-02	-7.218007e-05
1.763854e-01	-1.138054e-03	-5.516290e-01	3.667874e+01	8.015523e-02	-9.956754e-02	1.834443e-02	-7.249029e-05
1.773602e-01	-1.245695e-03	-5.631010e-01	4.018423e+01	8.017458e-02	-9.915721e-02	1.833848e-02	-7.231246e-05
1.783350e-01	-1.353477e-03	-5.736651e-01	4.369737e+01	8.019447e-02	-9.873733e-02	1.833255e-02	-7.359687e-05
1.793098e-01	-1.461385e-03	-5.834379e-01	4.721743e+01	8.021486e-02	-9.830866e-02	1.832657e-02	-7.410261e-05
1.802846e-01	-1.569405e-03	-5.925139e-01	5.074375e+01	8.023573e-02	-9.787286e-02	1.832113e-02	-7.511514e-05
1.812594e-01	-1.677524e-03	-6.009709e-01	5.427570e+01	8.025706e-02	-9.742881e-02	1.831400e-02	-7.473372e-05
1.822342e-01	-1.785727e-03	-6.088740e-01	5.781270e+01	8.027882e-02	-9.697736e-02	1.830807e-02	-7.542793e-05
1.832090e-01	-1.894002e-03	-6.162780e-01	6.135419e+01	8.030099e-02	-9.651968e-02	1.830214e-02	-7.589956e-05
1.841838e-01	-2.002336e-03	-6.232298e-01	6.489966e+01	8.032356e-02	-9.605628e-02	1.829541e-02	-7.694840e-05
1.851586e-01	-2.110718e-03	-6.297697e-01	6.844859e+01	8.034651e-02	-9.558722e-02	1.828959e-02	-7.740439e-05
1.861334e-01	-2.219135e-03	-6.359329e-01	7.200052e+01	8.036983e-02	-9.511230e-02	1.828397e-02	-7.790570e-05
1.871082e-01	-2.327576e-03	-6.417498e-01	7.555496e+01	8.039349e-02	-9.463280e-02	1.827703e-02	-7.831827e-05
1.880829e-01	-2.436030e-03	-6.472475e-01	7.911149e+01	8.041749e-02	-9.414956e-02	1.827030e-02	-7.877332e-05
1.890577e-01	-2.544487e-03	-6.524500e-01	8.266967e+01	8.044182e-02	-9.366102e-02	1.826448e-02	-7.926972e-05
1.900325e-01	-2.652934e-03	-6.573783e-01	8.622907e+01	8.046645e-02	-9.316772e-02	1.825780e-02	-7.948602e-05
1.910073e-01	-2.761362e-03	-6.620517e-01	8.978931e+01	8.049139e-02	-9.267210e-02	1.825144e-02	-8.015884e-05
1.919821e-01	-2.869761e-03	-6.664871e-01	9.334997e+01	8.051661e-02	-9.217200e-02	1.824504e-02	-8.054691e-05
1.929569e-01	-2.978120e-03	-6.707000e-01	9.691068e+01	8.054211e-02	-9.166878e-02	1.823890e-02	-8.085069e-05
1.939317e-01	-3.086430e-03	-6.747043e-01	1.004711e+02	8.056788e-02	-9.116204e-02	1.823211e-02	-8.122745e-05
1.949065e-01	-3.194680e-03	-6.785129e-01	1.040307e+02	8.059391e-02	-9.065233e-02	1.822554e-02	-8.188238e-05
1.958813e-01	-3.302862e-03	-6.821373e-01	1.075894e+02	8.062018e-02	-9.014068e-02	1.821915e-02	-8.229852e-05
1.968561e-01	-3.410966e-03	-6.855880e-01	1.111466e+02	8.064670e-02	-8.962518e-02	1.821219e-02	-8.271683e-05
1.978309e-01	-3.518982e-03	-6.888748e-01	1.147021e+02	8.067345e-02	-8.910771e-02	1.820526e-02	-8.354966e-05
1.988057e-01	-3.626902e-03	-6.920067e-01	1.182555e+02	8.070042e-02	-8.858782e-02	1.819918e-02	-8.335691e-05
1.997804e-01	-3.734716e-03	-6.949919e-01	1.218064e+02	8.072761e-02	-8.806571e-02	1.819252e-02	-8.458699e-05
2.007552e-01	-3.842416e-03	-6.978380e-01	1.253546e+02	8.075500e-02	-8.754121e-02	1.818524e-02	-8.433432e-05
2.017300e-01	-3.949992e-03	-7.005521e-01	1.288998e+02	8.078260e-02	-8.701499e-02	1.817898e-02	-8.467991e-05
2.027048e-01	-4.057437e-03	-7.031407e-01	1.324416e+02	8.081038e-02	-8.648716e-02	1.817209e-02	-8.513427e-05
2.036796e-01	-4.164741e-03	-7.056099e-01	1.359797e+02	8.083835e-02	-8.595676e-02	1.816465e-02	-8.547257e-05
2.046544e-01	-4.271896e-03	-7.079654e-01	1.395137e+02	8.086650e-02	-8.542532e-02	1.815804e-02	-8.586002e-05
2.056292e-01	-4.378894e-03	-7.102125e-01	1.430435e+02	8.089482e-02	-8.489261e-02	1.815146e-02	-8.623736e-05
2.066040e-01	-4.485727e-03	-7.123562e-01	1.465687e+02	8.092330e-02	-8.435813e-02	1.814433e-02	-8.673528e-05
2.075788e-01	-4.592386e-03	-7.144010e-01	1.500890e+02	8.095195e-02	-8.382186e-02	1.813738e-02	-8.715297e-05
2.085536e-01	-4.698863e-03	-7.163513e-01	1.536041e+02	8.098074e-02	-8.328452e-02	1.813062e-02	-8.736773e-05
2.095284e-01	-4.805150e-03	-7.182113e-01	1.571137e+02	8.100967e-02	-8.274577e-02	1.812333e-02	-8.782320e-05
2.105032e-01	-4.911239e-03	-7.199846e-01	1.606176e+02	8.103875e-02	-8.220630e-02	1.811602e-02	-8.822796e-05
2.114780e-01	-5.017123e-03	-7.216750e-01	1.641154e+02	8.106796e-02	-8.166613e-02	1.810974e-02	-8.870438e-05
2.124527e-01	-5.122794e-03	-7.232858e-01	1.676069e+02	8.109729e-02	-8.112462e-02	1.810203e-02	-8.844759e-05
2.134275e-01	-5.228244e-03	-7.248203e-01	1.710919e+02	8.112674e-02	-8.058203e-02	1.809478e-02	-8.879906e-05
2.144023e-01	-5.333465e-03	-7.262814e-01	1.745700e+02	8.115631e-02	-8.003803e-02	1.808755e-02	-8.916316e-05
2.153771e-01	-5.438449e-03	-7.276720e-01	1.780409e+02	8.118599e-02	-7.949382e-02	1.808016e-02	-8.947738e-05
2.163519e-01	-5.543190e-03	-7.289948e-01	1.815045e+02	8.121577e-02	-7.894952e-02	1.807377e-02	-8.983209e-05
2.173267e-01	-5.647680e-03	-7.302525e-01	1.849604e+02	8.124564e-02	-7.840354e-02	1.806623e-02	-9.012022e-05
2.183015e-01	-5.751911e-03	-7.314473e-01	1.884084e+02	8.127561e-02	-7.785765e-02	1.805814e-02	-9.064236e-05
2.192763e-01	-5.855877e-03	-7.325817e-01	1.918483e+02	8.130567e-02	-7.731089e-02	1.805154e-02	-9.038187e-05
2.202511e-01	-5.959569e-03	-7.336577e-01	1.952797e+02	8.133580e-02	-7.676312e-02	1.804438e-02	-9.130477e-05
2.212259e-01	-6.062981e-03	-7.346776e-01	1.987024e+02	8.136601e-02	-7.621594e-02	1.803615e-02	-9.117425e-05
2.222007e-01	-6.166106e-03	-7.356432e-01	2.021162e+02	8.139629e-02	-7.566759e-02	1.802871e-02	-9.145884e-05
2.231755e-01	-6.268936e-03	-7.365565e-01	2.055208e+02	8.142664e-02	-7.511907e-02	1.802180e-02	-9.194716e-05
2.241502e-01	-6.371465e-03	-7.374192e-01	2.089160e+02	8.145705e-02	-7.457042e-02	1.801458e-02	-9.154145e-05
2.251250e-01	-6.473685e-03	-7.382330e-01	2.123015e+02	8.148751e-02	-7.402050e-02	1.800626e-02	-9.255732e-05
2.260998e-01	-6.575589e-03	-7.389997e-01	2.156771e+02	8.151802e-02	-7.347167e-02	1.799866e-02	-9.227967e-05
2.270746e-01	-6.677172e-03	-7.397206e-01	2.190426e+02	8.154858e-02	-7.292218e-02	1.799184e-02	-9.274502e-05
2.280494e-01	-6.778425e-03	-7.403974e-01	2.223976e+02	8.157917e-02	-7.237232e-02	1.798374e-02	-9.344387e-05
2.290242e-01	-6.879343e-03	-7.410314e-01	2.257421e+02	8.160981e-02	-7.182272e-02	1.797608e-02	-9.334680e-05
2.299990e-01	-6.979918e-03	-7.416240e-01	2.290756e+02	8.164047e-02	-7.127273e-02	1.796834e-02	-9.376671e-05
2.309738e-01	-7.080144e-03	-7.421765e-01	2.323981e+02	8.167116e-02	-7.072219e-02	1.796085e-02	-9.407992e-05
2.319486e-01	-7.180013e-03	-7.426901e-01	2.357092e+02	8.170187e-02	-7.017239e-02	1.795282e-02	-9.438892e-05
2.329234e-01	-7.279521e-03	-7.431660e-01	2.390088e+02	8.173259e-02	-6.962260e-02	1.794501e-02	-9.369058e-05
2.338982e-01	-7.378659e-03	-7.436054e-01	2.422966e+02	8.176333e-02	-6.907229e-02	1.793724e-02	-9.462545e-05
2.348730e-01	-7.477422e-03	-7.440093e-01	2.455723e+02	8.179407e-02	-6.852226e-02	1.792945e-02	-9.423161e-05
2.358478e-01	-7.575802e-03	-7.443789e-01	2.488359e+02	8.182482e-02	-6.797189e-02	1.792210e-02	-9.537148e-05
2.368225e-01	-7.673794e-03	-7.447149e-01	2.520869e+02	8.185556e-02	-6.742292e-02	1.791342e-02	-9.563215e-05
2.377973e-01	-7.771392e-03	-7.450186e-01	2.553253e+02	8.188630e-02	-6.687310e-02	1.790586e-02	-9.478460e-05
2.387721e-01	-7.868588e-03	-7.452907e-01	2.585508e+02	8.191703e-02	-6.632345e-02	1.789760e-02	-9.574662e-05
2.397469e-01	-7.965377e-03	-7.455322e-01	2.617631e+02	8.194774e-02	-6.577422e-02	1.788937e-02	-9.534959e-05
2.407217e-01	-8.061752e-03	-7.457439e-01	2.649621e+02	8.197843e-02	-6.522545e-02	1.788210e-02	-9.643773e-05
2.416965e-01	-8.157708e-03	-7.459266e-01	2.681476e+02	8.200910e-02	-6.467670e-02	1.787339e-02	-9.561096e-05
2.426713e-01	-8.253237e-03	-7.460812e-01	2.713192e+02	8.203974e-02	-6.412765e-02	1.786579e-02	-9.654112e-05
2.436461e-01	-8.348334e-03	-7.462083e-01	2.744769e+02	8.207034e-02	-6.357998e-02	1.785763e-02	-9.644009e-05
2.446209e-01	-8.442993e-03	-7.463087e-01	2.776204e+02	8.210091e-02	-6.303129e-02	1.784898e-02	-9.718197e-05
2.455957e-01	-8.537206e-03	-7.463831e-01	2.807495e+02	8.213144e-02	-6.248352e-02	1.784122e-02	-9.693151e-05
2.465705e-01	-8.630970e-03	-7.464322e-01	2.838640e+02	8.216192e-02	-6.193725e-02	1.783278e-02	-9.732487e-05
2.475453e-01	-8.724278e-03	-7.464567e-01	2.869636e+02	8.219235e-02	-6.139016e-02	1.782456e-02	-9.699145e-05
2.485200e-01	-8.817123e-03	-7.464571e-01	2.900482e+02	8.222273e-02	-6.084299e-02	1.781651e-02	-9.742226e-05
2.494948e-01	-8.909499e-03	-7.464341e-01	2.931176e+02	8.225305e-02	-6.029711e-02	1.780798e-02	-9.769363e-05
2.504696e-01	-9.001402e-03	-7.463882e-01	2.961715e+02	8.228331e-02	-5.975214e-02	1.779962e-02	-9.737345e-05
2.514444e-01	-9.092825e-03	-7.463200e-01	2.992098e+02	8.231351e-02	-5.920621e-02	1.779144e-02	-9.792585e-05
2.524192e-01	-9.183761e-03	-7.462300e-01	3.022323e+02	8.234363e-02	-5.866132e-02	1.778277e-02	-9.864923e-05
2.533940e-01	-9.274206e-03	-7.461189e-01	3.052387e+02	8.237368e-02	-5.811717e-02	1.777432e-02	-9.854501e-05
2.543688e-01	-9.364153e-03	-7.459870e-01	3.082288e+02	8.240365e-02	-5.757291e-02	1.776587e-02	-9.872977e-05
2.553436e-01	-9.453597e-03	-7.458348e-01	3.112025e+02	8.243354e-02	-5.703027e-02	1.775759e-02	-9.875594e-05
2.563184e-01	-9.542533e-03	-7.456629e-01	3.141596e+02	8.246334e-02	-5.648701e-02	1.774901e-02	-9.895469e-05
2.572932e-01	-9.630953e-03	-7.454717e-01	3.170998e+02	8.249306e-02	-5.594452e-02	1.773995e-02	-9.871137e-05
2.582680e-01	-9.718854e-03	-7.452615e-01	3.200231e+02	8.252268e-02	-5.540333e-02	1.773158e-02	-9.920531e-05
2.592428e-01	-9.806229e-03	-7.450330e-01	3.229290e+02	8.255220e-02	-5.486179e-02	1.772325e-02	-9.890040e-05
2.602176e-01	-9.893073e-03	-7.447863e-01	3.258176e+02	8.258162e-02	-5.432210e-02	1.771444e-02	-9.913228e-05
2.611923e-01	-9.979380e-03	-7.445220e-01	3.286886e+02	8.261094e-02	-5.377900e-02	1.770598e-02	-9.947260e-05
2.621671e-01	-1.006514e-02	-7.442405e-01	3.315418e+02	8.264015e-02	-5.324185e-02	1.769701e-02	-9.777769e-05
2.631419e-01	-1.015036e-02	-7.439420e-01	3.343770e+02	8.266924e-02	-5.270287e-02	1.768826e-02	-9.876795e-05
2.641167e-01	-1.023502e-02	-7.436270e-01	3.371940e+02	8.269822e-02	-5.216505e-02	1.767951e-02	-9.594098e-05
2.650915e-01	-1.031913e-02	-7.432958e-01	3.399927e+02	8.272708e-02	-5.162969e-02	1.767093e-02	-1.004935e-04
2.660663e-01	-1.040267e-02	-7.429487e-01	3.427728e+02	8.275582e-02	-5.108860e-02	1.766206e-02	-1.001773e-04
2.670411e-01	-1.048564e-02	-7.425861e-01	3.455342e+02	8.278443e-02	-5.055472e-02	1.765273e-02	-1.000622e-04
2.680159e-01	-1.056804e-02	-7.422083e-01	3.482767e+02	8.281290e-02	-5.002132e-02	1.764408e-02	-9.962625e-05
2.689907e-01	-1.064986e-02	-7.418155e-01	3.510001e+02	8.284125e-02	-4.948389e-02	1.763542e-02	-9.821763e-05
2.699655e-01	-1.073109e-02	-7.414081e-01	3.537042e+02	8.286945e-02	-4.894893e-02	1.762648e-02	-1.027277e-04
2.709403e-01	-1.081173e-02	-7.409863e-01	3.563889e+02	8.289752e-02	-4.841318e-02	1.761721e-02	-1.013194e-04
2.719151e-01	-1.089177e-02	-7.405505e-01	3.590539e+02	8.292544e-02	-4.788318e-02	1.760813e-02	-1.012273e-04
2.728899e-01	-1.097122e-02	-7.401008e-01	3.616991e+02	8.295321e-02	-4.735395e-02	1.759904e-02	-1.008855e-04
2.738646e-01	-1.105006e-02	-7.396376e-01	3.643244e+02	8.298082e-02	-4.682071e-02	1.759017e-02	-1.052074e-04
2.748394e-01	-1.112829e-02	-7.391611e-01	3.669295e+02	8.300829e-02	-4.628960e-02	1.758084e-02	-9.873875e-05
2.758142e-01	-1.120590e-02	-7.386716e-01	3.695142e+02	8.303559e-02	-4.575884e-02	1.757172e-02	-1.034630e-04
2.767890e-01	-1.128289e-02	-7.381692e-01	3.720784e+02	8.306273e-02	-4.522931e-02	1.756260e-02	-1.021026e-04
2.777638e-01	-1.135925e-02	-7.376542e-01	3.746220e+02	8.308970e-02	-4.469923e-02	1.755365e-02	-1.020998e-04
2.787386e-01	-1.143498e-02	-7.371269e-01	3.771447e+02	8.311651e-02	-4.417479e-02	1.754442e-02	-1.013430e-04
2.797134e-01	-1.151008e-02	-7.365874e-01	3.796463e+02	8.314314e-02	-4.365054e-02	1.753473e-02	-1.013365e-04
2.806882e-01	-1.158454e-02	-7.360360e-01	3.821268e+02	8.316960e-02	-4.312436e-02	1.752581e-02	-9.964767e-05
2.816630e-01	-1.165835e-02	-7.354728e-01	3.845859e+02	8.319588e-02	-4.259271e-02	1.751644e-02	-1.008105e-04
2.826378e-01	-1.173150e-02	-7.348980e-01	3.870234e+02	8.322197e-02	-4.207194e-02	1.750671e-02	-9.934070e-05
2.836126e-01	-1.180401e-02	-7.343119e-01	3.894393e+02	8.324788e-02	-4.155229e-02	1.749755e-02	-9.916465e-05
2.845874e-01	-1.187585e-02	-7.337146e-01	3.918333e+02	8.327361e-02	-4.102164e-02	1.748857e-02	-1.037244e-04
2.855621e-01	-1.194702e-02	-7.331063e-01	3.942052e+02	8.329913e-02	-4.050365e-02	1.747870e-02	-1.020839e-04
2.865369e-01	-1.201753e-02	-7.324872e-01	3.965550e+02	8.332447e-02	-3.998469e-02	1.746914e-02	-1.017317e-04
2.875117e-01	-1.208736e-02	-7.318574e-01	3.988824e+02	8.334960e-02	-3.946117e-02	1.745960e-02	-1.016681e-04
2.884865e-01	-1.215651e-02	-7.312172e-01	4.011873e+02	8.337454e-02	-3.894390e-02	1.745010e-02	-1.000237e-04
2.894613e-01	-1.222498e-02	-7.305666e-01	4.034695e+02	8.339926e-02	-3.842732e-02	1.744080e-02	-1.053843e-04
2.904361e-01	-1.229276e-02	-7.299057e-01	4.057288e+02	8.342378e-02	-3.790579e-02	1.743104e-02	-9.960587e-05
2.914109e-01	-1.235984e-02	-7.292349e-01	4.079652e+02	8.344809e-02	-3.739044e-02	1.742160e-02	-1.040804e-04
2.923857e-01	-1.242623e-02	-7.285542e-01	4.101783e+02	8.347219e-02	-3.687619e-02	1.741171e-02	-1.024668e-04
2.933605e-01	-1.249191e-02	-7.278637e-01	4.123682e+02	8.349607e-02	-3.635529e-02	1.740203e-02	-1.021504e-04
2.943353e-01	-1.255688e-02	-7.271637e-01	4.145346e+02	8.351973e-02	-3.584701e-02	1.739235e-02	-1.017162e-04
2.953101e-01	-1.262115e-02	-7.264541e-01	4.166774e+02	8.354316e-02	-3.533213e-02	1.738285e-02	-1.061000e-04
2.962849e-01	-1.268469e-02	-7.257352e-01	4.187963e+02	8.356637e-02	-3.481818e-02	1.737304e-02	-1.001177e-04
2.972597e-01	-1.274752e-02	-7.250071e-01	4.208914e+02	8.358935e-02	-3.431079e-02	1.736298e-02	-1.044165e-04
2.982344e-01	-1.280962e-02	-7.242698e-01	4.229623e+02	8.361210e-02	-3.379642e-02	1.735295e-02	-1.040931e-04
2.992092e-01	-1.287099e-02	-7.235236e-01	4.250090e+02	8.363461e-02	-3.329057e-02	1.734347e-02	-1.028197e-04
3.001840e-01	-1.293163e-02	-7.227685e-01	4.270314e+02	8.365689e-02	-3.277765e-02	1.733379e-02	-1.025018e-04
3.011588e-01	-1.299152e-02	-7.220047e-01	4.290291e+02	8.367892e-02	-3.227164e-02	1.732311e-02	-1.024149e-04
3.021336e-01	-1.305068e-02	-7.212322e-01	4.310022e+02	8.370071e-02	-3.176489e-02	1.731373e-02	-1.020814e-04
3.031084e-01	-1.310908e-02	-7.204512e-01	4.329504e+02	8.372226e-02	-3.125761e-02	1.730378e-02	-1.006237e-04
3.040832e-01	-1.316674e-02	-7.196617e-01	4.348737e+02	8.374355e-02	-3.075658e-02	1.729359e-02	-1.047422e-04
3.050580e-01	-1.322364e-02	-7.188639e-01	4.367718e+02	8.376460e-02	-3.025057e-02	1.728370e-02	-1.032819e-04
3.060328e-01	-1.327978e-02	-7.180578e-01	4.386446e+02	8.378539e-02	-2.974544e-02	1.727325e-02	-1.000501e-04
3.070076e-01	-1.333515e-02	-7.172436e-01	4.404920e+02	8.380592e-02	-2.924503e-02	1.726354e-02	-1.028611e-04
3.079824e-01	-1.338976e-02	-7.164214e-01	4.423139e+02	8.382619e-02	-2.874407e-02	1.725339e-02	-1.066987e-04
3.089572e-01	-1.344359e-02	-7.155911e-01	4.441100e+02	8.384620e-02	-2.824372e-02	1.724302e-02	-1.024723e-04
3.099319e-01	-1.349665e-02	-7.147530e-01	4.458803e+02	8.386595e-02	-2.774461e-02	1.723280e-02	-1.010214e-04
3.109067e-01	-1.354892e-02	-7.139071e-01	4.476246e+02	8.388543e-02	-2.724301e-02	1.722259e-02	-1.006469e-04
3.118815e-01	-1.360041e-02	-7.130535e-01	4.493428e+02	8.390463e-02	-2.675312e-02	1.721257e-02	-1.047210e-04
3.128563e-01	-1.365112e-02	-7.121922e-01	4.510346e+02	8.392357e-02	-2.625336e-02	1.720214e-02	-1.044117e-04
3.138311e-01	-1.370102e-02	-7.113234e-01	4.527001e+02	8.394222e-02	-2.575292e-02	1.719197e-02	-1.031821e-04
3.148059e-01	-1.375013e-02	-7.104471e-01	4.543391e+02	8.396060e-02	-2.526793e-02	1.718157e-02	-1.028852e-04
3.157807e-01	-1.379845e-02	-7.095634e-01	4.559513e+02	8.397870e-02	-2.477146e-02	1.717067e-02	-1.028803e-04
3.167555e-01	-1.384595e-02	-7.086723e-01	4.575368e+02	8.399652e-02	-2.427708e-02	1.716240e-02	-1.055719e-04
3.177303e-01	-1.389265e-02	-7.077740e-01	4.590953e+02	8.401405e-02	-2.378855e-02	1.714912e-02	-1.010888e-04
3.187051e-01	-1.393853e-02	-7.068685e-01	4.606267e+02	8.403129e-02	-2.329277e-02	1.713817e-02	-1.010970e-04
3.196799e-01	-1.398359e-02	-7.059558e-01	4.621309e+02	8.404824e-02	-2.280738e-02	1.713101e-02	-1.036795e-04
3.206547e-01	-1.402784e-02	-7.050360e-01	4.636078e+02	8.406490e-02	-2.232104e-02	1.711753e-02	-1.003364e-04
3.216295e-01	-1.407126e-02	-7.041093e-01	4.650572e+02	8.408127e-02	-2.183065e-02	1.711056e-02	-9.886389e-05
3.226042e-01	-1.411385e-02	-7.031756e-01	4.664790e+02	8.409734e-02	-2.134462e-02	1.709949e-02	-1.029065e-04
3.235790e-01	-1.415561e-02	-7.022349e-01	4.678730e+02	8.411310e-02	-2.086292e-02	1.708352e-02	-1.028866e-04
3.245538e-01	-1.419654e-02	-7.012875e-01	4.692392e+02	8.412857e-02	-2.037715e-02	1.707644e-02	-1.024978e-04
3.255286e-01	-1.423662e-02	-7.003332e-01	4.705774e+02	8.414373e-02	-1.989056e-02	1.706938e-02	-1.062047e-04
3.265034e-01	-1.427586e-02	-6.993723e-01	4.718875e+02	8.415858e-02	-1.941365e-02	1.705371e-02	-1.058272e-04
3.274782e-01	-1.431426e-02	-6.984046e-01	4.731694e+02	8.417313e-02	-1.893125e-02	1.704275e-02	-1.004715e-04
3.284530e-01	-1.435180e-02	-6.974304e-01	4.744229e+02	8.418736e-02	-1.844835e-02	1.703693e-02	-1.043681e-04
3.294278e-01	-1.438849e-02	-6.964495e-01	4.756479e+02	8.420129e-02	-1.797512e-02	1.702121e-02	-1.030164e-04
3.304026e-01	-1.442433e-02	-6.954621e-01	4.768443e+02	8.421489e-02	-1.749571e-02	1.701051e-02	-1.029896e-04
3.313774e-01	-1.445930e-02	-6.944682e-01	4.780120e+02	8.422818e-02	-1.701857e-02	1.700489e-02	-1.024210e-04
3.323522e-01	-1.449341e-02	-6.934679e-01	4.791508e+02	8.424115e-02	-1.654061e-02	1.698910e-02	-1.015536e-04
3.333270e-01	-1.452664e-02	-6.924612e-01	4.802606e+02	8.425380e-02	-1.606573e-02	1.697972e-02	-1.061531e-04
3.343017e-01	-1.455901e-02	-6.914482e-01	4.813414e+02	8.426613e-02	-1.559607e-02	1.697003e-02	-1.009224e-04
3.352765e-01	-1.459050e-02	-6.904288e-01	4.823930e+02	8.427813e-02	-1.511912e-02	1.695554e-02	-1.005500e-04
3.362513e-01	-1.462111e-02	-6.894031e-01	4.834152e+02	8.428980e-02	-1.465330e-02	1.694631e-02	-1.044073e-04
3.372261e-01	-1.465085e-02	-6.883712e-01	4.844081e+02	8.430114e-02	-1.418128e-02	1.693582e-02	-1.030129e-04
3.382009e-01	-1.467969e-02	-6.873331e-01	4.853713e+02	8.431215e-02	-1.371019e-02	1.692550e-02	-1.027369e-04
3.391757e-01	-1.470765e-02	-6.862889e-01	4.863049e+02	8.432283e-02	-1.324337e-02	1.691614e-02	-1.034698e-04
3.401505e-01	-1.473471e-02	-6.852385e-01	4.872088e+02	8.433318e-02	-1.277475e-02	1.690310e-02	-1.021598e-04
3.411253e-01	-1.476088e-02	-6.841820e-01	4.880827e+02	8.434318e-02	-1.231075e-02	1.688976e-02	-1.020696e-04
3.421001e-01	-1.478615e-02	-6.831195e-01	4.889266e+02	8.435285e-02	-1.184612e-02	1.688170e-02	-1.017248e-04
3.430749e-01	-1.481052e-02	-6.820509e-01	4.897405e+02	8.436218e-02	-1.138098e-02	1.686761e-02	-1.006860e-04
3.440497e-01	-1.483398e-02	-6.809763e-01	4.905241e+02	8.437117e-02	-1.092004e-02	1.685843e-02	-1.003970e-04
3.450245e-01	-1.485654e-02	-6.798958e-01	4.912774e+02	8.437981e-02	-1.045859e-02	1.685025e-02	-1.041052e-04
3.459993e-01	-1.487818e-02	-6.788093e-01	4.920003e+02	8.438811e-02	-9.996487e-03	1.683352e-02	-1.038271e-04
3.469740e-01	-1.489891e-02	-6.777169e-01	4.926926e+02	8.439605e-02	-9.538920e-03	1.682200e-02	-1.035365e-04
3.479488e-01	-1.491872e-02	-6.766187e-01	4.933543e+02	8.440366e-02	-9.079412e-03	1.681279e-02	-1.034380e-04
3.489236e-01	-1.493761e-02	-6.755145e-01	4.939852e+02	8.441091e-02	-8.624477e-03	1.680360e-02	-1.018963e-04
3.498984e-01	-1.495558e-02	-6.744046e-01	4.945853e+02	8.441780e-02	-8.168553e-03	1.679234e-02	-1.026056e-04
3.508732e-01	-1.497262e-02	-6.732888e-01	4.951545e+02	8.442435e-02	-7.713267e-03	1.677570e-02	-1.015406e-04
3.518480e-01	-1.498873e-02	-6.721673e-01	4.956926e+02	8.443054e-02	-7.257648e-03	1.676904e-02	-1.012604e-04
3.528228e-01	-1.500390e-02	-6.710399e-01	4.961995e+02	8.443637e-02	-6.803940e-03	1.675617e-02	-1.001805e-04
3.537976e-01	-1.501814e-02	-6.699069e-01	4.966752e+02	8.444185e-02	-6.357991e-03	1.674461e-02	-9.992444e-05
3.547724e-01	-1.503145e-02	-6.687681e-01	4.971195e+02	8.444696e-02	-5.907922e-03	1.673438e-02	-9.959288e-05
3.557472e-01	-1.504381e-02	-6.676236e-01	4.975324e+02	8.445172e-02	-5.453765e-03	1.671791e-02	-1.005835e-04
3.567220e-01	-1.505522e-02	-6.664734e-01	4.979138e+02	8.445611e-02	-5.007309e-03	1.671165e-02	-9.932674e-05
3.576968e-01	-1.506569e-02	-6.653176e-01	4.982634e+02	8.446014e-02	-4.562681e-03	1.669872e-02	-1.016449e-04
3.586715e-01	-1.507521e-02	-6.641561e-01	4.985814e+02	8.446380e-02	-4.117694e-03	1.668887e-02	-1.023564e-04
3.596463e-01	-1.508378e-02	-6.629890e-01	4.988676e+02	8.446710e-02	-3.673176e-03	1.667373e-02	-9.749044e-05
3.606211e-01	-1.509139e-02	-6.618163e-01	4.991218e+02	8.447003e-02	-3.227992e-03	1.666342e-02	-9.743499e-05
3.615959e-01	-1.509804e-02	-6.606379e-01	4.993440e+02	8.447259e-02	-2.785836e-03	1.665311e-02	-1.007538e-04
3.625707e-01	-1.510373e-02	-6.594540e-01	4.995341e+02	8.447478e-02	-2.346604e-03	1.663833e-02	-1.004976e-04
3.635455e-01	-1.510846e-02	-6.582645e-01	4.996920e+02	8.447660e-02	-1.906926e-03	1.662824e-02	-1.002426e-04
3.645203e-01	-1.511222e-02	-6.570695e-01	4.998177e+02	8.447805e-02	-1.466796e-03	1.661777e-02	-1.037332e-04
3.654951e-01	-1.511501e-02	-6.558688e-01	4.999109e+02	8.447913e-02	-1.029580e-03	1.660452e-02	-1.034566e-04
3.664699e-01	-1.511683e-02	-6.546627e-01	4.999717e+02	8.447983e-02	-5.952223e-04	1.658970e-02	-1.022453e-04
3.674447e-01	-1.511768e-02	-6.534510e-01	5.000000e+02	8.448015e-02	-1.604800e-04	1.658434e-02	-9.835795e-05
3.684195e-01	-1.511755e-02	-6.522338e-01	4.999957e+02	8.448010e-02	2.750575e-04	1.656980e-02	-9.837092e-05
3.693943e-01	-1.511644e-02	-6.510111e-01	4.999586e+02	8.447968e-02	7.065305e-04	1.655621e-02	-9.809287e-05
3.703691e-01	-1.511435e-02	-6.497829e-01	4.998887e+02	8.447887e-02	1.139697e-03	1.654837e-02	-9.784803e-05
3.713438e-01	-1.511127e-02	-6.485492e-01	4.997860e+02	8.447769e-02	1.569718e-03	1.653024e-02	-1.010255e-04
3.723186e-01	-1.510721e-02	-6.473100e-01	4.996503e+02	8.447612e-02	1.997023e-03	1.652146e-02	-9.984701e-05
3.732934e-01	-1.510216e-02	-6.460653e-01	4.994816e+02	8.447418e-02	2.424813e-03	1.651232e-02	-9.634556e-05
3.742682e-01	-1.509612e-02	-6.448152e-01	4.992798e+02	8.447185e-02	2.853084e-03	1.649566e-02	-1.002059e-04
3.752430e-01	-1.508908e-02	-6.435595e-01	4.990448e+02	8.446914e-02	3.278674e-03	1.648353e-02	-9.926188e-05
3.762178e-01	-1.508105e-02	-6.422984e-01	4.987765e+02	8.446605e-02	3.701181e-03	1.647431e-02	-1.024773e-04
3.771926e-01	-1.507202e-02	-6.410318e-01	4.984749e+02	8.446257e-02	4.125459e-03	1.646237e-02	-1.024437e-04
3.781674e-01	-1.506199e-02	-6.397598e-01	4.981399e+02	8.445871e-02	4.545597e-03	1.644573e-02	-1.021972e-04
3.791422e-01	-1.505096e-02	-6.384823e-01	4.977714e+02	8.445447e-02	4.967430e-03	1.643799e-02	-9.726485e-05
3.801170e-01	-1.503892e-02	-6.371993e-01	4.973693e+02	8.444984e-02	5.386544e-03	1.642565e-02	-1.006199e-04
3.810918e-01	-1.502588e-02	-6.359108e-01	4.969336e+02	8.444482e-02	5.801896e-03	1.641025e-02	-9.696070e-05
3.820666e-01	-1.501183e-02	-6.346169e-01	4.964642e+02	8.443942e-02	6.222138e-03	1.639920e-02	-1.004309e-04
3.830413e-01	-1.499676e-02	-6.333175e-01	4.959610e+02	8.443363e-02	6.639459e-03	1.638704e-02	-9.671194e-05
3.840161e-01	-1.498068e-02	-6.320127e-01	4.954239e+02	8.442745e-02	7.050806e-03	1.637534e-02	-9.641443e-05
3.849909e-01	-1.496359e-02	-6.307023e-01	4.948530e+02	8.442088e-02	7.463511e-03	1.636330e-02	-9.864618e-05
3.859657e-01	-1.494548e-02	-6.293865e-01	4.942481e+02	8.441393e-02	7.876926e-03	1.635253e-02	-9.929655e-05
3.869405e-01	-1.492635e-02	-6.280652e-01	4.936092e+02	8.440658e-02	8.286340e-03	1.633735e-02	-9.906456e-05
3.879153e-01	-1.490620e-02	-6.267384e-01	4.929361e+02	8.439885e-02	8.698573e-03	1.632622e-02	-9.815744e-05
3.888901e-01	-1.488502e-02	-6.254061e-01	4.922289e+02	8.439073e-02	9.103783e-03	1.631636e-02	-9.784211e-05
3.898649e-01	-1.486283e-02	-6.240683e-01	4.914875e+02	8.438222e-02	9.509325e-03	1.629774e-02	-9.827090e-05
3.908397e-01	-1.483960e-02	-6.227249e-01	4.907117e+02	8.437332e-02	9.920900e-03	1.628807e-02	-9.737130e-05
3.918145e-01	-1.481534e-02	-6.213761e-01	4.899017e+02	8.436403e-02	1.032094e-02	1.627690e-02	-9.713094e-05
3.927893e-01	-1.479006e-02	-6.200217e-01	4.890572e+02	8.435435e-02	1.072389e-02	1.626315e-02	-9.690115e-05
3.937641e-01	-1.476374e-02	-6.186617e-01	4.881783e+02	8.434428e-02	1.112719e-02	1.624907e-02	-9.659886e-05
3.947389e-01	-1.473639e-02	-6.172962e-01	4.872648e+02	8.433382e-02	1.152668e-02	1.623928e-02	-9.901137e-05
3.957136e-01	-1.470800e-02	-6.159251e-01	4.863167e+02	8.432297e-02	1.192914e-02	1.622547e-02	-9.523677e-05
3.966884e-01	-1.467857e-02	-6.145484e-01	4.853341e+02	8.431173e-02	1.232405e-02	1.621141e-02	-9.611854e-05
3.976632e-01	-1.464811e-02	-6.131661e-01	4.843167e+02	8.430010e-02	1.272204e-02	1.620273e-02	-9.823317e-05
3.986380e-01	-1.461660e-02	-6.117782e-01	4.832646e+02	8.428808e-02	1.311589e-02	1.618551e-02	-9.478584e-05
3.996128e-01	-1.458406e-02	-6.103847e-01	4.821777e+02	8.427567e-02	1.351159e-02	1.617284e-02	-9.449767e-05
4.005876e-01	-1.455046e-02	-6.089855e-01	4.810560e+02	8.426287e-02	1.390470e-02	1.616317e-02	-9.538490e-05
4.015624e-01	-1.451583e-02	-6.075806e-01	4.798994e+02	8.424968e-02	1.429484e-02	1.614957e-02	-9.428352e-05
4.025372e-01	-1.448014e-02	-6.061700e-01	4.787079e+02	8.423611e-02	1.468796e-02	1.613680e-02	-9.729042e-05
4.035120e-01	-1.444341e-02	-6.047537e-01	4.774814e+02	8.422214e-02	1.507294e-02	1.612500e-02	-9.382449e-05
4.044868e-01	-1.440563e-02	-6.033316e-01	4.762199e+02	8.420779e-02	1.546402e-02	1.610890e-02	-9.354089e-05
4.054616e-01	-1.436679e-02	-6.019038e-01	4.749233e+02	8.419305e-02	1.585184e-02	1.609726e-02	-9.652345e-05
4.064364e-01	-1.432690e-02	-6.004702e-01	4.735916e+02	8.417792e-02	1.623539e-02	1.608458e-02	-9.545024e-05
4.074111e-01	-1.428596e-02	-5.990307e-01	4.722247e+02	8.416241e-02	1.661610e-02	1.607195e-02	-9.606122e-05
4.083859e-01	-1.424397e-02	-5.975855e-01	4.708226e+02	8.414651e-02	1.700139e-02	1.606054e-02	-9.584375e-05
4.093607e-01	-1.420091e-02	-5.961343e-01	4.693853e+02	8.413022e-02	1.738422e-02	1.604454e-02	-9.476490e-05
4.103355e-01	-1.415680e-02	-5.946772e-01	4.679128e+02	8.411355e-02	1.776136e-02	1.603410e-02	-9.476730e-05
4.113103e-01	-1.411163e-02	-5.932142e-01	4.664049e+02	8.409650e-02	1.814088e-02	1.601834e-02	-9.426653e-05
4.122851e-01	-1.406540e-02	-5.917453e-01	4.648617e+02	8.407906e-02	1.851771e-02	1.600671e-02	-9.511765e-05
4.132599e-01	-1.401811e-02	-5.902703e-01	4.632831e+02	8.406124e-02	1.889218e-02	1.599619e-02	-9.403298e-05
4.142347e-01	-1.396976e-02	-5.887892e-01	4.616691e+02	8.404304e-02	1.926813e-02	1.597746e-02	-9.382759e-05
4.152095e-01	-1.392034e-02	-5.873021e-01	4.600196e+02	8.402445e-02	1.964173e-02	1.596712e-02	-9.354699e-05
4.161843e-01	-1.386986e-02	-5.858089e-01	4.583347e+02	8.400549e-02	2.001268e-02	1.595547e-02	-9.334398e-05
4.171591e-01	-1.381831e-02	-5.843095e-01	4.566143e+02	8.398615e-02	2.038607e-02	1.594102e-02	-9.340975e-05
4.181339e-01	-1.376569e-02	-5.828039e-01	4.548583e+02	8.396643e-02	2.075368e-02	1.592767e-02	-9.234318e-05
4.191087e-01	-1.371201e-02	-5.812921e-01	4.530667e+02	8.394633e-02	2.111984e-02	1.591313e-02	-9.268816e-05
4.200834e-01	-1.365726e-02	-5.797740e-01	4.512396e+02	8.392586e-02	2.148730e-02	1.590260e-02	-9.170350e-05
4.210582e-01	-1.360144e-02	-5.782495e-01	4.493769e+02	8.390501e-02	2.185247e-02	1.588928e-02	-9.149126e-05
4.220330e-01	-1.354455e-02	-5.767186e-01	4.474785e+02	8.388379e-02	2.221533e-02	1.587179e-02	-9.535275e-05
4.230078e-01	-1.348659e-02	-5.751813e-01	4.455445e+02	8.386220e-02	2.257958e-02	1.586253e-02	-9.123217e-05
4.239826e-01	-1.342755e-02	-5.736375e-01	4.435748e+02	8.384024e-02	2.294210e-02	1.584812e-02	-9.162354e-05
4.249574e-01	-1.336744e-02	-5.720871e-01	4.415693e+02	8.381791e-02	2.330011e-02	1.583488e-02	-9.081250e-05
4.259322e-01	-1.330626e-02	-5.705302e-01	4.395282e+02	8.379521e-02	2.365643e-02	1.582244e-02	-9.142360e-05
4.269070e-01	-1.324401e-02	-5.689666e-01	4.374513e+02	8.377214e-02	2.401414e-02	1.580598e-02	-9.344409e-05
4.278818e-01	-1.318068e-02	-5.673962e-01	4.353387e+02	8.374871e-02	2.436969e-02	1.579372e-02	-9.020862e-05
4.288566e-01	-1.311628e-02	-5.658190e-01	4.331903e+02	8.372491e-02	2.472273e-02	1.578049e-02	-9.080136e-05
4.298314e-01	-1.305080e-02	-5.642350e-01	4.310061e+02	8.370076e-02	2.507823e-02	1.576733e-02	-8.977937e-05
4.308062e-01	-1.298424e-02	-5.626440e-01	4.287862e+02	8.367624e-02	2.542820e-02	1.575522e-02	-9.342360e-05
4.317809e-01	-1.291661e-02	-5.610461e-01	4.265304e+02	8.365137e-02	2.577689e-02	1.573920e-02	-8.937406e-05
4.327557e-01	-1.284790e-02	-5.594410e-01	4.242388e+02	8.362613e-02	2.612668e-02	1.572679e-02	-8.911487e-05
4.337305e-01	-1.277811e-02	-5.578288e-01	4.219114e+02	8.360055e-02	2.647520e-02	1.571553e-02	-8.919914e-05
4.347053e-01	-1.270724e-02	-5.562093e-01	4.195482e+02	8.357461e-02	2.681833e-02	1.569643e-02	-9.193728e-05
4.356801e-01	-1.263530e-02	-5.545826e-01	4.171492e+02	8.354833e-02	2.716367e-02	1.568533e-02	-8.851681e-05
4.366549e-01	-1.256227e-02	-5.529484e-01	4.147143e+02	8.352169e-02	2.750751e-02	1.567299e-02	-9.131574e-05
4.376297e-01	-1.248817e-02	-5.513067e-01	4.122435e+02	8.349471e-02	2.784594e-02	1.565798e-02	-8.813771e-05
4.386045e-01	-1.241299e-02	-5.496574e-01	4.097370e+02	8.346738e-02	2.818714e-02	1.564403e-02	-8.799901e-05
4.395793e-01	-1.233673e-02	-5.480004e-01	4.071946e+02	8.343971e-02	2.852475e-02	1.562888e-02	-8.780388e-05
4.405541e-01	-1.225939e-02	-5.463356e-01	4.046164e+02	8.341171e-02	2.886492e-02	1.561785e-02	-9.129938e-05
4.415289e-01	-1.218096e-02	-5.446630e-01	4.020023e+02	8.338336e-02	2.920055e-02	1.560306e-02	-9.036074e-05
4.425037e-01	-1.210146e-02	-5.429823e-01	3.993524e+02	8.335468e-02	2.953175e-02	1.558841e-02	-9.016657e-05
4.434785e-01	-1.202088e-02	-5.412935e-01	3.966667e+02	8.332567e-02	2.986524e-02	1.557730e-02	-8.697641e-05
4.444532e-01	-1.193922e-02	-5.395965e-01	3.939452e+02	8.329633e-02	3.019627e-02	1.556335e-02	-8.762170e-05
4.454280e-01	-1.185648e-02	-5.378911e-01	3.911879e+02	8.326667e-02	3.052610e-02	1.554650e-02	-8.659464e-05
4.464028e-01	-1.177266e-02	-5.361772e-01	3.883948e+02	8.323668e-02	3.085449e-02	1.553345e-02	-8.667212e-05
4.473776e-01	-1.168776e-02	-5.344547e-01	3.855660e+02	8.320637e-02	3.118120e-02	1.551952e-02	-8.625827e-05
4.483524e-01	-1.160178e-02	-5.327235e-01	3.827013e+02	8.317574e-02	3.150747e-02	1.550564e-02	-8.608678e-05
4.493272e-01	-1.151472e-02	-5.309833e-01	3.798010e+02	8.314479e-02	3.182868e-02	1.549281e-02	-8.584321e-05
4.503020e-01	-1.142659e-02	-5.292342e-01	3.768649e+02	8.311353e-02	3.215120e-02	1.547608e-02	-8.569830e-05
4.512768e-01	-1.133737e-02	-5.274758e-01	3.738931e+02	8.308197e-02	3.247600e-02	1.546338e-02	-8.841359e-05
4.522516e-01	-1.124707e-02	-5.257081e-01	3.708856e+02	8.305010e-02	3.279288e-02	1.544973e-02	-8.534769e-05
4.532264e-01	-1.115570e-02	-5.239308e-01	3.678425e+02	8.301792e-02	3.310916e-02	1.543619e-02	-8.592987e-05
4.542012e-01	-1.106325e-02	-5.221439e-01	3.647638e+02	8.298545e-02	3.342754e-02	1.542349e-02	-8.477057e-05
4.551760e-01	-1.096972e-02	-5.203471e-01	3.616494e+02	8.295268e-02	3.374076e-02	1.540770e-02	-8.534588e-05
4.561507e-01	-1.087512e-02	-5.185402e-01	3.584994e+02	8.291962e-02	3.405358e-02	1.539299e-02	-8.459844e-05
4.571255e-01	-1.077944e-02	-5.167231e-01	3.553140e+02	8.288627e-02	3.436513e-02	1.537744e-02	-8.428333e-05
4.581003e-01	-1.068269e-02	-5.148956e-01	3.520930e+02	8.285264e-02	3.467417e-02	1.536455e-02	-8.505866e-05
4.590751e-01	-1.058486e-02	-5.130574e-01	3.488365e+02	8.281873e-02	3.498653e-02	1.535293e-02	-8.461988e-05
4.600499e-01	-1.048595e-02	-5.112083e-01	3.455446e+02	8.278453e-02	3.529090e-02	1.533393e-02	-8.469825e-05
4.610247e-01	-1.038598e-02	-5.093481e-01	3.422172e+02	8.275007e-02	3.559477e-02	1.532221e-02	-8.354912e-05
4.619995e-01	-1.028493e-02	-5.074766e-01	3.388546e+02	8.271534e-02	3.590082e-02	1.531037e-02	-8.333343e-05
4.629743e-01	-1.018281e-02	-5.055935e-01	3.354566e+02	8.268034e-02	3.620155e-02	1.529213e-02	-8.339919e-05
4.639491e-01	-1.007962e-02	-5.036985e-01	3.320233e+02	8.264508e-02	3.650312e-02	1.527875e-02	-8.377356e-05
4.649239e-01	-9.975357e-03	-5.017914e-01	3.285548e+02	8.260957e-02	3.680222e-02	1.526327e-02	-8.359358e-05
4.658987e-01	-9.870028e-03	-4.998720e-01	3.250511e+02	8.257381e-02	3.709857e-02	1.525174e-02	-8.349812e-05
4.668735e-01	-9.763632e-03	-4.979398e-01	3.215123e+02	8.253780e-02	3.739455e-02	1.523736e-02	-8.330685e-05
4.678483e-01	-9.656169e-03	-4.959946e-01	3.179384e+02	8.250155e-02	3.768836e-02	1.522027e-02	-8.291912e-05
4.688230e-01	-9.547642e-03	-4.940361e-01	3.143295e+02	8.246506e-02	3.798072e-02	1.520677e-02	-8.272978e-05
4.697978e-01	-9.438050e-03	-4.920640e-01	3.106856e+02	8.242834e-02	3.827163e-02	1.519245e-02	-8.254133e-05
4.707726e-01	-9.327396e-03	-4.900778e-01	3.070069e+02	8.239139e-02	3.856039e-02	1.517817e-02	-8.223243e-05
4.717474e-01	-9.215681e-03	-4.880773e-01	3.032933e+02	8.235422e-02	3.884783e-02	1.516489e-02	-8.202587e-05
4.727222e-01	-9.102906e-03	-4.860620e-01	2.995449e+02	8.231684e-02	3.913347e-02	1.514796e-02	-8.191760e-05
4.736970e-01	-8.989073e-03	-4.840316e-01	2.957618e+02	8.227925e-02	3.941742e-02	1.513459e-02	-8.145899e-05
4.746718e-01	-8.874183e-03	-4.819855e-01	2.919441e+02	8.224145e-02	3.969976e-02	1.512134e-02	-8.135929e-05
4.756466e-01	-8.758238e-03	-4.799235e-01	2.880918e+02	8.220345e-02	3.998014e-02	1.510444e-02	-8.124779e-05
4.766214e-01	-8.641240e-03	-4.778449e-01	2.842051e+02	8.216527e-02	4.025890e-02	1.509203e-02	-8.086552e-05
4.775962e-01	-8.523190e-03	-4.757494e-01	2.802840e+02	8.212689e-02	4.053613e-02	1.507598e-02	-8.074284e-05
4.785710e-01	-8.404090e-03	-4.736363e-01	2.763285e+02	8.208834e-02	4.081123e-02	1.506007e-02	-8.034874e-05
4.795458e-01	-8.283943e-03	-4.715052e-01	2.723388e+02	8.204961e-02	4.108446e-02	1.504761e-02	-7.997398e-05
4.805205e-01	-8.162750e-03	-4.693555e-01	2.683150e+02	8.201071e-02	4.135650e-02	1.503181e-02	-7.987379e-05
4.814953e-01	-8.040512e-03	-4.671866e-01	2.642571e+02	8.197166e-02	4.162649e-02	1.501606e-02	-7.977214e-05
4.824701e-01	-7.917233e-03	-4.649979e-01	2.601652e+02	8.193245e-02	4.189416e-02	1.500383e-02	-7.938273e-05
4.834449e-01	-7.792915e-03	-4.627886e-01	2.560395e+02	8.189309e-02	4.216054e-02	1.498800e-02	-7.926362e-05
4.844197e-01	-7.667559e-03	-4.605581e-01	2.518800e+02	8.185360e-02	4.242487e-02	1.497321e-02	-7.889464e-05
4.853945e-01	-7.541169e-03	-4.583056e-01	2.476869e+02	8.181398e-02	4.268723e-02	1.495823e-02	-7.877698e-05
4.863693e-01	-7.413746e-03	-4.560304e-01	2.434603e+02	8.177424e-02	4.294807e-02	1.494336e-02	-7.813057e-05
4.873441e-01	-7.285293e-03	-4.537316e-01	2.392002e+02	8.173438e-02	4.320664e-02	1.492859e-02	-7.810547e-05
4.883189e-01	-7.155813e-03	-4.514083e-01	2.349068e+02	8.169441e-02	4.346350e-02	1.491363e-02	-7.799515e-05
4.892937e-01	-7.025308e-03	-4.490595e-01	2.305802e+02	8.165435e-02	4.371827e-02	1.489971e-02	-7.761374e-05
4.902685e-01	-6.893782e-03	-4.466844e-01	2.262206e+02	8.161420e-02	4.397098e-02	1.488219e-02	-7.723419e-05
4.912433e-01	-6.761237e-03	-4.442817e-01	2.218280e+02	8.157397e-02	4.422195e-02	1.486838e-02	-7.685979e-05
4.922181e-01	-6.627676e-03	-4.418504e-01	2.174027e+02	8.153367e-02	4.447091e-02	1.485369e-02	-7.682358e-05
4.931928e-01	-6.493102e-03	-4.393893e-01	2.129447e+02	8.149331e-02	4.471772e-02	1.483913e-02	-7.645159e-05
4.941676e-01	-6.357519e-03	-4.368971e-01	2.084542e+02	8.145290e-02	4.496231e-02	1.482528e-02	-7.641669e-05
4.951424e-01	-6.220930e-03	-4.343723e-01	2.039313e+02	8.141245e-02	4.520513e-02	1.480883e-02	-7.604317e-05
4.961172e-01	-6.083338e-03	-4.318135e-01	1.993763e+02	8.137198e-02	4.544553e-02	1.479250e-02	-7.567346e-05
4.970920e-01	-5.944748e-03	-4.292192e-01	1.947892e+02	8.133148e-02	4.568379e-02	1.477867e-02	-7.537797e-05
4.980668e-01	-5.805162e-03	-4.265875e-01	1.901702e+02	8.129098e-02	4.592045e-02	1.476496e-02	-7.532535e-05
4.990416e-01	-5.664584e-03	-4.239167e-01	1.855196e+02	8.125049e-02	4.615413e-02	1.474859e-02	-7.496093e-05
5.000164e-01	-5.523020e-03	-4.212048e-01	1.808375e+02	8.121002e-02	4.638600e-02	1.473325e-02	-7.458545e-05
5.009912e-01	-5.380471e-03	-4.184496e-01	1.761240e+02	8.116958e-02	4.661578e-02	1.471683e-02	-7.454659e-05
5.019660e-01	-5.236944e-03	-4.156488e-01	1.713795e+02	8.112918e-02	4.684247e-02	1.470408e-02	-7.398230e-05
5.029408e-01	-5.092443e-03	-4.127999e-01	1.666040e+02	8.108885e-02	4.706751e-02	1.468783e-02	-7.395638e-05
5.039156e-01	-4.946971e-03	-4.099002e-01	1.617979e+02	8.104858e-02	4.729016e-02	1.467251e-02	-7.357985e-05
5.048903e-01	-4.800534e-03	-4.069466e-01	1.569613e+02	8.100841e-02	4.751005e-02	1.465732e-02	-7.327713e-05
5.058651e-01	-4.653137e-03	-4.039358e-01	1.520944e+02	8.096835e-02	4.772755e-02	1.464105e-02	-7.273303e-05
5.068399e-01	-4.504785e-03	-4.008644e-01	1.471976e+02	8.092841e-02	4.794260e-02	1.462931e-02	-7.269021e-05
5.078147e-01	-4.355483e-03	-3.977282e-01	1.422711e+02	8.088861e-02	4.815517e-02	1.461056e-02	-7.239131e-05
5.087895e-01	-4.205237e-03	-3.945230e-01	1.373152e+02	8.084897e-02	4.836452e-02	1.459633e-02	-7.209373e-05
5.097643e-01	-4.054054e-03	-3.912440e-01	1.323300e+02	8.080950e-02	4.857184e-02	1.458103e-02	-7.177869e-05
5.107391e-01	-3.901937e-03	-3.878856e-01	1.273160e+02	8.077024e-02	4.877608e-02	1.456586e-02	-7.150015e-05
5.117139e-01	-3.748896e-03	-3.844420e-01	1.222735e+02	8.073120e-02	4.897747e-02	1.455159e-02	-7.118746e-05
5.126887e-01	-3.594934e-03	-3.809064e-01	1.172028e+02	8.069241e-02	4.917623e-02	1.453395e-02	-7.091722e-05
5.136635e-01	-3.440061e-03	-3.772712e-01	1.121042e+02	8.065388e-02	4.937133e-02	1.451967e-02	-7.067402e-05
5.146383e-01	-3.284283e-03	-3.735277e-01	1.069781e+02	8.061565e-02	4.956392e-02	1.450520e-02	-7.011520e-05
5.156131e-01	-3.127607e-03	-3.696663e-01	1.018250e+02	8.057775e-02	4.975342e-02	1.448848e-02	-6.981295e-05
5.165879e-01	-2.970041e-03	-3.656755e-01	9.664517e+01	8.054020e-02	4.993916e-02	1.447181e-02	-6.984774e-05
5.175626e-01	-2.811595e-03	-3.615424e-01	9.143918e+01	8.050304e-02	5.012166e-02	1.445757e-02	-6.929269e-05
5.185374e-01	-2.652276e-03	-3.572518e-01	8.620748e+01	8.046630e-02	5.030061e-02	1.444336e-02	-6.880880e-05
5.195122e-01	-2.492095e-03	-3.527858e-01	8.095063e+01	8.043003e-02	5.047588e-02	1.442692e-02	-6.857888e-05
5.204870e-01	-2.331060e-03	-3.481233e-01	7.566919e+01	8.039426e-02	5.064748e-02	1.441029e-02	-6.802997e-05
5.214618e-01	-2.169183e-03	-3.432388e-01	7.036379e+01	8.035904e-02	5.081467e-02	1.439699e-02	-6.787088e-05
5.224366e-01	-2.006475e-03	-3.381015e-01	6.503515e+01	8.032443e-02	5.097771e-02	1.438035e-02	-6.756122e-05
5.234114e-01	-1.842948e-03	-3.326729e-01	5.968403e+01	8.029049e-02	5.113647e-02	1.436468e-02	-6.713987e-05
5.243862e-01	-1.678614e-03	-3.269050e-01	5.431132e+01	8.025728e-02	5.129043e-02	1.434882e-02	-6.666918e-05
5.253610e-01	-1.513488e-03	-3.207360e-01	4.891802e+01	8.022487e-02	5.143908e-02	1.433309e-02	-6.648098e-05
5.263358e-01	-1.347585e-03	-3.140843e-01	4.350527e+01	8.019337e-02	5.158235e-02	1.431740e-02	-6.599790e-05
5.273106e-01	-1.180922e-03	-3.068393e-01	3.807444e+01	8.016287e-02	5.171942e-02	1.430175e-02	-6.556851e-05
5.282854e-01	-1.013518e-03	-2.988441e-01	3.262719e+01	8.013352e-02	5.185004e-02	1.428623e-02	-6.513629e-05
5.292601e-01	-8.453929e-04	-2.898650e-01	2.716559e+01	8.010547e-02	5.197355e-02	1.427053e-02	-6.469565e-05
5.302349e-01	-6.765715e-04	-2.795288e-01	2.169236e+01	8.007895e-02	5.208770e-02	1.425578e-02	-6.427012e-05
5.312097e-01	-5.070824e-04	-2.671739e-01	1.621135e+01	8.005427e-02	5.219434e-02	1.423772e-02	-6.378267e-05
5.321845e-01	-3.369602e-04	-2.514208e-01	1.072863e+01	8.003190e-02	5.227962e-02	1.422308e-02	-6.326098e-05
5.331593e-01	-1.662508e-04	-2.283100e-01	5.256064e+00	8.001273e-02	5.238145e-02	1.420765e-02	-6.276053e-05
5.341341e-01	4.976812e-06	0.000000e+00	0.000000e+00	8.000000e-02	5.233110e-02	1.419231e-02	-6.220625e-05
5.351089e-01	1.759984e-04	0.000000e+00	0.000000e+00	8.000000e-02	5.214416e-02	1.417769e-02	-6.163859e-05
5.360837e-01	3.468158e-04	0.000000e+00	0.000000e+00	8.000000e-02	5.199521e-02	1.416046e-02	-6.102340e-05
5.370585e-01	5.174310e-04	0.000000e+00	0.000000e+00	8.000000e-02	5.183762e-02	1.414415e-02	-6.050239e-05
5.380333e-01	6.878462e-04	0.000000e+00	0.000000e+00	8.000000e-02	5.168392e-02	1.412712e-02	-5.989331e-05
5.390081e-01	8.580636e-04	0.000000e+00	0.000000e+00	8.000000e-02	5.153064e-02	1.411243e-02	-5.935391e-05
5.399829e-01	1.028085e-03	0.000000e+00	0.000000e+00	8.000000e-02	5.137876e-02	1.409854e-02	-5.876802e-05
5.409577e-01	1.197913e-03	0.000000e+00	0.000000e+00	8.000000e-02	5.122819e-02	1.407943e-02	-5.827659e-05
5.419324e-01	1.367550e-03	0.000000e+00	0.000000e+00	8.000000e-02	5.107880e-02	1.406263e-02	-5.753862e-05
5.429072e-01	1.536998e-03	0.000000e+00	0.000000e+00	8.000000e-02	5.093058e-02	1.405120e-02	-5.697456e-05
5.438820e-01	1.706259e-03	0.000000e+00	0.000000e+00	8.000000e-02	5.078336e-02	1.403438e-02	-5.649359e-05
5.448568e-01	1.875335e-03	0.000000e+00	0.000000e+00	8.000000e-02	5.063772e-02	1.401603e-02	-5.593254e-05
5.458316e-01	2.044230e-03	0.000000e+00	0.000000e+00	8.000000e-02	5.049334e-02	1.400057e-02	-5.539113e-05
5.468064e-01	2.212945e-03	0.000000e+00	0.000000e+00	8.000000e-02	5.034997e-02	1.398441e-02	-5.464356e-05
5.477812e-01	2.381483e-03	0.000000e+00	0.000000e+00	8.000000e-02	5.020793e-02	1.396851e-02	-5.415179e-05
5.487560e-01	2.549846e-03	0.000000e+00	0.000000e+00	8.000000e-02	5.006712e-02	1.395260e-02	-5.353497e-05
5.497308e-01	2.718037e-03	0.000000e+00	0.000000e+00	8.000000e-02	4.992754e-02	1.393682e-02	-5.281132e-05
5.507056e-01	2.886058e-03	0.000000e+00	0.000000e+00	8.000000e-02	4.978926e-02	1.392086e-02	-5.229303e-05
5.516804e-01	3.053912e-03	0.000000e+00	0.000000e+00	8.000000e-02	4.965197e-02	1.390582e-02	-5.186126e-05
5.526552e-01	3.221600e-03	0.000000e+00	0.000000e+00	8.000000e-02	4.951589e-02	1.388763e-02	-5.132918e-05
5.536300e-01	3.389126e-03	0.000000e+00	0.000000e+00	8.000000e-02	4.938133e-02	1.387257e-02	-5.084886e-05
5.546047e-01	3.556492e-03	0.000000e+00	0.000000e+00	8.000000e-02	4.924766e-02	1.385735e-02	-5.009028e-05
5.555795e-01	3.723700e-03	0.000000e+00	0.000000e+00	8.000000e-02	4.911528e-02	1.384001e-02	-4.954728e-05
5.565543e-01	3.890753e-03	0.000000e+00	0.000000e+00	8.000000e-02	4.898407e-02	1.382280e-02	-4.901539e-05
5.575291e-01	4.057653e-03	0.000000e+00	0.000000e+00	8.000000e-02	4.885405e-02	1.380754e-02	-4.849865e-05
5.585039e-01	4.224403e-03	0.000000e+00	0.000000e+00	8.000000e-02	4.872528e-02	1.379347e-02	-4.785331e-05
5.594787e-01	4.391005e-03	0.000000e+00	0.000000e+00	8.000000e-02	4.859743e-02	1.377304e-02	-4.728228e-05
5.604535e-01	4.557461e-03	0.000000e+00	0.000000e+00	8.000000e-02	4.847084e-02	1.375965e-02	-4.673998e-05
5.614283e-01	4.723774e-03	0.000000e+00	0.000000e+00	8.000000e-02	4.834532e-02	1.374233e-02	-4.631299e-05
5.624031e-01	4.889946e-03	0.000000e+00	0.000000e+00	8.000000e-02	4.822124e-02	1.372532e-02	-4.601587e-05
5.633779e-01	5.055981e-03	0.000000e+00	0.000000e+00	8.000000e-02	4.809817e-02	1.371131e-02	-4.527838e-05
5.643527e-01	5.221879e-03	0.000000e+00	0.000000e+00	8.000000e-02	4.797569e-02	1.369403e-02	-4.459850e-05
5.653275e-01	5.387643e-03	0.000000e+00	0.000000e+00	8.000000e-02	4.785502e-02	1.367844e-02	-4.424515e-05
5.663022e-01	5.553277e-03	0.000000e+00	0.000000e+00	8.000000e-02	4.773509e-02	1.365973e-02	-4.374027e-05
5.672770e-01	5.718781e-03	0.000000e+00	0.000000e+00	8.000000e-02	4.761636e-02	1.364351e-02	-4.325668e-05
5.682518e-01	5.884160e-03	0.000000e+00	0.000000e+00	8.000000e-02	4.749886e-02	1.362942e-02	-4.275020e-05
5.692266e-01	6.049414e-03	0.000000e+00	0.000000e+00	8.000000e-02	4.738200e-02	1.361329e-02	-4.200554e-05
5.702014e-01	6.214546e-03	0.000000e+00	0.000000e+00	8.000000e-02	4.726633e-02	1.359489e-02	-4.175466e-05
5.711762e-01	6.379558e-03	0.000000e+00	0.000000e+00	8.000000e-02	4.715195e-02	1.357933e-02	-4.148021e-05
5.721510e-01	6.544454e-03	0.000000e+00	0.000000e+00	8.000000e-02	4.703875e-02	1.356365e-02	-4.076193e-05
5.731258e-01	6.709235e-03	0.000000e+00	0.000000e+00	8.000000e-02	4.692617e-02	1.354594e-02	-4.026646e-05
5.741006e-01	6.873903e-03	0.000000e+00	0.000000e+00	8.000000e-02	4.681480e-02	1.352822e-02	-3.972496e-05
5.750754e-01	7.038461e-03	0.000000e+00	0.000000e+00	8.000000e-02	4.670454e-02	1.351291e-02	-3.952424e-05
5.760502e-01	7.202911e-03	0.000000e+00	0.000000e+00	8.000000e-02	4.659513e-02	1.349688e-02	-3.880952e-05
5.770250e-01	7.367255e-03	0.000000e+00	0.000000e+00	8.000000e-02	4.648685e-02	1.348164e-02	-3.825792e-05
5.779998e-01	7.531496e-03	0.000000e+00	0.000000e+00	8.000000e-02	4.637968e-02	1.346425e-02	-3.778591e-05
5.789745e-01	7.695636e-03	0.000000e+00	0.000000e+00	8.000000e-02	4.627339e-02	1.344655e-02	-3.754028e-05
5.799493e-01	7.859677e-03	0.000000e+00	0.000000e+00	8.000000e-02	4.616799e-02	1.343254e-02	-3.671415e-05
5.809241e-01	8.023621e-03	0.000000e+00	0.000000e+00	8.000000e-02	4.606366e-02	1.341289e-02	-3.654886e-05
5.818989e-01	8.187471e-03	0.000000e+00	0.000000e+00	8.000000e-02	4.596052e-02	1.339560e-02	-3.623376e-05
5.828737e-01	8.351229e-03	0.000000e+00	0.000000e+00	8.000000e-02	4.585786e-02	1.338325e-02	-3.567249e-05
5.838485e-01	8.514896e-03	0.000000e+00	0.000000e+00	8.000000e-02	4.575665e-02	1.336591e-02	-3.522558e-05
5.848233e-01	8.678477e-03	0.000000e+00	0.000000e+00	8.000000e-02	4.565628e-02	1.334713e-02	-3.470642e-05
5.857981e-01	8.841971e-03	0.000000e+00	0.000000e+00	8.000000e-02	4.555648e-02	1.333106e-02	-3.446361e-05
5.867729e-01	9.005382e-03	0.000000e+00	0.000000e+00	8.000000e-02	4.545805e-02	1.331431e-02	-3.395029e-05
5.877477e-01	9.168712e-03	0.000000e+00	0.000000e+00	8.000000e-02	4.536056e-02	1.329787e-02	-3.343048e-05
5.887225e-01	9.331964e-03	0.000000e+00	0.000000e+00	8.000000e-02	4.526407e-02	1.328122e-02	-3.320056e-05
5.896973e-01	9.495139e-03	0.000000e+00	0.000000e+00	8.000000e-02	4.516792e-02	1.326544e-02	-3.266755e-05
5.906720e-01	9.658238e-03	0.000000e+00	0.000000e+00	8.000000e-02	4.507298e-02	1.324672e-02	-3.216754e-05
5.916468e-01	9.821266e-03	0.000000e+00	0.000000e+00	8.000000e-02	4.497972e-02	1.323089e-02	-3.199578e-05
5.926216e-01	9.984224e-03	0.000000e+00	0.000000e+00	8.000000e-02	4.488540e-02	1.321509e-02	-3.119515e-05
5.935964e-01	1.014711e-02	0.000000e+00	0.000000e+00	8.000000e-02	4.479468e-02	1.319659e-02	-3.125234e-05
5.945712e-01	1.030994e-02	0.000000e+00	0.000000e+00	8.000000e-02	4.470398e-02	1.318095e-02	-3.186270e-05
5.955460e-01	1.047270e-02	0.000000e+00	0.000000e+00	8.000000e-02	4.461307e-02	1.316515e-02	-2.945055e-05
5.965208e-01	1.063540e-02	0.000000e+00	0.000000e+00	8.000000e-02	4.452144e-02	1.314745e-02	-2.986593e-05
5.974956e-01	1.079803e-02	0.000000e+00	0.000000e+00	8.000000e-02	4.443471e-02	1.312959e-02	-2.968117e-05
5.984704e-01	1.096062e-02	0.000000e+00	0.000000e+00	8.000000e-02	4.434726e-02	1.311462e-02	-3.010408e-05
5.994452e-01	1.112314e-02	0.000000e+00	0.000000e+00	8.000000e-02	4.425953e-02	1.309677e-02	-2.833358e-05
6.004200e-01	1.128562e-02	0.000000e+00	0.000000e+00	8.000000e-02	4.417532e-02	1.307971e-02	-2.836151e-05
6.013948e-01	1.144804e-02	0.000000e+00	0.000000e+00	8.000000e-02	4.408714e-02	1.306271e-02	-2.872334e-05
6.023696e-01	1.161041e-02	0.000000e+00	0.000000e+00	8.000000e-02	4.400487e-02	1.304502e-02	-2.655067e-05
6.033443e-01	1.177274e-02	0.000000e+00	0.000000e+00	8.000000e-02	4.392085e-02	1.303034e-02	-2.638520e-05
6.043191e-01	1.193502e-02	0.000000e+00	0.000000e+00	8.000000e-02	4.383957e-02	1.301275e-02	-2.664529e-05
6.052939e-01	1.209727e-02	0.000000e+00	0.000000e+00	8.000000e-02	4.375878e-02	1.299599e-02	-2.663519e-05
6.062687e-01	1.225947e-02	0.000000e+00	0.000000e+00	8.000000e-02	4.367488e-02	1.297914e-02	-2.718880e-05
6.072435e-01	1.242163e-02	0.000000e+00	0.000000e+00	8.000000e-02	4.359643e-02	1.296218e-02	-2.744713e-05
6.082183e-01	1.258376e-02	0.000000e+00	0.000000e+00	8.000000e-02	4.351697e-02	1.294604e-02	-2.533607e-05
6.091931e-01	1.274585e-02	0.000000e+00	0.000000e+00	8.000000e-02	4.343766e-02	1.292707e-02	-2.513279e-05
6.101679e-01	1.290791e-02	0.000000e+00	0.000000e+00	8.000000e-02	4.336027e-02	1.291089e-02	-2.356530e-05
6.111427e-01	1.306994e-02	0.000000e+00	0.000000e+00	8.000000e-02	4.328460e-02	1.289475e-02	-2.324630e-05
6.121175e-01	1.323195e-02	0.000000e+00	0.000000e+00	8.000000e-02	4.320965e-02	1.287599e-02	-2.381077e-05
6.130923e-01	1.339393e-02	0.000000e+00	0.000000e+00	8.000000e-02	4.313153e-02	1.285995e-02	-2.437638e-05
6.140671e-01	1.355588e-02	0.000000e+00	0.000000e+00	8.000000e-02	4.305880e-02	1.284401e-02	-2.420611e-05
6.150418e-01	1.371782e-02	0.000000e+00	0.000000e+00	8.000000e-02	4.298510e-02	1.282526e-02	-2.193148e-05
6.160166e-01	1.387973e-02	0.000000e+00	0.000000e+00	8.000000e-02	4.291133e-02	1.280999e-02	-2.250802e-05
6.169914e-01	1.404163e-02	0.000000e+00	0.000000e+00	8.000000e-02	4.284017e-02	1.279191e-02	-2.230481e-05
6.179662e-01	1.420351e-02	0.000000e+00	0.000000e+00	8.000000e-02	4.276799e-02	1.277393e-02	-2.275472e-05
6.189410e-01	1.436538e-02	0.000000e+00	0.000000e+00	8.000000e-02	4.269863e-02	1.275870e-02	-2.049670e-05
6.199158e-01	1.452724e-02	0.000000e+00	0.000000e+00	8.000000e-02	4.262825e-02	1.274063e-02	-2.105819e-05
6.208906e-01	1.468909e-02	0.000000e+00	0.000000e+00	8.000000e-02	4.256049e-02	1.272357e-02	-2.070411e-05
6.218654e-01	1.485094e-02	0.000000e+00	0.000000e+00	8.000000e-02	4.249245e-02	1.270565e-02	-2.126642e-05
6.228402e-01	1.501278e-02	0.000000e+00	0.000000e+00	8.000000e-02	4.242420e-02	1.269047e-02	-2.111495e-05
6.238150e-01	1.517462e-02	0.000000e+00	0.000000e+00	8.000000e-02	4.235835e-02	1.267340e-02	-1.943862e-05
6.247898e-01	1.533646e-02	0.000000e+00	0.000000e+00	8.000000e-02	4.229223e-02	1.265358e-02	-1.943988e-05
6.257646e-01	1.549830e-02	0.000000e+00	0.000000e+00	8.000000e-02	4.222604e-02	1.263914e-02	-1.929117e-05
6.267394e-01	1.566014e-02	0.000000e+00	0.000000e+00	8.000000e-02	4.216165e-02	1.262193e-02	-1.969147e-05
6.277141e-01	1.582199e-02	0.000000e+00	0.000000e+00	8.000000e-02	4.209915e-02	1.260289e-02	-1.970322e-05
6.286889e-01	1.598385e-02	0.000000e+00	0.000000e+00	8.000000e-02	4.203631e-02	1.258648e-02	-1.800196e-05
6.296637e-01	1.614572e-02	0.000000e+00	0.000000e+00	8.000000e-02	4.197409e-02	1.256947e-02	-1.788636e-05
6.306385e-01	1.630760e-02	0.000000e+00	0.000000e+00	8.000000e-02	4.191090e-02	1.255256e-02	-1.840283e-05
6.316133e-01	1.646949e-02	0.000000e+00	0.000000e+00	8.000000e-02	4.185214e-02	1.253620e-02	-1.675189e-05
6.325881e-01	1.663141e-02	0.000000e+00	0.000000e+00	8.000000e-02	4.179328e-02	1.251783e-02	-1.605739e-05
6.335629e-01	1.679334e-02	0.000000e+00	0.000000e+00	8.000000e-02	4.173149e-02	1.249950e-02	-1.665696e-05
6.345377e-01	1.695529e-02	0.000000e+00	0.000000e+00	8.000000e-02	4.167487e-02	1.248333e-02	-1.662243e-05
6.355125e-01	1.711727e-02	0.000000e+00	0.000000e+00	8.000000e-02	4.161707e-02	1.246656e-02	-1.498157e-05
6.364873e-01	1.727927e-02	0.000000e+00	0.000000e+00	8.000000e-02	4.155991e-02	1.245035e-02	-1.483167e-05
6.374621e-01	1.744130e-02	0.000000e+00	0.000000e+00	8.000000e-02	4.150240e-02	1.243281e-02	-1.538994e-05
6.384369e-01	1.760335e-02	0.000000e+00	0.000000e+00	8.000000e-02	4.144668e-02	1.241264e-02	-1.521187e-05
6.394116e-01	1.776544e-02	0.000000e+00	0.000000e+00	8.000000e-02	4.139289e-02	1.239697e-02	-1.562813e-05
6.403864e-01	1.792756e-02	0.000000e+00	0.000000e+00	8.000000e-02	4.133829e-02	1.238159e-02	-1.344608e-05
6.413612e-01	1.808972e-02	0.000000e+00	0.000000e+00	8.000000e-02	4.128596e-02	1.236086e-02	-1.603020e-05
6.423360e-01	1.825192e-02	0.000000e+00	0.000000e+00	8.000000e-02	4.123401e-02	1.234625e-02	-1.382749e-05
6.433108e-01	1.841416e-02	0.000000e+00	0.000000e+00	8.000000e-02	4.117921e-02	1.232809e-02	-1.170672e-05
6.442856e-01	1.857643e-02	0.000000e+00	0.000000e+00	8.000000e-02	4.112878e-02	1.231072e-02	-1.414000e-05
6.452604e-01	1.873876e-02	0.000000e+00	0.000000e+00	8.000000e-02	4.107988e-02	1.229406e-02	-1.213121e-05
6.462352e-01	1.890113e-02	0.000000e+00	0.000000e+00	8.000000e-02	4.102902e-02	1.227406e-02	-1.210392e-05
6.472100e-01	1.906355e-02	0.000000e+00	0.000000e+00	8.000000e-02	4.097780e-02	1.225945e-02	-1.251092e-05
6.481848e-01	1.922601e-02	0.000000e+00	0.000000e+00	8.000000e-02	4.093087e-02	1.224211e-02	-1.306016e-05
6.491596e-01	1.938854e-02	0.000000e+00	0.000000e+00	8.000000e-02	4.088314e-02	1.222301e-02	-1.277483e-05
6.501344e-01	1.955111e-02	0.000000e+00	0.000000e+00	8.000000e-02	4.083522e-02	1.220646e-02	-1.075850e-05
6.511092e-01	1.971375e-02	0.000000e+00	0.000000e+00	8.000000e-02	4.078973e-02	1.218933e-02	-1.129535e-05
6.520839e-01	1.987644e-02	0.000000e+00	0.000000e+00	8.000000e-02	4.074306e-02	1.217227e-02	-1.116760e-05
6.530587e-01	2.003920e-02	0.000000e+00	0.000000e+00	8.000000e-02	4.069949e-02	1.215581e-02	-1.103821e-05
6.540335e-01	2.020202e-02	0.000000e+00	0.000000e+00	8.000000e-02	4.065305e-02	1.213721e-02	-1.144453e-05
6.550083e-01	2.036490e-02	0.000000e+00	0.000000e+00	8.000000e-02	4.060830e-02	1.211938e-02	-9.467488e-06
6.559831e-01	2.052785e-02	0.000000e+00	0.000000e+00	8.000000e-02	4.056794e-02	1.210092e-02	-9.875628e-06
6.569579e-01	2.069088e-02	0.000000e+00	0.000000e+00	8.000000e-02	4.052406e-02	1.208454e-02	-7.776676e-06
6.579327e-01	2.085397e-02	0.000000e+00	0.000000e+00	8.000000e-02	4.048318e-02	1.206822e-02	-1.029396e-05
6.589075e-01	2.101715e-02	0.000000e+00	0.000000e+00	8.000000e-02	4.044199e-02	1.204991e-02	-1.069565e-05
6.598823e-01	2.118039e-02	0.000000e+00	0.000000e+00	8.000000e-02	4.039980e-02	1.203236e-02	-8.031002e-06
6.608571e-01	2.134372e-02	0.000000e+00	0.000000e+00	8.000000e-02	4.036263e-02	1.201406e-02	-8.576820e-06
6.618319e-01	2.150713e-02	0.000000e+00	0.000000e+00	8.000000e-02	4.032194e-02	1.199832e-02	-6.486031e-06
6.628067e-01	2.167062e-02	0.000000e+00	0.000000e+00	8.000000e-02	4.028361e-02	1.198082e-02	-7.031832e-06
6.637814e-01	2.183420e-02	0.000000e+00	0.000000e+00	8.000000e-02	4.024741e-02	1.196068e-02	-7.397606e-06
6.647562e-01	2.199787e-02	0.000000e+00	0.000000e+00	8.000000e-02	4.020842e-02	1.194579e-02	-7.278764e-06
6.657310e-01	2.216162e-02	0.000000e+00	0.000000e+00	8.000000e-02	4.017174e-02	1.192763e-02	-7.297685e-06
6.667058e-01	2.232547e-02	0.000000e+00	0.000000e+00	8.000000e-02	4.013664e-02	1.191022e-02	-5.749253e-06
6.676806e-01	2.248941e-02	0.000000e+00	0.000000e+00	8.000000e-02	4.010089e-02	1.189335e-02	-5.767707e-06
6.686554e-01	2.265345e-02	0.000000e+00	0.000000e+00	8.000000e-02	4.006677e-02	1.187391e-02	-6.310662e-06
6.696302e-01	2.281759e-02	0.000000e+00	0.000000e+00	8.000000e-02	4.003474e-02	1.185718e-02	-5.498361e-06
6.706050e-01	2.298184e-02	0.000000e+00	0.000000e+00	8.000000e-02	4.000061e-02	1.183983e-02	-6.076566e-06
6.715798e-01	2.314618e-02	0.000000e+00	0.000000e+00	8.000000e-02	3.996607e-02	1.182257e-02	-5.908177e-06
6.725546e-01	2.331063e-02	0.000000e+00	0.000000e+00	8.000000e-02	3.993586e-02	1.180584e-02	-4.524839e-06
6.735294e-01	2.347519e-02	0.000000e+00	0.000000e+00	8.000000e-02	3.990391e-02	1.178721e-02	-4.878834e-06
6.745042e-01	2.363986e-02	0.000000e+00	0.000000e+00	8.000000e-02	3.987511e-02	1.176867e-02	-4.948291e-06
6.754790e-01	2.380465e-02	0.000000e+00	0.000000e+00	8.000000e-02	3.984326e-02	1.175199e-02	-5.301557e-06
6.764537e-01	2.396954e-02	0.000000e+00	0.000000e+00	8.000000e-02	3.981373e-02	1.173535e-02	-3.299501e-06
6.774285e-01	2.413456e-02	0.000000e+00	0.000000e+00	8.000000e-02	3.978577e-02	1.171699e-02	-5.070014e-06
6.784033e-01	2.429969e-02	0.000000e+00	0.000000e+00	8.000000e-02	3.975693e-02	1.169851e-02	-3.687315e-06
6.793781e-01	2.446495e-02	0.000000e+00	0.000000e+00	8.000000e-02	3.973050e-02	1.168254e-02	-5.489766e-06
6.803529e-01	2.463033e-02	0.000000e+00	0.000000e+00	8.000000e-02	3.970302e-02	1.166420e-02	-3.435153e-06
6.813277e-01	2.479584e-02	0.000000e+00	0.000000e+00	8.000000e-02	3.967782e-02	1.164591e-02	-3.998074e-06
6.823025e-01	2.496148e-02	0.000000e+00	0.000000e+00	8.000000e-02	3.965220e-02	1.163009e-02	-3.847100e-06
6.832773e-01	2.512725e-02	0.000000e+00	0.000000e+00	8.000000e-02	3.962641e-02	1.161181e-02	-2.475718e-06
6.842521e-01	2.529315e-02	0.000000e+00	0.000000e+00	8.000000e-02	3.960216e-02	1.159404e-02	-2.366596e-06
6.852269e-01	2.545919e-02	0.000000e+00	0.000000e+00	8.000000e-02	3.957948e-02	1.157700e-02	-2.355595e-06
6.862017e-01	2.562537e-02	0.000000e+00	0.000000e+00	8.000000e-02	3.955656e-02	1.155680e-02	-2.755077e-06
6.871765e-01	2.579169e-02	0.000000e+00	0.000000e+00	8.000000e-02	3.953345e-02	1.154168e-02	-2.823651e-06
6.881512e-01	2.595815e-02	0.000000e+00	0.000000e+00	8.000000e-02	3.951172e-02	1.152400e-02	-2.532647e-06
6.891260e-01	2.612476e-02	0.000000e+00	0.000000e+00	8.000000e-02	3.949217e-02	1.150464e-02	-1.172201e-06
6.901008e-01	2.629152e-02	0.000000e+00	0.000000e+00	8.000000e-02	3.946999e-02	1.148772e-02	7.207404e-07
6.910756e-01	2.645842e-02	0.000000e+00	0.000000e+00	8.000000e-02	3.944939e-02	1.147016e-02	-1.059361e-06
6.920504e-01	2.662548e-02	0.000000e+00	0.000000e+00	8.000000e-02	3.943253e-02	1.145303e-02	-1.491577e-06
6.930252e-01	2.679270e-02	0.000000e+00	0.000000e+00	8.000000e-02	3.941364e-02	1.143507e-02	5.312711e-07
6.940000e-01	2.696007e-02	0.000000e+00	0.000000e+00	0.000000e+00	3.939238e-02	1.142032e-02	-2.796510e-18
