0.000983	-0.000000
0.001966	0.000000
0.002948	-0.000000
0.003931	-0.000000
0.004914	-0.000000
0.005897	0.000000
0.006879	-0.000000
0.007862	-0.000000
0.008845	-0.000000
0.009828	-0.000000
0.010811	0.000000
0.011793	0.000000
0.012776	0.000000
0.013759	-0.000000
0.014742	0.000000
0.015724	-0.000000
0.016707	-0.000000
0.017690	-0.000000
0.018673	-0.000000
0.019656	-0.000000
0.020638	-0.000000
0.021621	0.000000
0.022604	-0.000000
0.023587	0.000000
0.024569	-0.000000
0.025552	0.000000
0.026535	-0.000000
0.027518	0.000000
0.028500	0.000000
0.029483	-0.000000
0.030466	-0.000000
0.031449	0.000000
0.032432	-0.000000
0.033414	0.000000
0.034397	-0.000000
0.035380	-0.000000
0.036363	-0.000000
0.037345	-0.000000
0.038328	0.000000
0.039311	0.000000
0.040294	0.000000
0.041277	0.000000
0.042259	0.000000
0.043242	0.000000
0.044225	0.000000
0.045208	-0.000000
0.046190	0.000000
0.047173	-0.000000
0.048156	-0.000000
0.049139	0.000000
0.050122	0.000000
0.051104	0.000000
0.052087	-0.000000
0.053070	0.000000
0.054053	0.000000
0.055035	-0.000000
0.056018	0.000000
0.057001	0.000000
0.057984	-0.000000
0.058967	-0.000000
0.059949	-0.000000
0.060932	-0.000000
0.061915	-0.000000
0.062898	-0.000000
0.063880	0.000000
0.064863	0.000000
0.065846	0.000000
0.066829	-0.000000
0.067812	0.000000
0.068794	0.000000
0.069777	0.000000
0.070760	0.000000
0.071743	-0.000000
0.072725	-0.000000
0.073708	-0.000000
0.074691	-0.000000
0.075674	0.000000
0.076656	-0.000000
0.077639	-0.000000
0.078622	-0.000000
0.079605	0.000000
0.080588	-0.000000
0.081570	-0.000000
0.082553	0.000000
0.083536	0.000000
0.084519	0.000000
0.085501	0.000000
0.086484	-0.000000
0.087467	-0.000000
0.088450	-0.000000
0.089433	-0.000000
0.090415	-0.000000
0.091398	0.000000
0.092381	-0.000000
0.093364	0.000000
0.094346	-0.000000
0.095329	0.000000
0.096312	-0.000000
0.097295	-0.000000
0.098278	-0.000000
0.099260	-0.000000
0.100243	-0.000000
0.101226	-0.000000
0.102209	-0.000000
0.103191	-0.000000
0.104174	0.000000
0.105157	0.000000
0.106140	0.000000
0.107123	-0.000000
0.108105	-0.000000
0.109088	-0.000000
0.110071	0.000000
0.111054	-0.000000
0.112036	-0.000000
0.113019	0.000000
0.114002	0.000000
0.114985	-0.000000
0.115968	0.000000
0.116950	-0.000000
0.117933	0.000000
0.118916	-0.000000
0.119899	0.000000
0.120881	0.000000
0.121864	-0.000000
0.122847	-0.000000
0.123830	-0.000000
0.124812	0.000000
0.125795	-0.000000
0.126778	0.000000
0.127761	0.000000
0.128744	-0.000000
0.129726	0.000000
0.130709	-0.000000
0.131692	0.000000
0.132675	-0.000000
0.133657	-0.000000
0.134640	-0.000000
0.135623	-0.000000
0.136606	0.000006
0.137589	0.000013
0.138571	0.000019
0.139554	0.000026
0.140537	0.000032
0.141520	0.000038
0.142502	0.000045
0.143485	0.000051
0.144468	0.000057
0.145451	0.000064
0.146434	0.000070
0.147416	0.000076
0.148399	0.000083
0.149382	0.000089
0.150365	0.000095
0.151347	0.000101
0.152330	0.000107
0.153313	0.000113
0.154296	0.000120
0.155279	0.000126
0.156261	0.000132
0.157244	0.000138
0.158227	0.000144
0.159210	0.000149
0.160192	0.000155
0.161175	0.000161
0.162158	0.000167
0.163141	0.000173
0.164124	0.000178
0.165106	0.000184
0.166089	0.000189
0.167072	0.000195
0.168055	0.000200
0.169037	0.000206
0.170020	0.000211
0.171003	0.000216
0.171986	0.000222
0.172969	0.000227
0.173951	0.000232
0.174934	0.000237
0.175917	0.000242
0.176900	0.000247
0.177882	0.000251
0.178865	0.000256
0.179848	0.000261
0.180831	0.000265
0.181813	0.000270
0.182796	0.000274
0.183779	0.000278
0.184762	0.000282
0.185745	0.000287
0.186727	0.000291
0.187710	0.000294
0.188693	0.000298
0.189676	0.000302
0.190658	0.000306
0.191641	0.000309
0.192624	0.000313
0.193607	0.000316
0.194590	0.000319
0.195572	0.000322
0.196555	0.000325
0.197538	0.000328
0.198521	0.000331
0.199503	0.000333
0.200486	0.000336
0.201469	0.000338
0.202452	0.000340
0.203435	0.000342
0.204417	0.000344
0.205400	0.000346
0.206383	0.000348
0.207366	0.000350
0.208348	0.000351
0.209331	0.000352
0.210314	0.000354
0.211297	0.000355
0.212280	0.000356
0.213262	0.000356
0.214245	0.000357
0.215228	0.000358
0.216211	0.000358
0.217193	0.000358
0.218176	0.000358
0.219159	0.000358
0.220142	0.000358
0.221125	0.000357
0.222107	0.000357
0.223090	0.000356
0.224073	0.000355
0.225056	0.000354
0.226038	0.000353
0.227021	0.000352
0.228004	0.000350
0.228987	0.000349
0.229969	0.000347
0.230952	0.000345
0.231935	0.000343
0.232918	0.000340
0.233901	0.000338
0.234883	0.000335
0.235866	0.000333
0.236849	0.000330
0.237832	0.000326
0.238814	0.000323
0.239797	0.000320
0.240780	0.000316
0.241763	0.000312
0.242746	0.000308
0.243728	0.000304
0.244711	0.000300
0.245694	0.000296
0.246677	0.000291
0.247659	0.000286
0.248642	0.000282
0.249625	0.000277
0.250608	0.000271
0.251591	0.000266
0.252573	0.000261
0.253556	0.000255
0.254539	0.000249
0.255522	0.000243
0.256504	0.000237
0.257487	0.000231
0.258470	0.000225
0.259453	0.000218
0.260436	0.000212
0.261418	0.000205
0.262401	0.000198
0.263384	0.000191
0.264367	0.000184
0.265349	0.000177
0.266332	0.000170
0.267315	0.000162
0.268298	0.000155
0.269281	0.000147
0.270263	0.000140
0.271246	0.000132
0.272229	0.000124
0.273212	0.000116
0.274194	0.000108
0.275177	0.000100
0.276160	0.000092
0.277143	0.000084
0.278125	0.000076
0.279108	0.000067
0.280091	0.000059
0.281074	0.000051
0.282057	0.000042
0.283039	0.000034
0.284022	0.000025
0.285005	0.000017
0.285988	0.000008
0.286962	0.000034
0.287937	0.000051
0.288912	0.000068
0.289887	0.000085
0.290862	0.000102
0.291836	0.000119
0.292811	0.000136
0.293786	0.000153
0.294761	0.000171
0.295736	0.000189
0.296710	0.000206
0.297685	0.000224
0.298660	0.000243
0.299635	0.000261
0.300610	0.000279
0.301584	0.000298
0.302559	0.000317
0.303534	0.000336
0.304509	0.000356
0.305484	0.000375
0.306458	0.000395
0.307433	0.000416
0.308408	0.000436
0.309383	0.000457
0.310357	0.000478
0.311332	0.000500
0.312307	0.000522
0.313282	0.000544
0.314257	0.000567
0.315231	0.000590
0.316206	0.000614
0.317181	0.000638
0.318156	0.000663
0.319131	0.000688
0.320105	0.000714
0.321080	0.000740
0.322055	0.000767
0.323030	0.000795
0.324005	0.000823
0.324979	0.000852
0.325954	0.000882
0.326929	0.000912
0.327904	0.000943
0.328879	0.000975
0.329853	0.001008
0.330828	0.001042
0.331803	0.001077
0.332778	0.001113
0.333753	0.001150
0.334727	0.001188
0.335702	0.001227
0.336677	0.001267
0.337652	0.001309
0.338626	0.001352
0.339601	0.001397
0.340576	0.001443
0.341551	0.001491
0.342526	0.001540
0.343500	0.001591
0.344475	0.001644
0.345450	0.001700
0.346425	0.001757
0.347400	0.001817
0.348374	0.001879
0.349349	0.001943
0.350324	0.002011
0.351299	0.002082
0.352274	0.002156
0.353248	0.002233
0.354223	0.002314
0.355198	0.002399
0.356173	0.002489
0.357148	0.002584
0.358122	0.002684
0.359097	0.002790
0.360072	0.002902
0.361047	0.003021
0.362021	0.003148
0.362996	0.003284
0.363971	0.003430
0.364946	0.003587
0.365921	0.003757
0.366895	0.003942
0.367870	0.004144
0.368845	0.004365
0.369820	0.004611
0.370795	0.004885
0.371769	0.005194
0.372744	0.005547
0.373719	0.005956
0.374694	0.006438
0.375669	0.007019
0.376643	0.007742
0.377618	0.008673
0.378593	0.009928
0.379568	0.011710
0.380543	0.014351
0.381517	0.018225
0.382492	0.022581
0.383475	0.022748
0.384458	0.019357
0.385440	0.016233
0.386423	0.014167
0.387406	0.012837
0.388389	0.011949
0.389372	0.011327
0.390354	0.010871
0.391337	0.010525
0.392320	0.010255
0.393303	0.010039
0.394285	0.009863
0.395268	0.009717
0.396251	0.009596
0.397234	0.009494
0.398217	0.009407
0.399199	0.009333
0.400182	0.009270
0.401165	0.009215
0.402148	0.009168
0.403130	0.009128
0.404113	0.009093
0.405096	0.009063
0.406079	0.009037
0.407061	0.009014
0.408044	0.008995
0.409027	0.008979
0.410010	0.008966
0.410993	0.008954
0.411975	0.008945
0.412958	0.008937
0.413941	0.008931
0.414924	0.008927
0.415906	0.008924
0.416889	0.008922
0.417872	0.008920
0.418855	0.008920
0.419838	0.008921
0.420820	0.008922
0.421803	0.008925
0.422786	0.008927
0.423769	0.008931
0.424751	0.008934
0.425734	0.008938
0.426717	0.008943
0.427700	0.008948
0.428683	0.008953
0.429665	0.008959
0.430648	0.008964
0.431631	0.008970
0.432614	0.008976
0.433596	0.008982
0.434579	0.008989
0.435562	0.008995
0.436545	0.009001
0.437528	0.009008
0.438510	0.009015
0.439493	0.009021
0.440476	0.009028
0.441459	0.009034
0.442441	0.009041
0.443424	0.009047
0.444407	0.009054
0.445390	0.009060
0.446373	0.009066
0.447355	0.009072
0.448338	0.009078
0.449321	0.009084
0.450304	0.009090
0.451286	0.009096
0.452269	0.009101
0.453252	0.009107
0.454235	0.009112
0.455217	0.009117
0.456200	0.009122
0.457183	0.009127
0.458166	0.009132
0.459149	0.009136
0.460131	0.009141
0.461114	0.009145
0.462097	0.009149
0.463080	0.009153
0.464062	0.009156
0.465045	0.009159
0.466028	0.009163
0.467011	0.009166
0.467994	0.009168
0.468976	0.009171
0.469959	0.009173
0.470942	0.009176
0.471925	0.009177
0.472907	0.009179
0.473890	0.009181
0.474873	0.009182
0.475856	0.009183
0.476839	0.009184
0.477821	0.009185
0.478804	0.009185
0.479787	0.009185
0.480770	0.009185
0.481752	0.009185
0.482735	0.009184
0.483718	0.009184
0.484701	0.009183
0.485684	0.009182
0.486666	0.009180
0.487649	0.009178
0.488632	0.009177
0.489615	0.009175
0.490597	0.009172
0.491580	0.009170
0.492563	0.009167
0.493546	0.009164
0.494529	0.009161
0.495511	0.009157
0.496494	0.009153
0.497477	0.009149
0.498460	0.009145
0.499442	0.009141
0.500425	0.009136
0.501408	0.009131
0.502391	0.009126
0.503374	0.009121
0.504356	0.009115
0.505339	0.009110
0.506322	0.009104
0.507305	0.009098
0.508287	0.009091
0.509270	0.009084
0.510253	0.009078
0.511236	0.009070
0.512218	0.009063
0.513201	0.009056
0.514184	0.009048
0.515167	0.009040
0.516150	0.009032
0.517132	0.009023
0.518115	0.009015
0.519098	0.009006
0.520081	0.008997
0.521063	0.008987
0.522046	0.008978
0.523029	0.008968
0.524012	0.008958
0.524995	0.008948
0.525977	0.008938
0.526960	0.008927
0.527943	0.008917
0.528926	0.008906
0.529908	0.008895
0.530891	0.008883
0.531874	0.008872
0.532857	0.008860
0.533840	0.008848
0.534822	0.008836
0.535805	0.008824
0.536788	0.008811
0.537771	0.008798
0.538753	0.008786
0.539736	0.008772
0.540719	0.008759
0.541702	0.008746
0.542685	0.008732
0.543667	0.008718
0.544650	0.008704
0.545633	0.008690
0.546616	0.008676
0.547598	0.008661
0.548581	0.008647
0.549564	0.008632
0.550547	0.008617
0.551530	0.008601
0.552512	0.008586
0.553495	0.008570
0.554478	0.008555
0.555461	0.008539
0.556443	0.008523
0.557426	0.008507
0.558409	0.008490
0.559392	0.008474
0.560374	0.008457
0.561357	0.008440
0.562340	0.008423
0.563323	0.008406
0.564306	0.008389
0.565288	0.008371
0.566271	0.008354
0.567254	0.008336
0.568237	0.008318
0.569219	0.008300
0.570202	0.008282
0.571185	0.008264
0.572168	0.008245
0.573151	0.008227
0.574133	0.008208
0.575116	0.008189
0.576099	0.008170
0.577082	0.008151
0.578064	0.008132
0.579047	0.008113
0.580030	0.008093
0.581013	0.008074
0.581996	0.008054
0.582978	0.008034
0.583961	0.008014
0.584944	0.007994
0.585927	0.007974
0.586909	0.007954
0.587892	0.007933
0.588875	0.007913
0.589858	0.007892
0.590841	0.007872
0.591823	0.007851
0.592806	0.007830
0.593789	0.007809
0.594772	0.007788
0.595754	0.007767
0.596737	0.007745
0.597720	0.007724
0.598703	0.007702
0.599686	0.007681
0.600668	0.007659
0.601651	0.007637
0.602634	0.007616
0.603617	0.007594
0.604599	0.007572
0.605582	0.007550
0.606565	0.007527
0.607548	0.007505
0.608530	0.007483
0.609513	0.007460
0.610496	0.007438
0.611479	0.007415
0.612462	0.007393
0.613444	0.007370
0.614427	0.007347
0.615410	0.007325
0.616393	0.007302
0.617375	0.007279
0.618358	0.007256
0.619341	0.007233
0.620324	0.007210
0.621307	0.007186
0.622289	0.007163
0.623272	0.007140
0.624255	0.007117
0.625238	0.007093
0.626220	0.007070
0.627203	0.007046
0.628186	0.007023
0.629169	0.006999
0.630152	0.006976
0.631134	0.006952
0.632117	0.006928
0.633100	0.006904
0.634083	0.006881
0.635065	0.006857
0.636048	0.006833
0.637031	0.006809
0.638014	0.006785
0.638997	0.006761
0.639979	0.006737
0.640962	0.006713
0.641945	0.006689
0.642928	0.006665
0.643910	0.006641
0.644893	0.006617
0.645876	0.006593
0.646859	0.006569
0.647842	0.006545
0.648824	0.006520
0.649807	0.006496
0.650790	0.006472
0.651773	0.006448
0.652755	0.006423
0.653738	0.006399
0.654721	0.006375
0.655704	0.006351
0.656686	0.006326
0.657669	0.006302
0.658652	0.006278
0.659635	0.006253
0.660618	0.006229
0.661600	0.006205
0.662583	0.006180
0.663566	0.006156
0.664549	0.006132
0.665531	0.006108
0.666514	0.006083
0.667497	0.006059
0.668480	0.006035
0.669463	0.006010
0.670445	0.005986
0.671428	0.005962
0.672411	0.005937
0.673394	0.005913
0.674376	0.005889
0.675359	0.005865
0.676342	0.005840
0.677325	0.005816
0.678308	0.005792
0.679290	0.005768
0.680273	0.005744
0.681256	0.005719
0.682239	0.005695
0.683221	0.005671
0.684204	0.005647
0.685187	0.005623
0.686170	0.005599
0.687153	0.005575
0.688135	0.005551
0.689118	0.005527
0.690101	0.005503
0.691084	0.005479
0.692066	0.005455
0.693049	0.005431
0.694032	0.005407
0.695015	0.005384
0.695998	0.005360
0.696980	0.005336
0.697963	0.005312
0.698946	0.005289
0.699929	0.005265
0.700911	0.005241
0.701894	0.005218
0.702877	0.005194
0.703860	0.005171
0.704842	0.005147
0.705825	0.005124
0.706808	0.005100
0.707791	0.005077
0.708774	0.005054
0.709756	0.005030
0.710739	0.005007
0.711722	0.004984
0.712705	0.004961
0.713687	0.004937
0.714670	0.004914
0.715653	0.004891
0.716636	0.004868
0.717619	0.004845
0.718601	0.004822
0.719584	0.004800
0.720567	0.004777
0.721550	0.004754
0.722532	0.004731
0.723515	0.004709
0.724498	0.004686
0.725481	0.004663
0.726464	0.004641
0.727446	0.004618
0.728429	0.004596
0.729412	0.004574
0.730395	0.004551
0.731377	0.004529
0.732360	0.004507
0.733343	0.004485
0.734326	0.004463
0.735309	0.004441
0.736291	0.004419
0.737274	0.004397
0.738257	0.004375
0.739240	0.004353
0.740222	0.004331
0.741205	0.004309
0.742188	0.004288
0.743171	0.004266
0.744154	0.004245
0.745136	0.004223
0.746119	0.004202
0.747102	0.004180
0.748085	0.004159
0.749067	0.004138
0.750050	0.004117
0.751033	0.004095
0.752016	0.004074
0.752999	0.004053
0.753981	0.004032
0.754964	0.004011
0.755947	0.003991
0.756930	0.003970
0.757912	0.003949
0.758895	0.003929
0.759878	0.003908
0.760861	0.003887
0.761843	0.003867
0.762826	0.003847
0.763809	0.003826
0.764792	0.003806
0.765775	0.003786
0.766757	0.003766
0.767740	0.003746
0.768723	0.003725
0.769706	0.003706
0.770688	0.003686
0.771671	0.003666
0.772654	0.003646
0.773637	0.003626
0.774620	0.003607
0.775602	0.003587
0.776585	0.003568
0.777568	0.003548
0.778551	0.003529
0.779533	0.003510
0.780516	0.003490
0.781499	0.003471
0.782482	0.003452
0.783465	0.003433
0.784447	0.003414
0.785430	0.003395
0.786413	0.003376
0.787396	0.003358
0.788378	0.003339
0.789361	0.003320
0.790344	0.003302
0.791327	0.003283
0.792310	0.003265
0.793292	0.003246
0.794275	0.003228
0.795258	0.003210
0.796241	0.003192
0.797223	0.003173
0.798206	0.003155
0.799189	0.003137
0.800172	0.003120
0.801155	0.003102
0.802137	0.003084
0.803120	0.003066
0.804103	0.003049
0.805086	0.003031
0.806068	0.003014
0.807051	0.002996
0.808034	0.002979
0.809017	0.002961
0.809999	0.002944
0.810982	0.002927
0.811965	0.002910
0.812948	0.002893
0.813931	0.002876
0.814913	0.002859
0.815896	0.002842
0.816879	0.002825
0.817862	0.002809
0.818844	0.002792
0.819827	0.002776
0.820810	0.002759
0.821793	0.002743
0.822776	0.002726
0.823758	0.002710
0.824741	0.002694
0.825724	0.002678
0.826707	0.002661
0.827689	0.002645
0.828672	0.002629
0.829655	0.002613
0.830638	0.002598
0.831621	0.002582
0.832603	0.002566
0.833586	0.002550
0.834569	0.002535
0.835552	0.002519
0.836534	0.002504
0.837517	0.002489
0.838500	0.002473
0.839483	0.002458
0.840466	0.002443
0.841448	0.002428
0.842431	0.002413
0.843414	0.002398
0.844397	0.002383
0.845379	0.002368
0.846362	0.002353
0.847345	0.002338
0.848328	0.002323
0.849311	0.002309
0.850293	0.002294
0.851276	0.002280
0.852259	0.002265
0.853242	0.002251
0.854224	0.002237
0.855207	0.002222
0.856190	0.002208
0.857173	0.002194
0.858155	0.002180
0.859138	0.002166
0.860121	0.002152
0.861104	0.002138
0.862087	0.002124
0.863069	0.002111
0.864052	0.002097
0.865035	0.002083
0.866018	0.002070
0.867000	0.002056
0.867983	0.002043
0.868966	0.002029
0.869949	0.002016
0.870932	0.002003
0.871914	0.001989
0.872897	0.001976
0.873880	0.001963
0.874863	0.001950
0.875845	0.001937
0.876828	0.001924
0.877811	0.001911
0.878794	0.001898
0.879777	0.001886
0.880759	0.001873
0.881742	0.001860
0.882725	0.001848
0.883708	0.001835
0.884690	0.001823
0.885673	0.001810
0.886656	0.001798
0.887639	0.001785
0.888622	0.001773
0.889604	0.001761
0.890587	0.001749
0.891570	0.001737
0.892553	0.001725
0.893535	0.001713
0.894518	0.001701
0.895501	0.001689
0.896484	0.001677
0.897467	0.001665
0.898449	0.001653
0.899432	0.001642
0.900415	0.001630
0.901398	0.001618
0.902380	0.001607
0.903363	0.001595
0.904346	0.001584
0.905329	0.001573
0.906311	0.001561
0.907294	0.001550
0.908277	0.001539
0.909260	0.001528
0.910243	0.001517
0.911225	0.001505
0.912208	0.001494
0.913191	0.001483
0.914174	0.001473
0.915156	0.001462
0.916139	0.001451
0.917122	0.001440
0.918105	0.001429
0.919088	0.001419
0.920070	0.001408
0.921053	0.001397
0.922036	0.001387
0.923019	0.001376
0.924001	0.001366
0.924984	0.001356
0.925967	0.001345
0.926950	0.001335
0.927933	0.001325
0.928915	0.001314
0.929898	0.001304
0.930881	0.001294
0.931864	0.001284
0.932846	0.001274
0.933829	0.001264
0.934812	0.001254
0.935795	0.001244
0.936778	0.001234
0.937760	0.001224
0.938743	0.001215
0.939726	0.001205
0.940709	0.001195
0.941691	0.001185
0.942674	0.001176
0.943657	0.001166
0.944640	0.001157
0.945623	0.001147
0.946605	0.001138
0.947588	0.001128
0.948571	0.001119
0.949554	0.001110
0.950536	0.001100
0.951519	0.001091
0.952502	0.001082
0.953485	0.001073
0.954467	0.001063
0.955450	0.001054
0.956433	0.001045
0.957416	0.001036
0.958399	0.001027
0.959381	0.001018
0.960364	0.001009
0.961347	0.001000
0.962330	0.000992
0.963312	0.000983
0.964295	0.000974
0.965278	0.000965
0.966261	0.000957
0.967244	0.000948
0.968226	0.000939
0.969209	0.000931
0.970192	0.000922
0.971175	0.000914
0.972157	0.000905
0.973140	0.000897
0.974123	0.000888
0.975106	0.000880
0.976089	0.000871
0.977071	0.000863
0.978054	0.000855
0.979037	0.000846
0.980020	0.000838
0.981002	0.000830
0.981985	0.000822
0.982968	0.000814
0.983951	0.000805
0.984934	0.000797
0.985916	0.000789
0.986899	0.000781
0.987882	0.000773
0.988865	0.000765
0.989847	0.000757
0.990830	0.000749
0.991813	0.000742
0.992796	0.000734
0.993779	0.000726
0.994761	0.000718
0.995744	0.000710
0.996727	0.000702
0.997710	0.000695
0.998692	0.000687
0.999675	0.000679
1.000658	0.000672
1.001641	0.000664
1.002624	0.000657
1.003606	0.000649
1.004589	0.000641
1.005572	0.000634
1.006555	0.000626
1.007537	0.000619
1.008520	0.000611
1.009503	0.000604
1.010486	0.000597
1.011468	0.000589
1.012451	0.000582
1.013434	0.000575
1.014417	0.000567
1.015400	0.000560
1.016382	0.000553
1.017365	0.000545
1.018348	0.000538
1.019331	0.000531
1.020313	0.000524
1.021296	0.000517
1.022279	0.000510
1.023262	0.000502
1.024245	0.000495
1.025227	0.000488
1.026210	0.000481
1.027193	0.000474
1.028176	0.000467
1.029158	0.000460
1.030141	0.000453
1.031124	0.000446
1.032107	0.000439
1.033090	0.000432
1.034072	0.000425
1.035055	0.000418
1.036038	0.000411
1.037021	0.000405
1.038003	0.000398
1.038986	0.000391
1.039969	0.000384
1.040952	0.000377
1.041935	0.000370
1.042917	0.000364
1.043900	0.000357
1.044883	0.000350
1.045866	0.000343
1.046848	0.000337
1.047831	0.000330
1.048814	0.000323
1.049797	0.000317
1.050780	0.000310
1.051762	0.000303
1.052745	0.000297
1.053728	0.000290
1.054711	0.000283
1.055693	0.000277
1.056676	0.000270
1.057659	0.000264
1.058642	0.000257
1.059624	0.000250
1.060607	0.000244
1.061590	0.000237
1.062573	0.000231
1.063556	0.000224
1.064538	0.000218
1.065521	0.000211
1.066504	0.000205
1.067487	0.000198
1.068469	0.000192
1.069452	0.000185
1.070435	0.000179
1.071418	0.000172
1.072401	0.000166
1.073383	0.000160
1.074366	0.000153
1.075349	0.000147
1.076332	0.000140
1.077314	0.000134
1.078297	0.000127
1.079280	0.000121
1.080263	0.000115
1.081246	0.000108
1.082228	0.000102
1.083211	0.000095
1.084194	0.000089
1.085177	0.000083
1.086159	0.000076
1.087142	0.000070
1.088125	0.000064
1.089108	0.000057
1.090091	0.000051
1.091073	0.000044
1.092056	0.000038
1.093039	0.000032
1.094022	0.000025
1.095004	0.000019
1.095987	0.000013
1.096970	0.000006
1.097945	0.000009
1.098920	0.000013
1.099894	0.000016
1.100869	0.000019
1.101844	0.000022
1.102819	0.000025
1.103794	0.000029
1.104768	0.000032
1.105743	0.000035
1.106718	0.000038
1.107693	0.000041
1.108667	0.000044
1.109642	0.000048
1.110617	0.000051
1.111592	0.000054
1.112567	0.000057
1.113541	0.000061
1.114516	0.000064
1.115491	0.000067
1.116466	0.000070
1.117441	0.000073
1.118415	0.000077
1.119390	0.000080
1.120365	0.000083
1.121340	0.000086
1.122315	0.000090
1.123289	0.000093
1.124264	0.000096
1.125239	0.000099
1.126214	0.000103
1.127189	0.000106
1.128163	0.000109
1.129138	0.000112
1.130113	0.000116
1.131088	0.000119
1.132062	0.000122
1.133037	0.000126
1.134012	0.000129
1.134987	0.000132
1.135962	0.000135
1.136936	0.000139
1.137911	0.000142
1.138886	0.000145
1.139861	0.000148
1.140836	0.000152
1.141810	0.000155
1.142785	0.000158
1.143760	0.000162
1.144735	0.000165
1.145710	0.000168
1.146684	0.000171
1.147659	0.000175
1.148634	0.000178
1.149609	0.000181
1.150584	0.000185
1.151558	0.000188
1.152533	0.000191
1.153508	0.000194
1.154483	0.000198
1.155457	0.000201
1.156432	0.000204
1.157407	0.000207
1.158382	0.000211
1.159357	0.000214
1.160331	0.000217
1.161306	0.000221
1.162281	0.000224
1.163256	0.000227
1.164231	0.000230
1.165205	0.000234
1.166180	0.000237
1.167155	0.000240
1.168130	0.000243
1.169105	0.000247
1.170079	0.000250
1.171054	0.000253
1.172029	0.000256
1.173004	0.000260
1.173979	0.000263
1.174953	0.000266
1.175928	0.000269
1.176903	0.000273
1.177878	0.000276
1.178852	0.000279
1.179827	0.000282
1.180802	0.000286
1.181777	0.000289
1.182752	0.000292
1.183726	0.000295
1.184701	0.000298
1.185676	0.000302
1.186651	0.000305
1.187626	0.000308
1.188600	0.000311
1.189575	0.000314
1.190550	0.000318
1.191525	0.000321
1.192500	0.000324
1.193474	0.000327
1.194449	0.000330
1.195424	0.000333
1.196399	0.000336
1.197374	0.000340
1.198348	0.000343
1.199323	0.000346
1.200298	0.000349
1.201273	0.000352
1.202247	0.000355
1.203222	0.000358
1.204197	0.000362
1.205172	0.000365
1.206147	0.000368
1.207121	0.000371
1.208096	0.000374
1.209071	0.000377
1.210046	0.000380
1.211021	0.000383
1.211995	0.000386
1.212970	0.000389
1.213945	0.000392
1.214920	0.000395
1.215895	0.000398
1.216869	0.000401
1.217844	0.000404
1.218819	0.000407
1.219794	0.000410
1.220769	0.000413
1.221743	0.000416
1.222718	0.000419
1.223693	0.000422
1.224668	0.000425
1.225643	0.000428
1.226617	0.000431
1.227592	0.000434
1.228567	0.000437
1.229542	0.000440
1.230516	0.000443
1.231491	0.000446
1.232466	0.000449
1.233441	0.000451
1.234416	0.000454
1.235390	0.000457
1.236365	0.000460
1.237340	0.000463
1.238315	0.000466
1.239290	0.000468
1.240264	0.000471
1.241239	0.000474
1.242214	0.000477
1.243189	0.000480
1.244164	0.000482
1.245138	0.000485
1.246113	0.000488
1.247088	0.000491
1.248063	0.000493
1.249038	0.000496
1.250012	0.000499
1.250987	0.000501
1.251962	0.000504
1.252937	0.000507
1.253911	0.000509
1.254886	0.000512
1.255861	0.000515
1.256836	0.000517
1.257811	0.000520
1.258785	0.000522
1.259760	0.000525
1.260735	0.000528
1.261710	0.000530
1.262685	0.000533
1.263659	0.000535
1.264634	0.000538
1.265609	0.000540
1.266584	0.000543
1.267559	0.000545
1.268533	0.000548
1.269508	0.000550
1.270483	0.000552
1.271458	0.000555
1.272433	0.000557
1.273407	0.000560
1.274382	0.000562
1.275357	0.000564
1.276332	0.000567
1.277306	0.000569
1.278281	0.000571
1.279256	0.000574
1.280231	0.000576
1.281206	0.000578
1.282180	0.000580
1.283155	0.000583
1.284130	0.000585
1.285105	0.000587
1.286080	0.000589
1.287054	0.000591
1.288029	0.000594
1.289004	0.000596
1.289979	0.000598
1.290954	0.000600
1.291928	0.000602
1.292903	0.000604
1.293878	0.000606
1.294853	0.000608
1.295828	0.000610
1.296802	0.000612
1.297777	0.000614
1.298752	0.000616
1.299727	0.000618
1.300701	0.000620
1.301676	0.000622
1.302651	0.000624
1.303626	0.000626
1.304601	0.000628
1.305575	0.000629
1.306550	0.000631
1.307525	0.000633
1.308500	0.000635
1.309475	0.000637
1.310449	0.000638
1.311424	0.000640
1.312399	0.000642
1.313374	0.000643
1.314349	0.000645
1.315323	0.000647
1.316298	0.000648
1.317273	0.000650
1.318248	0.000651
1.319223	0.000653
1.320197	0.000655
1.321172	0.000656
1.322147	0.000658
1.323122	0.000659
1.324096	0.000661
1.325071	0.000662
1.326046	0.000663
1.327021	0.000665
1.327996	0.000666
1.328970	0.000668
1.329945	0.000669
1.330920	0.000670
1.331895	0.000671
1.332870	0.000673
1.333844	0.000674
1.334819	0.000675
1.335794	0.000676
1.336769	0.000678
1.337744	0.000679
1.338718	0.000680
1.339693	0.000681
1.340668	0.000682
1.341643	0.000683
1.342618	0.000684
1.343592	0.000685
1.344567	0.000686
1.345542	0.000687
1.346517	0.000688
1.347492	0.000689
1.348466	0.000690
1.349441	0.000691
1.350416	0.000692
1.351391	0.000692
1.352365	0.000693
1.353340	0.000694
1.354315	0.000695
1.355290	0.000695
1.356265	0.000696
1.357239	0.000697
1.358214	0.000697
1.359189	0.000698
1.360164	0.000699
1.361139	0.000699
1.362113	0.000700
1.363088	0.000700
1.364063	0.000701
1.365038	0.000701
1.366013	0.000702
1.366987	0.000702
1.367962	0.000703
1.368937	0.000703
1.369912	0.000703
1.370887	0.000704
1.371861	0.000704
1.372836	0.000704
1.373811	0.000704
1.374786	0.000705
1.375760	0.000705
1.376735	0.000705
1.377710	0.000705
1.378685	0.000705
1.379660	0.000705
1.380634	0.000705
1.381609	0.000705
1.382584	0.000705
1.383559	0.000705
1.384534	0.000705
1.385508	0.000705
1.386483	0.000705
1.387458	0.000705
1.388433	0.000705
1.389408	0.000704
1.390382	0.000704
1.391357	0.000704
1.392332	0.000704
1.393307	0.000703
1.394282	0.000703
1.395256	0.000703
1.396231	0.000702
1.397206	0.000702
1.398181	0.000701
1.399155	0.000701
1.400130	0.000700
1.401105	0.000700
1.402080	0.000699
1.403055	0.000698
1.404029	0.000698
1.405004	0.000697
1.405979	0.000696
1.406954	0.000696
1.407929	0.000695
1.408903	0.000694
1.409878	0.000693
1.410853	0.000692
1.411828	0.000692
1.412803	0.000691
1.413777	0.000690
1.414752	0.000689
1.415727	0.000688
1.416702	0.000687
1.417677	0.000686
1.418651	0.000685
1.419626	0.000683
1.420601	0.000682
1.421576	0.000681
1.422550	0.000680
1.423525	0.000679
1.424500	0.000677
1.425475	0.000676
1.426450	0.000675
1.427424	0.000673
1.428399	0.000672
1.429374	0.000671
1.430349	0.000669
1.431324	0.000668
1.432298	0.000666
1.433273	0.000664
1.434248	0.000663
1.435223	0.000661
1.436198	0.000660
1.437172	0.000658
1.438147	0.000656
1.439122	0.000654
1.440097	0.000653
1.441072	0.000651
1.442046	0.000649
1.443021	0.000647
1.443996	0.000645
1.444971	0.000643
1.445946	0.000641
1.446920	0.000639
1.447895	0.000637
1.448870	0.000635
1.449845	0.000633
1.450819	0.000631
1.451794	0.000629
1.452769	0.000627
1.453744	0.000624
1.454719	0.000622
1.455693	0.000620
1.456668	0.000618
1.457643	0.000615
1.458618	0.000613
1.459593	0.000610
1.460567	0.000608
1.461542	0.000605
1.462517	0.000603
1.463492	0.000600
1.464467	0.000598
1.465441	0.000595
1.466416	0.000592
1.467391	0.000590
1.468366	0.000587
1.469341	0.000584
1.470315	0.000582
1.471290	0.000579
1.472265	0.000576
1.473240	0.000573
1.474214	0.000570
1.475189	0.000567
1.476164	0.000564
1.477139	0.000561
1.478114	0.000558
1.479088	0.000555
1.480063	0.000552
1.481038	0.000549
1.482013	0.000546
1.482988	0.000542
1.483962	0.000539
1.484937	0.000536
1.485912	0.000532
1.486887	0.000529
1.487862	0.000526
1.488836	0.000522
1.489811	0.000519
1.490786	0.000515
1.491761	0.000512
1.492736	0.000508
1.493710	0.000505
1.494685	0.000501
1.495660	0.000497
1.496635	0.000494
1.497609	0.000490
1.498584	0.000486
1.499559	0.000483
1.500534	0.000479
1.501509	0.000475
1.502483	0.000471
1.503458	0.000467
1.504433	0.000463
1.505408	0.000459
1.506383	0.000455
1.507357	0.000451
1.508332	0.000447
1.509307	0.000443
1.510282	0.000439
1.511257	0.000434
1.512231	0.000430
1.513206	0.000426
1.514181	0.000422
1.515156	0.000417
1.516131	0.000413
1.517105	0.000408
1.518080	0.000404
1.519055	0.000400
1.520030	0.000395
1.521004	0.000390
1.521979	0.000386
1.522954	0.000381
1.523929	0.000377
1.524904	0.000372
1.525878	0.000367
1.526853	0.000362
1.527828	0.000358
1.528803	0.000353
1.529778	0.000348
1.530752	0.000343
1.531727	0.000338
1.532702	0.000333
1.533677	0.000328
1.534652	0.000323
1.535626	0.000318
1.536601	0.000313
1.537576	0.000308
1.538551	0.000302
1.539526	0.000297
1.540500	0.000292
1.541475	0.000286
1.542450	0.000281
1.543425	0.000276
1.544399	0.000270
1.545374	0.000265
1.546349	0.000259
1.547324	0.000254
1.548299	0.000248
1.549273	0.000242
1.550248	0.000237
1.551223	0.000231
1.552198	0.000225
1.553173	0.000219
1.554147	0.000213
1.555122	0.000208
1.556097	0.000202
1.557072	0.000196
1.558047	0.000190
1.559021	0.000184
1.559996	0.000177
1.560971	0.000171
1.561946	0.000165
1.562921	0.000159
1.563895	0.000152
1.564870	0.000146
1.565845	0.000140
1.566820	0.000133
1.567795	0.000127
1.568769	0.000120
1.569744	0.000113
1.570719	0.000107
1.571694	0.000100
1.572668	0.000093
1.573643	0.000087
1.574618	0.000080
1.575593	0.000073
1.576568	0.000066
1.577542	0.000059
1.578517	0.000052
1.579492	0.000044
1.580467	0.000037
1.581442	0.000030
1.582416	0.000022
1.583391	0.000015
1.584366	0.000008
1.585349	0.000015
1.586332	0.000023
1.587314	0.000031
1.588297	0.000038
1.589280	0.000046
1.590263	0.000054
1.591245	0.000061
1.592228	0.000069
1.593211	0.000077
1.594194	0.000084
1.595176	0.000092
1.596159	0.000100
1.597142	0.000107
1.598125	0.000115
1.599108	0.000123
1.600090	0.000130
1.601073	0.000138
1.602056	0.000146
1.603039	0.000154
1.604021	0.000161
1.605004	0.000169
1.605987	0.000177
1.606970	0.000185
1.607953	0.000192
1.608935	0.000200
1.609918	0.000208
1.610901	0.000216
1.611884	0.000224
1.612866	0.000231
1.613849	0.000239
1.614832	0.000247
1.615815	0.000255
1.616798	0.000263
1.617780	0.000271
1.618763	0.000279
1.619746	0.000287
1.620729	0.000295
1.621711	0.000303
1.622694	0.000311
1.623677	0.000319
1.624660	0.000327
1.625643	0.000335
1.626625	0.000343
1.627608	0.000351
1.628591	0.000359
1.629574	0.000367
1.630556	0.000375
1.631539	0.000383
1.632522	0.000391
1.633505	0.000400
1.634488	0.000408
1.635470	0.000416
1.636453	0.000424
1.637436	0.000433
1.638419	0.000441
1.639401	0.000449
1.640384	0.000458
1.641367	0.000466
1.642350	0.000475
1.643333	0.000483
1.644315	0.000491
1.645298	0.000500
1.646281	0.000509
1.647264	0.000517
1.648246	0.000526
1.649229	0.000534
1.650212	0.000543
1.651195	0.000552
1.652177	0.000560
1.653160	0.000569
1.654143	0.000578
1.655126	0.000587
1.656109	0.000596
1.657091	0.000604
1.658074	0.000613
1.659057	0.000622
1.660040	0.000631
1.661022	0.000640
1.662005	0.000649
1.662988	0.000659
1.663971	0.000668
1.664954	0.000677
1.665936	0.000686
1.666919	0.000695
1.667902	0.000705
1.668885	0.000714
1.669867	0.000723
1.670850	0.000733
1.671833	0.000742
1.672816	0.000752
1.673799	0.000761
1.674781	0.000771
1.675764	0.000781
1.676747	0.000790
1.677730	0.000800
1.678712	0.000810
1.679695	0.000820
1.680678	0.000830
1.681661	0.000839
1.682644	0.000849
1.683626	0.000859
1.684609	0.000870
1.685592	0.000880
1.686575	0.000890
1.687557	0.000900
1.688540	0.000910
1.689523	0.000921
1.690506	0.000931
1.691489	0.000942
1.692471	0.000952
1.693454	0.000963
1.694437	0.000973
1.695420	0.000984
1.696402	0.000995
1.697385	0.001006
1.698368	0.001016
1.699351	0.001027
1.700333	0.001038
1.701316	0.001049
1.702299	0.001061
1.703282	0.001072
1.704265	0.001083
1.705247	0.001094
1.706230	0.001106
1.707213	0.001117
1.708196	0.001129
1.709178	0.001140
1.710161	0.001152
1.711144	0.001164
1.712127	0.001175
1.713110	0.001187
1.714092	0.001199
1.715075	0.001211
1.716058	0.001223
1.717041	0.001235
1.718023	0.001248
1.719006	0.001260
1.719989	0.001272
1.720972	0.001285
1.721955	0.001297
1.722937	0.001310
1.723920	0.001323
1.724903	0.001335
1.725886	0.001348
1.726868	0.001361
1.727851	0.001374
1.728834	0.001387
1.729817	0.001401
1.730800	0.001414
1.731782	0.001427
1.732765	0.001441
1.733748	0.001454
1.734731	0.001468
1.735713	0.001482
1.736696	0.001496
1.737679	0.001510
1.738662	0.001524
1.739645	0.001538
1.740627	0.001552
1.741610	0.001566
1.742593	0.001581
1.743576	0.001595
1.744558	0.001610
1.745541	0.001625
1.746524	0.001639
1.747507	0.001654
1.748489	0.001669
1.749472	0.001685
1.750455	0.001700
1.751438	0.001715
1.752421	0.001731
1.753403	0.001746
1.754386	0.001762
1.755369	0.001778
1.756352	0.001794
1.757334	0.001810
1.758317	0.001826
1.759300	0.001842
1.760283	0.001859
1.761266	0.001875
1.762248	0.001892
1.763231	0.001909
1.764214	0.001926
1.765197	0.001943
1.766179	0.001960
1.767162	0.001977
1.768145	0.001995
1.769128	0.002012
1.770111	0.002030
1.771093	0.002048
1.772076	0.002066
1.773059	0.002084
1.774042	0.002102
1.775024	0.002120
1.776007	0.002139
1.776990	0.002158
1.777973	0.002176
1.778956	0.002195
1.779938	0.002215
1.780921	0.002234
1.781904	0.002253
1.782887	0.002273
1.783869	0.002293
1.784852	0.002312
1.785835	0.002332
1.786818	0.002353
1.787801	0.002373
1.788783	0.002394
1.789766	0.002414
1.790749	0.002435
1.791732	0.002456
1.792714	0.002477
1.793697	0.002499
1.794680	0.002520
1.795663	0.002542
1.796645	0.002564
1.797628	0.002586
1.798611	0.002608
1.799594	0.002631
1.800577	0.002653
1.801559	0.002676
1.802542	0.002699
1.803525	0.002722
1.804508	0.002746
1.805490	0.002769
1.806473	0.002793
1.807456	0.002817
1.808439	0.002841
1.809422	0.002866
1.810404	0.002891
1.811387	0.002915
1.812370	0.002940
1.813353	0.002966
1.814335	0.002991
1.815318	0.003017
1.816301	0.003043
1.817284	0.003069
1.818267	0.003095
1.819249	0.003122
1.820232	0.003149
1.821215	0.003176
1.822198	0.003203
1.823180	0.003231
1.824163	0.003258
1.825146	0.003286
1.826129	0.003315
1.827112	0.003343
1.828094	0.003372
1.829077	0.003401
1.830060	0.003430
1.831043	0.003460
1.832025	0.003490
1.833008	0.003520
1.833991	0.003550
1.834974	0.003581
1.835957	0.003612
1.836939	0.003643
1.837922	0.003674
1.838905	0.003706
1.839888	0.003738
1.840870	0.003770
1.841853	0.003803
1.842836	0.003836
1.843819	0.003869
1.844801	0.003903
1.845784	0.003937
1.846767	0.003971
1.847750	0.004005
1.848733	0.004040
1.849715	0.004075
1.850698	0.004111
1.851681	0.004146
1.852664	0.004183
1.853646	0.004219
1.854629	0.004256
1.855612	0.004293
1.856595	0.004331
1.857578	0.004368
1.858560	0.004407
1.859543	0.004445
1.860526	0.004484
1.861509	0.004524
1.862491	0.004563
1.863474	0.004603
1.864457	0.004644
1.865440	0.004685
1.866423	0.004726
1.867405	0.004768
1.868388	0.004810
1.869371	0.004852
1.870354	0.004895
1.871336	0.004939
1.872319	0.004982
1.873302	0.005027
1.874285	0.005071
1.875268	0.005116
1.876250	0.005162
1.877233	0.005208
1.878216	0.005254
1.879199	0.005301
1.880181	0.005349
1.881164	0.005396
1.882147	0.005445
1.883130	0.005494
1.884113	0.005543
1.885095	0.005593
1.886078	0.005643
1.887061	0.005694
1.888044	0.005745
1.889026	0.005797
1.890009	0.005850
1.890992	0.005903
1.891975	0.005956
1.892958	0.006010
1.893940	0.006065
1.894923	0.006120
1.895906	0.006176
1.896889	0.006232
1.897871	0.006289
1.898854	0.006347
1.899837	0.006405
1.900820	0.006464
1.901802	0.006523
1.902785	0.006583
1.903768	0.006644
1.904751	0.006705
1.905734	0.006767
1.906716	0.006830
1.907699	0.006893
1.908682	0.006957
1.909665	0.007022
1.910647	0.007087
1.911630	0.007153
1.912613	0.007220
1.913596	0.007288
1.914579	0.007356
1.915561	0.007425
1.916544	0.007495
1.917527	0.007566
1.918510	0.007637
1.919492	0.007709
1.920475	0.007782
1.921458	0.007856
1.922441	0.007931
1.923424	0.008006
1.924406	0.008082
1.925389	0.008159
1.926372	0.008238
1.927355	0.008316
1.928337	0.008396
1.929320	0.008477
1.930303	0.008559
1.931286	0.008641
1.932269	0.008725
1.933251	0.008809
1.934234	0.008895
1.935217	0.008982
1.936200	0.009069
1.937182	0.009158
1.938165	0.009247
1.939148	0.009338
1.940131	0.009430
1.941114	0.009522
1.942096	0.009616
1.943079	0.009711
1.944062	0.009807
1.945045	0.009905
1.946027	0.010003
1.947010	0.010103
1.947993	0.010204
1.948976	0.010306
1.949958	0.010409
1.950941	0.010514
1.951924	0.010619
1.952907	0.010727
1.953890	0.010835
1.954872	0.010945
1.955855	0.011056
1.956838	0.011169
1.957821	0.011283
1.958803	0.011398
1.959786	0.011515
1.960769	0.011633
1.961752	0.011753
1.962735	0.011874
1.963717	0.011997
1.964700	0.012121
1.965683	0.012247
1.966666	0.012375
1.967648	0.012504
1.968631	0.012635
1.969614	0.012768
1.970597	0.012902
1.971580	0.013038
1.972562	0.013176
1.973545	0.013315
1.974528	0.013457
1.975511	0.013600
1.976493	0.013745
1.977476	0.013892
1.978459	0.014041
1.979442	0.014192
1.980425	0.014345
1.981407	0.014501
1.982390	0.014658
1.983373	0.014817
1.984356	0.014978
1.985338	0.015142
1.986321	0.015308
1.987304	0.015476
1.988287	0.015646
1.989270	0.015819
1.990252	0.015994
1.991235	0.016172
1.992218	0.016352
1.993201	0.016534
1.994183	0.016719
1.995166	0.016907
1.996149	0.017097
1.997132	0.017290
1.998114	0.017485
1.999097	0.017684
2.000080	0.017885
2.001063	0.018089
2.002046	0.018296
2.003028	0.018505
2.004011	0.018718
2.004994	0.018934
2.005977	0.019153
2.006959	0.019375
2.007942	0.019600
2.008925	0.019828
2.009908	0.020060
2.010891	0.020295
2.011873	0.020533
2.012856	0.020775
2.013839	0.021020
2.014822	0.021269
2.015804	0.021521
2.016787	0.021777
2.017770	0.022036
2.018753	0.022300
2.019736	0.022567
2.020718	0.022838
2.021701	0.023113
2.022684	0.023392
2.023667	0.023675
2.024649	0.023962
2.025632	0.024253
2.026615	0.024548
2.027598	0.024847
2.028581	0.025151
2.029563	0.025459
2.030546	0.025771
2.031529	0.026087
2.032512	0.026408
2.033494	0.026734
2.034477	0.027063
2.035460	0.027398
2.036443	0.027736
2.037426	0.028080
2.038408	0.028427
2.039391	0.028780
2.040374	0.029136
2.041357	0.029498
2.042339	0.029863
2.043322	0.030234
2.044305	0.030609
2.045288	0.030988
2.046270	0.031372
2.047253	0.031760
2.048236	0.032152
2.049219	0.032549
2.050202	0.032950
2.051184	0.033355
2.052167	0.033763
2.053150	0.034176
2.054133	0.034593
2.055115	0.035013
2.056098	0.035437
2.057081	0.035864
2.058064	0.036295
2.059047	0.036728
2.060029	0.037164
2.061012	0.037603
2.061995	0.038045
2.062978	0.038489
2.063960	0.038935
2.064943	0.039383
2.065926	0.039833
2.066909	0.040284
2.067892	0.040736
2.068874	0.041190
2.069857	0.041644
2.070840	0.042099
2.071823	0.042554
2.072805	0.043009
2.073788	0.043464
2.074771	0.043919
2.075754	0.044373
2.076737	0.044826
2.077719	0.045278
2.078702	0.045729
2.079685	0.046179
2.080668	0.046627
2.081650	0.047073
2.082633	0.047518
2.083616	0.047960
2.084599	0.048400
2.085582	0.048837
2.086564	0.049272
2.087547	0.049704
2.088530	0.050134
2.089513	0.050560
2.090495	0.050984
2.091478	0.051404
2.092461	0.051822
2.093444	0.052236
2.094426	0.052647
2.095409	0.053054
2.096392	0.053459
2.097375	0.053860
2.098358	0.054257
2.099340	0.054651
2.100323	0.055042
2.101306	0.055429
2.102289	0.055813
2.103271	0.056193
2.104254	0.056569
2.105237	0.056942
2.106220	0.057312
2.107203	0.057677
2.108185	0.058040
2.109168	0.058398
2.110151	0.058753
2.111134	0.059105
2.112116	0.059453
2.113099	0.059797
2.114082	0.060138
2.115065	0.060475
2.116048	0.060809
2.117030	0.061138
2.118013	0.061465
2.118996	0.061787
2.119979	0.062107
2.120961	0.062423
2.121944	0.062737
2.122927	0.063047
2.123910	0.063355
2.124893	0.063659
2.125875	0.063959
2.126858	0.064256
2.127841	0.064549
2.128824	0.064838
2.129806	0.065123
2.130789	0.065406
2.131772	0.065685
2.132755	0.065962
2.133738	0.066236
2.134720	0.066508
2.135703	0.066778
2.136686	0.067045
2.137669	0.067309
2.138651	0.067569
2.139634	0.067826
2.140617	0.068079
2.141600	0.068327
2.142583	0.068572
2.143565	0.068813
2.144548	0.069051
2.145531	0.069286
2.146514	0.069517
2.147496	0.069746
2.148479	0.069972
2.149462	0.070196
2.150445	0.070418
2.151427	0.070639
2.152410	0.070858
2.153393	0.071077
2.154376	0.071293
2.155359	0.071507
2.156341	0.071717
2.157324	0.071923
2.158307	0.072125
2.159290	0.072322
2.160272	0.072516
2.161255	0.072707
2.162238	0.072893
2.163221	0.073077
2.164204	0.073257
2.165186	0.073434
2.166169	0.073607
2.167152	0.073778
2.168135	0.073946
2.169117	0.074112
2.170100	0.074275
2.171083	0.074435
2.172066	0.074594
2.173049	0.074750
2.174031	0.074905
2.175014	0.075059
2.175997	0.075211
2.176980	0.075364
2.177962	0.075517
2.178945	0.075669
2.179928	0.075818
2.180911	0.075963
2.181894	0.076104
2.182876	0.076240
2.183859	0.076373
2.184842	0.076501
2.185825	0.076626
2.186807	0.076747
2.187790	0.076865
2.188773	0.076980
2.189756	0.077092
2.190739	0.077200
2.191721	0.077306
2.192704	0.077409
2.193687	0.077509
2.194670	0.077606
2.195652	0.077701
2.196635	0.077792
2.197618	0.077882
2.198601	0.077968
2.199583	0.078052
2.200566	0.078133
2.201549	0.078212
2.202532	0.078288
2.203515	0.078362
2.204497	0.078433
2.205480	0.078502
2.206463	0.078569
2.207446	0.078633
2.208428	0.078695
2.209411	0.078756
2.210394	0.078815
2.211377	0.078873
2.212360	0.078931
2.213342	0.078990
2.214325	0.079051
2.215308	0.079112
2.216291	0.079171
2.217273	0.079224
2.218256	0.079271
2.219239	0.079314
2.220222	0.079353
2.221205	0.079388
2.222187	0.079419
2.223170	0.079446
2.224153	0.079470
2.225136	0.079492
2.226118	0.079510
2.227101	0.079525
2.228084	0.079537
2.229067	0.079547
2.230050	0.079553
2.231032	0.079557
2.232015	0.079558
2.232998	0.079557
2.233981	0.079552
2.234963	0.079545
2.235946	0.079535
2.236929	0.079523
2.237912	0.079508
2.238895	0.079490
2.239877	0.079469
2.240860	0.079446
2.241843	0.079420
2.242826	0.079392
2.243808	0.079361
2.244791	0.079327
2.245774	0.079290
2.246757	0.079251
2.247739	0.079209
2.248722	0.079165
2.249705	0.079118
2.250688	0.079068
2.251671	0.079016
2.252653	0.078961
2.253636	0.078903
2.254619	0.078843
2.255602	0.078780
2.256584	0.078714
2.257567	0.078646
2.258550	0.078575
2.259533	0.078501
2.260516	0.078425
2.261498	0.078346
2.262481	0.078265
2.263464	0.078180
2.264447	0.078094
2.265429	0.078005
2.266412	0.077913
2.267395	0.077819
2.268378	0.077723
2.269361	0.077626
2.270343	0.077526
2.271326	0.077427
2.272309	0.077329
2.273292	0.077234
2.274274	0.077146
2.275257	0.077051
2.276240	0.076947
2.277223	0.076836
2.278206	0.076720
2.279188	0.076599
2.280171	0.076474
2.281154	0.076346
2.282137	0.076213
2.283119	0.076078
2.284102	0.075939
2.285085	0.075796
2.286068	0.075651
2.287051	0.075502
2.288033	0.075350
2.289016	0.075195
2.289999	0.075037
2.290982	0.074876
2.291964	0.074712
2.292947	0.074544
2.293930	0.074374
2.294913	0.074200
2.295895	0.074024
2.296878	0.073844
2.297861	0.073661
2.298844	0.073475
2.299827	0.073287
2.300809	0.073094
2.301792	0.072899
2.302775	0.072701
2.303758	0.072500
2.304740	0.072295
2.305723	0.072087
2.306706	0.071876
2.307689	0.071662
2.308672	0.071445
2.309654	0.071225
2.310637	0.071001
2.311620	0.070774
2.312603	0.070544
2.313585	0.070310
2.314568	0.070074
2.315551	0.069834
2.316534	0.069591
2.317517	0.069344
2.318499	0.069094
2.319482	0.068841
2.320465	0.068585
2.321448	0.068325
2.322430	0.068061
2.323413	0.067795
2.324396	0.067524
2.325379	0.067251
2.326362	0.066974
2.327344	0.066693
2.328327	0.066409
2.329310	0.066122
2.330293	0.065831
2.331275	0.065536
2.332258	0.065238
2.333241	0.064936
2.334224	0.064631
2.335207	0.064322
2.336189	0.064009
2.337172	0.063693
2.338155	0.063373
2.339138	0.063049
2.340120	0.062721
2.341103	0.062390
2.342086	0.062055
2.343069	0.061716
2.344051	0.061373
2.345034	0.061027
2.346017	0.060676
2.347000	0.060322
2.347983	0.059963
2.348965	0.059601
2.349948	0.059235
2.350931	0.058864
2.351914	0.058490
2.352896	0.058111
2.353879	0.057728
2.354862	0.057342
2.355845	0.056951
2.356828	0.056555
2.357810	0.056156
2.358793	0.055752
2.359776	0.055344
2.360759	0.054931
2.361741	0.054515
2.362724	0.054093
2.363707	0.053667
2.364690	0.053237
2.365673	0.052802
2.366655	0.052363
2.367638	0.051919
2.368621	0.051470
2.369604	0.051017
2.370586	0.050559
2.371569	0.050096
2.372552	0.049628
2.373535	0.049155
2.374518	0.048678
2.375500	0.048195
2.376483	0.047707
2.377466	0.047214
2.378449	0.046717
2.379431	0.046213
2.380414	0.045705
2.381397	0.045191
2.382380	0.044672
2.383363	0.044148
2.384345	0.043618
2.385328	0.043082
2.386311	0.042541
2.387294	0.041994
2.388276	0.041441
2.389259	0.040882
2.390242	0.040318
2.391225	0.039747
2.392208	0.039170
2.393190	0.038587
2.394173	0.037998
2.395156	0.037403
2.396139	0.036800
2.397121	0.036192
2.398104	0.035576
2.399087	0.034954
2.400070	0.034325
2.401052	0.033688
2.402035	0.033045
2.403018	0.032393
2.404001	0.031735
2.404984	0.031068
2.405966	0.030394
2.406949	0.029711
2.407932	0.029019
2.408915	0.028319
2.409897	0.027609
2.410880	0.026890
2.411863	0.026160
2.412846	0.025418
2.413829	0.024664
2.414811	0.023895
2.415794	0.023109
2.416777	0.022306
2.417760	0.021501
2.418742	0.020690
2.419725	0.019872
2.420708	0.019049
2.421691	0.018228
2.422674	0.017415
2.423656	0.016613
2.424639	0.015823
2.425622	0.015046
2.426605	0.014282
2.427587	0.013531
2.428570	0.012791
2.429553	0.012063
2.430536	0.011344
2.431519	0.010634
2.432501	0.009933
2.433484	0.009239
2.434467	0.008552
2.435450	0.007872
2.436432	0.007197
2.437415	0.006527
2.438398	0.005862
2.439381	0.005201
2.440364	0.004543
2.441346	0.003889
2.442329	0.003237
2.443312	0.002587
2.444295	0.001939
2.445277	0.001292
2.446260	0.000646
2.447243	0.000000
2.448226	0.000000
2.449208	0.000000
2.450191	0.000000
2.451174	0.000000
2.452157	0.000000
2.453140	0.000000
2.454122	0.000000
2.455105	0.000000
2.456088	0.000000
2.457071	0.000000
2.458053	0.000000
2.459036	0.000000
2.460019	0.000000
2.461002	0.000000
2.461985	0.000000
2.462967	0.000000
2.463950	0.000000
2.464933	0.000000
2.465916	0.000000
2.466898	0.000000
2.467881	0.000000
2.468864	0.000000
2.469847	0.000000
2.470830	0.000000
2.471812	0.000000
2.472795	0.000000
2.473778	0.000000
2.474761	0.000000
2.475743	0.000000
2.476726	0.000000
2.477709	0.000000
2.478692	0.000000
2.479675	0.000000
2.480657	0.000000
2.481640	0.000000
2.482623	0.000000
2.483606	0.000000
2.484588	0.000000
2.485571	0.000000
2.486554	0.000000
2.487537	0.000000
2.488520	0.000000
2.489502	0.000000
2.490485	0.000000
2.491468	0.000000
2.492451	0.000000
2.493433	0.000000
2.494416	0.000000
2.495399	0.000000
2.496382	0.000000
2.497364	0.000000
2.498347	0.000000
2.499330	0.000000
2.500313	0.000000
2.501296	0.000000
2.502278	0.000000
2.503261	0.000000
2.504244	0.000000
2.505227	0.000000
2.506209	0.000000
2.507192	0.000000
2.508175	0.000000
2.509158	0.000000
2.510141	0.000000
2.511123	0.000000
2.512106	0.000000
2.513089	0.000000
2.514072	0.000000
2.515054	0.000000
2.516037	0.000000
2.517020	0.000000
2.518003	0.000000
2.518986	0.000000
2.519968	0.000000
2.520951	0.000000
2.521934	0.000000
2.522917	0.000000
2.523899	0.000000
2.524882	0.000000
2.525865	0.000000
2.526848	0.000000
2.527831	0.000000
2.528813	0.000000
2.529796	0.000000
2.530779	0.000000
2.531762	0.000000
2.532744	0.000000
2.533727	0.000000
2.534710	0.000000
2.535693	0.000000
2.536676	0.000000
2.537658	0.000000
2.538641	0.000000
2.539624	0.000000
2.540607	0.000000
2.541589	0.000000
2.542572	0.000000
2.543555	0.000000
2.544538	0.000000
2.545520	0.000000
2.546503	0.000000
2.547486	0.000000
2.548469	0.000000
2.549452	0.000000
2.550434	0.000000
2.551417	0.000000
2.552400	0.000000
2.553383	0.000000
2.554365	0.000000
2.555348	0.000000
2.556331	0.000000
2.557314	0.000000
2.558297	0.000000
2.559279	0.000000
2.560262	0.000000
2.561245	0.000000
2.562228	0.000000
2.563210	0.000000
2.564193	0.000000
2.565176	0.000000
2.566159	0.000000
2.567142	0.000000
2.568124	0.000000
2.569107	0.000000
2.570090	0.000000
2.571073	0.000000
2.572055	0.000000
2.573038	0.000000
2.574021	0.000000
2.575004	0.000000
2.575987	0.000000
2.576969	0.000000
2.577952	0.000000
2.578935	0.000000
2.579918	0.000000
2.580900	0.000000
2.581883	0.000000
2.582866	0.000000
2.583849	0.000000
2.584832	0.000000
2.585814	0.000000
2.586797	0.000000
2.587780	0.000000
2.588763	0.000000
2.589745	0.000000
2.590728	0.000000
2.591711	0.000000
2.592694	0.000000
2.593676	0.000000
2.594659	0.000000
2.595642	0.000000
2.596625	0.000000
2.597608	0.000000
2.598590	0.000000
2.599573	0.000000
2.600556	0.000000
2.601539	0.000000
2.602521	0.000000
2.603504	0.000000
2.604487	0.000000
2.605470	0.000000
2.606453	0.000000
2.607435	0.000000
2.608418	0.000000
2.609401	0.000000
2.610384	0.000000
2.611366	0.000000
2.612349	0.000000
2.613332	0.000000
2.614315	0.000000
2.615298	0.000000
2.616280	0.000000
2.617263	0.000000
2.618246	0.000000
2.619229	0.000000
2.620211	0.000000
2.621194	0.000000
2.622177	0.000000
2.623160	0.000000
2.624143	0.000000
2.625125	0.000000
2.626108	0.000000
2.627091	0.000000
2.628074	0.000000
2.629056	0.000000
2.630039	0.000000
2.631022	0.000000
2.632005	0.000000
2.632988	0.000000
2.633970	0.000000
2.634953	0.000000
2.635936	0.000000
2.636919	0.000000
2.637901	0.000000
2.638884	0.000000
2.639867	0.000000
2.640850	0.000000
2.641833	0.000000
2.642815	0.000000
2.643798	0.000000
2.644781	0.000000
2.645764	0.000000
2.646746	0.000000
2.647729	0.000000
2.648712	0.000000
2.649695	0.000000
2.650677	0.000000
2.651660	0.000000
2.652643	0.000000
2.653626	0.000000
2.654609	0.000000
2.655591	0.000000
2.656574	0.000000
2.657557	0.000000
2.658540	0.000000
2.659522	0.000000
2.660505	0.000000
2.661488	0.000000
2.662471	0.000000
2.663454	0.000000
2.664436	0.000000
2.665419	0.000000
2.666402	0.000000
2.667385	0.000000
2.668367	0.000000
2.669350	0.000000
2.670333	0.000000
2.671316	0.000000
2.672299	0.000000
2.673281	0.000000
2.674264	0.000000
2.675247	0.000000
2.676230	0.000000
2.677212	0.000000
2.678195	0.000000
2.679178	0.000000
2.680161	0.000000
2.681144	0.000000
2.682126	0.000000
2.683109	0.000000
2.684092	0.000000
2.685075	0.000000
2.686057	0.000000
2.687040	0.000000
2.688023	0.000000
2.689006	0.000000
2.689989	0.000000
2.690971	0.000000
2.691954	0.000000
2.692937	0.000000
2.693920	0.000000
2.694902	0.000000
2.695885	0.000000
2.696868	0.000000
2.697851	0.000000
2.698833	0.000000
2.699816	0.000000
2.700799	0.000000
2.701782	0.000000
2.702765	0.000000
2.703747	0.000000
2.704730	0.000000
2.705713	0.000000
2.706696	0.000000
2.707678	0.000000
2.708661	0.000000
2.709644	0.000000
2.710627	0.000000
2.711610	0.000000
2.712592	0.000000
2.713575	0.000000
2.714558	0.000000
2.715541	0.000000
2.716523	0.000000
2.717506	0.000000
2.718489	0.000646
2.719472	0.001292
2.720455	0.001939
2.721437	0.002587
2.722420	0.003237
2.723403	0.003889
2.724386	0.004543
2.725368	0.005201
2.726351	0.005862
2.727334	0.006527
2.728317	0.007197
2.729300	0.007872
2.730282	0.008552
2.731265	0.009239
2.732248	0.009933
2.733231	0.010634
2.734213	0.011344
2.735196	0.012063
2.736179	0.012791
2.737162	0.013531
2.738145	0.014282
2.739127	0.015046
2.740110	0.015823
2.741093	0.016613
2.742076	0.017415
2.743058	0.018228
2.744041	0.019049
2.745024	0.019872
2.746007	0.020690
2.746989	0.021501
2.747972	0.022306
2.748955	0.023109
2.749938	0.023895
2.750921	0.024664
2.751903	0.025418
2.752886	0.026160
2.753869	0.026890
2.754852	0.027609
2.755834	0.028319
2.756817	0.029019
2.757800	0.029711
2.758783	0.030394
2.759766	0.031068
2.760748	0.031735
2.761731	0.032393
2.762714	0.033045
2.763697	0.033688
2.764679	0.034325
2.765662	0.034954
2.766645	0.035576
2.767628	0.036192
2.768611	0.036800
2.769593	0.037403
2.770576	0.037998
2.771559	0.038587
2.772542	0.039170
2.773524	0.039747
2.774507	0.040318
2.775490	0.040882
2.776473	0.041441
2.777456	0.041994
2.778438	0.042541
2.779421	0.043082
2.780404	0.043618
2.781387	0.044148
2.782369	0.044672
2.783352	0.045191
2.784335	0.045705
2.785318	0.046213
2.786301	0.046717
2.787283	0.047214
2.788266	0.047707
2.789249	0.048195
2.790232	0.048678
2.791214	0.049155
2.792197	0.049628
2.793180	0.050096
2.794163	0.050559
2.795145	0.051017
2.796128	0.051470
2.797111	0.051919
2.798094	0.052363
2.799077	0.052802
2.800059	0.053237
2.801042	0.053667
2.802025	0.054093
2.803008	0.054515
2.803990	0.054931
2.804973	0.055344
2.805956	0.055752
2.806939	0.056156
2.807922	0.056555
2.808904	0.056951
2.809887	0.057342
2.810870	0.057728
2.811853	0.058111
2.812835	0.058490
2.813818	0.058864
2.814801	0.059235
2.815784	0.059601
2.816767	0.059963
2.817749	0.060322
2.818732	0.060676
2.819715	0.061027
2.820698	0.061373
2.821680	0.061716
2.822663	0.062055
2.823646	0.062390
2.824629	0.062721
2.825612	0.063049
2.826594	0.063373
2.827577	0.063693
2.828560	0.064009
2.829543	0.064322
2.830525	0.064631
2.831508	0.064936
2.832491	0.065238
2.833474	0.065536
2.834457	0.065831
2.835439	0.066122
2.836422	0.066409
2.837405	0.066693
2.838388	0.066974
2.839370	0.067251
2.840353	0.067524
2.841336	0.067795
2.842319	0.068061
2.843301	0.068325
2.844284	0.068585
2.845267	0.068841
2.846250	0.069094
2.847233	0.069344
2.848215	0.069591
2.849198	0.069834
2.850181	0.070074
2.851164	0.070310
2.852146	0.070544
2.853129	0.070774
2.854112	0.071001
2.855095	0.071225
2.856078	0.071445
2.857060	0.071662
2.858043	0.071876
2.859026	0.072087
2.860009	0.072295
2.860991	0.072500
2.861974	0.072701
2.862957	0.072899
2.863940	0.073094
2.864923	0.073287
2.865905	0.073475
2.866888	0.073661
2.867871	0.073844
2.868854	0.074024
2.869836	0.074200
2.870819	0.074374
2.871802	0.074544
2.872785	0.074712
2.873768	0.074876
2.874750	0.075037
2.875733	0.075195
2.876716	0.075350
2.877699	0.075502
2.878681	0.075651
2.879664	0.075796
2.880647	0.075939
2.881630	0.076078
2.882613	0.076213
2.883595	0.076346
2.884578	0.076474
2.885561	0.076599
2.886544	0.076720
2.887526	0.076836
2.888509	0.076947
2.889492	0.077051
2.890475	0.077146
2.891458	0.077234
2.892440	0.077329
2.893423	0.077427
2.894406	0.077526
2.895389	0.077626
2.896371	0.077723
2.897354	0.077819
2.898337	0.077913
2.899320	0.078005
2.900302	0.078094
2.901285	0.078180
2.902268	0.078265
2.903251	0.078346
2.904234	0.078425
2.905216	0.078501
2.906199	0.078575
2.907182	0.078646
2.908165	0.078714
2.909147	0.078780
2.910130	0.078843
2.911113	0.078903
2.912096	0.078961
2.913079	0.079016
2.914061	0.079068
2.915044	0.079118
2.916027	0.079165
2.917010	0.079209
2.917992	0.079251
2.918975	0.079290
2.919958	0.079327
2.920941	0.079361
2.921924	0.079392
2.922906	0.079420
2.923889	0.079446
2.924872	0.079469
2.925855	0.079490
2.926837	0.079508
2.927820	0.079523
2.928803	0.079535
2.929786	0.079545
2.930769	0.079552
2.931751	0.079557
2.932734	0.079558
2.933717	0.079557
2.934700	0.079553
2.935682	0.079547
2.936665	0.079537
2.937648	0.079525
2.938631	0.079510
2.939614	0.079492
2.940596	0.079470
2.941579	0.079446
2.942562	0.079419
2.943545	0.079388
2.944527	0.079353
2.945510	0.079314
2.946493	0.079271
2.947476	0.079224
2.948458	0.079171
2.949441	0.079112
2.950424	0.079051
2.951407	0.078990
2.952390	0.078931
2.953372	0.078873
2.954355	0.078815
2.955338	0.078756
2.956321	0.078695
2.957303	0.078633
2.958286	0.078569
2.959269	0.078502
2.960252	0.078433
2.961235	0.078362
2.962217	0.078288
2.963200	0.078212
2.964183	0.078133
2.965166	0.078052
2.966148	0.077968
2.967131	0.077882
2.968114	0.077792
2.969097	0.077701
2.970080	0.077606
2.971062	0.077509
2.972045	0.077409
2.973028	0.077306
2.974011	0.077200
2.974993	0.077092
2.975976	0.076980
2.976959	0.076865
2.977942	0.076747
2.978925	0.076626
2.979907	0.076501
2.980890	0.076373
2.981873	0.076240
2.982856	0.076104
2.983838	0.075963
2.984821	0.075818
2.985804	0.075669
2.986787	0.075517
2.987770	0.075364
2.988752	0.075211
2.989735	0.075059
2.990718	0.074905
2.991701	0.074750
2.992683	0.074594
2.993666	0.074435
2.994649	0.074275
2.995632	0.074112
2.996614	0.073946
2.997597	0.073778
2.998580	0.073607
2.999563	0.073434
3.000546	0.073257
3.001528	0.073077
3.002511	0.072893
3.003494	0.072707
3.004477	0.072516
3.005459	0.072322
3.006442	0.072125
3.007425	0.071923
3.008408	0.071717
3.009391	0.071507
3.010373	0.071293
3.011356	0.071077
3.012339	0.070858
3.013322	0.070639
3.014304	0.070418
3.015287	0.070196
3.016270	0.069972
3.017253	0.069746
3.018236	0.069517
3.019218	0.069286
3.020201	0.069051
3.021184	0.068813
3.022167	0.068572
3.023149	0.068327
3.024132	0.068079
3.025115	0.067826
3.026098	0.067569
3.027081	0.067309
3.028063	0.067045
3.029046	0.066778
3.030029	0.066508
3.031012	0.066236
3.031994	0.065962
3.032977	0.065685
3.033960	0.065406
3.034943	0.065123
3.035926	0.064838
3.036908	0.064549
3.037891	0.064256
3.038874	0.063959
3.039857	0.063659
3.040839	0.063355
3.041822	0.063047
3.042805	0.062737
3.043788	0.062423
3.044770	0.062107
3.045753	0.061787
3.046736	0.061465
3.047719	0.061138
3.048702	0.060809
3.049684	0.060475
3.050667	0.060138
3.051650	0.059797
3.052633	0.059453
3.053615	0.059105
3.054598	0.058753
3.055581	0.058398
3.056564	0.058040
3.057547	0.057677
3.058529	0.057312
3.059512	0.056942
3.060495	0.056569
3.061478	0.056193
3.062460	0.055813
3.063443	0.055429
3.064426	0.055042
3.065409	0.054651
3.066392	0.054257
3.067374	0.053860
3.068357	0.053459
3.069340	0.053054
3.070323	0.052647
3.071305	0.052236
3.072288	0.051822
3.073271	0.051404
3.074254	0.050984
3.075237	0.050560
3.076219	0.050134
3.077202	0.049704
3.078185	0.049272
3.079168	0.048837
3.080150	0.048400
3.081133	0.047960
3.082116	0.047518
3.083099	0.047073
3.084082	0.046627
3.085064	0.046179
3.086047	0.045729
3.087030	0.045278
3.088013	0.044826
3.088995	0.044373
3.089978	0.043919
3.090961	0.043464
3.091944	0.043009
3.092926	0.042554
3.093909	0.042099
3.094892	0.041644
3.095875	0.041190
3.096858	0.040736
3.097840	0.040284
3.098823	0.039833
3.099806	0.039383
3.100789	0.038935
3.101771	0.038489
3.102754	0.038045
3.103737	0.037603
3.104720	0.037164
3.105703	0.036728
3.106685	0.036295
3.107668	0.035864
3.108651	0.035437
3.109634	0.035013
3.110616	0.034593
3.111599	0.034176
3.112582	0.033763
3.113565	0.033355
3.114548	0.032950
3.115530	0.032549
3.116513	0.032152
3.117496	0.031760
3.118479	0.031372
3.119461	0.030988
3.120444	0.030609
3.121427	0.030234
3.122410	0.029863
3.123393	0.029498
3.124375	0.029136
3.125358	0.028780
3.126341	0.028427
3.127324	0.028080
3.128306	0.027736
3.129289	0.027398
3.130272	0.027063
3.131255	0.026734
3.132238	0.026408
3.133220	0.026087
3.134203	0.025771
3.135186	0.025459
3.136169	0.025151
3.137151	0.024847
3.138134	0.024548
3.139117	0.024253
3.140100	0.023962
3.141083	0.023675
3.142065	0.023392
3.143048	0.023113
3.144031	0.022838
3.145014	0.022567
3.145996	0.022300
3.146979	0.022036
3.147962	0.021777
3.148945	0.021521
3.149927	0.021269
3.150910	0.021020
3.151893	0.020775
3.152876	0.020533
3.153859	0.020295
3.154841	0.020060
3.155824	0.019828
3.156807	0.019600
3.157790	0.019375
3.158772	0.019153
3.159755	0.018934
3.160738	0.018718
3.161721	0.018505
3.162704	0.018296
3.163686	0.018089
3.164669	0.017885
3.165652	0.017684
3.166635	0.017485
3.167617	0.017290
3.168600	0.017097
3.169583	0.016907
3.170566	0.016719
3.171549	0.016534
3.172531	0.016352
3.173514	0.016172
3.174497	0.015994
3.175480	0.015819
3.176462	0.015646
3.177445	0.015476
3.178428	0.015308
3.179411	0.015142
3.180394	0.014978
3.181376	0.014817
3.182359	0.014658
3.183342	0.014501
3.184325	0.014345
3.185307	0.014192
3.186290	0.014041
3.187273	0.013892
3.188256	0.013745
3.189239	0.013600
3.190221	0.013457
3.191204	0.013315
3.192187	0.013176
3.193170	0.013038
3.194152	0.012902
3.195135	0.012768
3.196118	0.012635
3.197101	0.012504
3.198083	0.012375
3.199066	0.012247
3.200049	0.012121
3.201032	0.011997
3.202015	0.011874
3.202997	0.011753
3.203980	0.011633
3.204963	0.011515
3.205946	0.011398
3.206928	0.011283
3.207911	0.011169
3.208894	0.011056
3.209877	0.010945
3.210860	0.010835
3.211842	0.010727
3.212825	0.010619
3.213808	0.010514
3.214791	0.010409
3.215773	0.010306
3.216756	0.010204
3.217739	0.010103
3.218722	0.010003
3.219705	0.009905
3.220687	0.009807
3.221670	0.009711
3.222653	0.009616
3.223636	0.009522
3.224618	0.009430
3.225601	0.009338
3.226584	0.009247
3.227567	0.009158
3.228550	0.009069
3.229532	0.008982
3.230515	0.008895
3.231498	0.008809
3.232481	0.008725
3.233463	0.008641
3.234446	0.008559
3.235429	0.008477
3.236412	0.008396
3.237395	0.008316
3.238377	0.008238
3.239360	0.008159
3.240343	0.008082
3.241326	0.008006
3.242308	0.007931
3.243291	0.007856
3.244274	0.007782
3.245257	0.007709
3.246239	0.007637
3.247222	0.007566
3.248205	0.007495
3.249188	0.007425
3.250171	0.007356
3.251153	0.007288
3.252136	0.007220
3.253119	0.007153
3.254102	0.007087
3.255084	0.007022
3.256067	0.006957
3.257050	0.006893
3.258033	0.006830
3.259016	0.006767
3.259998	0.006705
3.260981	0.006644
3.261964	0.006583
3.262947	0.006523
3.263929	0.006464
3.264912	0.006405
3.265895	0.006347
3.266878	0.006289
3.267861	0.006232
3.268843	0.006176
3.269826	0.006120
3.270809	0.006065
3.271792	0.006010
3.272774	0.005956
3.273757	0.005903
3.274740	0.005850
3.275723	0.005797
3.276706	0.005745
3.277688	0.005694
3.278671	0.005643
3.279654	0.005593
3.280637	0.005543
3.281619	0.005494
3.282602	0.005445
3.283585	0.005396
3.284568	0.005349
3.285551	0.005301
3.286533	0.005254
3.287516	0.005208
3.288499	0.005162
3.289482	0.005116
3.290464	0.005071
3.291447	0.005027
3.292430	0.004982
3.293413	0.004939
3.294395	0.004895
3.295378	0.004852
3.296361	0.004810
3.297344	0.004768
3.298327	0.004726
3.299309	0.004685
3.300292	0.004644
3.301275	0.004603
3.302258	0.004563
3.303240	0.004524
3.304223	0.004484
3.305206	0.004445
3.306189	0.004407
3.307172	0.004368
3.308154	0.004331
3.309137	0.004293
3.310120	0.004256
3.311103	0.004219
3.312085	0.004183
3.313068	0.004146
3.314051	0.004111
3.315034	0.004075
3.316017	0.004040
3.316999	0.004005
3.317982	0.003971
3.318965	0.003937
3.319948	0.003903
3.320930	0.003869
3.321913	0.003836
3.322896	0.003803
3.323879	0.003770
3.324862	0.003738
3.325844	0.003706
3.326827	0.003674
3.327810	0.003643
3.328793	0.003612
3.329775	0.003581
3.330758	0.003550
3.331741	0.003520
3.332724	0.003490
3.333707	0.003460
3.334689	0.003430
3.335672	0.003401
3.336655	0.003372
3.337638	0.003343
3.338620	0.003315
3.339603	0.003286
3.340586	0.003258
3.341569	0.003231
3.342551	0.003203
3.343534	0.003176
3.344517	0.003149
3.345500	0.003122
3.346483	0.003095
3.347465	0.003069
3.348448	0.003043
3.349431	0.003017
3.350414	0.002991
3.351396	0.002966
3.352379	0.002940
3.353362	0.002915
3.354345	0.002891
3.355328	0.002866
3.356310	0.002841
3.357293	0.002817
3.358276	0.002793
3.359259	0.002769
3.360241	0.002746
3.361224	0.002722
3.362207	0.002699
3.363190	0.002676
3.364173	0.002653
3.365155	0.002631
3.366138	0.002608
3.367121	0.002586
3.368104	0.002564
3.369086	0.002542
3.370069	0.002520
3.371052	0.002499
3.372035	0.002477
3.373018	0.002456
3.374000	0.002435
3.374983	0.002414
3.375966	0.002394
3.376949	0.002373
3.377931	0.002353
3.378914	0.002332
3.379897	0.002312
3.380880	0.002293
3.381863	0.002273
3.382845	0.002253
3.383828	0.002234
3.384811	0.002215
3.385794	0.002195
3.386776	0.002176
3.387759	0.002158
3.388742	0.002139
3.389725	0.002120
3.390708	0.002102
3.391690	0.002084
3.392673	0.002066
3.393656	0.002048
3.394639	0.002030
3.395621	0.002012
3.396604	0.001995
3.397587	0.001977
3.398570	0.001960
3.399552	0.001943
3.400535	0.001926
3.401518	0.001909
3.402501	0.001892
3.403484	0.001875
3.404466	0.001859
3.405449	0.001842
3.406432	0.001826
3.407415	0.001810
3.408397	0.001794
3.409380	0.001778
3.410363	0.001762
3.411346	0.001746
3.412329	0.001731
3.413311	0.001715
3.414294	0.001700
3.415277	0.001685
3.416260	0.001669
3.417242	0.001654
3.418225	0.001639
3.419208	0.001625
3.420191	0.001610
3.421174	0.001595
3.422156	0.001581
3.423139	0.001566
3.424122	0.001552
3.425105	0.001538
3.426087	0.001524
3.427070	0.001510
3.428053	0.001496
3.429036	0.001482
3.430019	0.001468
3.431001	0.001454
3.431984	0.001441
3.432967	0.001427
3.433950	0.001414
3.434932	0.001401
3.435915	0.001387
3.436898	0.001374
3.437881	0.001361
3.438864	0.001348
3.439846	0.001335
3.440829	0.001323
3.441812	0.001310
3.442795	0.001297
3.443777	0.001285
3.444760	0.001272
3.445743	0.001260
3.446726	0.001248
3.447708	0.001235
3.448691	0.001223
3.449674	0.001211
3.450657	0.001199
3.451640	0.001187
3.452622	0.001175
3.453605	0.001164
3.454588	0.001152
3.455571	0.001140
3.456553	0.001129
3.457536	0.001117
3.458519	0.001106
3.459502	0.001094
3.460485	0.001083
3.461467	0.001072
3.462450	0.001061
3.463433	0.001049
3.464416	0.001038
3.465398	0.001027
3.466381	0.001016
3.467364	0.001006
3.468347	0.000995
3.469330	0.000984
3.470312	0.000973
3.471295	0.000963
3.472278	0.000952
3.473261	0.000942
3.474243	0.000931
3.475226	0.000921
3.476209	0.000910
3.477192	0.000900
3.478175	0.000890
3.479157	0.000880
3.480140	0.000870
3.481123	0.000859
3.482106	0.000849
3.483088	0.000839
3.484071	0.000830
3.485054	0.000820
3.486037	0.000810
3.487020	0.000800
3.488002	0.000790
3.488985	0.000781
3.489968	0.000771
3.490951	0.000761
3.491933	0.000752
3.492916	0.000742
3.493899	0.000733
3.494882	0.000723
3.495864	0.000714
3.496847	0.000705
3.497830	0.000695
3.498813	0.000686
3.499796	0.000677
3.500778	0.000668
3.501761	0.000659
3.502744	0.000649
3.503727	0.000640
3.504709	0.000631
3.505692	0.000622
3.506675	0.000613
3.507658	0.000604
3.508641	0.000596
3.509623	0.000587
3.510606	0.000578
3.511589	0.000569
3.512572	0.000560
3.513554	0.000552
3.514537	0.000543
3.515520	0.000534
3.516503	0.000526
3.517486	0.000517
3.518468	0.000509
3.519451	0.000500
3.520434	0.000491
3.521417	0.000483
3.522399	0.000475
3.523382	0.000466
3.524365	0.000458
3.525348	0.000449
3.526331	0.000441
3.527313	0.000433
3.528296	0.000424
3.529279	0.000416
3.530262	0.000408
3.531244	0.000400
3.532227	0.000391
3.533210	0.000383
3.534193	0.000375
3.535176	0.000367
3.536158	0.000359
3.537141	0.000351
3.538124	0.000343
3.539107	0.000335
3.540089	0.000327
3.541072	0.000319
3.542055	0.000311
3.543038	0.000303
3.544020	0.000295
3.545003	0.000287
3.545986	0.000279
3.546969	0.000271
3.547952	0.000263
3.548934	0.000255
3.549917	0.000247
3.550900	0.000239
3.551883	0.000231
3.552865	0.000224
3.553848	0.000216
3.554831	0.000208
3.555814	0.000200
3.556797	0.000192
3.557779	0.000185
3.558762	0.000177
3.559745	0.000169
3.560728	0.000161
3.561710	0.000154
3.562693	0.000146
3.563676	0.000138
3.564659	0.000130
3.565642	0.000123
3.566624	0.000115
3.567607	0.000107
3.568590	0.000100
3.569573	0.000092
3.570555	0.000084
3.571538	0.000077
3.572521	0.000069
3.573504	0.000061
3.574487	0.000054
3.575469	0.000046
3.576452	0.000038
3.577435	0.000031
3.578418	0.000023
3.579400	0.000015
3.580375	0.000008
3.581350	0.000015
3.582325	0.000022
3.583300	0.000030
3.584274	0.000037
3.585249	0.000044
3.586224	0.000052
3.587199	0.000059
3.588174	0.000066
3.589148	0.000073
3.590123	0.000080
3.591098	0.000087
3.592073	0.000093
3.593048	0.000100
3.594022	0.000107
3.594997	0.000113
3.595972	0.000120
3.596947	0.000127
3.597921	0.000133
3.598896	0.000140
3.599871	0.000146
3.600846	0.000152
3.601821	0.000159
3.602795	0.000165
3.603770	0.000171
3.604745	0.000177
3.605720	0.000184
3.606695	0.000190
3.607669	0.000196
3.608644	0.000202
3.609619	0.000208
3.610594	0.000213
3.611569	0.000219
3.612543	0.000225
3.613518	0.000231
3.614493	0.000237
3.615468	0.000242
3.616443	0.000248
3.617417	0.000254
3.618392	0.000259
3.619367	0.000265
3.620342	0.000270
3.621316	0.000276
3.622291	0.000281
3.623266	0.000286
3.624241	0.000292
3.625216	0.000297
3.626190	0.000302
3.627165	0.000308
3.628140	0.000313
3.629115	0.000318
3.630090	0.000323
3.631064	0.000328
3.632039	0.000333
3.633014	0.000338
3.633989	0.000343
3.634964	0.000348
3.635938	0.000353
3.636913	0.000358
3.637888	0.000362
3.638863	0.000367
3.639838	0.000372
3.640812	0.000377
3.641787	0.000381
3.642762	0.000386
3.643737	0.000390
3.644711	0.000395
3.645686	0.000400
3.646661	0.000404
3.647636	0.000408
3.648611	0.000413
3.649585	0.000417
3.650560	0.000422
3.651535	0.000426
3.652510	0.000430
3.653485	0.000434
3.654459	0.000439
3.655434	0.000443
3.656409	0.000447
3.657384	0.000451
3.658359	0.000455
3.659333	0.000459
3.660308	0.000463
3.661283	0.000467
3.662258	0.000471
3.663233	0.000475
3.664207	0.000479
3.665182	0.000483
3.666157	0.000486
3.667132	0.000490
3.668106	0.000494
3.669081	0.000497
3.670056	0.000501
3.671031	0.000505
3.672006	0.000508
3.672980	0.000512
3.673955	0.000515
3.674930	0.000519
3.675905	0.000522
3.676880	0.000526
3.677854	0.000529
3.678829	0.000532
3.679804	0.000536
3.680779	0.000539
3.681754	0.000542
3.682728	0.000546
3.683703	0.000549
3.684678	0.000552
3.685653	0.000555
3.686628	0.000558
3.687602	0.000561
3.688577	0.000564
3.689552	0.000567
3.690527	0.000570
3.691501	0.000573
3.692476	0.000576
3.693451	0.000579
3.694426	0.000582
3.695401	0.000584
3.696375	0.000587
3.697350	0.000590
3.698325	0.000592
3.699300	0.000595
3.700275	0.000598
3.701249	0.000600
3.702224	0.000603
3.703199	0.000605
3.704174	0.000608
3.705149	0.000610
3.706123	0.000613
3.707098	0.000615
3.708073	0.000618
3.709048	0.000620
3.710023	0.000622
3.710997	0.000624
3.711972	0.000627
3.712947	0.000629
3.713922	0.000631
3.714897	0.000633
3.715871	0.000635
3.716846	0.000637
3.717821	0.000639
3.718796	0.000641
3.719770	0.000643
3.720745	0.000645
3.721720	0.000647
3.722695	0.000649
3.723670	0.000651
3.724644	0.000653
3.725619	0.000654
3.726594	0.000656
3.727569	0.000658
3.728544	0.000660
3.729518	0.000661
3.730493	0.000663
3.731468	0.000664
3.732443	0.000666
3.733418	0.000668
3.734392	0.000669
3.735367	0.000671
3.736342	0.000672
3.737317	0.000673
3.738292	0.000675
3.739266	0.000676
3.740241	0.000677
3.741216	0.000679
3.742191	0.000680
3.743165	0.000681
3.744140	0.000682
3.745115	0.000683
3.746090	0.000685
3.747065	0.000686
3.748039	0.000687
3.749014	0.000688
3.749989	0.000689
3.750964	0.000690
3.751939	0.000691
3.752913	0.000692
3.753888	0.000692
3.754863	0.000693
3.755838	0.000694
3.756813	0.000695
3.757787	0.000696
3.758762	0.000696
3.759737	0.000697
3.760712	0.000698
3.761687	0.000698
3.762661	0.000699
3.763636	0.000700
3.764611	0.000700
3.765586	0.000701
3.766560	0.000701
3.767535	0.000702
3.768510	0.000702
3.769485	0.000703
3.770460	0.000703
3.771434	0.000703
3.772409	0.000704
3.773384	0.000704
3.774359	0.000704
3.775334	0.000704
3.776308	0.000705
3.777283	0.000705
3.778258	0.000705
3.779233	0.000705
3.780208	0.000705
3.781182	0.000705
3.782157	0.000705
3.783132	0.000705
3.784107	0.000705
3.785082	0.000705
3.786056	0.000705
3.787031	0.000705
3.788006	0.000705
3.788981	0.000705
3.789955	0.000705
3.790930	0.000704
3.791905	0.000704
3.792880	0.000704
3.793855	0.000704
3.794829	0.000703
3.795804	0.000703
3.796779	0.000703
3.797754	0.000702
3.798729	0.000702
3.799703	0.000701
3.800678	0.000701
3.801653	0.000700
3.802628	0.000700
3.803603	0.000699
3.804577	0.000699
3.805552	0.000698
3.806527	0.000697
3.807502	0.000697
3.808477	0.000696
3.809451	0.000695
3.810426	0.000695
3.811401	0.000694
3.812376	0.000693
3.813350	0.000692
3.814325	0.000692
3.815300	0.000691
3.816275	0.000690
3.817250	0.000689
3.818224	0.000688
3.819199	0.000687
3.820174	0.000686
3.821149	0.000685
3.822124	0.000684
3.823098	0.000683
3.824073	0.000682
3.825048	0.000681
3.826023	0.000680
3.826998	0.000679
3.827972	0.000678
3.828947	0.000676
3.829922	0.000675
3.830897	0.000674
3.831872	0.000673
3.832846	0.000671
3.833821	0.000670
3.834796	0.000669
3.835771	0.000668
3.836746	0.000666
3.837720	0.000665
3.838695	0.000663
3.839670	0.000662
3.840645	0.000661
3.841619	0.000659
3.842594	0.000658
3.843569	0.000656
3.844544	0.000655
3.845519	0.000653
3.846493	0.000651
3.847468	0.000650
3.848443	0.000648
3.849418	0.000647
3.850393	0.000645
3.851367	0.000643
3.852342	0.000642
3.853317	0.000640
3.854292	0.000638
3.855267	0.000637
3.856241	0.000635
3.857216	0.000633
3.858191	0.000631
3.859166	0.000629
3.860141	0.000628
3.861115	0.000626
3.862090	0.000624
3.863065	0.000622
3.864040	0.000620
3.865014	0.000618
3.865989	0.000616
3.866964	0.000614
3.867939	0.000612
3.868914	0.000610
3.869888	0.000608
3.870863	0.000606
3.871838	0.000604
3.872813	0.000602
3.873788	0.000600
3.874762	0.000598
3.875737	0.000596
3.876712	0.000594
3.877687	0.000591
3.878662	0.000589
3.879636	0.000587
3.880611	0.000585
3.881586	0.000583
3.882561	0.000580
3.883536	0.000578
3.884510	0.000576
3.885485	0.000574
3.886460	0.000571
3.887435	0.000569
3.888409	0.000567
3.889384	0.000564
3.890359	0.000562
3.891334	0.000560
3.892309	0.000557
3.893283	0.000555
3.894258	0.000552
3.895233	0.000550
3.896208	0.000548
3.897183	0.000545
3.898157	0.000543
3.899132	0.000540
3.900107	0.000538
3.901082	0.000535
3.902057	0.000533
3.903031	0.000530
3.904006	0.000528
3.904981	0.000525
3.905956	0.000522
3.906931	0.000520
3.907905	0.000517
3.908880	0.000515
3.909855	0.000512
3.910830	0.000509
3.911804	0.000507
3.912779	0.000504
3.913754	0.000501
3.914729	0.000499
3.915704	0.000496
3.916678	0.000493
3.917653	0.000491
3.918628	0.000488
3.919603	0.000485
3.920578	0.000482
3.921552	0.000480
3.922527	0.000477
3.923502	0.000474
3.924477	0.000471
3.925452	0.000468
3.926426	0.000466
3.927401	0.000463
3.928376	0.000460
3.929351	0.000457
3.930326	0.000454
3.931300	0.000451
3.932275	0.000449
3.933250	0.000446
3.934225	0.000443
3.935200	0.000440
3.936174	0.000437
3.937149	0.000434
3.938124	0.000431
3.939099	0.000428
3.940073	0.000425
3.941048	0.000422
3.942023	0.000419
3.942998	0.000416
3.943973	0.000413
3.944947	0.000410
3.945922	0.000407
3.946897	0.000404
3.947872	0.000401
3.948847	0.000398
3.949821	0.000395
3.950796	0.000392
3.951771	0.000389
3.952746	0.000386
3.953721	0.000383
3.954695	0.000380
3.955670	0.000377
3.956645	0.000374
3.957620	0.000371
3.958595	0.000368
3.959569	0.000365
3.960544	0.000362
3.961519	0.000358
3.962494	0.000355
3.963468	0.000352
3.964443	0.000349
3.965418	0.000346
3.966393	0.000343
3.967368	0.000340
3.968342	0.000336
3.969317	0.000333
3.970292	0.000330
3.971267	0.000327
3.972242	0.000324
3.973216	0.000321
3.974191	0.000318
3.975166	0.000314
3.976141	0.000311
3.977116	0.000308
3.978090	0.000305
3.979065	0.000302
3.980040	0.000298
3.981015	0.000295
3.981990	0.000292
3.982964	0.000289
3.983939	0.000286
3.984914	0.000282
3.985889	0.000279
3.986863	0.000276
3.987838	0.000273
3.988813	0.000269
3.989788	0.000266
3.990763	0.000263
3.991737	0.000260
3.992712	0.000256
3.993687	0.000253
3.994662	0.000250
3.995637	0.000247
3.996611	0.000243
3.997586	0.000240
3.998561	0.000237
3.999536	0.000234
4.000511	0.000230
4.001485	0.000227
4.002460	0.000224
4.003435	0.000221
4.004410	0.000217
4.005385	0.000214
4.006359	0.000211
4.007334	0.000207
4.008309	0.000204
4.009284	0.000201
4.010258	0.000198
4.011233	0.000194
4.012208	0.000191
4.013183	0.000188
4.014158	0.000185
4.015132	0.000181
4.016107	0.000178
4.017082	0.000175
4.018057	0.000171
4.019032	0.000168
4.020006	0.000165
4.020981	0.000162
4.021956	0.000158
4.022931	0.000155
4.023906	0.000152
4.024880	0.000148
4.025855	0.000145
4.026830	0.000142
4.027805	0.000139
4.028780	0.000135
4.029754	0.000132
4.030729	0.000129
4.031704	0.000126
4.032679	0.000122
4.033653	0.000119
4.034628	0.000116
4.035603	0.000112
4.036578	0.000109
4.037553	0.000106
4.038527	0.000103
4.039502	0.000099
4.040477	0.000096
4.041452	0.000093
4.042427	0.000090
4.043401	0.000086
4.044376	0.000083
4.045351	0.000080
4.046326	0.000077
4.047301	0.000073
4.048275	0.000070
4.049250	0.000067
4.050225	0.000064
4.051200	0.000061
4.052175	0.000057
4.053149	0.000054
4.054124	0.000051
4.055099	0.000048
4.056074	0.000044
4.057049	0.000041
4.058023	0.000038
4.058998	0.000035
4.059973	0.000032
4.060948	0.000029
4.061922	0.000025
4.062897	0.000022
4.063872	0.000019
4.064847	0.000016
4.065822	0.000013
4.066796	0.000009
4.067779	0.000006
4.068762	0.000013
4.069745	0.000019
4.070728	0.000025
4.071710	0.000032
4.072693	0.000038
4.073676	0.000044
4.074659	0.000051
4.075641	0.000057
4.076624	0.000064
4.077607	0.000070
4.078590	0.000076
4.079573	0.000083
4.080555	0.000089
4.081538	0.000095
4.082521	0.000102
4.083504	0.000108
4.084486	0.000115
4.085469	0.000121
4.086452	0.000127
4.087435	0.000134
4.088417	0.000140
4.089400	0.000147
4.090383	0.000153
4.091366	0.000160
4.092349	0.000166
4.093331	0.000172
4.094314	0.000179
4.095297	0.000185
4.096280	0.000192
4.097262	0.000198
4.098245	0.000205
4.099228	0.000211
4.100211	0.000218
4.101194	0.000224
4.102176	0.000231
4.103159	0.000237
4.104142	0.000244
4.105125	0.000250
4.106107	0.000257
4.107090	0.000264
4.108073	0.000270
4.109056	0.000277
4.110039	0.000283
4.111021	0.000290
4.112004	0.000297
4.112987	0.000303
4.113970	0.000310
4.114952	0.000317
4.115935	0.000323
4.116918	0.000330
4.117901	0.000337
4.118884	0.000343
4.119866	0.000350
4.120849	0.000357
4.121832	0.000364
4.122815	0.000370
4.123797	0.000377
4.124780	0.000384
4.125763	0.000391
4.126746	0.000398
4.127729	0.000405
4.128711	0.000411
4.129694	0.000418
4.130677	0.000425
4.131660	0.000432
4.132642	0.000439
4.133625	0.000446
4.134608	0.000453
4.135591	0.000460
4.136573	0.000467
4.137556	0.000474
4.138539	0.000481
4.139522	0.000488
4.140505	0.000495
4.141487	0.000502
4.142470	0.000510
4.143453	0.000517
4.144436	0.000524
4.145418	0.000531
4.146401	0.000538
4.147384	0.000545
4.148367	0.000553
4.149350	0.000560
4.150332	0.000567
4.151315	0.000575
4.152298	0.000582
4.153281	0.000589
4.154263	0.000597
4.155246	0.000604
4.156229	0.000611
4.157212	0.000619
4.158195	0.000626
4.159177	0.000634
4.160160	0.000641
4.161143	0.000649
4.162126	0.000657
4.163108	0.000664
4.164091	0.000672
4.165074	0.000679
4.166057	0.000687
4.167040	0.000695
4.168022	0.000702
4.169005	0.000710
4.169988	0.000718
4.170971	0.000726
4.171953	0.000734
4.172936	0.000742
4.173919	0.000749
4.174902	0.000757
4.175885	0.000765
4.176867	0.000773
4.177850	0.000781
4.178833	0.000789
4.179816	0.000797
4.180798	0.000805
4.181781	0.000814
4.182764	0.000822
4.183747	0.000830
4.184729	0.000838
4.185712	0.000846
4.186695	0.000855
4.187678	0.000863
4.188661	0.000871
4.189643	0.000880
4.190626	0.000888
4.191609	0.000897
4.192592	0.000905
4.193574	0.000914
4.194557	0.000922
4.195540	0.000931
4.196523	0.000939
4.197506	0.000948
4.198488	0.000957
4.199471	0.000965
4.200454	0.000974
4.201437	0.000983
4.202419	0.000992
4.203402	0.001000
4.204385	0.001009
4.205368	0.001018
4.206351	0.001027
4.207333	0.001036
4.208316	0.001045
4.209299	0.001054
4.210282	0.001063
4.211264	0.001073
4.212247	0.001082
4.213230	0.001091
4.214213	0.001100
4.215196	0.001110
4.216178	0.001119
4.217161	0.001128
4.218144	0.001138
4.219127	0.001147
4.220109	0.001157
4.221092	0.001166
4.222075	0.001176
4.223058	0.001185
4.224041	0.001195
4.225023	0.001205
4.226006	0.001215
4.226989	0.001224
4.227972	0.001234
4.228954	0.001244
4.229937	0.001254
4.230920	0.001264
4.231903	0.001274
4.232885	0.001284
4.233868	0.001294
4.234851	0.001304
4.235834	0.001314
4.236817	0.001325
4.237799	0.001335
4.238782	0.001345
4.239765	0.001356
4.240748	0.001366
4.241730	0.001376
4.242713	0.001387
4.243696	0.001397
4.244679	0.001408
4.245662	0.001419
4.246644	0.001429
4.247627	0.001440
4.248610	0.001451
4.249593	0.001462
4.250575	0.001473
4.251558	0.001483
4.252541	0.001494
4.253524	0.001505
4.254507	0.001517
4.255489	0.001528
4.256472	0.001539
4.257455	0.001550
4.258438	0.001561
4.259420	0.001573
4.260403	0.001584
4.261386	0.001595
4.262369	0.001607
4.263352	0.001618
4.264334	0.001630
4.265317	0.001642
4.266300	0.001653
4.267283	0.001665
4.268265	0.001677
4.269248	0.001689
4.270231	0.001701
4.271214	0.001713
4.272197	0.001725
4.273179	0.001737
4.274162	0.001749
4.275145	0.001761
4.276128	0.001773
4.277110	0.001785
4.278093	0.001798
4.279076	0.001810
4.280059	0.001823
4.281042	0.001835
4.282024	0.001848
4.283007	0.001860
4.283990	0.001873
4.284973	0.001886
4.285955	0.001898
4.286938	0.001911
4.287921	0.001924
4.288904	0.001937
4.289886	0.001950
4.290869	0.001963
4.291852	0.001976
4.292835	0.001989
4.293818	0.002003
4.294800	0.002016
4.295783	0.002029
4.296766	0.002043
4.297749	0.002056
4.298731	0.002070
4.299714	0.002083
4.300697	0.002097
4.301680	0.002111
4.302663	0.002124
4.303645	0.002138
4.304628	0.002152
4.305611	0.002166
4.306594	0.002180
4.307576	0.002194
4.308559	0.002208
4.309542	0.002222
4.310525	0.002237
4.311508	0.002251
4.312490	0.002265
4.313473	0.002280
4.314456	0.002294
4.315439	0.002309
4.316421	0.002323
4.317404	0.002338
4.318387	0.002353
4.319370	0.002368
4.320353	0.002383
4.321335	0.002398
4.322318	0.002413
4.323301	0.002428
4.324284	0.002443
4.325266	0.002458
4.326249	0.002473
4.327232	0.002489
4.328215	0.002504
4.329198	0.002519
4.330180	0.002535
4.331163	0.002550
4.332146	0.002566
4.333129	0.002582
4.334111	0.002598
4.335094	0.002613
4.336077	0.002629
4.337060	0.002645
4.338042	0.002661
4.339025	0.002678
4.340008	0.002694
4.340991	0.002710
4.341974	0.002726
4.342956	0.002743
4.343939	0.002759
4.344922	0.002776
4.345905	0.002792
4.346887	0.002809
4.347870	0.002825
4.348853	0.002842
4.349836	0.002859
4.350819	0.002876
4.351801	0.002893
4.352784	0.002910
4.353767	0.002927
4.354750	0.002944
4.355732	0.002961
4.356715	0.002979
4.357698	0.002996
4.358681	0.003014
4.359664	0.003031
4.360646	0.003049
4.361629	0.003066
4.362612	0.003084
4.363595	0.003102
4.364577	0.003120
4.365560	0.003137
4.366543	0.003155
4.367526	0.003173
4.368509	0.003192
4.369491	0.003210
4.370474	0.003228
4.371457	0.003246
4.372440	0.003265
4.373422	0.003283
4.374405	0.003302
4.375388	0.003320
4.376371	0.003339
4.377354	0.003358
4.378336	0.003376
4.379319	0.003395
4.380302	0.003414
4.381285	0.003433
4.382267	0.003452
4.383250	0.003471
4.384233	0.003490
4.385216	0.003510
4.386198	0.003529
4.387181	0.003548
4.388164	0.003568
4.389147	0.003587
4.390130	0.003607
4.391112	0.003626
4.392095	0.003646
4.393078	0.003666
4.394061	0.003686
4.395043	0.003706
4.396026	0.003725
4.397009	0.003746
4.397992	0.003766
4.398975	0.003786
4.399957	0.003806
4.400940	0.003826
4.401923	0.003847
4.402906	0.003867
4.403888	0.003887
4.404871	0.003908
4.405854	0.003929
4.406837	0.003949
4.407820	0.003970
4.408802	0.003991
4.409785	0.004011
4.410768	0.004032
4.411751	0.004053
4.412733	0.004074
4.413716	0.004095
4.414699	0.004117
4.415682	0.004138
4.416665	0.004159
4.417647	0.004180
4.418630	0.004202
4.419613	0.004223
4.420596	0.004245
4.421578	0.004266
4.422561	0.004288
4.423544	0.004309
4.424527	0.004331
4.425510	0.004353
4.426492	0.004375
4.427475	0.004397
4.428458	0.004419
4.429441	0.004441
4.430423	0.004463
4.431406	0.004485
4.432389	0.004507
4.433372	0.004529
4.434354	0.004551
4.435337	0.004574
4.436320	0.004596
4.437303	0.004618
4.438286	0.004641
4.439268	0.004663
4.440251	0.004686
4.441234	0.004709
4.442217	0.004731
4.443199	0.004754
4.444182	0.004777
4.445165	0.004800
4.446148	0.004822
4.447131	0.004845
4.448113	0.004868
4.449096	0.004891
4.450079	0.004914
4.451062	0.004937
4.452044	0.004961
4.453027	0.004984
4.454010	0.005007
4.454993	0.005030
4.455976	0.005054
4.456958	0.005077
4.457941	0.005100
4.458924	0.005124
4.459907	0.005147
4.460889	0.005171
4.461872	0.005194
4.462855	0.005218
4.463838	0.005241
4.464821	0.005265
4.465803	0.005289
4.466786	0.005312
4.467769	0.005336
4.468752	0.005360
4.469734	0.005384
4.470717	0.005407
4.471700	0.005431
4.472683	0.005455
4.473666	0.005479
4.474648	0.005503
4.475631	0.005527
4.476614	0.005551
4.477597	0.005575
4.478579	0.005599
4.479562	0.005623
4.480545	0.005647
4.481528	0.005671
4.482510	0.005695
4.483493	0.005719
4.484476	0.005744
4.485459	0.005768
4.486442	0.005792
4.487424	0.005816
4.488407	0.005840
4.489390	0.005865
4.490373	0.005889
4.491355	0.005913
4.492338	0.005937
4.493321	0.005962
4.494304	0.005986
4.495287	0.006010
4.496269	0.006035
4.497252	0.006059
4.498235	0.006083
4.499218	0.006108
4.500200	0.006132
4.501183	0.006156
4.502166	0.006180
4.503149	0.006205
4.504132	0.006229
4.505114	0.006253
4.506097	0.006278
4.507080	0.006302
4.508063	0.006326
4.509045	0.006351
4.510028	0.006375
4.511011	0.006399
4.511994	0.006423
4.512977	0.006448
4.513959	0.006472
4.514942	0.006496
4.515925	0.006520
4.516908	0.006545
4.517890	0.006569
4.518873	0.006593
4.519856	0.006617
4.520839	0.006641
4.521822	0.006665
4.522804	0.006689
4.523787	0.006713
4.524770	0.006737
4.525753	0.006761
4.526735	0.006785
4.527718	0.006809
4.528701	0.006833
4.529684	0.006857
4.530667	0.006881
4.531649	0.006904
4.532632	0.006928
4.533615	0.006952
4.534598	0.006976
4.535580	0.006999
4.536563	0.007023
4.537546	0.007046
4.538529	0.007070
4.539511	0.007093
4.540494	0.007117
4.541477	0.007140
4.542460	0.007163
4.543443	0.007186
4.544425	0.007210
4.545408	0.007233
4.546391	0.007256
4.547374	0.007279
4.548356	0.007302
4.549339	0.007325
4.550322	0.007347
4.551305	0.007370
4.552288	0.007393
4.553270	0.007415
4.554253	0.007438
4.555236	0.007460
4.556219	0.007483
4.557201	0.007505
4.558184	0.007527
4.559167	0.007550
4.560150	0.007572
4.561133	0.007594
4.562115	0.007616
4.563098	0.007637
4.564081	0.007659
4.565064	0.007681
4.566046	0.007702
4.567029	0.007724
4.568012	0.007745
4.568995	0.007767
4.569978	0.007788
4.570960	0.007809
4.571943	0.007830
4.572926	0.007851
4.573909	0.007872
4.574891	0.007892
4.575874	0.007913
4.576857	0.007933
4.577840	0.007954
4.578823	0.007974
4.579805	0.007994
4.580788	0.008014
4.581771	0.008034
4.582754	0.008054
4.583736	0.008074
4.584719	0.008093
4.585702	0.008113
4.586685	0.008132
4.587667	0.008151
4.588650	0.008170
4.589633	0.008189
4.590616	0.008208
4.591599	0.008227
4.592581	0.008245
4.593564	0.008264
4.594547	0.008282
4.595530	0.008300
4.596512	0.008318
4.597495	0.008336
4.598478	0.008354
4.599461	0.008371
4.600444	0.008389
4.601426	0.008406
4.602409	0.008423
4.603392	0.008440
4.604375	0.008457
4.605357	0.008474
4.606340	0.008490
4.607323	0.008507
4.608306	0.008523
4.609289	0.008539
4.610271	0.008555
4.611254	0.008570
4.612237	0.008586
4.613220	0.008601
4.614202	0.008617
4.615185	0.008632
4.616168	0.008647
4.617151	0.008661
4.618134	0.008676
4.619116	0.008690
4.620099	0.008704
4.621082	0.008718
4.622065	0.008732
4.623047	0.008746
4.624030	0.008759
4.625013	0.008772
4.625996	0.008786
4.626979	0.008798
4.627961	0.008811
4.628944	0.008824
4.629927	0.008836
4.630910	0.008848
4.631892	0.008860
4.632875	0.008872
4.633858	0.008883
4.634841	0.008895
4.635823	0.008906
4.636806	0.008917
4.637789	0.008927
4.638772	0.008938
4.639755	0.008948
4.640737	0.008958
4.641720	0.008968
4.642703	0.008978
4.643686	0.008987
4.644668	0.008997
4.645651	0.009006
4.646634	0.009015
4.647617	0.009023
4.648600	0.009032
4.649582	0.009040
4.650565	0.009048
4.651548	0.009056
4.652531	0.009063
4.653513	0.009070
4.654496	0.009078
4.655479	0.009084
4.656462	0.009091
4.657445	0.009098
4.658427	0.009104
4.659410	0.009110
4.660393	0.009115
4.661376	0.009121
4.662358	0.009126
4.663341	0.009131
4.664324	0.009136
4.665307	0.009141
4.666290	0.009145
4.667272	0.009149
4.668255	0.009153
4.669238	0.009157
4.670221	0.009161
4.671203	0.009164
4.672186	0.009167
4.673169	0.009170
4.674152	0.009172
4.675135	0.009175
4.676117	0.009177
4.677100	0.009178
4.678083	0.009180
4.679066	0.009182
4.680048	0.009183
4.681031	0.009184
4.682014	0.009184
4.682997	0.009185
4.683979	0.009185
4.684962	0.009185
4.685945	0.009185
4.686928	0.009185
4.687911	0.009184
4.688893	0.009183
4.689876	0.009182
4.690859	0.009181
4.691842	0.009179
4.692824	0.009177
4.693807	0.009176
4.694790	0.009173
4.695773	0.009171
4.696756	0.009168
4.697738	0.009166
4.698721	0.009163
4.699704	0.009159
4.700687	0.009156
4.701669	0.009153
4.702652	0.009149
4.703635	0.009145
4.704618	0.009141
4.705601	0.009136
4.706583	0.009132
4.707566	0.009127
4.708549	0.009122
4.709532	0.009117
4.710514	0.009112
4.711497	0.009107
4.712480	0.009101
4.713463	0.009096
4.714446	0.009090
4.715428	0.009084
4.716411	0.009078
4.717394	0.009072
4.718377	0.009066
4.719359	0.009060
4.720342	0.009054
4.721325	0.009047
4.722308	0.009041
4.723291	0.009034
4.724273	0.009028
4.725256	0.009021
4.726239	0.009015
4.727222	0.009008
4.728204	0.009001
4.729187	0.008995
4.730170	0.008989
4.731153	0.008982
4.732135	0.008976
4.733118	0.008970
4.734101	0.008964
4.735084	0.008959
4.736067	0.008953
4.737049	0.008948
4.738032	0.008943
4.739015	0.008938
4.739998	0.008934
4.740980	0.008931
4.741963	0.008927
4.742946	0.008925
4.743929	0.008922
4.744912	0.008921
4.745894	0.008920
4.746877	0.008920
4.747860	0.008922
4.748843	0.008924
4.749825	0.008927
4.750808	0.008931
4.751791	0.008937
4.752774	0.008945
4.753757	0.008954
4.754739	0.008966
4.755722	0.008979
4.756705	0.008995
4.757688	0.009014
4.758670	0.009037
4.759653	0.009063
4.760636	0.009093
4.761619	0.009128
4.762602	0.009168
4.763584	0.009215
4.764567	0.009270
4.765550	0.009333
4.766533	0.009407
4.767515	0.009494
4.768498	0.009596
4.769481	0.009717
4.770464	0.009863
4.771447	0.010039
4.772429	0.010255
4.773412	0.010525
4.774395	0.010871
4.775378	0.011327
4.776360	0.011949
4.777343	0.012837
4.778326	0.014167
4.779309	0.016233
4.780292	0.019357
4.781274	0.022748
4.782249	0.022581
4.783224	0.018225
4.784199	0.014351
4.785173	0.011710
4.786148	0.009928
4.787123	0.008673
4.788098	0.007742
4.789073	0.007019
4.790047	0.006438
4.791022	0.005956
4.791997	0.005547
4.792972	0.005194
4.793947	0.004885
4.794921	0.004611
4.795896	0.004365
4.796871	0.004144
4.797846	0.003942
4.798821	0.003757
4.799795	0.003587
4.800770	0.003430
4.801745	0.003284
4.802720	0.003148
4.803694	0.003021
4.804669	0.002902
4.805644	0.002790
4.806619	0.002684
4.807594	0.002584
4.808568	0.002489
4.809543	0.002399
4.810518	0.002314
4.811493	0.002233
4.812468	0.002156
4.813442	0.002082
4.814417	0.002011
4.815392	0.001943
4.816367	0.001879
4.817342	0.001817
4.818316	0.001757
4.819291	0.001700
4.820266	0.001644
4.821241	0.001591
4.822216	0.001540
4.823190	0.001491
4.824165	0.001443
4.825140	0.001397
4.826115	0.001352
4.827090	0.001309
4.828064	0.001267
4.829039	0.001227
4.830014	0.001188
4.830989	0.001150
4.831963	0.001113
4.832938	0.001077
4.833913	0.001042
4.834888	0.001008
4.835863	0.000975
4.836837	0.000943
4.837812	0.000912
4.838787	0.000882
4.839762	0.000852
4.840737	0.000823
4.841711	0.000795
4.842686	0.000767
4.843661	0.000740
4.844636	0.000714
4.845611	0.000688
4.846585	0.000663
4.847560	0.000638
4.848535	0.000614
4.849510	0.000590
4.850485	0.000567
4.851459	0.000544
4.852434	0.000522
4.853409	0.000500
4.854384	0.000478
4.855358	0.000457
4.856333	0.000436
4.857308	0.000416
4.858283	0.000395
4.859258	0.000375
4.860232	0.000356
4.861207	0.000336
4.862182	0.000317
4.863157	0.000298
4.864132	0.000279
4.865106	0.000261
4.866081	0.000243
4.867056	0.000224
4.868031	0.000206
4.869006	0.000189
4.869980	0.000171
4.870955	0.000153
4.871930	0.000136
4.872905	0.000119
4.873880	0.000102
4.874854	0.000085
4.875829	0.000068
4.876804	0.000051
4.877779	0.000034
4.878761	0.000008
4.879744	0.000017
4.880727	0.000025
4.881710	0.000034
4.882693	0.000042
4.883675	0.000051
4.884658	0.000059
4.885641	0.000067
4.886624	0.000076
4.887606	0.000084
4.888589	0.000092
4.889572	0.000100
4.890555	0.000108
4.891538	0.000116
4.892520	0.000124
4.893503	0.000132
4.894486	0.000140
4.895469	0.000147
4.896451	0.000155
4.897434	0.000162
4.898417	0.000170
4.899400	0.000177
4.900383	0.000184
4.901365	0.000191
4.902348	0.000198
4.903331	0.000205
4.904314	0.000212
4.905296	0.000218
4.906279	0.000225
4.907262	0.000231
4.908245	0.000237
4.909228	0.000243
4.910210	0.000249
4.911193	0.000255
4.912176	0.000261
4.913159	0.000266
4.914141	0.000271
4.915124	0.000277
4.916107	0.000282
4.917090	0.000286
4.918072	0.000291
4.919055	0.000296
4.920038	0.000300
4.921021	0.000304
4.922004	0.000308
4.922986	0.000312
4.923969	0.000316
4.924952	0.000320
4.925935	0.000323
4.926917	0.000326
4.927900	0.000330
4.928883	0.000333
4.929866	0.000335
4.930849	0.000338
4.931831	0.000340
4.932814	0.000343
4.933797	0.000345
4.934780	0.000347
4.935762	0.000349
4.936745	0.000350
4.937728	0.000352
4.938711	0.000353
4.939694	0.000354
4.940676	0.000355
4.941659	0.000356
4.942642	0.000357
4.943625	0.000357
4.944607	0.000358
4.945590	0.000358
4.946573	0.000358
4.947556	0.000358
4.948539	0.000358
4.949521	0.000358
4.950504	0.000357
4.951487	0.000356
4.952470	0.000356
4.953452	0.000355
4.954435	0.000354
4.955418	0.000352
4.956401	0.000351
4.957384	0.000350
4.958366	0.000348
4.959349	0.000346
4.960332	0.000344
4.961315	0.000342
4.962297	0.000340
4.963280	0.000338
4.964263	0.000336
4.965246	0.000333
4.966228	0.000331
4.967211	0.000328
4.968194	0.000325
4.969177	0.000322
4.970160	0.000319
4.971142	0.000316
4.972125	0.000313
4.973108	0.000309
4.974091	0.000306
4.975073	0.000302
4.976056	0.000298
4.977039	0.000294
4.978022	0.000291
4.979005	0.000287
4.979987	0.000282
4.980970	0.000278
4.981953	0.000274
4.982936	0.000270
4.983918	0.000265
4.984901	0.000261
4.985884	0.000256
4.986867	0.000251
4.987850	0.000247
4.988832	0.000242
4.989815	0.000237
4.990798	0.000232
4.991781	0.000227
4.992763	0.000222
4.993746	0.000216
4.994729	0.000211
4.995712	0.000206
4.996695	0.000200
4.997677	0.000195
4.998660	0.000189
4.999643	0.000184
5.000626	0.000178
5.001608	0.000173
5.002591	0.000167
5.003574	0.000161
5.004557	0.000155
5.005540	0.000149
5.006522	0.000144
5.007505	0.000138
5.008488	0.000132
5.009471	0.000126
5.010453	0.000120
5.011436	0.000113
5.012419	0.000107
5.013402	0.000101
5.014384	0.000095
5.015367	0.000089
5.016350	0.000083
5.017333	0.000076
5.018316	0.000070
5.019298	0.000064
5.020281	0.000057
5.021264	0.000051
5.022247	0.000045
5.023229	0.000038
5.024212	0.000032
5.025195	0.000026
5.026178	0.000019
5.027161	0.000013
5.028143	0.000006
5.029126	-0.000000
5.030109	-0.000000
5.031092	-0.000000
5.032074	-0.000000
5.033057	0.000000
5.034040	-0.000000
5.035023	0.000000
5.036006	-0.000000
5.036988	0.000000
5.037971	0.000000
5.038954	-0.000000
5.039937	0.000000
5.040919	-0.000000
5.041902	-0.000000
5.042885	-0.000000
5.043868	0.000000
5.044851	0.000000
5.045833	-0.000000
5.046816	0.000000
5.047799	-0.000000
5.048782	0.000000
5.049764	-0.000000
5.050747	0.000000
5.051730	0.000000
5.052713	-0.000000
5.053696	-0.000000
5.054678	0.000000
5.055661	-0.000000
5.056644	-0.000000
5.057627	-0.000000
5.058609	0.000000
5.059592	0.000000
5.060575	0.000000
5.061558	-0.000000
5.062540	-0.000000
5.063523	-0.000000
5.064506	-0.000000
5.065489	-0.000000
5.066472	-0.000000
5.067454	-0.000000
5.068437	-0.000000
5.069420	0.000000
5.070403	-0.000000
5.071385	0.000000
5.072368	-0.000000
5.073351	0.000000
5.074334	-0.000000
5.075317	-0.000000
5.076299	-0.000000
5.077282	-0.000000
5.078265	-0.000000
5.079248	0.000000
5.080230	0.000000
5.081213	0.000000
5.082196	0.000000
5.083179	-0.000000
5.084162	-0.000000
5.085144	0.000000
5.086127	-0.000000
5.087110	-0.000000
5.088093	-0.000000
5.089075	0.000000
5.090058	-0.000000
5.091041	-0.000000
5.092024	-0.000000
5.093007	-0.000000
5.093989	0.000000
5.094972	0.000000
5.095955	0.000000
5.096938	0.000000
5.097920	-0.000000
5.098903	0.000000
5.099886	0.000000
5.100869	0.000000
5.101852	-0.000000
5.102834	-0.000000
5.103817	-0.000000
5.104800	-0.000000
5.105783	-0.000000
5.106765	-0.000000
5.107748	0.000000
5.108731	0.000000
5.109714	-0.000000
5.110697	0.000000
5.111679	0.000000
5.112662	-0.000000
5.113645	0.000000
5.114628	0.000000
5.115610	0.000000
5.116593	-0.000000
5.117576	-0.000000
5.118559	0.000000
5.119541	-0.000000
5.120524	0.000000
5.121507	0.000000
5.122490	0.000000
5.123473	0.000000
5.124455	0.000000
5.125438	0.000000
5.126421	0.000000
5.127404	-0.000000
5.128386	-0.000000
5.129369	-0.000000
5.130352	-0.000000
5.131335	0.000000
5.132318	-0.000000
5.133300	0.000000
5.134283	-0.000000
5.135266	-0.000000
5.136249	0.000000
5.137231	0.000000
5.138214	-0.000000
5.139197	0.000000
5.140180	-0.000000
5.141163	0.000000
5.142145	-0.000000
5.143128	0.000000
5.144111	-0.000000
5.145094	-0.000000
5.146076	-0.000000
5.147059	-0.000000
5.148042	-0.000000
5.149025	-0.000000
5.150008	0.000000
5.150990	-0.000000
5.151973	0.000000
5.152956	0.000000
5.153939	0.000000
5.154921	-0.000000
5.155904	-0.000000
5.156887	-0.000000
5.157870	-0.000000
5.158853	0.000000
5.159835	-0.000000
5.160818	-0.000000
5.161801	-0.000000
5.162784	0.000000
5.163766	-0.000000
