0.000983	0.022211
0.001966	0.022211
0.002948	0.022210
0.003931	0.022209
0.004914	0.022207
0.005897	0.022205
0.006879	0.022202
0.007862	0.022199
0.008845	0.022195
0.009828	0.022191
0.010811	0.022186
0.011793	0.022181
0.012776	0.022175
0.013759	0.022169
0.014742	0.022162
0.015724	0.022155
0.016707	0.022147
0.017690	0.022139
0.018673	0.022130
0.019656	0.022120
0.020638	0.022111
0.021621	0.022100
0.022604	0.022090
0.023587	0.022078
0.024569	0.022066
0.025552	0.022054
0.026535	0.022041
0.027518	0.022028
0.028500	0.022014
0.029483	0.022000
0.030466	0.021985
0.031449	0.021970
0.032432	0.021954
0.033414	0.021938
0.034397	0.021921
0.035380	0.021903
0.036363	0.021886
0.037345	0.021867
0.038328	0.021849
0.039311	0.021829
0.040294	0.021810
0.041277	0.021789
0.042259	0.021768
0.043242	0.021747
0.044225	0.021726
0.045208	0.021703
0.046190	0.021681
0.047173	0.021657
0.048156	0.021634
0.049139	0.021609
0.050122	0.021585
0.051104	0.021560
0.052087	0.021534
0.053070	0.021508
0.054053	0.021481
0.055035	0.021454
0.056018	0.021427
0.057001	0.021398
0.057984	0.021370
0.058967	0.021341
0.059949	0.021311
0.060932	0.021281
0.061915	0.021251
0.062898	0.021220
0.063880	0.021189
0.064863	0.021157
0.065846	0.021124
0.066829	0.021091
0.067812	0.021058
0.068794	0.021024
0.069777	0.020990
0.070760	0.020955
0.071743	0.020920
0.072725	0.020884
0.073708	0.020848
0.074691	0.020811
0.075674	0.020774
0.076656	0.020737
0.077639	0.020699
0.078622	0.020660
0.079605	0.020621
0.080588	0.020582
0.081570	0.020542
0.082553	0.020502
0.083536	0.020461
0.084519	0.020419
0.085501	0.020378
0.086484	0.020335
0.087467	0.020293
0.088450	0.020250
0.089433	0.020206
0.090415	0.020162
0.091398	0.020117
0.092381	0.020072
0.093364	0.020027
0.094346	0.019981
0.095329	0.019935
0.096312	0.019888
0.097295	0.019840
0.098278	0.019793
0.099260	0.019744
0.100243	0.019696
0.101226	0.019647
0.102209	0.019597
0.103191	0.019547
0.104174	0.019497
0.105157	0.019446
0.106140	0.019394
0.107123	0.019342
0.108105	0.019290
0.109088	0.019237
0.110071	0.019184
0.111054	0.019130
0.112036	0.019076
0.113019	0.019022
0.114002	0.018966
0.114985	0.018911
0.115968	0.018855
0.116950	0.018799
0.117933	0.018742
0.118916	0.018684
0.119899	0.018626
0.120881	0.018568
0.121864	0.018509
0.122847	0.018450
0.123830	0.018391
0.124812	0.018331
0.125795	0.018270
0.126778	0.018209
0.127761	0.018147
0.128744	0.018085
0.129726	0.018023
0.130709	0.017960
0.131692	0.017897
0.132675	0.017833
0.133657	0.017769
0.134640	0.017704
0.135623	0.017639
0.136606	0.017573
0.137589	0.017507
0.138571	0.017440
0.139554	0.017373
0.140537	0.017305
0.141520	0.017237
0.142502	0.017168
0.143485	0.017099
0.144468	0.017030
0.145451	0.016960
0.146434	0.016889
0.147416	0.016818
0.148399	0.016746
0.149382	0.016674
0.150365	0.016602
0.151347	0.016529
0.152330	0.016455
0.153313	0.016381
0.154296	0.016306
0.155279	0.016231
0.156261	0.016156
0.157244	0.016080
0.158227	0.016003
0.159210	0.015926
0.160192	0.015848
0.161175	0.015770
0.162158	0.015691
0.163141	0.015611
0.164124	0.015532
0.165106	0.015451
0.166089	0.015370
0.167072	0.015288
0.168055	0.015206
0.169037	0.015124
0.170020	0.015040
0.171003	0.014957
0.171986	0.014872
0.172969	0.014787
0.173951	0.014702
0.174934	0.014615
0.175917	0.014529
0.176900	0.014441
0.177882	0.014353
0.178865	0.014265
0.179848	0.014175
0.180831	0.014086
0.181813	0.013995
0.182796	0.013904
0.183779	0.013812
0.184762	0.013720
0.185745	0.013627
0.186727	0.013533
0.187710	0.013439
0.188693	0.013344
0.189676	0.013248
0.190658	0.013151
0.191641	0.013054
0.192624	0.012957
0.193607	0.012858
0.194590	0.012759
0.195572	0.012659
0.196555	0.012558
0.197538	0.012457
0.198521	0.012355
0.199503	0.012252
0.200486	0.012148
0.201469	0.012044
0.202452	0.011939
0.203435	0.011833
0.204417	0.011726
0.205400	0.011619
0.206383	0.011511
0.207366	0.011402
0.208348	0.011292
0.209331	0.011181
0.210314	0.011070
0.211297	0.010958
0.212280	0.010845
0.213262	0.010731
0.214245	0.010616
0.215228	0.010500
0.216211	0.010384
0.217193	0.010267
0.218176	0.010148
0.219159	0.010029
0.220142	0.009909
0.221125	0.009789
0.222107	0.009667
0.223090	0.009544
0.224073	0.009421
0.225056	0.009297
0.226038	0.009171
0.227021	0.009045
0.228004	0.008918
0.228987	0.008790
0.229969	0.008661
0.230952	0.008531
0.231935	0.008401
0.232918	0.008269
0.233901	0.008136
0.234883	0.008003
0.235866	0.007868
0.236849	0.007733
0.237832	0.007597
0.238814	0.007460
0.239797	0.007322
0.240780	0.007183
0.241763	0.007043
0.242746	0.006902
0.243728	0.006760
0.244711	0.006618
0.245694	0.006474
0.246677	0.006330
0.247659	0.006184
0.248642	0.006038
0.249625	0.005891
0.250608	0.005743
0.251591	0.005595
0.252573	0.005445
0.253556	0.005295
0.254539	0.005144
0.255522	0.004992
0.256504	0.004839
0.257487	0.004686
0.258470	0.004532
0.259453	0.004377
0.260436	0.004221
0.261418	0.004065
0.262401	0.003908
0.263384	0.003750
0.264367	0.003592
0.265349	0.003433
0.266332	0.003274
0.267315	0.003114
0.268298	0.002953
0.269281	0.002792
0.270263	0.002630
0.271246	0.002468
0.272229	0.002306
0.273212	0.002143
0.274194	0.001980
0.275177	0.001816
0.276160	0.001652
0.277143	0.001488
0.278125	0.001323
0.279108	0.001158
0.280091	0.000993
0.281074	0.000828
0.282057	0.000662
0.283039	0.000497
0.284022	0.000331
0.285005	0.000166
0.285988	-0.000000
0.286962	0.000329
0.287937	0.000494
0.288912	0.000660
0.289887	0.000825
0.290862	0.000991
0.291836	0.001158
0.292811	0.001325
0.293786	0.001492
0.294761	0.001660
0.295736	0.001829
0.296710	0.001998
0.297685	0.002168
0.298660	0.002338
0.299635	0.002509
0.300610	0.002681
0.301584	0.002854
0.302559	0.003027
0.303534	0.003202
0.304509	0.003377
0.305484	0.003553
0.306458	0.003730
0.307433	0.003908
0.308408	0.004087
0.309383	0.004268
0.310357	0.004449
0.311332	0.004632
0.312307	0.004816
0.313282	0.005001
0.314257	0.005188
0.315231	0.005376
0.316206	0.005566
0.317181	0.005758
0.318156	0.005950
0.319131	0.006145
0.320105	0.006342
0.321080	0.006540
0.322055	0.006740
0.323030	0.006943
0.324005	0.007147
0.324979	0.007354
0.325954	0.007563
0.326929	0.007774
0.327904	0.007988
0.328879	0.008205
0.329853	0.008424
0.330828	0.008646
0.331803	0.008872
0.332778	0.009100
0.333753	0.009332
0.334727	0.009568
0.335702	0.009807
0.336677	0.010050
0.337652	0.010297
0.338626	0.010549
0.339601	0.010805
0.340576	0.011065
0.341551	0.011331
0.342526	0.011603
0.343500	0.011880
0.344475	0.012163
0.345450	0.012453
0.346425	0.012749
0.347400	0.013053
0.348374	0.013365
0.349349	0.013685
0.350324	0.014014
0.351299	0.014353
0.352274	0.014702
0.353248	0.015063
0.354223	0.015436
0.355198	0.015822
0.356173	0.016222
0.357148	0.016639
0.358122	0.017073
0.359097	0.017526
0.360072	0.018000
0.361047	0.018498
0.362021	0.019022
0.362996	0.019576
0.363971	0.020164
0.364946	0.020789
0.365921	0.021459
0.366895	0.022179
0.367870	0.022958
0.368845	0.023808
0.369820	0.024743
0.370795	0.025780
0.371769	0.026944
0.372744	0.028270
0.373719	0.029807
0.374694	0.031629
0.375669	0.033851
0.376643	0.036670
0.377618	0.040448
0.378593	0.045930
0.379568	0.054854
0.380543	0.071879
0.381517	0.111295
0.382492	0.151037
0.383475	0.152149
0.384458	0.124095
0.385440	0.105225
0.386423	0.092724
0.387406	0.084071
0.388389	0.077752
0.389372	0.072910
0.390354	0.069052
0.391337	0.065880
0.392320	0.063206
0.393303	0.060908
0.394285	0.058899
0.395268	0.057120
0.396251	0.055527
0.397234	0.054087
0.398217	0.052775
0.399199	0.051570
0.400182	0.050457
0.401165	0.049424
0.402148	0.048459
0.403130	0.047556
0.404113	0.046706
0.405096	0.045904
0.406079	0.045144
0.407061	0.044423
0.408044	0.043736
0.409027	0.043080
0.410010	0.042454
0.410993	0.041853
0.411975	0.041276
0.412958	0.040721
0.413941	0.040187
0.414924	0.039671
0.415906	0.039173
0.416889	0.038691
0.417872	0.038225
0.418855	0.037772
0.419838	0.037333
0.420820	0.036906
0.421803	0.036491
0.422786	0.036087
0.423769	0.035694
0.424751	0.035310
0.425734	0.034936
0.426717	0.034570
0.427700	0.034213
0.428683	0.033864
0.429665	0.033523
0.430648	0.033189
0.431631	0.032861
0.432614	0.032541
0.433596	0.032226
0.434579	0.031918
0.435562	0.031615
0.436545	0.031318
0.437528	0.031027
0.438510	0.030740
0.439493	0.030459
0.440476	0.030182
0.441459	0.029910
0.442441	0.029642
0.443424	0.029378
0.444407	0.029119
0.445390	0.028864
0.446373	0.028612
0.447355	0.028364
0.448338	0.028120
0.449321	0.027880
0.450304	0.027642
0.451286	0.027408
0.452269	0.027178
0.453252	0.026950
0.454235	0.026725
0.455217	0.026504
0.456200	0.026285
0.457183	0.026069
0.458166	0.025855
0.459149	0.025645
0.460131	0.025437
0.461114	0.025231
0.462097	0.025028
0.463080	0.024827
0.464062	0.024629
0.465045	0.024433
0.466028	0.024239
0.467011	0.024047
0.467994	0.023858
0.468976	0.023671
0.469959	0.023485
0.470942	0.023302
0.471925	0.023120
0.472907	0.022941
0.473890	0.022763
0.474873	0.022588
0.475856	0.022414
0.476839	0.022242
0.477821	0.022071
0.478804	0.021903
0.479787	0.021736
0.480770	0.021571
0.481752	0.021407
0.482735	0.021245
0.483718	0.021084
0.484701	0.020925
0.485684	0.020768
0.486666	0.020612
0.487649	0.020458
0.488632	0.020305
0.489615	0.020153
0.490597	0.020003
0.491580	0.019854
0.492563	0.019707
0.493546	0.019560
0.494529	0.019416
0.495511	0.019272
0.496494	0.019130
0.497477	0.018989
0.498460	0.018849
0.499442	0.018711
0.500425	0.018574
0.501408	0.018438
0.502391	0.018303
0.503374	0.018169
0.504356	0.018036
0.505339	0.017905
0.506322	0.017775
0.507305	0.017645
0.508287	0.017517
0.509270	0.017390
0.510253	0.017264
0.511236	0.017139
0.512218	0.017015
0.513201	0.016892
0.514184	0.016771
0.515167	0.016650
0.516150	0.016530
0.517132	0.016411
0.518115	0.016293
0.519098	0.016176
0.520081	0.016060
0.521063	0.015945
0.522046	0.015831
0.523029	0.015717
0.524012	0.015605
0.524995	0.015494
0.525977	0.015383
0.526960	0.015273
0.527943	0.015164
0.528926	0.015056
0.529908	0.014949
0.530891	0.014843
0.531874	0.014737
0.532857	0.014633
0.533840	0.014529
0.534822	0.014426
0.535805	0.014324
0.536788	0.014222
0.537771	0.014121
0.538753	0.014021
0.539736	0.013922
0.540719	0.013824
0.541702	0.013726
0.542685	0.013629
0.543667	0.013533
0.544650	0.013438
0.545633	0.013343
0.546616	0.013249
0.547598	0.013156
0.548581	0.013063
0.549564	0.012971
0.550547	0.012880
0.551530	0.012789
0.552512	0.012700
0.553495	0.012610
0.554478	0.012522
0.555461	0.012434
0.556443	0.012347
0.557426	0.012260
0.558409	0.012174
0.559392	0.012089
0.560374	0.012004
0.561357	0.011920
0.562340	0.011837
0.563323	0.011754
0.564306	0.011672
0.565288	0.011590
0.566271	0.011509
0.567254	0.011429
0.568237	0.011349
0.569219	0.011270
0.570202	0.011191
0.571185	0.011113
0.572168	0.011036
0.573151	0.010959
0.574133	0.010882
0.575116	0.010806
0.576099	0.010731
0.577082	0.010656
0.578064	0.010582
0.579047	0.010508
0.580030	0.010435
0.581013	0.010363
0.581996	0.010291
0.582978	0.010219
0.583961	0.010148
0.584944	0.010077
0.585927	0.010007
0.586909	0.009938
0.587892	0.009869
0.588875	0.009800
0.589858	0.009732
0.590841	0.009665
0.591823	0.009598
0.592806	0.009531
0.593789	0.009465
0.594772	0.009399
0.595754	0.009334
0.596737	0.009269
0.597720	0.009205
0.598703	0.009141
0.599686	0.009078
0.600668	0.009015
0.601651	0.008952
0.602634	0.008890
0.603617	0.008829
0.604599	0.008768
0.605582	0.008707
0.606565	0.008647
0.607548	0.008587
0.608530	0.008527
0.609513	0.008468
0.610496	0.008410
0.611479	0.008351
0.612462	0.008294
0.613444	0.008236
0.614427	0.008179
0.615410	0.008123
0.616393	0.008066
0.617375	0.008011
0.618358	0.007955
0.619341	0.007900
0.620324	0.007846
0.621307	0.007791
0.622289	0.007738
0.623272	0.007684
0.624255	0.007631
0.625238	0.007578
0.626220	0.007526
0.627203	0.007474
0.628186	0.007422
0.629169	0.007371
0.630152	0.007320
0.631134	0.007269
0.632117	0.007219
0.633100	0.007169
0.634083	0.007120
0.635065	0.007071
0.636048	0.007022
0.637031	0.006973
0.638014	0.006925
0.638997	0.006878
0.639979	0.006830
0.640962	0.006783
0.641945	0.006736
0.642928	0.006690
0.643910	0.006643
0.644893	0.006598
0.645876	0.006552
0.646859	0.006507
0.647842	0.006462
0.648824	0.006417
0.649807	0.006373
0.650790	0.006329
0.651773	0.006285
0.652755	0.006242
0.653738	0.006199
0.654721	0.006156
0.655704	0.006114
0.656686	0.006072
0.657669	0.006030
0.658652	0.005988
0.659635	0.005947
0.660618	0.005906
0.661600	0.005865
0.662583	0.005824
0.663566	0.005784
0.664549	0.005744
0.665531	0.005705
0.666514	0.005665
0.667497	0.005626
0.668480	0.005588
0.669463	0.005549
0.670445	0.005511
0.671428	0.005473
0.672411	0.005435
0.673394	0.005397
0.674376	0.005360
0.675359	0.005323
0.676342	0.005287
0.677325	0.005250
0.678308	0.005214
0.679290	0.005178
0.680273	0.005142
0.681256	0.005107
0.682239	0.005071
0.683221	0.005036
0.684204	0.005002
0.685187	0.004967
0.686170	0.004933
0.687153	0.004899
0.688135	0.004865
0.689118	0.004831
0.690101	0.004798
0.691084	0.004765
0.692066	0.004732
0.693049	0.004699
0.694032	0.004667
0.695015	0.004635
0.695998	0.004603
0.696980	0.004571
0.697963	0.004539
0.698946	0.004508
0.699929	0.004477
0.700911	0.004446
0.701894	0.004415
0.702877	0.004385
0.703860	0.004355
0.704842	0.004324
0.705825	0.004295
0.706808	0.004265
0.707791	0.004235
0.708774	0.004206
0.709756	0.004177
0.710739	0.004148
0.711722	0.004120
0.712705	0.004091
0.713687	0.004063
0.714670	0.004035
0.715653	0.004007
0.716636	0.003979
0.717619	0.003952
0.718601	0.003924
0.719584	0.003897
0.720567	0.003870
0.721550	0.003843
0.722532	0.003817
0.723515	0.003790
0.724498	0.003764
0.725481	0.003738
0.726464	0.003712
0.727446	0.003686
0.728429	0.003661
0.729412	0.003636
0.730395	0.003610
0.731377	0.003585
0.732360	0.003561
0.733343	0.003536
0.734326	0.003511
0.735309	0.003487
0.736291	0.003463
0.737274	0.003439
0.738257	0.003415
0.739240	0.003391
0.740222	0.003368
0.741205	0.003344
0.742188	0.003321
0.743171	0.003298
0.744154	0.003275
0.745136	0.003253
0.746119	0.003230
0.747102	0.003208
0.748085	0.003185
0.749067	0.003163
0.750050	0.003141
0.751033	0.003119
0.752016	0.003098
0.752999	0.003076
0.753981	0.003055
0.754964	0.003033
0.755947	0.003012
0.756930	0.002991
0.757912	0.002971
0.758895	0.002950
0.759878	0.002929
0.760861	0.002909
0.761843	0.002889
0.762826	0.002869
0.763809	0.002849
0.764792	0.002829
0.765775	0.002809
0.766757	0.002789
0.767740	0.002770
0.768723	0.002751
0.769706	0.002731
0.770688	0.002712
0.771671	0.002693
0.772654	0.002675
0.773637	0.002656
0.774620	0.002637
0.775602	0.002619
0.776585	0.002601
0.777568	0.002582
0.778551	0.002564
0.779533	0.002546
0.780516	0.002529
0.781499	0.002511
0.782482	0.002493
0.783465	0.002476
0.784447	0.002458
0.785430	0.002441
0.786413	0.002424
0.787396	0.002407
0.788378	0.002390
0.789361	0.002373
0.790344	0.002357
0.791327	0.002340
0.792310	0.002324
0.793292	0.002307
0.794275	0.002291
0.795258	0.002275
0.796241	0.002259
0.797223	0.002243
0.798206	0.002227
0.799189	0.002211
0.800172	0.002196
0.801155	0.002180
0.802137	0.002165
0.803120	0.002150
0.804103	0.002135
0.805086	0.002119
0.806068	0.002104
0.807051	0.002090
0.808034	0.002075
0.809017	0.002060
0.809999	0.002046
0.810982	0.002031
0.811965	0.002017
0.812948	0.002002
0.813931	0.001988
0.814913	0.001974
0.815896	0.001960
0.816879	0.001946
0.817862	0.001932
0.818844	0.001918
0.819827	0.001905
0.820810	0.001891
0.821793	0.001878
0.822776	0.001864
0.823758	0.001851
0.824741	0.001838
0.825724	0.001825
0.826707	0.001812
0.827689	0.001799
0.828672	0.001786
0.829655	0.001773
0.830638	0.001760
0.831621	0.001748
0.832603	0.001735
0.833586	0.001723
0.834569	0.001710
0.835552	0.001698
0.836534	0.001686
0.837517	0.001674
0.838500	0.001662
0.839483	0.001650
0.840466	0.001638
0.841448	0.001626
0.842431	0.001614
0.843414	0.001602
0.844397	0.001591
0.845379	0.001579
0.846362	0.001568
0.847345	0.001557
0.848328	0.001545
0.849311	0.001534
0.850293	0.001523
0.851276	0.001512
0.852259	0.001501
0.853242	0.001490
0.854224	0.001479
0.855207	0.001468
0.856190	0.001457
0.857173	0.001447
0.858155	0.001436
0.859138	0.001426
0.860121	0.001415
0.861104	0.001405
0.862087	0.001394
0.863069	0.001384
0.864052	0.001374
0.865035	0.001364
0.866018	0.001354
0.867000	0.001344
0.867983	0.001334
0.868966	0.001324
0.869949	0.001314
0.870932	0.001304
0.871914	0.001295
0.872897	0.001285
0.873880	0.001275
0.874863	0.001266
0.875845	0.001256
0.876828	0.001247
0.877811	0.001238
0.878794	0.001228
0.879777	0.001219
0.880759	0.001210
0.881742	0.001201
0.882725	0.001192
0.883708	0.001183
0.884690	0.001174
0.885673	0.001165
0.886656	0.001156
0.887639	0.001147
0.888622	0.001139
0.889604	0.001130
0.890587	0.001121
0.891570	0.001113
0.892553	0.001104
0.893535	0.001096
0.894518	0.001087
0.895501	0.001079
0.896484	0.001071
0.897467	0.001063
0.898449	0.001054
0.899432	0.001046
0.900415	0.001038
0.901398	0.001030
0.902380	0.001022
0.903363	0.001014
0.904346	0.001006
0.905329	0.000998
0.906311	0.000990
0.907294	0.000983
0.908277	0.000975
0.909260	0.000967
0.910243	0.000960
0.911225	0.000952
0.912208	0.000945
0.913191	0.000937
0.914174	0.000930
0.915156	0.000922
0.916139	0.000915
0.917122	0.000907
0.918105	0.000900
0.919088	0.000893
0.920070	0.000886
0.921053	0.000879
0.922036	0.000871
0.923019	0.000864
0.924001	0.000857
0.924984	0.000850
0.925967	0.000843
0.926950	0.000836
0.927933	0.000830
0.928915	0.000823
0.929898	0.000816
0.930881	0.000809
0.931864	0.000803
0.932846	0.000796
0.933829	0.000789
0.934812	0.000783
0.935795	0.000776
0.936778	0.000769
0.937760	0.000763
0.938743	0.000756
0.939726	0.000750
0.940709	0.000744
0.941691	0.000737
0.942674	0.000731
0.943657	0.000725
0.944640	0.000718
0.945623	0.000712
0.946605	0.000706
0.947588	0.000700
0.948571	0.000694
0.949554	0.000688
0.950536	0.000682
0.951519	0.000676
0.952502	0.000670
0.953485	0.000664
0.954467	0.000658
0.955450	0.000652
0.956433	0.000646
0.957416	0.000640
0.958399	0.000634
0.959381	0.000629
0.960364	0.000623
0.961347	0.000617
0.962330	0.000611
0.963312	0.000606
0.964295	0.000600
0.965278	0.000594
0.966261	0.000589
0.967244	0.000583
0.968226	0.000578
0.969209	0.000572
0.970192	0.000567
0.971175	0.000561
0.972157	0.000556
0.973140	0.000551
0.974123	0.000545
0.975106	0.000540
0.976089	0.000535
0.977071	0.000529
0.978054	0.000524
0.979037	0.000519
0.980020	0.000514
0.981002	0.000508
0.981985	0.000503
0.982968	0.000498
0.983951	0.000493
0.984934	0.000488
0.985916	0.000483
0.986899	0.000478
0.987882	0.000473
0.988865	0.000468
0.989847	0.000463
0.990830	0.000458
0.991813	0.000453
0.992796	0.000448
0.993779	0.000443
0.994761	0.000438
0.995744	0.000433
0.996727	0.000428
0.997710	0.000424
0.998692	0.000419
0.999675	0.000414
1.000658	0.000409
1.001641	0.000405
1.002624	0.000400
1.003606	0.000395
1.004589	0.000390
1.005572	0.000386
1.006555	0.000381
1.007537	0.000376
1.008520	0.000372
1.009503	0.000367
1.010486	0.000363
1.011468	0.000358
1.012451	0.000354
1.013434	0.000349
1.014417	0.000345
1.015400	0.000340
1.016382	0.000336
1.017365	0.000331
1.018348	0.000327
1.019331	0.000322
1.020313	0.000318
1.021296	0.000313
1.022279	0.000309
1.023262	0.000305
1.024245	0.000300
1.025227	0.000296
1.026210	0.000292
1.027193	0.000287
1.028176	0.000283
1.029158	0.000279
1.030141	0.000274
1.031124	0.000270
1.032107	0.000266
1.033090	0.000262
1.034072	0.000257
1.035055	0.000253
1.036038	0.000249
1.037021	0.000245
1.038003	0.000241
1.038986	0.000237
1.039969	0.000232
1.040952	0.000228
1.041935	0.000224
1.042917	0.000220
1.043900	0.000216
1.044883	0.000212
1.045866	0.000208
1.046848	0.000204
1.047831	0.000200
1.048814	0.000195
1.049797	0.000191
1.050780	0.000187
1.051762	0.000183
1.052745	0.000179
1.053728	0.000175
1.054711	0.000171
1.055693	0.000167
1.056676	0.000163
1.057659	0.000159
1.058642	0.000155
1.059624	0.000151
1.060607	0.000147
1.061590	0.000143
1.062573	0.000139
1.063556	0.000135
1.064538	0.000132
1.065521	0.000128
1.066504	0.000124
1.067487	0.000120
1.068469	0.000116
1.069452	0.000112
1.070435	0.000108
1.071418	0.000104
1.072401	0.000100
1.073383	0.000096
1.074366	0.000092
1.075349	0.000089
1.076332	0.000085
1.077314	0.000081
1.078297	0.000077
1.079280	0.000073
1.080263	0.000069
1.081246	0.000065
1.082228	0.000061
1.083211	0.000058
1.084194	0.000054
1.085177	0.000050
1.086159	0.000046
1.087142	0.000042
1.088125	0.000038
1.089108	0.000035
1.090091	0.000031
1.091073	0.000027
1.092056	0.000023
1.093039	0.000019
1.094022	0.000015
1.095004	0.000011
1.095987	0.000008
1.096970	0.000004
1.097945	0.000006
1.098920	0.000008
1.099894	0.000010
1.100869	0.000011
1.101844	0.000013
1.102819	0.000015
1.103794	0.000017
1.104768	0.000019
1.105743	0.000021
1.106718	0.000023
1.107693	0.000025
1.108667	0.000027
1.109642	0.000029
1.110617	0.000031
1.111592	0.000033
1.112567	0.000035
1.113541	0.000037
1.114516	0.000039
1.115491	0.000040
1.116466	0.000042
1.117441	0.000044
1.118415	0.000046
1.119390	0.000048
1.120365	0.000050
1.121340	0.000052
1.122315	0.000054
1.123289	0.000056
1.124264	0.000058
1.125239	0.000060
1.126214	0.000062
1.127189	0.000064
1.128163	0.000066
1.129138	0.000068
1.130113	0.000070
1.131088	0.000072
1.132062	0.000074
1.133037	0.000076
1.134012	0.000078
1.134987	0.000080
1.135962	0.000082
1.136936	0.000084
1.137911	0.000085
1.138886	0.000087
1.139861	0.000089
1.140836	0.000091
1.141810	0.000093
1.142785	0.000095
1.143760	0.000097
1.144735	0.000099
1.145710	0.000101
1.146684	0.000103
1.147659	0.000105
1.148634	0.000107
1.149609	0.000109
1.150584	0.000111
1.151558	0.000113
1.152533	0.000115
1.153508	0.000117
1.154483	0.000119
1.155457	0.000121
1.156432	0.000123
1.157407	0.000125
1.158382	0.000127
1.159357	0.000128
1.160331	0.000130
1.161306	0.000132
1.162281	0.000134
1.163256	0.000136
1.164231	0.000138
1.165205	0.000140
1.166180	0.000142
1.167155	0.000144
1.168130	0.000146
1.169105	0.000148
1.170079	0.000150
1.171054	0.000152
1.172029	0.000153
1.173004	0.000155
1.173979	0.000157
1.174953	0.000159
1.175928	0.000161
1.176903	0.000163
1.177878	0.000165
1.178852	0.000167
1.179827	0.000169
1.180802	0.000171
1.181777	0.000172
1.182752	0.000174
1.183726	0.000176
1.184701	0.000178
1.185676	0.000180
1.186651	0.000182
1.187626	0.000184
1.188600	0.000185
1.189575	0.000187
1.190550	0.000189
1.191525	0.000191
1.192500	0.000193
1.193474	0.000195
1.194449	0.000196
1.195424	0.000198
1.196399	0.000200
1.197374	0.000202
1.198348	0.000204
1.199323	0.000205
1.200298	0.000207
1.201273	0.000209
1.202247	0.000211
1.203222	0.000213
1.204197	0.000214
1.205172	0.000216
1.206147	0.000218
1.207121	0.000220
1.208096	0.000221
1.209071	0.000223
1.210046	0.000225
1.211021	0.000227
1.211995	0.000228
1.212970	0.000230
1.213945	0.000232
1.214920	0.000233
1.215895	0.000235
1.216869	0.000237
1.217844	0.000238
1.218819	0.000240
1.219794	0.000242
1.220769	0.000243
1.221743	0.000245
1.222718	0.000247
1.223693	0.000248
1.224668	0.000250
1.225643	0.000252
1.226617	0.000253
1.227592	0.000255
1.228567	0.000257
1.229542	0.000258
1.230516	0.000260
1.231491	0.000261
1.232466	0.000263
1.233441	0.000264
1.234416	0.000266
1.235390	0.000268
1.236365	0.000269
1.237340	0.000271
1.238315	0.000272
1.239290	0.000274
1.240264	0.000275
1.241239	0.000277
1.242214	0.000278
1.243189	0.000280
1.244164	0.000281
1.245138	0.000283
1.246113	0.000284
1.247088	0.000286
1.248063	0.000287
1.249038	0.000289
1.250012	0.000290
1.250987	0.000291
1.251962	0.000293
1.252937	0.000294
1.253911	0.000296
1.254886	0.000297
1.255861	0.000298
1.256836	0.000300
1.257811	0.000301
1.258785	0.000302
1.259760	0.000304
1.260735	0.000305
1.261710	0.000306
1.262685	0.000308
1.263659	0.000309
1.264634	0.000310
1.265609	0.000312
1.266584	0.000313
1.267559	0.000314
1.268533	0.000315
1.269508	0.000317
1.270483	0.000318
1.271458	0.000319
1.272433	0.000320
1.273407	0.000322
1.274382	0.000323
1.275357	0.000324
1.276332	0.000325
1.277306	0.000326
1.278281	0.000327
1.279256	0.000329
1.280231	0.000330
1.281206	0.000331
1.282180	0.000332
1.283155	0.000333
1.284130	0.000334
1.285105	0.000335
1.286080	0.000336
1.287054	0.000337
1.288029	0.000338
1.289004	0.000339
1.289979	0.000340
1.290954	0.000341
1.291928	0.000342
1.292903	0.000343
1.293878	0.000344
1.294853	0.000345
1.295828	0.000346
1.296802	0.000347
1.297777	0.000348
1.298752	0.000349
1.299727	0.000350
1.300701	0.000351
1.301676	0.000352
1.302651	0.000353
1.303626	0.000353
1.304601	0.000354
1.305575	0.000355
1.306550	0.000356
1.307525	0.000357
1.308500	0.000358
1.309475	0.000358
1.310449	0.000359
1.311424	0.000360
1.312399	0.000361
1.313374	0.000361
1.314349	0.000362
1.315323	0.000363
1.316298	0.000363
1.317273	0.000364
1.318248	0.000365
1.319223	0.000366
1.320197	0.000366
1.321172	0.000367
1.322147	0.000367
1.323122	0.000368
1.324096	0.000369
1.325071	0.000369
1.326046	0.000370
1.327021	0.000370
1.327996	0.000371
1.328970	0.000371
1.329945	0.000372
1.330920	0.000372
1.331895	0.000373
1.332870	0.000373
1.333844	0.000374
1.334819	0.000374
1.335794	0.000375
1.336769	0.000375
1.337744	0.000376
1.338718	0.000376
1.339693	0.000376
1.340668	0.000377
1.341643	0.000377
1.342618	0.000377
1.343592	0.000378
1.344567	0.000378
1.345542	0.000378
1.346517	0.000379
1.347492	0.000379
1.348466	0.000379
1.349441	0.000380
1.350416	0.000380
1.351391	0.000380
1.352365	0.000380
1.353340	0.000380
1.354315	0.000381
1.355290	0.000381
1.356265	0.000381
1.357239	0.000381
1.358214	0.000381
1.359189	0.000381
1.360164	0.000381
1.361139	0.000381
1.362113	0.000382
1.363088	0.000382
1.364063	0.000382
1.365038	0.000382
1.366013	0.000382
1.366987	0.000382
1.367962	0.000382
1.368937	0.000382
1.369912	0.000382
1.370887	0.000382
1.371861	0.000382
1.372836	0.000381
1.373811	0.000381
1.374786	0.000381
1.375760	0.000381
1.376735	0.000381
1.377710	0.000381
1.378685	0.000381
1.379660	0.000380
1.380634	0.000380
1.381609	0.000380
1.382584	0.000380
1.383559	0.000380
1.384534	0.000379
1.385508	0.000379
1.386483	0.000379
1.387458	0.000378
1.388433	0.000378
1.389408	0.000378
1.390382	0.000377
1.391357	0.000377
1.392332	0.000377
1.393307	0.000376
1.394282	0.000376
1.395256	0.000376
1.396231	0.000375
1.397206	0.000375
1.398181	0.000374
1.399155	0.000374
1.400130	0.000373
1.401105	0.000373
1.402080	0.000372
1.403055	0.000372
1.404029	0.000371
1.405004	0.000371
1.405979	0.000370
1.406954	0.000369
1.407929	0.000369
1.408903	0.000368
1.409878	0.000367
1.410853	0.000367
1.411828	0.000366
1.412803	0.000365
1.413777	0.000365
1.414752	0.000364
1.415727	0.000363
1.416702	0.000363
1.417677	0.000362
1.418651	0.000361
1.419626	0.000360
1.420601	0.000359
1.421576	0.000359
1.422550	0.000358
1.423525	0.000357
1.424500	0.000356
1.425475	0.000355
1.426450	0.000354
1.427424	0.000353
1.428399	0.000353
1.429374	0.000352
1.430349	0.000351
1.431324	0.000350
1.432298	0.000349
1.433273	0.000348
1.434248	0.000347
1.435223	0.000346
1.436198	0.000345
1.437172	0.000344
1.438147	0.000343
1.439122	0.000341
1.440097	0.000340
1.441072	0.000339
1.442046	0.000338
1.443021	0.000337
1.443996	0.000336
1.444971	0.000335
1.445946	0.000333
1.446920	0.000332
1.447895	0.000331
1.448870	0.000330
1.449845	0.000329
1.450819	0.000327
1.451794	0.000326
1.452769	0.000325
1.453744	0.000323
1.454719	0.000322
1.455693	0.000321
1.456668	0.000319
1.457643	0.000318
1.458618	0.000317
1.459593	0.000315
1.460567	0.000314
1.461542	0.000312
1.462517	0.000311
1.463492	0.000310
1.464467	0.000308
1.465441	0.000307
1.466416	0.000305
1.467391	0.000304
1.468366	0.000302
1.469341	0.000300
1.470315	0.000299
1.471290	0.000297
1.472265	0.000296
1.473240	0.000294
1.474214	0.000293
1.475189	0.000291
1.476164	0.000289
1.477139	0.000288
1.478114	0.000286
1.479088	0.000284
1.480063	0.000283
1.481038	0.000281
1.482013	0.000279
1.482988	0.000277
1.483962	0.000276
1.484937	0.000274
1.485912	0.000272
1.486887	0.000270
1.487862	0.000268
1.488836	0.000266
1.489811	0.000265
1.490786	0.000263
1.491761	0.000261
1.492736	0.000259
1.493710	0.000257
1.494685	0.000255
1.495660	0.000253
1.496635	0.000251
1.497609	0.000249
1.498584	0.000247
1.499559	0.000245
1.500534	0.000243
1.501509	0.000241
1.502483	0.000239
1.503458	0.000237
1.504433	0.000235
1.505408	0.000233
1.506383	0.000231
1.507357	0.000229
1.508332	0.000226
1.509307	0.000224
1.510282	0.000222
1.511257	0.000220
1.512231	0.000218
1.513206	0.000215
1.514181	0.000213
1.515156	0.000211
1.516131	0.000209
1.517105	0.000206
1.518080	0.000204
1.519055	0.000202
1.520030	0.000199
1.521004	0.000197
1.521979	0.000195
1.522954	0.000192
1.523929	0.000190
1.524904	0.000188
1.525878	0.000185
1.526853	0.000183
1.527828	0.000180
1.528803	0.000178
1.529778	0.000175
1.530752	0.000173
1.531727	0.000170
1.532702	0.000168
1.533677	0.000165
1.534652	0.000162
1.535626	0.000160
1.536601	0.000157
1.537576	0.000155
1.538551	0.000152
1.539526	0.000149
1.540500	0.000147
1.541475	0.000144
1.542450	0.000141
1.543425	0.000138
1.544399	0.000136
1.545374	0.000133
1.546349	0.000130
1.547324	0.000127
1.548299	0.000124
1.549273	0.000122
1.550248	0.000119
1.551223	0.000116
1.552198	0.000113
1.553173	0.000110
1.554147	0.000107
1.555122	0.000104
1.556097	0.000101
1.557072	0.000098
1.558047	0.000095
1.559021	0.000092
1.559996	0.000089
1.560971	0.000086
1.561946	0.000083
1.562921	0.000079
1.563895	0.000076
1.564870	0.000073
1.565845	0.000070
1.566820	0.000067
1.567795	0.000063
1.568769	0.000060
1.569744	0.000057
1.570719	0.000053
1.571694	0.000050
1.572668	0.000047
1.573643	0.000043
1.574618	0.000040
1.575593	0.000036
1.576568	0.000033
1.577542	0.000029
1.578517	0.000026
1.579492	0.000022
1.580467	0.000019
1.581442	0.000015
1.582416	0.000011
1.583391	0.000008
1.584366	0.000004
1.585349	0.000008
1.586332	0.000011
1.587314	0.000015
1.588297	0.000019
1.589280	0.000023
1.590263	0.000027
1.591245	0.000031
1.592228	0.000034
1.593211	0.000038
1.594194	0.000042
1.595176	0.000046
1.596159	0.000050
1.597142	0.000054
1.598125	0.000057
1.599108	0.000061
1.600090	0.000065
1.601073	0.000069
1.602056	0.000073
1.603039	0.000077
1.604021	0.000081
1.605004	0.000084
1.605987	0.000088
1.606970	0.000092
1.607953	0.000096
1.608935	0.000100
1.609918	0.000104
1.610901	0.000108
1.611884	0.000112
1.612866	0.000116
1.613849	0.000119
1.614832	0.000123
1.615815	0.000127
1.616798	0.000131
1.617780	0.000135
1.618763	0.000139
1.619746	0.000143
1.620729	0.000147
1.621711	0.000151
1.622694	0.000155
1.623677	0.000159
1.624660	0.000163
1.625643	0.000167
1.626625	0.000171
1.627608	0.000175
1.628591	0.000179
1.629574	0.000183
1.630556	0.000187
1.631539	0.000191
1.632522	0.000195
1.633505	0.000199
1.634488	0.000203
1.635470	0.000207
1.636453	0.000211
1.637436	0.000215
1.638419	0.000220
1.639401	0.000224
1.640384	0.000228
1.641367	0.000232
1.642350	0.000236
1.643333	0.000240
1.644315	0.000244
1.645298	0.000249
1.646281	0.000253
1.647264	0.000257
1.648246	0.000261
1.649229	0.000265
1.650212	0.000270
1.651195	0.000274
1.652177	0.000278
1.653160	0.000282
1.654143	0.000287
1.655126	0.000291
1.656109	0.000295
1.657091	0.000300
1.658074	0.000304
1.659057	0.000308
1.660040	0.000313
1.661022	0.000317
1.662005	0.000322
1.662988	0.000326
1.663971	0.000330
1.664954	0.000335
1.665936	0.000339
1.666919	0.000344
1.667902	0.000348
1.668885	0.000353
1.669867	0.000357
1.670850	0.000362
1.671833	0.000366
1.672816	0.000371
1.673799	0.000376
1.674781	0.000380
1.675764	0.000385
1.676747	0.000390
1.677730	0.000394
1.678712	0.000399
1.679695	0.000404
1.680678	0.000408
1.681661	0.000413
1.682644	0.000418
1.683626	0.000423
1.684609	0.000427
1.685592	0.000432
1.686575	0.000437
1.687557	0.000442
1.688540	0.000447
1.689523	0.000452
1.690506	0.000457
1.691489	0.000462
1.692471	0.000467
1.693454	0.000472
1.694437	0.000477
1.695420	0.000482
1.696402	0.000487
1.697385	0.000492
1.698368	0.000497
1.699351	0.000502
1.700333	0.000507
1.701316	0.000512
1.702299	0.000518
1.703282	0.000523
1.704265	0.000528
1.705247	0.000533
1.706230	0.000539
1.707213	0.000544
1.708196	0.000549
1.709178	0.000555
1.710161	0.000560
1.711144	0.000566
1.712127	0.000571
1.713110	0.000576
1.714092	0.000582
1.715075	0.000588
1.716058	0.000593
1.717041	0.000599
1.718023	0.000604
1.719006	0.000610
1.719989	0.000616
1.720972	0.000621
1.721955	0.000627
1.722937	0.000633
1.723920	0.000639
1.724903	0.000644
1.725886	0.000650
1.726868	0.000656
1.727851	0.000662
1.728834	0.000668
1.729817	0.000674
1.730800	0.000680
1.731782	0.000686
1.732765	0.000692
1.733748	0.000698
1.734731	0.000704
1.735713	0.000711
1.736696	0.000717
1.737679	0.000723
1.738662	0.000729
1.739645	0.000736
1.740627	0.000742
1.741610	0.000748
1.742593	0.000755
1.743576	0.000761
1.744558	0.000768
1.745541	0.000774
1.746524	0.000781
1.747507	0.000787
1.748489	0.000794
1.749472	0.000801
1.750455	0.000807
1.751438	0.000814
1.752421	0.000821
1.753403	0.000828
1.754386	0.000834
1.755369	0.000841
1.756352	0.000848
1.757334	0.000855
1.758317	0.000862
1.759300	0.000869
1.760283	0.000876
1.761266	0.000884
1.762248	0.000891
1.763231	0.000898
1.764214	0.000905
1.765197	0.000912
1.766179	0.000920
1.767162	0.000927
1.768145	0.000935
1.769128	0.000942
1.770111	0.000950
1.771093	0.000957
1.772076	0.000965
1.773059	0.000972
1.774042	0.000980
1.775024	0.000988
1.776007	0.000996
1.776990	0.001003
1.777973	0.001011
1.778956	0.001019
1.779938	0.001027
1.780921	0.001035
1.781904	0.001043
1.782887	0.001052
1.783869	0.001060
1.784852	0.001068
1.785835	0.001076
1.786818	0.001084
1.787801	0.001093
1.788783	0.001101
1.789766	0.001110
1.790749	0.001118
1.791732	0.001127
1.792714	0.001136
1.793697	0.001144
1.794680	0.001153
1.795663	0.001162
1.796645	0.001171
1.797628	0.001179
1.798611	0.001188
1.799594	0.001197
1.800577	0.001207
1.801559	0.001216
1.802542	0.001225
1.803525	0.001234
1.804508	0.001243
1.805490	0.001253
1.806473	0.001262
1.807456	0.001272
1.808439	0.001281
1.809422	0.001291
1.810404	0.001300
1.811387	0.001310
1.812370	0.001320
1.813353	0.001330
1.814335	0.001340
1.815318	0.001350
1.816301	0.001360
1.817284	0.001370
1.818267	0.001380
1.819249	0.001390
1.820232	0.001400
1.821215	0.001411
1.822198	0.001421
1.823180	0.001432
1.824163	0.001442
1.825146	0.001453
1.826129	0.001463
1.827112	0.001474
1.828094	0.001485
1.829077	0.001496
1.830060	0.001507
1.831043	0.001518
1.832025	0.001529
1.833008	0.001540
1.833991	0.001551
1.834974	0.001563
1.835957	0.001574
1.836939	0.001585
1.837922	0.001597
1.838905	0.001609
1.839888	0.001620
1.840870	0.001632
1.841853	0.001644
1.842836	0.001656
1.843819	0.001668
1.844801	0.001680
1.845784	0.001692
1.846767	0.001704
1.847750	0.001717
1.848733	0.001729
1.849715	0.001741
1.850698	0.001754
1.851681	0.001767
1.852664	0.001779
1.853646	0.001792
1.854629	0.001805
1.855612	0.001818
1.856595	0.001831
1.857578	0.001844
1.858560	0.001857
1.859543	0.001871
1.860526	0.001884
1.861509	0.001898
1.862491	0.001911
1.863474	0.001925
1.864457	0.001938
1.865440	0.001952
1.866423	0.001966
1.867405	0.001980
1.868388	0.001994
1.869371	0.002009
1.870354	0.002023
1.871336	0.002037
1.872319	0.002052
1.873302	0.002066
1.874285	0.002081
1.875268	0.002096
1.876250	0.002111
1.877233	0.002126
1.878216	0.002141
1.879199	0.002156
1.880181	0.002171
1.881164	0.002187
1.882147	0.002202
1.883130	0.002218
1.884113	0.002233
1.885095	0.002249
1.886078	0.002265
1.887061	0.002281
1.888044	0.002297
1.889026	0.002313
1.890009	0.002330
1.890992	0.002346
1.891975	0.002363
1.892958	0.002379
1.893940	0.002396
1.894923	0.002413
1.895906	0.002430
1.896889	0.002447
1.897871	0.002464
1.898854	0.002482
1.899837	0.002499
1.900820	0.002517
1.901802	0.002534
1.902785	0.002552
1.903768	0.002570
1.904751	0.002588
1.905734	0.002606
1.906716	0.002624
1.907699	0.002643
1.908682	0.002661
1.909665	0.002680
1.910647	0.002699
1.911630	0.002718
1.912613	0.002737
1.913596	0.002756
1.914579	0.002775
1.915561	0.002795
1.916544	0.002814
1.917527	0.002834
1.918510	0.002854
1.919492	0.002873
1.920475	0.002894
1.921458	0.002914
1.922441	0.002934
1.923424	0.002955
1.924406	0.002975
1.925389	0.002996
1.926372	0.003017
1.927355	0.003038
1.928337	0.003059
1.929320	0.003080
1.930303	0.003102
1.931286	0.003123
1.932269	0.003145
1.933251	0.003167
1.934234	0.003189
1.935217	0.003211
1.936200	0.003234
1.937182	0.003256
1.938165	0.003279
1.939148	0.003302
1.940131	0.003325
1.941114	0.003348
1.942096	0.003371
1.943079	0.003394
1.944062	0.003418
1.945045	0.003442
1.946027	0.003465
1.947010	0.003490
1.947993	0.003514
1.948976	0.003538
1.949958	0.003563
1.950941	0.003587
1.951924	0.003612
1.952907	0.003637
1.953890	0.003663
1.954872	0.003688
1.955855	0.003713
1.956838	0.003739
1.957821	0.003765
1.958803	0.003791
1.959786	0.003817
1.960769	0.003844
1.961752	0.003871
1.962735	0.003897
1.963717	0.003924
1.964700	0.003951
1.965683	0.003979
1.966666	0.004006
1.967648	0.004034
1.968631	0.004062
1.969614	0.004090
1.970597	0.004118
1.971580	0.004147
1.972562	0.004175
1.973545	0.004204
1.974528	0.004233
1.975511	0.004263
1.976493	0.004292
1.977476	0.004322
1.978459	0.004351
1.979442	0.004382
1.980425	0.004412
1.981407	0.004442
1.982390	0.004473
1.983373	0.004504
1.984356	0.004535
1.985338	0.004566
1.986321	0.004598
1.987304	0.004629
1.988287	0.004661
1.989270	0.004693
1.990252	0.004726
1.991235	0.004758
1.992218	0.004791
1.993201	0.004824
1.994183	0.004857
1.995166	0.004891
1.996149	0.004925
1.997132	0.004958
1.998114	0.004993
1.999097	0.005027
2.000080	0.005062
2.001063	0.005097
2.002046	0.005132
2.003028	0.005167
2.004011	0.005202
2.004994	0.005238
2.005977	0.005274
2.006959	0.005311
2.007942	0.005347
2.008925	0.005384
2.009908	0.005421
2.010891	0.005458
2.011873	0.005496
2.012856	0.005534
2.013839	0.005572
2.014822	0.005610
2.015804	0.005649
2.016787	0.005687
2.017770	0.005727
2.018753	0.005766
2.019736	0.005806
2.020718	0.005845
2.021701	0.005886
2.022684	0.005926
2.023667	0.005967
2.024649	0.006008
2.025632	0.006049
2.026615	0.006091
2.027598	0.006132
2.028581	0.006174
2.029563	0.006217
2.030546	0.006260
2.031529	0.006303
2.032512	0.006346
2.033494	0.006389
2.034477	0.006433
2.035460	0.006477
2.036443	0.006522
2.037426	0.006567
2.038408	0.006612
2.039391	0.006657
2.040374	0.006703
2.041357	0.006749
2.042339	0.006795
2.043322	0.006841
2.044305	0.006888
2.045288	0.006936
2.046270	0.006983
2.047253	0.007031
2.048236	0.007079
2.049219	0.007128
2.050202	0.007177
2.051184	0.007226
2.052167	0.007275
2.053150	0.007325
2.054133	0.007375
2.055115	0.007426
2.056098	0.007477
2.057081	0.007528
2.058064	0.007579
2.059047	0.007631
2.060029	0.007684
2.061012	0.007736
2.061995	0.007789
2.062978	0.007842
2.063960	0.007896
2.064943	0.007950
2.065926	0.008005
2.066909	0.008059
2.067892	0.008114
2.068874	0.008170
2.069857	0.008226
2.070840	0.008282
2.071823	0.008339
2.072805	0.008396
2.073788	0.008453
2.074771	0.008511
2.075754	0.008569
2.076737	0.008628
2.077719	0.008687
2.078702	0.008746
2.079685	0.008806
2.080668	0.008866
2.081650	0.008927
2.082633	0.008988
2.083616	0.009049
2.084599	0.009111
2.085582	0.009173
2.086564	0.009236
2.087547	0.009299
2.088530	0.009362
2.089513	0.009426
2.090495	0.009490
2.091478	0.009555
2.092461	0.009620
2.093444	0.009686
2.094426	0.009752
2.095409	0.009819
2.096392	0.009886
2.097375	0.009953
2.098358	0.010021
2.099340	0.010089
2.100323	0.010158
2.101306	0.010227
2.102289	0.010297
2.103271	0.010367
2.104254	0.010438
2.105237	0.010509
2.106220	0.010581
2.107203	0.010653
2.108185	0.010725
2.109168	0.010798
2.110151	0.010872
2.111134	0.010946
2.112116	0.011020
2.113099	0.011095
2.114082	0.011171
2.115065	0.011247
2.116048	0.011324
2.117030	0.011401
2.118013	0.011478
2.118996	0.011556
2.119979	0.011635
2.120961	0.011714
2.121944	0.011794
2.122927	0.011874
2.123910	0.011954
2.124893	0.012036
2.125875	0.012117
2.126858	0.012200
2.127841	0.012283
2.128824	0.012366
2.129806	0.012450
2.130789	0.012535
2.131772	0.012620
2.132755	0.012705
2.133738	0.012791
2.134720	0.012878
2.135703	0.012966
2.136686	0.013054
2.137669	0.013142
2.138651	0.013231
2.139634	0.013321
2.140617	0.013411
2.141600	0.013502
2.142583	0.013593
2.143565	0.013686
2.144548	0.013778
2.145531	0.013871
2.146514	0.013965
2.147496	0.014060
2.148479	0.014155
2.149462	0.014251
2.150445	0.014347
2.151427	0.014444
2.152410	0.014542
2.153393	0.014640
2.154376	0.014739
2.155359	0.014839
2.156341	0.014939
2.157324	0.015040
2.158307	0.015141
2.159290	0.015244
2.160272	0.015346
2.161255	0.015450
2.162238	0.015554
2.163221	0.015659
2.164204	0.015765
2.165186	0.015871
2.166169	0.015978
2.167152	0.016085
2.168135	0.016194
2.169117	0.016303
2.170100	0.016412
2.171083	0.016523
2.172066	0.016634
2.173049	0.016746
2.174031	0.016858
2.175014	0.016972
2.175997	0.017086
2.176980	0.017200
2.177962	0.017316
2.178945	0.017432
2.179928	0.017549
2.180911	0.017667
2.181894	0.017785
2.182876	0.017904
2.183859	0.018024
2.184842	0.018145
2.185825	0.018267
2.186807	0.018389
2.187790	0.018512
2.188773	0.018636
2.189756	0.018760
2.190739	0.018886
2.191721	0.019012
2.192704	0.019139
2.193687	0.019266
2.194670	0.019395
2.195652	0.019524
2.196635	0.019654
2.197618	0.019785
2.198601	0.019917
2.199583	0.020050
2.200566	0.020183
2.201549	0.020317
2.202532	0.020453
2.203515	0.020588
2.204497	0.020725
2.205480	0.020863
2.206463	0.021001
2.207446	0.021140
2.208428	0.021281
2.209411	0.021422
2.210394	0.021563
2.211377	0.021706
2.212360	0.021850
2.213342	0.021994
2.214325	0.022140
2.215308	0.022286
2.216291	0.022433
2.217273	0.022581
2.218256	0.022730
2.219239	0.022879
2.220222	0.023030
2.221205	0.023182
2.222187	0.023334
2.223170	0.023487
2.224153	0.023642
2.225136	0.023797
2.226118	0.023953
2.227101	0.024110
2.228084	0.024268
2.229067	0.024427
2.230050	0.024586
2.231032	0.024747
2.232015	0.024909
2.232998	0.025071
2.233981	0.025235
2.234963	0.025399
2.235946	0.025565
2.236929	0.025731
2.237912	0.025898
2.238895	0.026066
2.239877	0.026236
2.240860	0.026406
2.241843	0.026577
2.242826	0.026749
2.243808	0.026922
2.244791	0.027096
2.245774	0.027271
2.246757	0.027447
2.247739	0.027624
2.248722	0.027802
2.249705	0.027980
2.250688	0.028160
2.251671	0.028341
2.252653	0.028523
2.253636	0.028706
2.254619	0.028889
2.255602	0.029074
2.256584	0.029260
2.257567	0.029447
2.258550	0.029634
2.259533	0.029823
2.260516	0.030013
2.261498	0.030203
2.262481	0.030395
2.263464	0.030588
2.264447	0.030781
2.265429	0.030976
2.266412	0.031171
2.267395	0.031368
2.268378	0.031566
2.269361	0.031764
2.270343	0.031964
2.271326	0.032164
2.272309	0.032366
2.273292	0.032569
2.274274	0.032772
2.275257	0.032977
2.276240	0.033182
2.277223	0.033389
2.278206	0.033596
2.279188	0.033805
2.280171	0.034014
2.281154	0.034225
2.282137	0.034436
2.283119	0.034649
2.284102	0.034862
2.285085	0.035077
2.286068	0.035292
2.287051	0.035508
2.288033	0.035726
2.289016	0.035944
2.289999	0.036163
2.290982	0.036383
2.291964	0.036605
2.292947	0.036827
2.293930	0.037050
2.294913	0.037274
2.295895	0.037499
2.296878	0.037725
2.297861	0.037951
2.298844	0.038179
2.299827	0.038408
2.300809	0.038637
2.301792	0.038868
2.302775	0.039099
2.303758	0.039332
2.304740	0.039565
2.305723	0.039799
2.306706	0.040034
2.307689	0.040270
2.308672	0.040507
2.309654	0.040745
2.310637	0.040983
2.311620	0.041222
2.312603	0.041463
2.313585	0.041704
2.314568	0.041946
2.315551	0.042188
2.316534	0.042432
2.317517	0.042676
2.318499	0.042922
2.319482	0.043168
2.320465	0.043414
2.321448	0.043662
2.322430	0.043910
2.323413	0.044159
2.324396	0.044409
2.325379	0.044660
2.326362	0.044911
2.327344	0.045163
2.328327	0.045416
2.329310	0.045669
2.330293	0.045924
2.331275	0.046178
2.332258	0.046434
2.333241	0.046690
2.334224	0.046947
2.335207	0.047205
2.336189	0.047463
2.337172	0.047721
2.338155	0.047981
2.339138	0.048241
2.340120	0.048501
2.341103	0.048762
2.342086	0.049024
2.343069	0.049286
2.344051	0.049549
2.345034	0.049812
2.346017	0.050076
2.347000	0.050340
2.347983	0.050605
2.348965	0.050870
2.349948	0.051136
2.350931	0.051402
2.351914	0.051669
2.352896	0.051936
2.353879	0.052203
2.354862	0.052471
2.355845	0.052739
2.356828	0.053007
2.357810	0.053276
2.358793	0.053545
2.359776	0.053815
2.360759	0.054084
2.361741	0.054354
2.362724	0.054625
2.363707	0.054895
2.364690	0.055166
2.365673	0.055437
2.366655	0.055708
2.367638	0.055979
2.368621	0.056251
2.369604	0.056522
2.370586	0.056794
2.371569	0.057066
2.372552	0.057338
2.373535	0.057610
2.374518	0.057882
2.375500	0.058154
2.376483	0.058426
2.377466	0.058698
2.378449	0.058970
2.379431	0.059243
2.380414	0.059515
2.381397	0.059787
2.382380	0.060059
2.383363	0.060330
2.384345	0.060602
2.385328	0.060874
2.386311	0.061145
2.387294	0.061417
2.388276	0.061688
2.389259	0.061959
2.390242	0.062229
2.391225	0.062500
2.392208	0.062770
2.393190	0.063040
2.394173	0.063310
2.395156	0.063579
2.396139	0.063848
2.397121	0.064117
2.398104	0.064385
2.399087	0.064653
2.400070	0.064920
2.401052	0.065188
2.402035	0.065454
2.403018	0.065720
2.404001	0.065986
2.404984	0.066251
2.405966	0.066516
2.406949	0.066781
2.407932	0.067044
2.408915	0.067307
2.409897	0.067570
2.410880	0.067832
2.411863	0.068093
2.412846	0.068354
2.413829	0.068614
2.414811	0.068874
2.415794	0.069132
2.416777	0.069391
2.417760	0.069648
2.418742	0.069905
2.419725	0.070160
2.420708	0.070416
2.421691	0.070670
2.422674	0.070924
2.423656	0.071176
2.424639	0.071428
2.425622	0.071679
2.426605	0.071930
2.427587	0.072179
2.428570	0.072427
2.429553	0.072675
2.430536	0.072922
2.431519	0.073167
2.432501	0.073412
2.433484	0.073656
2.434467	0.073899
2.435450	0.074141
2.436432	0.074382
2.437415	0.074621
2.438398	0.074860
2.439381	0.075098
2.440364	0.075335
2.441346	0.075570
2.442329	0.075805
2.443312	0.076038
2.444295	0.076270
2.445277	0.076501
2.446260	0.076731
2.447243	0.076960
2.448226	0.077188
2.449208	0.077414
2.450191	0.077639
2.451174	0.077863
2.452157	0.078086
2.453140	0.078308
2.454122	0.078528
2.455105	0.078747
2.456088	0.078965
2.457071	0.079182
2.458053	0.079397
2.459036	0.079611
2.460019	0.079823
2.461002	0.080034
2.461985	0.080244
2.462967	0.080453
2.463950	0.080660
2.464933	0.080866
2.465916	0.081070
2.466898	0.081273
2.467881	0.081475
2.468864	0.081675
2.469847	0.081874
2.470830	0.082071
2.471812	0.082267
2.472795	0.082462
2.473778	0.082655
2.474761	0.082846
2.475743	0.083036
2.476726	0.083225
2.477709	0.083412
2.478692	0.083598
2.479675	0.083782
2.480657	0.083964
2.481640	0.084145
2.482623	0.084325
2.483606	0.084502
2.484588	0.084679
2.485571	0.084854
2.486554	0.085027
2.487537	0.085198
2.488520	0.085368
2.489502	0.085537
2.490485	0.085704
2.491468	0.085869
2.492451	0.086033
2.493433	0.086195
2.494416	0.086355
2.495399	0.086514
2.496382	0.086671
2.497364	0.086826
2.498347	0.086980
2.499330	0.087132
2.500313	0.087283
2.501296	0.087432
2.502278	0.087579
2.503261	0.087724
2.504244	0.087868
2.505227	0.088010
2.506209	0.088151
2.507192	0.088289
2.508175	0.088426
2.509158	0.088562
2.510141	0.088695
2.511123	0.088827
2.512106	0.088957
2.513089	0.089086
2.514072	0.089212
2.515054	0.089337
2.516037	0.089460
2.517020	0.089582
2.518003	0.089701
2.518986	0.089819
2.519968	0.089935
2.520951	0.090050
2.521934	0.090162
2.522917	0.090273
2.523899	0.090382
2.524882	0.090490
2.525865	0.090595
2.526848	0.090699
2.527831	0.090801
2.528813	0.090901
2.529796	0.090999
2.530779	0.091096
2.531762	0.091191
2.532744	0.091284
2.533727	0.091375
2.534710	0.091464
2.535693	0.091552
2.536676	0.091638
2.537658	0.091721
2.538641	0.091804
2.539624	0.091884
2.540607	0.091962
2.541589	0.092039
2.542572	0.092114
2.543555	0.092187
2.544538	0.092258
2.545520	0.092327
2.546503	0.092395
2.547486	0.092460
2.548469	0.092524
2.549452	0.092586
2.550434	0.092646
2.551417	0.092705
2.552400	0.092761
2.553383	0.092816
2.554365	0.092868
2.555348	0.092919
2.556331	0.092968
2.557314	0.093016
2.558297	0.093061
2.559279	0.093104
2.560262	0.093146
2.561245	0.093186
2.562228	0.093224
2.563210	0.093260
2.564193	0.093294
2.565176	0.093327
2.566159	0.093357
2.567142	0.093386
2.568124	0.093413
2.569107	0.093438
2.570090	0.093461
2.571073	0.093482
2.572055	0.093502
2.573038	0.093519
2.574021	0.093535
2.575004	0.093549
2.575987	0.093561
2.576969	0.093571
2.577952	0.093579
2.578935	0.093586
2.579918	0.093590
2.580900	0.093593
2.581883	0.093594
2.582866	0.093594
2.583849	0.093593
2.584832	0.093590
2.585814	0.093586
2.586797	0.093579
2.587780	0.093571
2.588763	0.093561
2.589745	0.093549
2.590728	0.093535
2.591711	0.093519
2.592694	0.093502
2.593676	0.093482
2.594659	0.093461
2.595642	0.093438
2.596625	0.093413
2.597608	0.093386
2.598590	0.093357
2.599573	0.093327
2.600556	0.093294
2.601539	0.093260
2.602521	0.093224
2.603504	0.093186
2.604487	0.093146
2.605470	0.093104
2.606453	0.093061
2.607435	0.093016
2.608418	0.092968
2.609401	0.092919
2.610384	0.092868
2.611366	0.092816
2.612349	0.092761
2.613332	0.092705
2.614315	0.092646
2.615298	0.092586
2.616280	0.092524
2.617263	0.092460
2.618246	0.092395
2.619229	0.092327
2.620211	0.092258
2.621194	0.092187
2.622177	0.092114
2.623160	0.092039
2.624143	0.091962
2.625125	0.091884
2.626108	0.091804
2.627091	0.091721
2.628074	0.091638
2.629056	0.091552
2.630039	0.091464
2.631022	0.091375
2.632005	0.091284
2.632988	0.091191
2.633970	0.091096
2.634953	0.090999
2.635936	0.090901
2.636919	0.090801
2.637901	0.090699
2.638884	0.090595
2.639867	0.090490
2.640850	0.090382
2.641833	0.090273
2.642815	0.090162
2.643798	0.090050
2.644781	0.089935
2.645764	0.089819
2.646746	0.089701
2.647729	0.089582
2.648712	0.089460
2.649695	0.089337
2.650677	0.089212
2.651660	0.089086
2.652643	0.088957
2.653626	0.088827
2.654609	0.088695
2.655591	0.088562
2.656574	0.088426
2.657557	0.088289
2.658540	0.088151
2.659522	0.088010
2.660505	0.087868
2.661488	0.087724
2.662471	0.087579
2.663454	0.087432
2.664436	0.087283
2.665419	0.087132
2.666402	0.086980
2.667385	0.086826
2.668367	0.086671
2.669350	0.086514
2.670333	0.086355
2.671316	0.086195
2.672299	0.086033
2.673281	0.085869
2.674264	0.085704
2.675247	0.085537
2.676230	0.085368
2.677212	0.085198
2.678195	0.085027
2.679178	0.084854
2.680161	0.084679
2.681144	0.084502
2.682126	0.084325
2.683109	0.084145
2.684092	0.083964
2.685075	0.083782
2.686057	0.083598
2.687040	0.083412
2.688023	0.083225
2.689006	0.083036
2.689989	0.082846
2.690971	0.082655
2.691954	0.082462
2.692937	0.082267
2.693920	0.082071
2.694902	0.081874
2.695885	0.081675
2.696868	0.081475
2.697851	0.081273
2.698833	0.081070
2.699816	0.080866
2.700799	0.080660
2.701782	0.080453
2.702765	0.080244
2.703747	0.080034
2.704730	0.079823
2.705713	0.079611
2.706696	0.079397
2.707678	0.079182
2.708661	0.078965
2.709644	0.078747
2.710627	0.078528
2.711610	0.078308
2.712592	0.078086
2.713575	0.077863
2.714558	0.077639
2.715541	0.077414
2.716523	0.077188
2.717506	0.076960
2.718489	0.076731
2.719472	0.076501
2.720455	0.076270
2.721437	0.076038
2.722420	0.075805
2.723403	0.075570
2.724386	0.075335
2.725368	0.075098
2.726351	0.074860
2.727334	0.074621
2.728317	0.074382
2.729300	0.074141
2.730282	0.073899
2.731265	0.073656
2.732248	0.073412
2.733231	0.073167
2.734213	0.072922
2.735196	0.072675
2.736179	0.072427
2.737162	0.072179
2.738145	0.071930
2.739127	0.071679
2.740110	0.071428
2.741093	0.071176
2.742076	0.070924
2.743058	0.070670
2.744041	0.070416
2.745024	0.070160
2.746007	0.069905
2.746989	0.069648
2.747972	0.069391
2.748955	0.069132
2.749938	0.068874
2.750921	0.068614
2.751903	0.068354
2.752886	0.068093
2.753869	0.067832
2.754852	0.067570
2.755834	0.067307
2.756817	0.067044
2.757800	0.066781
2.758783	0.066516
2.759766	0.066251
2.760748	0.065986
2.761731	0.065720
2.762714	0.065454
2.763697	0.065188
2.764679	0.064920
2.765662	0.064653
2.766645	0.064385
2.767628	0.064117
2.768611	0.063848
2.769593	0.063579
2.770576	0.063310
2.771559	0.063040
2.772542	0.062770
2.773524	0.062500
2.774507	0.062229
2.775490	0.061959
2.776473	0.061688
2.777456	0.061417
2.778438	0.061145
2.779421	0.060874
2.780404	0.060602
2.781387	0.060330
2.782369	0.060059
2.783352	0.059787
2.784335	0.059515
2.785318	0.059243
2.786301	0.058970
2.787283	0.058698
2.788266	0.058426
2.789249	0.058154
2.790232	0.057882
2.791214	0.057610
2.792197	0.057338
2.793180	0.057066
2.794163	0.056794
2.795145	0.056522
2.796128	0.056251
2.797111	0.055979
2.798094	0.055708
2.799077	0.055437
2.800059	0.055166
2.801042	0.054895
2.802025	0.054625
2.803008	0.054354
2.803990	0.054084
2.804973	0.053815
2.805956	0.053545
2.806939	0.053276
2.807922	0.053007
2.808904	0.052739
2.809887	0.052471
2.810870	0.052203
2.811853	0.051936
2.812835	0.051669
2.813818	0.051402
2.814801	0.051136
2.815784	0.050870
2.816767	0.050605
2.817749	0.050340
2.818732	0.050076
2.819715	0.049812
2.820698	0.049549
2.821680	0.049286
2.822663	0.049024
2.823646	0.048762
2.824629	0.048501
2.825612	0.048241
2.826594	0.047981
2.827577	0.047721
2.828560	0.047463
2.829543	0.047205
2.830525	0.046947
2.831508	0.046690
2.832491	0.046434
2.833474	0.046178
2.834457	0.045924
2.835439	0.045669
2.836422	0.045416
2.837405	0.045163
2.838388	0.044911
2.839370	0.044660
2.840353	0.044409
2.841336	0.044159
2.842319	0.043910
2.843301	0.043662
2.844284	0.043414
2.845267	0.043168
2.846250	0.042922
2.847233	0.042676
2.848215	0.042432
2.849198	0.042188
2.850181	0.041946
2.851164	0.041704
2.852146	0.041463
2.853129	0.041222
2.854112	0.040983
2.855095	0.040745
2.856078	0.040507
2.857060	0.040270
2.858043	0.040034
2.859026	0.039799
2.860009	0.039565
2.860991	0.039332
2.861974	0.039099
2.862957	0.038868
2.863940	0.038637
2.864923	0.038408
2.865905	0.038179
2.866888	0.037951
2.867871	0.037725
2.868854	0.037499
2.869836	0.037274
2.870819	0.037050
2.871802	0.036827
2.872785	0.036605
2.873768	0.036383
2.874750	0.036163
2.875733	0.035944
2.876716	0.035726
2.877699	0.035508
2.878681	0.035292
2.879664	0.035077
2.880647	0.034862
2.881630	0.034649
2.882613	0.034436
2.883595	0.034225
2.884578	0.034014
2.885561	0.033805
2.886544	0.033596
2.887526	0.033389
2.888509	0.033182
2.889492	0.032977
2.890475	0.032772
2.891458	0.032569
2.892440	0.032366
2.893423	0.032164
2.894406	0.031964
2.895389	0.031764
2.896371	0.031566
2.897354	0.031368
2.898337	0.031171
2.899320	0.030976
2.900302	0.030781
2.901285	0.030588
2.902268	0.030395
2.903251	0.030203
2.904234	0.030013
2.905216	0.029823
2.906199	0.029634
2.907182	0.029447
2.908165	0.029260
2.909147	0.029074
2.910130	0.028889
2.911113	0.028706
2.912096	0.028523
2.913079	0.028341
2.914061	0.028160
2.915044	0.027980
2.916027	0.027802
2.917010	0.027624
2.917992	0.027447
2.918975	0.027271
2.919958	0.027096
2.920941	0.026922
2.921924	0.026749
2.922906	0.026577
2.923889	0.026406
2.924872	0.026236
2.925855	0.026066
2.926837	0.025898
2.927820	0.025731
2.928803	0.025565
2.929786	0.025399
2.930769	0.025235
2.931751	0.025071
2.932734	0.024909
2.933717	0.024747
2.934700	0.024586
2.935682	0.024427
2.936665	0.024268
2.937648	0.024110
2.938631	0.023953
2.939614	0.023797
2.940596	0.023642
2.941579	0.023487
2.942562	0.023334
2.943545	0.023182
2.944527	0.023030
2.945510	0.022879
2.946493	0.022730
2.947476	0.022581
2.948458	0.022433
2.949441	0.022286
2.950424	0.022140
2.951407	0.021994
2.952390	0.021850
2.953372	0.021706
2.954355	0.021563
2.955338	0.021422
2.956321	0.021281
2.957303	0.021140
2.958286	0.021001
2.959269	0.020863
2.960252	0.020725
2.961235	0.020588
2.962217	0.020453
2.963200	0.020317
2.964183	0.020183
2.965166	0.020050
2.966148	0.019917
2.967131	0.019785
2.968114	0.019654
2.969097	0.019524
2.970080	0.019395
2.971062	0.019266
2.972045	0.019139
2.973028	0.019012
2.974011	0.018886
2.974993	0.018760
2.975976	0.018636
2.976959	0.018512
2.977942	0.018389
2.978925	0.018267
2.979907	0.018145
2.980890	0.018024
2.981873	0.017904
2.982856	0.017785
2.983838	0.017667
2.984821	0.017549
2.985804	0.017432
2.986787	0.017316
2.987770	0.017200
2.988752	0.017086
2.989735	0.016972
2.990718	0.016858
2.991701	0.016746
2.992683	0.016634
2.993666	0.016523
2.994649	0.016412
2.995632	0.016303
2.996614	0.016194
2.997597	0.016085
2.998580	0.015978
2.999563	0.015871
3.000546	0.015765
3.001528	0.015659
3.002511	0.015554
3.003494	0.015450
3.004477	0.015346
3.005459	0.015244
3.006442	0.015141
3.007425	0.015040
3.008408	0.014939
3.009391	0.014839
3.010373	0.014739
3.011356	0.014640
3.012339	0.014542
3.013322	0.014444
3.014304	0.014347
3.015287	0.014251
3.016270	0.014155
3.017253	0.014060
3.018236	0.013965
3.019218	0.013871
3.020201	0.013778
3.021184	0.013686
3.022167	0.013593
3.023149	0.013502
3.024132	0.013411
3.025115	0.013321
3.026098	0.013231
3.027081	0.013142
3.028063	0.013054
3.029046	0.012966
3.030029	0.012878
3.031012	0.012791
3.031994	0.012705
3.032977	0.012620
3.033960	0.012535
3.034943	0.012450
3.035926	0.012366
3.036908	0.012283
3.037891	0.012200
3.038874	0.012117
3.039857	0.012036
3.040839	0.011954
3.041822	0.011874
3.042805	0.011794
3.043788	0.011714
3.044770	0.011635
3.045753	0.011556
3.046736	0.011478
3.047719	0.011401
3.048702	0.011324
3.049684	0.011247
3.050667	0.011171
3.051650	0.011095
3.052633	0.011020
3.053615	0.010946
3.054598	0.010872
3.055581	0.010798
3.056564	0.010725
3.057547	0.010653
3.058529	0.010581
3.059512	0.010509
3.060495	0.010438
3.061478	0.010367
3.062460	0.010297
3.063443	0.010227
3.064426	0.010158
3.065409	0.010089
3.066392	0.010021
3.067374	0.009953
3.068357	0.009886
3.069340	0.009819
3.070323	0.009752
3.071305	0.009686
3.072288	0.009620
3.073271	0.009555
3.074254	0.009490
3.075237	0.009426
3.076219	0.009362
3.077202	0.009299
3.078185	0.009236
3.079168	0.009173
3.080150	0.009111
3.081133	0.009049
3.082116	0.008988
3.083099	0.008927
3.084082	0.008866
3.085064	0.008806
3.086047	0.008746
3.087030	0.008687
3.088013	0.008628
3.088995	0.008569
3.089978	0.008511
3.090961	0.008453
3.091944	0.008396
3.092926	0.008339
3.093909	0.008282
3.094892	0.008226
3.095875	0.008170
3.096858	0.008114
3.097840	0.008059
3.098823	0.008005
3.099806	0.007950
3.100789	0.007896
3.101771	0.007842
3.102754	0.007789
3.103737	0.007736
3.104720	0.007684
3.105703	0.007631
3.106685	0.007579
3.107668	0.007528
3.108651	0.007477
3.109634	0.007426
3.110616	0.007375
3.111599	0.007325
3.112582	0.007275
3.113565	0.007226
3.114548	0.007177
3.115530	0.007128
3.116513	0.007079
3.117496	0.007031
3.118479	0.006983
3.119461	0.006936
3.120444	0.006888
3.121427	0.006841
3.122410	0.006795
3.123393	0.006749
3.124375	0.006703
3.125358	0.006657
3.126341	0.006612
3.127324	0.006567
3.128306	0.006522
3.129289	0.006477
3.130272	0.006433
3.131255	0.006389
3.132238	0.006346
3.133220	0.006303
3.134203	0.006260
3.135186	0.006217
3.136169	0.006174
3.137151	0.006132
3.138134	0.006091
3.139117	0.006049
3.140100	0.006008
3.141083	0.005967
3.142065	0.005926
3.143048	0.005886
3.144031	0.005845
3.145014	0.005806
3.145996	0.005766
3.146979	0.005727
3.147962	0.005687
3.148945	0.005649
3.149927	0.005610
3.150910	0.005572
3.151893	0.005534
3.152876	0.005496
3.153859	0.005458
3.154841	0.005421
3.155824	0.005384
3.156807	0.005347
3.157790	0.005311
3.158772	0.005274
3.159755	0.005238
3.160738	0.005202
3.161721	0.005167
3.162704	0.005132
3.163686	0.005097
3.164669	0.005062
3.165652	0.005027
3.166635	0.004993
3.167617	0.004958
3.168600	0.004925
3.169583	0.004891
3.170566	0.004857
3.171549	0.004824
3.172531	0.004791
3.173514	0.004758
3.174497	0.004726
3.175480	0.004693
3.176462	0.004661
3.177445	0.004629
3.178428	0.004598
3.179411	0.004566
3.180394	0.004535
3.181376	0.004504
3.182359	0.004473
3.183342	0.004442
3.184325	0.004412
3.185307	0.004382
3.186290	0.004351
3.187273	0.004322
3.188256	0.004292
3.189239	0.004263
3.190221	0.004233
3.191204	0.004204
3.192187	0.004175
3.193170	0.004147
3.194152	0.004118
3.195135	0.004090
3.196118	0.004062
3.197101	0.004034
3.198083	0.004006
3.199066	0.003979
3.200049	0.003951
3.201032	0.003924
3.202015	0.003897
3.202997	0.003871
3.203980	0.003844
3.204963	0.003817
3.205946	0.003791
3.206928	0.003765
3.207911	0.003739
3.208894	0.003713
3.209877	0.003688
3.210860	0.003663
3.211842	0.003637
3.212825	0.003612
3.213808	0.003587
3.214791	0.003563
3.215773	0.003538
3.216756	0.003514
3.217739	0.003490
3.218722	0.003465
3.219705	0.003442
3.220687	0.003418
3.221670	0.003394
3.222653	0.003371
3.223636	0.003348
3.224618	0.003325
3.225601	0.003302
3.226584	0.003279
3.227567	0.003256
3.228550	0.003234
3.229532	0.003211
3.230515	0.003189
3.231498	0.003167
3.232481	0.003145
3.233463	0.003123
3.234446	0.003102
3.235429	0.003080
3.236412	0.003059
3.237395	0.003038
3.238377	0.003017
3.239360	0.002996
3.240343	0.002975
3.241326	0.002955
3.242308	0.002934
3.243291	0.002914
3.244274	0.002894
3.245257	0.002873
3.246239	0.002854
3.247222	0.002834
3.248205	0.002814
3.249188	0.002795
3.250171	0.002775
3.251153	0.002756
3.252136	0.002737
3.253119	0.002718
3.254102	0.002699
3.255084	0.002680
3.256067	0.002661
3.257050	0.002643
3.258033	0.002624
3.259016	0.002606
3.259998	0.002588
3.260981	0.002570
3.261964	0.002552
3.262947	0.002534
3.263929	0.002517
3.264912	0.002499
3.265895	0.002482
3.266878	0.002464
3.267861	0.002447
3.268843	0.002430
3.269826	0.002413
3.270809	0.002396
3.271792	0.002379
3.272774	0.002363
3.273757	0.002346
3.274740	0.002330
3.275723	0.002313
3.276706	0.002297
3.277688	0.002281
3.278671	0.002265
3.279654	0.002249
3.280637	0.002233
3.281619	0.002218
3.282602	0.002202
3.283585	0.002187
3.284568	0.002171
3.285551	0.002156
3.286533	0.002141
3.287516	0.002126
3.288499	0.002111
3.289482	0.002096
3.290464	0.002081
3.291447	0.002066
3.292430	0.002052
3.293413	0.002037
3.294395	0.002023
3.295378	0.002009
3.296361	0.001994
3.297344	0.001980
3.298327	0.001966
3.299309	0.001952
3.300292	0.001938
3.301275	0.001925
3.302258	0.001911
3.303240	0.001898
3.304223	0.001884
3.305206	0.001871
3.306189	0.001857
3.307172	0.001844
3.308154	0.001831
3.309137	0.001818
3.310120	0.001805
3.311103	0.001792
3.312085	0.001779
3.313068	0.001767
3.314051	0.001754
3.315034	0.001741
3.316017	0.001729
3.316999	0.001717
3.317982	0.001704
3.318965	0.001692
3.319948	0.001680
3.320930	0.001668
3.321913	0.001656
3.322896	0.001644
3.323879	0.001632
3.324862	0.001620
3.325844	0.001609
3.326827	0.001597
3.327810	0.001585
3.328793	0.001574
3.329775	0.001563
3.330758	0.001551
3.331741	0.001540
3.332724	0.001529
3.333707	0.001518
3.334689	0.001507
3.335672	0.001496
3.336655	0.001485
3.337638	0.001474
3.338620	0.001463
3.339603	0.001453
3.340586	0.001442
3.341569	0.001432
3.342551	0.001421
3.343534	0.001411
3.344517	0.001400
3.345500	0.001390
3.346483	0.001380
3.347465	0.001370
3.348448	0.001360
3.349431	0.001350
3.350414	0.001340
3.351396	0.001330
3.352379	0.001320
3.353362	0.001310
3.354345	0.001300
3.355328	0.001291
3.356310	0.001281
3.357293	0.001272
3.358276	0.001262
3.359259	0.001253
3.360241	0.001243
3.361224	0.001234
3.362207	0.001225
3.363190	0.001216
3.364173	0.001207
3.365155	0.001197
3.366138	0.001188
3.367121	0.001179
3.368104	0.001171
3.369086	0.001162
3.370069	0.001153
3.371052	0.001144
3.372035	0.001136
3.373018	0.001127
3.374000	0.001118
3.374983	0.001110
3.375966	0.001101
3.376949	0.001093
3.377931	0.001084
3.378914	0.001076
3.379897	0.001068
3.380880	0.001060
3.381863	0.001052
3.382845	0.001043
3.383828	0.001035
3.384811	0.001027
3.385794	0.001019
3.386776	0.001011
3.387759	0.001003
3.388742	0.000996
3.389725	0.000988
3.390708	0.000980
3.391690	0.000972
3.392673	0.000965
3.393656	0.000957
3.394639	0.000950
3.395621	0.000942
3.396604	0.000935
3.397587	0.000927
3.398570	0.000920
3.399552	0.000912
3.400535	0.000905
3.401518	0.000898
3.402501	0.000891
3.403484	0.000884
3.404466	0.000876
3.405449	0.000869
3.406432	0.000862
3.407415	0.000855
3.408397	0.000848
3.409380	0.000841
3.410363	0.000834
3.411346	0.000828
3.412329	0.000821
3.413311	0.000814
3.414294	0.000807
3.415277	0.000801
3.416260	0.000794
3.417242	0.000787
3.418225	0.000781
3.419208	0.000774
3.420191	0.000768
3.421174	0.000761
3.422156	0.000755
3.423139	0.000748
3.424122	0.000742
3.425105	0.000736
3.426087	0.000729
3.427070	0.000723
3.428053	0.000717
3.429036	0.000711
3.430019	0.000704
3.431001	0.000698
3.431984	0.000692
3.432967	0.000686
3.433950	0.000680
3.434932	0.000674
3.435915	0.000668
3.436898	0.000662
3.437881	0.000656
3.438864	0.000650
3.439846	0.000644
3.440829	0.000639
3.441812	0.000633
3.442795	0.000627
3.443777	0.000621
3.444760	0.000616
3.445743	0.000610
3.446726	0.000604
3.447708	0.000599
3.448691	0.000593
3.449674	0.000588
3.450657	0.000582
3.451640	0.000576
3.452622	0.000571
3.453605	0.000566
3.454588	0.000560
3.455571	0.000555
3.456553	0.000549
3.457536	0.000544
3.458519	0.000539
3.459502	0.000533
3.460485	0.000528
3.461467	0.000523
3.462450	0.000518
3.463433	0.000512
3.464416	0.000507
3.465398	0.000502
3.466381	0.000497
3.467364	0.000492
3.468347	0.000487
3.469330	0.000482
3.470312	0.000477
3.471295	0.000472
3.472278	0.000467
3.473261	0.000462
3.474243	0.000457
3.475226	0.000452
3.476209	0.000447
3.477192	0.000442
3.478175	0.000437
3.479157	0.000432
3.480140	0.000427
3.481123	0.000423
3.482106	0.000418
3.483088	0.000413
3.484071	0.000408
3.485054	0.000404
3.486037	0.000399
3.487020	0.000394
3.488002	0.000390
3.488985	0.000385
3.489968	0.000380
3.490951	0.000376
3.491933	0.000371
3.492916	0.000366
3.493899	0.000362
3.494882	0.000357
3.495864	0.000353
3.496847	0.000348
3.497830	0.000344
3.498813	0.000339
3.499796	0.000335
3.500778	0.000330
3.501761	0.000326
3.502744	0.000322
3.503727	0.000317
3.504709	0.000313
3.505692	0.000308
3.506675	0.000304
3.507658	0.000300
3.508641	0.000295
3.509623	0.000291
3.510606	0.000287
3.511589	0.000282
3.512572	0.000278
3.513554	0.000274
3.514537	0.000270
3.515520	0.000265
3.516503	0.000261
3.517486	0.000257
3.518468	0.000253
3.519451	0.000249
3.520434	0.000244
3.521417	0.000240
3.522399	0.000236
3.523382	0.000232
3.524365	0.000228
3.525348	0.000224
3.526331	0.000220
3.527313	0.000215
3.528296	0.000211
3.529279	0.000207
3.530262	0.000203
3.531244	0.000199
3.532227	0.000195
3.533210	0.000191
3.534193	0.000187
3.535176	0.000183
3.536158	0.000179
3.537141	0.000175
3.538124	0.000171
3.539107	0.000167
3.540089	0.000163
3.541072	0.000159
3.542055	0.000155
3.543038	0.000151
3.544020	0.000147
3.545003	0.000143
3.545986	0.000139
3.546969	0.000135
3.547952	0.000131
3.548934	0.000127
3.549917	0.000123
3.550900	0.000119
3.551883	0.000116
3.552865	0.000112
3.553848	0.000108
3.554831	0.000104
3.555814	0.000100
3.556797	0.000096
3.557779	0.000092
3.558762	0.000088
3.559745	0.000084
3.560728	0.000081
3.561710	0.000077
3.562693	0.000073
3.563676	0.000069
3.564659	0.000065
3.565642	0.000061
3.566624	0.000057
3.567607	0.000054
3.568590	0.000050
3.569573	0.000046
3.570555	0.000042
3.571538	0.000038
3.572521	0.000034
3.573504	0.000031
3.574487	0.000027
3.575469	0.000023
3.576452	0.000019
3.577435	0.000015
3.578418	0.000011
3.579400	0.000008
3.580375	0.000004
3.581350	0.000008
3.582325	0.000011
3.583300	0.000015
3.584274	0.000019
3.585249	0.000022
3.586224	0.000026
3.587199	0.000029
3.588174	0.000033
3.589148	0.000036
3.590123	0.000040
3.591098	0.000043
3.592073	0.000047
3.593048	0.000050
3.594022	0.000053
3.594997	0.000057
3.595972	0.000060
3.596947	0.000063
3.597921	0.000067
3.598896	0.000070
3.599871	0.000073
3.600846	0.000076
3.601821	0.000079
3.602795	0.000083
3.603770	0.000086
3.604745	0.000089
3.605720	0.000092
3.606695	0.000095
3.607669	0.000098
3.608644	0.000101
3.609619	0.000104
3.610594	0.000107
3.611569	0.000110
3.612543	0.000113
3.613518	0.000116
3.614493	0.000119
3.615468	0.000122
3.616443	0.000124
3.617417	0.000127
3.618392	0.000130
3.619367	0.000133
3.620342	0.000136
3.621316	0.000138
3.622291	0.000141
3.623266	0.000144
3.624241	0.000147
3.625216	0.000149
3.626190	0.000152
3.627165	0.000155
3.628140	0.000157
3.629115	0.000160
3.630090	0.000162
3.631064	0.000165
3.632039	0.000168
3.633014	0.000170
3.633989	0.000173
3.634964	0.000175
3.635938	0.000178
3.636913	0.000180
3.637888	0.000183
3.638863	0.000185
3.639838	0.000188
3.640812	0.000190
3.641787	0.000192
3.642762	0.000195
3.643737	0.000197
3.644711	0.000199
3.645686	0.000202
3.646661	0.000204
3.647636	0.000206
3.648611	0.000209
3.649585	0.000211
3.650560	0.000213
3.651535	0.000215
3.652510	0.000218
3.653485	0.000220
3.654459	0.000222
3.655434	0.000224
3.656409	0.000226
3.657384	0.000229
3.658359	0.000231
3.659333	0.000233
3.660308	0.000235
3.661283	0.000237
3.662258	0.000239
3.663233	0.000241
3.664207	0.000243
3.665182	0.000245
3.666157	0.000247
3.667132	0.000249
3.668106	0.000251
3.669081	0.000253
3.670056	0.000255
3.671031	0.000257
3.672006	0.000259
3.672980	0.000261
3.673955	0.000263
3.674930	0.000265
3.675905	0.000266
3.676880	0.000268
3.677854	0.000270
3.678829	0.000272
3.679804	0.000274
3.680779	0.000276
3.681754	0.000277
3.682728	0.000279
3.683703	0.000281
3.684678	0.000283
3.685653	0.000284
3.686628	0.000286
3.687602	0.000288
3.688577	0.000289
3.689552	0.000291
3.690527	0.000293
3.691501	0.000294
3.692476	0.000296
3.693451	0.000297
3.694426	0.000299
3.695401	0.000300
3.696375	0.000302
3.697350	0.000304
3.698325	0.000305
3.699300	0.000307
3.700275	0.000308
3.701249	0.000310
3.702224	0.000311
3.703199	0.000312
3.704174	0.000314
3.705149	0.000315
3.706123	0.000317
3.707098	0.000318
3.708073	0.000319
3.709048	0.000321
3.710023	0.000322
3.710997	0.000323
3.711972	0.000325
3.712947	0.000326
3.713922	0.000327
3.714897	0.000329
3.715871	0.000330
3.716846	0.000331
3.717821	0.000332
3.718796	0.000333
3.719770	0.000335
3.720745	0.000336
3.721720	0.000337
3.722695	0.000338
3.723670	0.000339
3.724644	0.000340
3.725619	0.000341
3.726594	0.000343
3.727569	0.000344
3.728544	0.000345
3.729518	0.000346
3.730493	0.000347
3.731468	0.000348
3.732443	0.000349
3.733418	0.000350
3.734392	0.000351
3.735367	0.000352
3.736342	0.000353
3.737317	0.000353
3.738292	0.000354
3.739266	0.000355
3.740241	0.000356
3.741216	0.000357
3.742191	0.000358
3.743165	0.000359
3.744140	0.000359
3.745115	0.000360
3.746090	0.000361
3.747065	0.000362
3.748039	0.000363
3.749014	0.000363
3.749989	0.000364
3.750964	0.000365
3.751939	0.000365
3.752913	0.000366
3.753888	0.000367
3.754863	0.000367
3.755838	0.000368
3.756813	0.000369
3.757787	0.000369
3.758762	0.000370
3.759737	0.000371
3.760712	0.000371
3.761687	0.000372
3.762661	0.000372
3.763636	0.000373
3.764611	0.000373
3.765586	0.000374
3.766560	0.000374
3.767535	0.000375
3.768510	0.000375
3.769485	0.000376
3.770460	0.000376
3.771434	0.000376
3.772409	0.000377
3.773384	0.000377
3.774359	0.000377
3.775334	0.000378
3.776308	0.000378
3.777283	0.000378
3.778258	0.000379
3.779233	0.000379
3.780208	0.000379
3.781182	0.000380
3.782157	0.000380
3.783132	0.000380
3.784107	0.000380
3.785082	0.000380
3.786056	0.000381
3.787031	0.000381
3.788006	0.000381
3.788981	0.000381
3.789955	0.000381
3.790930	0.000381
3.791905	0.000381
3.792880	0.000382
3.793855	0.000382
3.794829	0.000382
3.795804	0.000382
3.796779	0.000382
3.797754	0.000382
3.798729	0.000382
3.799703	0.000382
3.800678	0.000382
3.801653	0.000382
3.802628	0.000382
3.803603	0.000381
3.804577	0.000381
3.805552	0.000381
3.806527	0.000381
3.807502	0.000381
3.808477	0.000381
3.809451	0.000381
3.810426	0.000381
3.811401	0.000380
3.812376	0.000380
3.813350	0.000380
3.814325	0.000380
3.815300	0.000380
3.816275	0.000379
3.817250	0.000379
3.818224	0.000379
3.819199	0.000378
3.820174	0.000378
3.821149	0.000378
3.822124	0.000377
3.823098	0.000377
3.824073	0.000377
3.825048	0.000376
3.826023	0.000376
3.826998	0.000376
3.827972	0.000375
3.828947	0.000375
3.829922	0.000374
3.830897	0.000374
3.831872	0.000373
3.832846	0.000373
3.833821	0.000372
3.834796	0.000372
3.835771	0.000371
3.836746	0.000371
3.837720	0.000370
3.838695	0.000370
3.839670	0.000369
3.840645	0.000369
3.841619	0.000368
3.842594	0.000367
3.843569	0.000367
3.844544	0.000366
3.845519	0.000366
3.846493	0.000365
3.847468	0.000364
3.848443	0.000363
3.849418	0.000363
3.850393	0.000362
3.851367	0.000361
3.852342	0.000361
3.853317	0.000360
3.854292	0.000359
3.855267	0.000358
3.856241	0.000358
3.857216	0.000357
3.858191	0.000356
3.859166	0.000355
3.860141	0.000354
3.861115	0.000353
3.862090	0.000353
3.863065	0.000352
3.864040	0.000351
3.865014	0.000350
3.865989	0.000349
3.866964	0.000348
3.867939	0.000347
3.868914	0.000346
3.869888	0.000345
3.870863	0.000344
3.871838	0.000343
3.872813	0.000342
3.873788	0.000341
3.874762	0.000340
3.875737	0.000339
3.876712	0.000338
3.877687	0.000337
3.878662	0.000336
3.879636	0.000335
3.880611	0.000334
3.881586	0.000333
3.882561	0.000332
3.883536	0.000331
3.884510	0.000330
3.885485	0.000329
3.886460	0.000327
3.887435	0.000326
3.888409	0.000325
3.889384	0.000324
3.890359	0.000323
3.891334	0.000322
3.892309	0.000320
3.893283	0.000319
3.894258	0.000318
3.895233	0.000317
3.896208	0.000315
3.897183	0.000314
3.898157	0.000313
3.899132	0.000312
3.900107	0.000310
3.901082	0.000309
3.902057	0.000308
3.903031	0.000306
3.904006	0.000305
3.904981	0.000304
3.905956	0.000302
3.906931	0.000301
3.907905	0.000300
3.908880	0.000298
3.909855	0.000297
3.910830	0.000296
3.911804	0.000294
3.912779	0.000293
3.913754	0.000291
3.914729	0.000290
3.915704	0.000289
3.916678	0.000287
3.917653	0.000286
3.918628	0.000284
3.919603	0.000283
3.920578	0.000281
3.921552	0.000280
3.922527	0.000278
3.923502	0.000277
3.924477	0.000275
3.925452	0.000274
3.926426	0.000272
3.927401	0.000271
3.928376	0.000269
3.929351	0.000268
3.930326	0.000266
3.931300	0.000264
3.932275	0.000263
3.933250	0.000261
3.934225	0.000260
3.935200	0.000258
3.936174	0.000257
3.937149	0.000255
3.938124	0.000253
3.939099	0.000252
3.940073	0.000250
3.941048	0.000248
3.942023	0.000247
3.942998	0.000245
3.943973	0.000243
3.944947	0.000242
3.945922	0.000240
3.946897	0.000238
3.947872	0.000237
3.948847	0.000235
3.949821	0.000233
3.950796	0.000232
3.951771	0.000230
3.952746	0.000228
3.953721	0.000227
3.954695	0.000225
3.955670	0.000223
3.956645	0.000221
3.957620	0.000220
3.958595	0.000218
3.959569	0.000216
3.960544	0.000214
3.961519	0.000213
3.962494	0.000211
3.963468	0.000209
3.964443	0.000207
3.965418	0.000205
3.966393	0.000204
3.967368	0.000202
3.968342	0.000200
3.969317	0.000198
3.970292	0.000196
3.971267	0.000195
3.972242	0.000193
3.973216	0.000191
3.974191	0.000189
3.975166	0.000187
3.976141	0.000185
3.977116	0.000184
3.978090	0.000182
3.979065	0.000180
3.980040	0.000178
3.981015	0.000176
3.981990	0.000174
3.982964	0.000172
3.983939	0.000171
3.984914	0.000169
3.985889	0.000167
3.986863	0.000165
3.987838	0.000163
3.988813	0.000161
3.989788	0.000159
3.990763	0.000157
3.991737	0.000155
3.992712	0.000153
3.993687	0.000152
3.994662	0.000150
3.995637	0.000148
3.996611	0.000146
3.997586	0.000144
3.998561	0.000142
3.999536	0.000140
4.000511	0.000138
4.001485	0.000136
4.002460	0.000134
4.003435	0.000132
4.004410	0.000130
4.005385	0.000128
4.006359	0.000127
4.007334	0.000125
4.008309	0.000123
4.009284	0.000121
4.010258	0.000119
4.011233	0.000117
4.012208	0.000115
4.013183	0.000113
4.014158	0.000111
4.015132	0.000109
4.016107	0.000107
4.017082	0.000105
4.018057	0.000103
4.019032	0.000101
4.020006	0.000099
4.020981	0.000097
4.021956	0.000095
4.022931	0.000093
4.023906	0.000091
4.024880	0.000089
4.025855	0.000087
4.026830	0.000085
4.027805	0.000084
4.028780	0.000082
4.029754	0.000080
4.030729	0.000078
4.031704	0.000076
4.032679	0.000074
4.033653	0.000072
4.034628	0.000070
4.035603	0.000068
4.036578	0.000066
4.037553	0.000064
4.038527	0.000062
4.039502	0.000060
4.040477	0.000058
4.041452	0.000056
4.042427	0.000054
4.043401	0.000052
4.044376	0.000050
4.045351	0.000048
4.046326	0.000046
4.047301	0.000044
4.048275	0.000042
4.049250	0.000040
4.050225	0.000039
4.051200	0.000037
4.052175	0.000035
4.053149	0.000033
4.054124	0.000031
4.055099	0.000029
4.056074	0.000027
4.057049	0.000025
4.058023	0.000023
4.058998	0.000021
4.059973	0.000019
4.060948	0.000017
4.061922	0.000015
4.062897	0.000013
4.063872	0.000011
4.064847	0.000010
4.065822	0.000008
4.066796	0.000006
4.067779	0.000004
4.068762	0.000008
4.069745	0.000011
4.070728	0.000015
4.071710	0.000019
4.072693	0.000023
4.073676	0.000027
4.074659	0.000031
4.075641	0.000035
4.076624	0.000038
4.077607	0.000042
4.078590	0.000046
4.079573	0.000050
4.080555	0.000054
4.081538	0.000058
4.082521	0.000061
4.083504	0.000065
4.084486	0.000069
4.085469	0.000073
4.086452	0.000077
4.087435	0.000081
4.088417	0.000085
4.089400	0.000089
4.090383	0.000092
4.091366	0.000096
4.092349	0.000100
4.093331	0.000104
4.094314	0.000108
4.095297	0.000112
4.096280	0.000116
4.097262	0.000120
4.098245	0.000124
4.099228	0.000128
4.100211	0.000132
4.101194	0.000135
4.102176	0.000139
4.103159	0.000143
4.104142	0.000147
4.105125	0.000151
4.106107	0.000155
4.107090	0.000159
4.108073	0.000163
4.109056	0.000167
4.110039	0.000171
4.111021	0.000175
4.112004	0.000179
4.112987	0.000183
4.113970	0.000187
4.114952	0.000191
4.115935	0.000195
4.116918	0.000200
4.117901	0.000204
4.118884	0.000208
4.119866	0.000212
4.120849	0.000216
4.121832	0.000220
4.122815	0.000224
4.123797	0.000228
4.124780	0.000232
4.125763	0.000237
4.126746	0.000241
4.127729	0.000245
4.128711	0.000249
4.129694	0.000253
4.130677	0.000257
4.131660	0.000262
4.132642	0.000266
4.133625	0.000270
4.134608	0.000274
4.135591	0.000279
4.136573	0.000283
4.137556	0.000287
4.138539	0.000292
4.139522	0.000296
4.140505	0.000300
4.141487	0.000305
4.142470	0.000309
4.143453	0.000313
4.144436	0.000318
4.145418	0.000322
4.146401	0.000327
4.147384	0.000331
4.148367	0.000336
4.149350	0.000340
4.150332	0.000345
4.151315	0.000349
4.152298	0.000354
4.153281	0.000358
4.154263	0.000363
4.155246	0.000367
4.156229	0.000372
4.157212	0.000376
4.158195	0.000381
4.159177	0.000386
4.160160	0.000390
4.161143	0.000395
4.162126	0.000400
4.163108	0.000405
4.164091	0.000409
4.165074	0.000414
4.166057	0.000419
4.167040	0.000424
4.168022	0.000428
4.169005	0.000433
4.169988	0.000438
4.170971	0.000443
4.171953	0.000448
4.172936	0.000453
4.173919	0.000458
4.174902	0.000463
4.175885	0.000468
4.176867	0.000473
4.177850	0.000478
4.178833	0.000483
4.179816	0.000488
4.180798	0.000493
4.181781	0.000498
4.182764	0.000503
4.183747	0.000508
4.184729	0.000514
4.185712	0.000519
4.186695	0.000524
4.187678	0.000529
4.188661	0.000535
4.189643	0.000540
4.190626	0.000545
4.191609	0.000551
4.192592	0.000556
4.193574	0.000561
4.194557	0.000567
4.195540	0.000572
4.196523	0.000578
4.197506	0.000583
4.198488	0.000589
4.199471	0.000594
4.200454	0.000600
4.201437	0.000606
4.202419	0.000611
4.203402	0.000617
4.204385	0.000623
4.205368	0.000629
4.206351	0.000634
4.207333	0.000640
4.208316	0.000646
4.209299	0.000652
4.210282	0.000658
4.211264	0.000664
4.212247	0.000670
4.213230	0.000676
4.214213	0.000682
4.215196	0.000688
4.216178	0.000694
4.217161	0.000700
4.218144	0.000706
4.219127	0.000712
4.220109	0.000718
4.221092	0.000725
4.222075	0.000731
4.223058	0.000737
4.224041	0.000744
4.225023	0.000750
4.226006	0.000756
4.226989	0.000763
4.227972	0.000769
4.228954	0.000776
4.229937	0.000783
4.230920	0.000789
4.231903	0.000796
4.232885	0.000803
4.233868	0.000809
4.234851	0.000816
4.235834	0.000823
4.236817	0.000830
4.237799	0.000836
4.238782	0.000843
4.239765	0.000850
4.240748	0.000857
4.241730	0.000864
4.242713	0.000871
4.243696	0.000879
4.244679	0.000886
4.245662	0.000893
4.246644	0.000900
4.247627	0.000907
4.248610	0.000915
4.249593	0.000922
4.250575	0.000930
4.251558	0.000937
4.252541	0.000945
4.253524	0.000952
4.254507	0.000960
4.255489	0.000967
4.256472	0.000975
4.257455	0.000983
4.258438	0.000990
4.259420	0.000998
4.260403	0.001006
4.261386	0.001014
4.262369	0.001022
4.263352	0.001030
4.264334	0.001038
4.265317	0.001046
4.266300	0.001054
4.267283	0.001063
4.268265	0.001071
4.269248	0.001079
4.270231	0.001087
4.271214	0.001096
4.272197	0.001104
4.273179	0.001113
4.274162	0.001121
4.275145	0.001130
4.276128	0.001139
4.277110	0.001147
4.278093	0.001156
4.279076	0.001165
4.280059	0.001174
4.281042	0.001183
4.282024	0.001192
4.283007	0.001201
4.283990	0.001210
4.284973	0.001219
4.285955	0.001228
4.286938	0.001238
4.287921	0.001247
4.288904	0.001256
4.289886	0.001266
4.290869	0.001275
4.291852	0.001285
4.292835	0.001295
4.293818	0.001304
4.294800	0.001314
4.295783	0.001324
4.296766	0.001334
4.297749	0.001344
4.298731	0.001354
4.299714	0.001364
4.300697	0.001374
4.301680	0.001384
4.302663	0.001394
4.303645	0.001405
4.304628	0.001415
4.305611	0.001426
4.306594	0.001436
4.307576	0.001447
4.308559	0.001457
4.309542	0.001468
4.310525	0.001479
4.311508	0.001490
4.312490	0.001501
4.313473	0.001512
4.314456	0.001523
4.315439	0.001534
4.316421	0.001545
4.317404	0.001557
4.318387	0.001568
4.319370	0.001579
4.320353	0.001591
4.321335	0.001602
4.322318	0.001614
4.323301	0.001626
4.324284	0.001638
4.325266	0.001650
4.326249	0.001662
4.327232	0.001674
4.328215	0.001686
4.329198	0.001698
4.330180	0.001710
4.331163	0.001723
4.332146	0.001735
4.333129	0.001748
4.334111	0.001760
4.335094	0.001773
4.336077	0.001786
4.337060	0.001799
4.338042	0.001812
4.339025	0.001825
4.340008	0.001838
4.340991	0.001851
4.341974	0.001864
4.342956	0.001878
4.343939	0.001891
4.344922	0.001905
4.345905	0.001918
4.346887	0.001932
4.347870	0.001946
4.348853	0.001960
4.349836	0.001974
4.350819	0.001988
4.351801	0.002002
4.352784	0.002017
4.353767	0.002031
4.354750	0.002046
4.355732	0.002060
4.356715	0.002075
4.357698	0.002090
4.358681	0.002104
4.359664	0.002119
4.360646	0.002135
4.361629	0.002150
4.362612	0.002165
4.363595	0.002180
4.364577	0.002196
4.365560	0.002211
4.366543	0.002227
4.367526	0.002243
4.368509	0.002259
4.369491	0.002275
4.370474	0.002291
4.371457	0.002307
4.372440	0.002324
4.373422	0.002340
4.374405	0.002357
4.375388	0.002373
4.376371	0.002390
4.377354	0.002407
4.378336	0.002424
4.379319	0.002441
4.380302	0.002458
4.381285	0.002476
4.382267	0.002493
4.383250	0.002511
4.384233	0.002529
4.385216	0.002546
4.386198	0.002564
4.387181	0.002582
4.388164	0.002601
4.389147	0.002619
4.390130	0.002637
4.391112	0.002656
4.392095	0.002675
4.393078	0.002693
4.394061	0.002712
4.395043	0.002731
4.396026	0.002751
4.397009	0.002770
4.397992	0.002789
4.398975	0.002809
4.399957	0.002829
4.400940	0.002849
4.401923	0.002869
4.402906	0.002889
4.403888	0.002909
4.404871	0.002929
4.405854	0.002950
4.406837	0.002971
4.407820	0.002991
4.408802	0.003012
4.409785	0.003033
4.410768	0.003055
4.411751	0.003076
4.412733	0.003098
4.413716	0.003119
4.414699	0.003141
4.415682	0.003163
4.416665	0.003185
4.417647	0.003208
4.418630	0.003230
4.419613	0.003253
4.420596	0.003275
4.421578	0.003298
4.422561	0.003321
4.423544	0.003344
4.424527	0.003368
4.425510	0.003391
4.426492	0.003415
4.427475	0.003439
4.428458	0.003463
4.429441	0.003487
4.430423	0.003511
4.431406	0.003536
4.432389	0.003561
4.433372	0.003585
4.434354	0.003610
4.435337	0.003636
4.436320	0.003661
4.437303	0.003686
4.438286	0.003712
4.439268	0.003738
4.440251	0.003764
4.441234	0.003790
4.442217	0.003817
4.443199	0.003843
4.444182	0.003870
4.445165	0.003897
4.446148	0.003924
4.447131	0.003952
4.448113	0.003979
4.449096	0.004007
4.450079	0.004035
4.451062	0.004063
4.452044	0.004091
4.453027	0.004120
4.454010	0.004148
4.454993	0.004177
4.455976	0.004206
4.456958	0.004235
4.457941	0.004265
4.458924	0.004295
4.459907	0.004324
4.460889	0.004355
4.461872	0.004385
4.462855	0.004415
4.463838	0.004446
4.464821	0.004477
4.465803	0.004508
4.466786	0.004539
4.467769	0.004571
4.468752	0.004603
4.469734	0.004635
4.470717	0.004667
4.471700	0.004699
4.472683	0.004732
4.473666	0.004765
4.474648	0.004798
4.475631	0.004831
4.476614	0.004865
4.477597	0.004899
4.478579	0.004933
4.479562	0.004967
4.480545	0.005002
4.481528	0.005036
4.482510	0.005071
4.483493	0.005107
4.484476	0.005142
4.485459	0.005178
4.486442	0.005214
4.487424	0.005250
4.488407	0.005287
4.489390	0.005323
4.490373	0.005360
4.491355	0.005397
4.492338	0.005435
4.493321	0.005473
4.494304	0.005511
4.495287	0.005549
4.496269	0.005588
4.497252	0.005626
4.498235	0.005665
4.499218	0.005705
4.500200	0.005744
4.501183	0.005784
4.502166	0.005824
4.503149	0.005865
4.504132	0.005906
4.505114	0.005947
4.506097	0.005988
4.507080	0.006030
4.508063	0.006072
4.509045	0.006114
4.510028	0.006156
4.511011	0.006199
4.511994	0.006242
4.512977	0.006285
4.513959	0.006329
4.514942	0.006373
4.515925	0.006417
4.516908	0.006462
4.517890	0.006507
4.518873	0.006552
4.519856	0.006598
4.520839	0.006643
4.521822	0.006690
4.522804	0.006736
4.523787	0.006783
4.524770	0.006830
4.525753	0.006878
4.526735	0.006925
4.527718	0.006973
4.528701	0.007022
4.529684	0.007071
4.530667	0.007120
4.531649	0.007169
4.532632	0.007219
4.533615	0.007269
4.534598	0.007320
4.535580	0.007371
4.536563	0.007422
4.537546	0.007474
4.538529	0.007526
4.539511	0.007578
4.540494	0.007631
4.541477	0.007684
4.542460	0.007738
4.543443	0.007791
4.544425	0.007846
4.545408	0.007900
4.546391	0.007955
4.547374	0.008011
4.548356	0.008066
4.549339	0.008123
4.550322	0.008179
4.551305	0.008236
4.552288	0.008294
4.553270	0.008351
4.554253	0.008410
4.555236	0.008468
4.556219	0.008527
4.557201	0.008587
4.558184	0.008647
4.559167	0.008707
4.560150	0.008768
4.561133	0.008829
4.562115	0.008890
4.563098	0.008952
4.564081	0.009015
4.565064	0.009078
4.566046	0.009141
4.567029	0.009205
4.568012	0.009269
4.568995	0.009334
4.569978	0.009399
4.570960	0.009465
4.571943	0.009531
4.572926	0.009598
4.573909	0.009665
4.574891	0.009732
4.575874	0.009800
4.576857	0.009869
4.577840	0.009938
4.578823	0.010007
4.579805	0.010077
4.580788	0.010148
4.581771	0.010219
4.582754	0.010291
4.583736	0.010363
4.584719	0.010435
4.585702	0.010508
4.586685	0.010582
4.587667	0.010656
4.588650	0.010731
4.589633	0.010806
4.590616	0.010882
4.591599	0.010959
4.592581	0.011036
4.593564	0.011113
4.594547	0.011191
4.595530	0.011270
4.596512	0.011349
4.597495	0.011429
4.598478	0.011509
4.599461	0.011590
4.600444	0.011672
4.601426	0.011754
4.602409	0.011837
4.603392	0.011920
4.604375	0.012004
4.605357	0.012089
4.606340	0.012174
4.607323	0.012260
4.608306	0.012347
4.609289	0.012434
4.610271	0.012522
4.611254	0.012610
4.612237	0.012700
4.613220	0.012789
4.614202	0.012880
4.615185	0.012971
4.616168	0.013063
4.617151	0.013156
4.618134	0.013249
4.619116	0.013343
4.620099	0.013438
4.621082	0.013533
4.622065	0.013629
4.623047	0.013726
4.624030	0.013824
4.625013	0.013922
4.625996	0.014021
4.626979	0.014121
4.627961	0.014222
4.628944	0.014324
4.629927	0.014426
4.630910	0.014529
4.631892	0.014633
4.632875	0.014737
4.633858	0.014843
4.634841	0.014949
4.635823	0.015056
4.636806	0.015164
4.637789	0.015273
4.638772	0.015383
4.639755	0.015494
4.640737	0.015605
4.641720	0.015717
4.642703	0.015831
4.643686	0.015945
4.644668	0.016060
4.645651	0.016176
4.646634	0.016293
4.647617	0.016411
4.648600	0.016530
4.649582	0.016650
4.650565	0.016771
4.651548	0.016892
4.652531	0.017015
4.653513	0.017139
4.654496	0.017264
4.655479	0.017390
4.656462	0.017517
4.657445	0.017645
4.658427	0.017775
4.659410	0.017905
4.660393	0.018036
4.661376	0.018169
4.662358	0.018303
4.663341	0.018438
4.664324	0.018574
4.665307	0.018711
4.666290	0.018849
4.667272	0.018989
4.668255	0.019130
4.669238	0.019272
4.670221	0.019416
4.671203	0.019560
4.672186	0.019707
4.673169	0.019854
4.674152	0.020003
4.675135	0.020153
4.676117	0.020305
4.677100	0.020458
4.678083	0.020612
4.679066	0.020768
4.680048	0.020925
4.681031	0.021084
4.682014	0.021245
4.682997	0.021407
4.683979	0.021571
4.684962	0.021736
4.685945	0.021903
4.686928	0.022071
4.687911	0.022242
4.688893	0.022414
4.689876	0.022588
4.690859	0.022763
4.691842	0.022941
4.692824	0.023120
4.693807	0.023302
4.694790	0.023485
4.695773	0.023671
4.696756	0.023858
4.697738	0.024047
4.698721	0.024239
4.699704	0.024433
4.700687	0.024629
4.701669	0.024827
4.702652	0.025028
4.703635	0.025231
4.704618	0.025437
4.705601	0.025645
4.706583	0.025855
4.707566	0.026069
4.708549	0.026285
4.709532	0.026504
4.710514	0.026725
4.711497	0.026950
4.712480	0.027178
4.713463	0.027408
4.714446	0.027642
4.715428	0.027880
4.716411	0.028120
4.717394	0.028364
4.718377	0.028612
4.719359	0.028864
4.720342	0.029119
4.721325	0.029378
4.722308	0.029642
4.723291	0.029910
4.724273	0.030182
4.725256	0.030459
4.726239	0.030740
4.727222	0.031027
4.728204	0.031318
4.729187	0.031615
4.730170	0.031918
4.731153	0.032226
4.732135	0.032541
4.733118	0.032861
4.734101	0.033189
4.735084	0.033523
4.736067	0.033864
4.737049	0.034213
4.738032	0.034570
4.739015	0.034936
4.739998	0.035310
4.740980	0.035694
4.741963	0.036087
4.742946	0.036491
4.743929	0.036906
4.744912	0.037333
4.745894	0.037772
4.746877	0.038225
4.747860	0.038691
4.748843	0.039173
4.749825	0.039671
4.750808	0.040187
4.751791	0.040721
4.752774	0.041276
4.753757	0.041853
4.754739	0.042454
4.755722	0.043080
4.756705	0.043736
4.757688	0.044423
4.758670	0.045144
4.759653	0.045904
4.760636	0.046706
4.761619	0.047556
4.762602	0.048459
4.763584	0.049424
4.764567	0.050457
4.765550	0.051570
4.766533	0.052775
4.767515	0.054087
4.768498	0.055527
4.769481	0.057120
4.770464	0.058899
4.771447	0.060908
4.772429	0.063206
4.773412	0.065880
4.774395	0.069052
4.775378	0.072910
4.776360	0.077752
4.777343	0.084071
4.778326	0.092724
4.779309	0.105225
4.780292	0.124095
4.781274	0.152149
4.782249	0.151037
4.783224	0.111295
4.784199	0.071879
4.785173	0.054854
4.786148	0.045930
4.787123	0.040448
4.788098	0.036670
4.789073	0.033851
4.790047	0.031629
4.791022	0.029807
4.791997	0.028270
4.792972	0.026944
4.793947	0.025780
4.794921	0.024743
4.795896	0.023808
4.796871	0.022958
4.797846	0.022179
4.798821	0.021459
4.799795	0.020789
4.800770	0.020164
4.801745	0.019576
4.802720	0.019022
4.803694	0.018498
4.804669	0.018000
4.805644	0.017526
4.806619	0.017073
4.807594	0.016639
4.808568	0.016222
4.809543	0.015822
4.810518	0.015436
4.811493	0.015063
4.812468	0.014702
4.813442	0.014353
4.814417	0.014014
4.815392	0.013685
4.816367	0.013365
4.817342	0.013053
4.818316	0.012749
4.819291	0.012453
4.820266	0.012163
4.821241	0.011880
4.822216	0.011603
4.823190	0.011331
4.824165	0.011065
4.825140	0.010805
4.826115	0.010549
4.827090	0.010297
4.828064	0.010050
4.829039	0.009807
4.830014	0.009568
4.830989	0.009332
4.831963	0.009100
4.832938	0.008872
4.833913	0.008646
4.834888	0.008424
4.835863	0.008205
4.836837	0.007988
4.837812	0.007774
4.838787	0.007563
4.839762	0.007354
4.840737	0.007147
4.841711	0.006943
4.842686	0.006740
4.843661	0.006540
4.844636	0.006342
4.845611	0.006145
4.846585	0.005950
4.847560	0.005758
4.848535	0.005566
4.849510	0.005376
4.850485	0.005188
4.851459	0.005001
4.852434	0.004816
4.853409	0.004632
4.854384	0.004449
4.855358	0.004268
4.856333	0.004087
4.857308	0.003908
4.858283	0.003730
4.859258	0.003553
4.860232	0.003377
4.861207	0.003202
4.862182	0.003027
4.863157	0.002854
4.864132	0.002681
4.865106	0.002509
4.866081	0.002338
4.867056	0.002168
4.868031	0.001998
4.869006	0.001829
4.869980	0.001660
4.870955	0.001492
4.871930	0.001325
4.872905	0.001158
4.873880	0.000991
4.874854	0.000825
4.875829	0.000660
4.876804	0.000494
4.877779	0.000329
4.878761	-0.000000
4.879744	0.000166
4.880727	0.000331
4.881710	0.000497
4.882693	0.000662
4.883675	0.000828
4.884658	0.000993
4.885641	0.001158
4.886624	0.001323
4.887606	0.001488
4.888589	0.001652
4.889572	0.001816
4.890555	0.001980
4.891538	0.002143
4.892520	0.002306
4.893503	0.002468
4.894486	0.002630
4.895469	0.002792
4.896451	0.002953
4.897434	0.003114
4.898417	0.003274
4.899400	0.003433
4.900383	0.003592
4.901365	0.003750
4.902348	0.003908
4.903331	0.004065
4.904314	0.004221
4.905296	0.004377
4.906279	0.004532
4.907262	0.004686
4.908245	0.004839
4.909228	0.004992
4.910210	0.005144
4.911193	0.005295
4.912176	0.005445
4.913159	0.005595
4.914141	0.005743
4.915124	0.005891
4.916107	0.006038
4.917090	0.006184
4.918072	0.006330
4.919055	0.006474
4.920038	0.006618
4.921021	0.006760
4.922004	0.006902
4.922986	0.007043
4.923969	0.007183
4.924952	0.007322
4.925935	0.007460
4.926917	0.007597
4.927900	0.007733
4.928883	0.007868
4.929866	0.008003
4.930849	0.008136
4.931831	0.008269
4.932814	0.008401
4.933797	0.008531
4.934780	0.008661
4.935762	0.008790
4.936745	0.008918
4.937728	0.009045
4.938711	0.009171
4.939694	0.009297
4.940676	0.009421
4.941659	0.009544
4.942642	0.009667
4.943625	0.009789
4.944607	0.009909
4.945590	0.010029
4.946573	0.010148
4.947556	0.010267
4.948539	0.010384
4.949521	0.010500
4.950504	0.010616
4.951487	0.010731
4.952470	0.010845
4.953452	0.010958
4.954435	0.011070
4.955418	0.011181
4.956401	0.011292
4.957384	0.011402
4.958366	0.011511
4.959349	0.011619
4.960332	0.011726
4.961315	0.011833
4.962297	0.011939
4.963280	0.012044
4.964263	0.012148
4.965246	0.012252
4.966228	0.012355
4.967211	0.012457
4.968194	0.012558
4.969177	0.012659
4.970160	0.012759
4.971142	0.012858
4.972125	0.012957
4.973108	0.013054
4.974091	0.013151
4.975073	0.013248
4.976056	0.013344
4.977039	0.013439
4.978022	0.013533
4.979005	0.013627
4.979987	0.013720
4.980970	0.013812
4.981953	0.013904
4.982936	0.013995
4.983918	0.014086
4.984901	0.014175
4.985884	0.014265
4.986867	0.014353
4.987850	0.014441
4.988832	0.014529
4.989815	0.014615
4.990798	0.014702
4.991781	0.014787
4.992763	0.014872
4.993746	0.014957
4.994729	0.015040
4.995712	0.015124
4.996695	0.015206
4.997677	0.015288
4.998660	0.015370
4.999643	0.015451
5.000626	0.015532
5.001608	0.015611
5.002591	0.015691
5.003574	0.015770
5.004557	0.015848
5.005540	0.015926
5.006522	0.016003
5.007505	0.016080
5.008488	0.016156
5.009471	0.016231
5.010453	0.016306
5.011436	0.016381
5.012419	0.016455
5.013402	0.016529
5.014384	0.016602
5.015367	0.016674
5.016350	0.016746
5.017333	0.016818
5.018316	0.016889
5.019298	0.016960
5.020281	0.017030
5.021264	0.017099
5.022247	0.017168
5.023229	0.017237
5.024212	0.017305
5.025195	0.017373
5.026178	0.017440
5.027161	0.017507
5.028143	0.017573
5.029126	0.017639
5.030109	0.017704
5.031092	0.017769
5.032074	0.017833
5.033057	0.017897
5.034040	0.017960
5.035023	0.018023
5.036006	0.018085
5.036988	0.018147
5.037971	0.018209
5.038954	0.018270
5.039937	0.018331
5.040919	0.018391
5.041902	0.018450
5.042885	0.018509
5.043868	0.018568
5.044851	0.018626
5.045833	0.018684
5.046816	0.018742
5.047799	0.018799
5.048782	0.018855
5.049764	0.018911
5.050747	0.018966
5.051730	0.019022
5.052713	0.019076
5.053696	0.019130
5.054678	0.019184
5.055661	0.019237
5.056644	0.019290
5.057627	0.019342
5.058609	0.019394
5.059592	0.019446
5.060575	0.019497
5.061558	0.019547
5.062540	0.019597
5.063523	0.019647
5.064506	0.019696
5.065489	0.019744
5.066472	0.019793
5.067454	0.019840
5.068437	0.019888
5.069420	0.019935
5.070403	0.019981
5.071385	0.020027
5.072368	0.020072
5.073351	0.020117
5.074334	0.020162
5.075317	0.020206
5.076299	0.020250
5.077282	0.020293
5.078265	0.020335
5.079248	0.020378
5.080230	0.020419
5.081213	0.020461
5.082196	0.020502
5.083179	0.020542
5.084162	0.020582
5.085144	0.020621
5.086127	0.020660
5.087110	0.020699
5.088093	0.020737
5.089075	0.020774
5.090058	0.020811
5.091041	0.020848
5.092024	0.020884
5.093007	0.020920
5.093989	0.020955
5.094972	0.020990
5.095955	0.021024
5.096938	0.021058
5.097920	0.021091
5.098903	0.021124
5.099886	0.021157
5.100869	0.021189
5.101852	0.021220
5.102834	0.021251
5.103817	0.021281
5.104800	0.021311
5.105783	0.021341
5.106765	0.021370
5.107748	0.021398
5.108731	0.021427
5.109714	0.021454
5.110697	0.021481
5.111679	0.021508
5.112662	0.021534
5.113645	0.021560
5.114628	0.021585
5.115610	0.021609
5.116593	0.021634
5.117576	0.021657
5.118559	0.021681
5.119541	0.021703
5.120524	0.021726
5.121507	0.021747
5.122490	0.021768
5.123473	0.021789
5.124455	0.021810
5.125438	0.021829
5.126421	0.021849
5.127404	0.021867
5.128386	0.021886
5.129369	0.021903
5.130352	0.021921
5.131335	0.021938
5.132318	0.021954
5.133300	0.021970
5.134283	0.021985
5.135266	0.022000
5.136249	0.022014
5.137231	0.022028
5.138214	0.022041
5.139197	0.022054
5.140180	0.022066
5.141163	0.022078
5.142145	0.022090
5.143128	0.022100
5.144111	0.022111
5.145094	0.022120
5.146076	0.022130
5.147059	0.022139
5.148042	0.022147
5.149025	0.022155
5.150008	0.022162
5.150990	0.022169
5.151973	0.022175
5.152956	0.022181
5.153939	0.022186
5.154921	0.022191
5.155904	0.022195
5.156887	0.022199
5.157870	0.022202
5.158853	0.022205
5.159835	0.022207
5.160818	0.022209
5.161801	0.022210
5.162784	0.022211
5.163766	0.022211
