0.000983	0.000000
0.001966	-0.000000
0.002948	-0.000000
0.003931	-0.000000
0.004914	0.000000
0.005897	-0.000000
0.006879	0.000000
0.007862	0.000000
0.008845	-0.000000
0.009828	0.000000
0.010811	0.000000
0.011793	0.000000
0.012776	0.000000
0.013759	0.000000
0.014742	-0.000000
0.015724	-0.000000
0.016707	0.000000
0.017690	-0.000000
0.018673	0.000000
0.019656	-0.000000
0.020638	0.000000
0.021621	0.000000
0.022604	-0.000000
0.023587	0.000000
0.024569	-0.000000
0.025552	-0.000000
0.026535	-0.000000
0.027518	-0.000000
0.028500	-0.000000
0.029483	-0.000000
0.030466	-0.000000
0.031449	0.000000
0.032432	-0.000000
0.033414	0.000000
0.034397	-0.000000
0.035380	-0.000000
0.036363	-0.000000
0.037345	-0.000000
0.038328	0.000000
0.039311	-0.000000
0.040294	-0.000000
0.041277	0.000000
0.042259	-0.000000
0.043242	-0.000000
0.044225	-0.000000
0.045208	-0.000000
0.046190	0.000000
0.047173	-0.000000
0.048156	0.000000
0.049139	-0.000000
0.050122	0.000000
0.051104	-0.000000
0.052087	-0.000000
0.053070	-0.000000
0.054053	-0.000000
0.055035	0.000000
0.056018	-0.000000
0.057001	-0.000000
0.057984	0.000000
0.058967	0.000000
0.059949	-0.000000
0.060932	-0.000000
0.061915	0.000000
0.062898	0.000000
0.063880	-0.000000
0.064863	-0.000000
0.065846	-0.000000
0.066829	-0.000000
0.067812	0.000000
0.068794	-0.000000
0.069777	0.000000
0.070760	0.000000
0.071743	0.000000
0.072725	0.000000
0.073708	-0.000000
0.074691	0.000000
0.075674	-0.000000
0.076656	0.000000
0.077639	-0.000000
0.078622	-0.000000
0.079605	0.000000
0.080588	-0.000000
0.081570	-0.000000
0.082553	-0.000000
0.083536	0.000000
0.084519	-0.000000
0.085501	-0.000000
0.086484	-0.000000
0.087467	-0.000000
0.088450	0.000000
0.089433	0.000000
0.090415	-0.000000
0.091398	0.000000
0.092381	-0.000000
0.093364	0.000000
0.094346	-0.000000
0.095329	0.000000
0.096312	-0.000000
0.097295	0.000000
0.098278	-0.000000
0.099260	-0.000000
0.100243	0.000000
0.101226	0.000000
0.102209	0.000000
0.103191	-0.000000
0.104174	-0.000000
0.105157	0.000000
0.106140	0.000000
0.107123	-0.000000
0.108105	0.000000
0.109088	0.000000
0.110071	0.000000
0.111054	-0.000000
0.112036	0.000000
0.113019	-0.000000
0.114002	0.000000
0.114985	0.000000
0.115968	0.000000
0.116950	0.000000
0.117933	-0.000000
0.118916	0.000000
0.119899	-0.000000
0.120881	-0.000000
0.121864	0.000000
0.122847	0.000000
0.123830	0.000000
0.124812	0.000000
0.125795	-0.000000
0.126778	0.000000
0.127761	-0.000000
0.128744	0.000000
0.129726	-0.000000
0.130709	-0.000000
0.131692	-0.000000
0.132675	-0.000000
0.133657	0.000000
0.134640	-0.000000
0.135623	-0.000000
0.136606	0.000000
0.137589	-0.000000
0.138571	0.000000
0.139554	-0.000000
0.140537	-0.000000
0.141520	-0.000000
0.142502	-0.000000
0.143485	-0.000000
0.144468	-0.000000
0.145451	-0.000000
0.146434	-0.000000
0.147416	-0.000000
0.148399	-0.000000
0.149382	-0.000000
0.150365	-0.000000
0.151347	-0.000000
0.152330	0.000000
0.153313	0.000000
0.154296	-0.000000
0.155279	0.000000
0.156261	-0.000000
0.157244	-0.000000
0.158227	0.000000
0.159210	-0.000000
0.160192	0.000000
0.161175	0.000000
0.162158	-0.000000
0.163141	-0.000000
0.164124	-0.000000
0.165106	0.000000
0.166089	0.000000
0.167072	-0.000000
0.168055	0.000000
0.169037	0.000000
0.170020	-0.000000
0.171003	0.000000
0.171986	0.000000
0.172969	0.000000
0.173951	-0.000000
0.174934	-0.000000
0.175917	0.000003
0.176900	0.000007
0.177882	0.000010
0.178865	0.000013
0.179848	0.000016
0.180831	0.000020
0.181813	0.000023
0.182796	0.000026
0.183779	0.000029
0.184762	0.000033
0.185745	0.000036
0.186727	0.000039
0.187710	0.000042
0.188693	0.000045
0.189676	0.000048
0.190658	0.000051
0.191641	0.000054
0.192624	0.000057
0.193607	0.000060
0.194590	0.000063
0.195572	0.000066
0.196555	0.000069
0.197538	0.000072
0.198521	0.000074
0.199503	0.000077
0.200486	0.000080
0.201469	0.000082
0.202452	0.000085
0.203435	0.000087
0.204417	0.000090
0.205400	0.000092
0.206383	0.000094
0.207366	0.000097
0.208348	0.000099
0.209331	0.000101
0.210314	0.000103
0.211297	0.000105
0.212280	0.000107
0.213262	0.000109
0.214245	0.000110
0.215228	0.000112
0.216211	0.000114
0.217193	0.000115
0.218176	0.000117
0.219159	0.000118
0.220142	0.000119
0.221125	0.000121
0.222107	0.000122
0.223090	0.000123
0.224073	0.000124
0.225056	0.000125
0.226038	0.000125
0.227021	0.000126
0.228004	0.000127
0.228987	0.000127
0.229969	0.000127
0.230952	0.000128
0.231935	0.000128
0.232918	0.000128
0.233901	0.000128
0.234883	0.000128
0.235866	0.000128
0.236849	0.000128
0.237832	0.000127
0.238814	0.000127
0.239797	0.000126
0.240780	0.000125
0.241763	0.000125
0.242746	0.000124
0.243728	0.000123
0.244711	0.000122
0.245694	0.000120
0.246677	0.000119
0.247659	0.000118
0.248642	0.000116
0.249625	0.000115
0.250608	0.000113
0.251591	0.000111
0.252573	0.000109
0.253556	0.000108
0.254539	0.000106
0.255522	0.000103
0.256504	0.000101
0.257487	0.000099
0.258470	0.000096
0.259453	0.000094
0.260436	0.000091
0.261418	0.000089
0.262401	0.000086
0.263384	0.000083
0.264367	0.000080
0.265349	0.000077
0.266332	0.000074
0.267315	0.000071
0.268298	0.000068
0.269281	0.000065
0.270263	0.000062
0.271246	0.000058
0.272229	0.000055
0.273212	0.000052
0.274194	0.000048
0.275177	0.000045
0.276160	0.000041
0.277143	0.000037
0.278125	0.000034
0.279108	0.000030
0.280091	0.000026
0.281074	0.000023
0.282057	0.000019
0.283039	0.000015
0.284022	0.000011
0.285005	0.000008
0.285988	0.000004
0.286962	0.000015
0.287937	0.000023
0.288912	0.000030
0.289887	0.000038
0.290862	0.000046
0.291836	0.000053
0.292811	0.000061
0.293786	0.000069
0.294761	0.000077
0.295736	0.000085
0.296710	0.000093
0.297685	0.000101
0.298660	0.000110
0.299635	0.000118
0.300610	0.000127
0.301584	0.000135
0.302559	0.000144
0.303534	0.000153
0.304509	0.000163
0.305484	0.000172
0.306458	0.000181
0.307433	0.000191
0.308408	0.000201
0.309383	0.000211
0.310357	0.000221
0.311332	0.000232
0.312307	0.000243
0.313282	0.000254
0.314257	0.000265
0.315231	0.000277
0.316206	0.000289
0.317181	0.000301
0.318156	0.000314
0.319131	0.000327
0.320105	0.000340
0.321080	0.000354
0.322055	0.000368
0.323030	0.000382
0.324005	0.000397
0.324979	0.000413
0.325954	0.000429
0.326929	0.000445
0.327904	0.000462
0.328879	0.000479
0.329853	0.000498
0.330828	0.000516
0.331803	0.000536
0.332778	0.000556
0.333753	0.000576
0.334727	0.000598
0.335702	0.000620
0.336677	0.000644
0.337652	0.000668
0.338626	0.000693
0.339601	0.000719
0.340576	0.000746
0.341551	0.000774
0.342526	0.000803
0.343500	0.000834
0.344475	0.000866
0.345450	0.000899
0.346425	0.000934
0.347400	0.000970
0.348374	0.001008
0.349349	0.001048
0.350324	0.001090
0.351299	0.001134
0.352274	0.001180
0.353248	0.001229
0.354223	0.001280
0.355198	0.001334
0.356173	0.001392
0.357148	0.001452
0.358122	0.001517
0.359097	0.001585
0.360072	0.001658
0.361047	0.001736
0.362021	0.001819
0.362996	0.001909
0.363971	0.002005
0.364946	0.002109
0.365921	0.002223
0.366895	0.002346
0.367870	0.002481
0.368845	0.002630
0.369820	0.002796
0.370795	0.002982
0.371769	0.003192
0.372744	0.003432
0.373719	0.003710
0.374694	0.004040
0.375669	0.004438
0.376643	0.004933
0.377618	0.005571
0.378593	0.006432
0.379568	0.007654
0.380543	0.009463
0.381517	0.012117
0.382492	0.015111
0.383475	0.015223
0.384458	0.013050
0.385440	0.011038
0.386423	0.009718
0.387406	0.008878
0.388389	0.008327
0.389372	0.007948
0.390354	0.007678
0.391337	0.007479
0.392320	0.007329
0.393303	0.007213
0.394285	0.007123
0.395268	0.007052
0.396251	0.006997
0.397234	0.006953
0.398217	0.006920
0.399199	0.006894
0.400182	0.006875
0.401165	0.006861
0.402148	0.006852
0.403130	0.006847
0.404113	0.006846
0.405096	0.006847
0.406079	0.006851
0.407061	0.006857
0.408044	0.006865
0.409027	0.006874
0.410010	0.006885
0.410993	0.006898
0.411975	0.006911
0.412958	0.006926
0.413941	0.006941
0.414924	0.006957
0.415906	0.006974
0.416889	0.006991
0.417872	0.007009
0.418855	0.007028
0.419838	0.007046
0.420820	0.007065
0.421803	0.007085
0.422786	0.007105
0.423769	0.007124
0.424751	0.007145
0.425734	0.007165
0.426717	0.007185
0.427700	0.007206
0.428683	0.007226
0.429665	0.007247
0.430648	0.007267
0.431631	0.007288
0.432614	0.007309
0.433596	0.007329
0.434579	0.007350
0.435562	0.007370
0.436545	0.007391
0.437528	0.007411
0.438510	0.007431
0.439493	0.007451
0.440476	0.007471
0.441459	0.007491
0.442441	0.007511
0.443424	0.007531
0.444407	0.007550
0.445390	0.007569
0.446373	0.007589
0.447355	0.007608
0.448338	0.007626
0.449321	0.007645
0.450304	0.007663
0.451286	0.007682
0.452269	0.007700
0.453252	0.007718
0.454235	0.007735
0.455217	0.007753
0.456200	0.007770
0.457183	0.007787
0.458166	0.007804
0.459149	0.007820
0.460131	0.007836
0.461114	0.007853
0.462097	0.007868
0.463080	0.007884
0.464062	0.007899
0.465045	0.007915
0.466028	0.007929
0.467011	0.007944
0.467994	0.007958
0.468976	0.007973
0.469959	0.007987
0.470942	0.008000
0.471925	0.008014
0.472907	0.008027
0.473890	0.008040
0.474873	0.008052
0.475856	0.008065
0.476839	0.008077
0.477821	0.008089
0.478804	0.008100
0.479787	0.008112
0.480770	0.008123
0.481752	0.008134
0.482735	0.008144
0.483718	0.008155
0.484701	0.008165
0.485684	0.008174
0.486666	0.008184
0.487649	0.008193
0.488632	0.008202
0.489615	0.008211
0.490597	0.008219
0.491580	0.008228
0.492563	0.008236
0.493546	0.008243
0.494529	0.008251
0.495511	0.008258
0.496494	0.008265
0.497477	0.008271
0.498460	0.008278
0.499442	0.008284
0.500425	0.008289
0.501408	0.008295
0.502391	0.008300
0.503374	0.008305
0.504356	0.008310
0.505339	0.008314
0.506322	0.008319
0.507305	0.008323
0.508287	0.008326
0.509270	0.008330
0.510253	0.008333
0.511236	0.008336
0.512218	0.008338
0.513201	0.008341
0.514184	0.008343
0.515167	0.008345
0.516150	0.008347
0.517132	0.008348
0.518115	0.008349
0.519098	0.008350
0.520081	0.008350
0.521063	0.008351
0.522046	0.008351
0.523029	0.008351
0.524012	0.008350
0.524995	0.008350
0.525977	0.008349
0.526960	0.008348
0.527943	0.008346
0.528926	0.008345
0.529908	0.008343
0.530891	0.008341
0.531874	0.008338
0.532857	0.008335
0.533840	0.008333
0.534822	0.008330
0.535805	0.008326
0.536788	0.008323
0.537771	0.008319
0.538753	0.008315
0.539736	0.008310
0.540719	0.008306
0.541702	0.008301
0.542685	0.008296
0.543667	0.008291
0.544650	0.008286
0.545633	0.008280
0.546616	0.008274
0.547598	0.008268
0.548581	0.008262
0.549564	0.008255
0.550547	0.008248
0.551530	0.008241
0.552512	0.008234
0.553495	0.008227
0.554478	0.008219
0.555461	0.008211
0.556443	0.008203
0.557426	0.008195
0.558409	0.008186
0.559392	0.008178
0.560374	0.008169
0.561357	0.008160
0.562340	0.008150
0.563323	0.008141
0.564306	0.008131
0.565288	0.008121
0.566271	0.008111
0.567254	0.008101
0.568237	0.008090
0.569219	0.008080
0.570202	0.008069
0.571185	0.008058
0.572168	0.008047
0.573151	0.008035
0.574133	0.008023
0.575116	0.008012
0.576099	0.008000
0.577082	0.007988
0.578064	0.007975
0.579047	0.007963
0.580030	0.007950
0.581013	0.007937
0.581996	0.007924
0.582978	0.007911
0.583961	0.007897
0.584944	0.007884
0.585927	0.007870
0.586909	0.007856
0.587892	0.007842
0.588875	0.007828
0.589858	0.007814
0.590841	0.007799
0.591823	0.007785
0.592806	0.007770
0.593789	0.007755
0.594772	0.007740
0.595754	0.007724
0.596737	0.007709
0.597720	0.007693
0.598703	0.007678
0.599686	0.007662
0.600668	0.007646
0.601651	0.007630
0.602634	0.007613
0.603617	0.007597
0.604599	0.007580
0.605582	0.007564
0.606565	0.007547
0.607548	0.007530
0.608530	0.007513
0.609513	0.007496
0.610496	0.007478
0.611479	0.007461
0.612462	0.007443
0.613444	0.007426
0.614427	0.007408
0.615410	0.007390
0.616393	0.007372
0.617375	0.007354
0.618358	0.007336
0.619341	0.007317
0.620324	0.007299
0.621307	0.007280
0.622289	0.007261
0.623272	0.007243
0.624255	0.007224
0.625238	0.007205
0.626220	0.007186
0.627203	0.007166
0.628186	0.007147
0.629169	0.007128
0.630152	0.007108
0.631134	0.007089
0.632117	0.007069
0.633100	0.007049
0.634083	0.007030
0.635065	0.007010
0.636048	0.006990
0.637031	0.006970
0.638014	0.006949
0.638997	0.006929
0.639979	0.006909
0.640962	0.006888
0.641945	0.006868
0.642928	0.006847
0.643910	0.006827
0.644893	0.006806
0.645876	0.006785
0.646859	0.006765
0.647842	0.006744
0.648824	0.006723
0.649807	0.006702
0.650790	0.006681
0.651773	0.006660
0.652755	0.006638
0.653738	0.006617
0.654721	0.006596
0.655704	0.006574
0.656686	0.006553
0.657669	0.006532
0.658652	0.006510
0.659635	0.006488
0.660618	0.006467
0.661600	0.006445
0.662583	0.006424
0.663566	0.006402
0.664549	0.006380
0.665531	0.006358
0.666514	0.006336
0.667497	0.006314
0.668480	0.006293
0.669463	0.006271
0.670445	0.006249
0.671428	0.006227
0.672411	0.006204
0.673394	0.006182
0.674376	0.006160
0.675359	0.006138
0.676342	0.006116
0.677325	0.006094
0.678308	0.006072
0.679290	0.006049
0.680273	0.006027
0.681256	0.006005
0.682239	0.005982
0.683221	0.005960
0.684204	0.005938
0.685187	0.005915
0.686170	0.005893
0.687153	0.005871
0.688135	0.005848
0.689118	0.005826
0.690101	0.005803
0.691084	0.005781
0.692066	0.005759
0.693049	0.005736
0.694032	0.005714
0.695015	0.005691
0.695998	0.005669
0.696980	0.005646
0.697963	0.005624
0.698946	0.005601
0.699929	0.005579
0.700911	0.005556
0.701894	0.005534
0.702877	0.005512
0.703860	0.005489
0.704842	0.005467
0.705825	0.005444
0.706808	0.005422
0.707791	0.005399
0.708774	0.005377
0.709756	0.005355
0.710739	0.005332
0.711722	0.005310
0.712705	0.005288
0.713687	0.005265
0.714670	0.005243
0.715653	0.005221
0.716636	0.005198
0.717619	0.005176
0.718601	0.005154
0.719584	0.005131
0.720567	0.005109
0.721550	0.005087
0.722532	0.005065
0.723515	0.005043
0.724498	0.005021
0.725481	0.004998
0.726464	0.004976
0.727446	0.004954
0.728429	0.004932
0.729412	0.004910
0.730395	0.004888
0.731377	0.004866
0.732360	0.004844
0.733343	0.004822
0.734326	0.004801
0.735309	0.004779
0.736291	0.004757
0.737274	0.004735
0.738257	0.004713
0.739240	0.004692
0.740222	0.004670
0.741205	0.004648
0.742188	0.004627
0.743171	0.004605
0.744154	0.004584
0.745136	0.004562
0.746119	0.004541
0.747102	0.004519
0.748085	0.004498
0.749067	0.004477
0.750050	0.004455
0.751033	0.004434
0.752016	0.004413
0.752999	0.004392
0.753981	0.004370
0.754964	0.004349
0.755947	0.004328
0.756930	0.004307
0.757912	0.004286
0.758895	0.004265
0.759878	0.004245
0.760861	0.004224
0.761843	0.004203
0.762826	0.004182
0.763809	0.004162
0.764792	0.004141
0.765775	0.004120
0.766757	0.004100
0.767740	0.004079
0.768723	0.004059
0.769706	0.004038
0.770688	0.004018
0.771671	0.003998
0.772654	0.003978
0.773637	0.003957
0.774620	0.003937
0.775602	0.003917
0.776585	0.003897
0.777568	0.003877
0.778551	0.003857
0.779533	0.003837
0.780516	0.003817
0.781499	0.003798
0.782482	0.003778
0.783465	0.003758
0.784447	0.003739
0.785430	0.003719
0.786413	0.003700
0.787396	0.003680
0.788378	0.003661
0.789361	0.003641
0.790344	0.003622
0.791327	0.003603
0.792310	0.003584
0.793292	0.003564
0.794275	0.003545
0.795258	0.003526
0.796241	0.003507
0.797223	0.003489
0.798206	0.003470
0.799189	0.003451
0.800172	0.003432
0.801155	0.003414
0.802137	0.003395
0.803120	0.003376
0.804103	0.003358
0.805086	0.003339
0.806068	0.003321
0.807051	0.003303
0.808034	0.003285
0.809017	0.003266
0.809999	0.003248
0.810982	0.003230
0.811965	0.003212
0.812948	0.003194
0.813931	0.003176
0.814913	0.003158
0.815896	0.003141
0.816879	0.003123
0.817862	0.003105
0.818844	0.003088
0.819827	0.003070
0.820810	0.003053
0.821793	0.003035
0.822776	0.003018
0.823758	0.003001
0.824741	0.002983
0.825724	0.002966
0.826707	0.002949
0.827689	0.002932
0.828672	0.002915
0.829655	0.002898
0.830638	0.002881
0.831621	0.002864
0.832603	0.002848
0.833586	0.002831
0.834569	0.002814
0.835552	0.002798
0.836534	0.002781
0.837517	0.002765
0.838500	0.002748
0.839483	0.002732
0.840466	0.002716
0.841448	0.002699
0.842431	0.002683
0.843414	0.002667
0.844397	0.002651
0.845379	0.002635
0.846362	0.002619
0.847345	0.002603
0.848328	0.002588
0.849311	0.002572
0.850293	0.002556
0.851276	0.002541
0.852259	0.002525
0.853242	0.002510
0.854224	0.002494
0.855207	0.002479
0.856190	0.002463
0.857173	0.002448
0.858155	0.002433
0.859138	0.002418
0.860121	0.002403
0.861104	0.002388
0.862087	0.002373
0.863069	0.002358
0.864052	0.002343
0.865035	0.002328
0.866018	0.002313
0.867000	0.002299
0.867983	0.002284
0.868966	0.002270
0.869949	0.002255
0.870932	0.002241
0.871914	0.002226
0.872897	0.002212
0.873880	0.002198
0.874863	0.002183
0.875845	0.002169
0.876828	0.002155
0.877811	0.002141
0.878794	0.002127
0.879777	0.002113
0.880759	0.002099
0.881742	0.002086
0.882725	0.002072
0.883708	0.002058
0.884690	0.002044
0.885673	0.002031
0.886656	0.002017
0.887639	0.002004
0.888622	0.001990
0.889604	0.001977
0.890587	0.001964
0.891570	0.001950
0.892553	0.001937
0.893535	0.001924
0.894518	0.001911
0.895501	0.001898
0.896484	0.001885
0.897467	0.001872
0.898449	0.001859
0.899432	0.001846
0.900415	0.001833
0.901398	0.001821
0.902380	0.001808
0.903363	0.001795
0.904346	0.001783
0.905329	0.001770
0.906311	0.001758
0.907294	0.001745
0.908277	0.001733
0.909260	0.001721
0.910243	0.001708
0.911225	0.001696
0.912208	0.001684
0.913191	0.001672
0.914174	0.001660
0.915156	0.001648
0.916139	0.001636
0.917122	0.001624
0.918105	0.001612
0.919088	0.001600
0.920070	0.001588
0.921053	0.001577
0.922036	0.001565
0.923019	0.001553
0.924001	0.001542
0.924984	0.001530
0.925967	0.001519
0.926950	0.001507
0.927933	0.001496
0.928915	0.001485
0.929898	0.001473
0.930881	0.001462
0.931864	0.001451
0.932846	0.001440
0.933829	0.001428
0.934812	0.001417
0.935795	0.001406
0.936778	0.001395
0.937760	0.001384
0.938743	0.001374
0.939726	0.001363
0.940709	0.001352
0.941691	0.001341
0.942674	0.001330
0.943657	0.001320
0.944640	0.001309
0.945623	0.001298
0.946605	0.001288
0.947588	0.001277
0.948571	0.001267
0.949554	0.001256
0.950536	0.001246
0.951519	0.001236
0.952502	0.001225
0.953485	0.001215
0.954467	0.001205
0.955450	0.001195
0.956433	0.001185
0.957416	0.001174
0.958399	0.001164
0.959381	0.001154
0.960364	0.001144
0.961347	0.001134
0.962330	0.001124
0.963312	0.001115
0.964295	0.001105
0.965278	0.001095
0.966261	0.001085
0.967244	0.001075
0.968226	0.001066
0.969209	0.001056
0.970192	0.001046
0.971175	0.001037
0.972157	0.001027
0.973140	0.001018
0.974123	0.001008
0.975106	0.000999
0.976089	0.000989
0.977071	0.000980
0.978054	0.000971
0.979037	0.000961
0.980020	0.000952
0.981002	0.000943
0.981985	0.000934
0.982968	0.000924
0.983951	0.000915
0.984934	0.000906
0.985916	0.000897
0.986899	0.000888
0.987882	0.000879
0.988865	0.000870
0.989847	0.000861
0.990830	0.000852
0.991813	0.000843
0.992796	0.000834
0.993779	0.000825
0.994761	0.000817
0.995744	0.000808
0.996727	0.000799
0.997710	0.000790
0.998692	0.000782
0.999675	0.000773
1.000658	0.000764
1.001641	0.000756
1.002624	0.000747
1.003606	0.000739
1.004589	0.000730
1.005572	0.000722
1.006555	0.000713
1.007537	0.000705
1.008520	0.000696
1.009503	0.000688
1.010486	0.000679
1.011468	0.000671
1.012451	0.000663
1.013434	0.000654
1.014417	0.000646
1.015400	0.000638
1.016382	0.000630
1.017365	0.000621
1.018348	0.000613
1.019331	0.000605
1.020313	0.000597
1.021296	0.000589
1.022279	0.000581
1.023262	0.000573
1.024245	0.000564
1.025227	0.000556
1.026210	0.000548
1.027193	0.000540
1.028176	0.000532
1.029158	0.000524
1.030141	0.000516
1.031124	0.000509
1.032107	0.000501
1.033090	0.000493
1.034072	0.000485
1.035055	0.000477
1.036038	0.000469
1.037021	0.000461
1.038003	0.000454
1.038986	0.000446
1.039969	0.000438
1.040952	0.000430
1.041935	0.000423
1.042917	0.000415
1.043900	0.000407
1.044883	0.000399
1.045866	0.000392
1.046848	0.000384
1.047831	0.000377
1.048814	0.000369
1.049797	0.000361
1.050780	0.000354
1.051762	0.000346
1.052745	0.000339
1.053728	0.000331
1.054711	0.000323
1.055693	0.000316
1.056676	0.000308
1.057659	0.000301
1.058642	0.000293
1.059624	0.000286
1.060607	0.000278
1.061590	0.000271
1.062573	0.000264
1.063556	0.000256
1.064538	0.000249
1.065521	0.000241
1.066504	0.000234
1.067487	0.000226
1.068469	0.000219
1.069452	0.000212
1.070435	0.000204
1.071418	0.000197
1.072401	0.000190
1.073383	0.000182
1.074366	0.000175
1.075349	0.000167
1.076332	0.000160
1.077314	0.000153
1.078297	0.000146
1.079280	0.000138
1.080263	0.000131
1.081246	0.000124
1.082228	0.000116
1.083211	0.000109
1.084194	0.000102
1.085177	0.000094
1.086159	0.000087
1.087142	0.000080
1.088125	0.000073
1.089108	0.000065
1.090091	0.000058
1.091073	0.000051
1.092056	0.000044
1.093039	0.000036
1.094022	0.000029
1.095004	0.000022
1.095987	0.000015
1.096970	0.000007
1.097945	0.000011
1.098920	0.000014
1.099894	0.000018
1.100869	0.000022
1.101844	0.000025
1.102819	0.000029
1.103794	0.000033
1.104768	0.000036
1.105743	0.000040
1.106718	0.000044
1.107693	0.000047
1.108667	0.000051
1.109642	0.000054
1.110617	0.000058
1.111592	0.000062
1.112567	0.000066
1.113541	0.000069
1.114516	0.000073
1.115491	0.000077
1.116466	0.000080
1.117441	0.000084
1.118415	0.000088
1.119390	0.000091
1.120365	0.000095
1.121340	0.000099
1.122315	0.000102
1.123289	0.000106
1.124264	0.000110
1.125239	0.000114
1.126214	0.000117
1.127189	0.000121
1.128163	0.000125
1.129138	0.000129
1.130113	0.000132
1.131088	0.000136
1.132062	0.000140
1.133037	0.000143
1.134012	0.000147
1.134987	0.000151
1.135962	0.000155
1.136936	0.000158
1.137911	0.000162
1.138886	0.000166
1.139861	0.000170
1.140836	0.000173
1.141810	0.000177
1.142785	0.000181
1.143760	0.000185
1.144735	0.000188
1.145710	0.000192
1.146684	0.000196
1.147659	0.000200
1.148634	0.000203
1.149609	0.000207
1.150584	0.000211
1.151558	0.000215
1.152533	0.000219
1.153508	0.000222
1.154483	0.000226
1.155457	0.000230
1.156432	0.000234
1.157407	0.000237
1.158382	0.000241
1.159357	0.000245
1.160331	0.000249
1.161306	0.000252
1.162281	0.000256
1.163256	0.000260
1.164231	0.000264
1.165205	0.000267
1.166180	0.000271
1.167155	0.000275
1.168130	0.000279
1.169105	0.000282
1.170079	0.000286
1.171054	0.000290
1.172029	0.000293
1.173004	0.000297
1.173979	0.000301
1.174953	0.000305
1.175928	0.000308
1.176903	0.000312
1.177878	0.000316
1.178852	0.000319
1.179827	0.000323
1.180802	0.000327
1.181777	0.000331
1.182752	0.000334
1.183726	0.000338
1.184701	0.000342
1.185676	0.000345
1.186651	0.000349
1.187626	0.000353
1.188600	0.000356
1.189575	0.000360
1.190550	0.000364
1.191525	0.000367
1.192500	0.000371
1.193474	0.000375
1.194449	0.000378
1.195424	0.000382
1.196399	0.000386
1.197374	0.000389
1.198348	0.000393
1.199323	0.000397
1.200298	0.000400
1.201273	0.000404
1.202247	0.000407
1.203222	0.000411
1.204197	0.000415
1.205172	0.000418
1.206147	0.000422
1.207121	0.000425
1.208096	0.000429
1.209071	0.000432
1.210046	0.000436
1.211021	0.000439
1.211995	0.000443
1.212970	0.000447
1.213945	0.000450
1.214920	0.000454
1.215895	0.000457
1.216869	0.000461
1.217844	0.000464
1.218819	0.000468
1.219794	0.000471
1.220769	0.000474
1.221743	0.000478
1.222718	0.000481
1.223693	0.000485
1.224668	0.000488
1.225643	0.000492
1.226617	0.000495
1.227592	0.000498
1.228567	0.000502
1.229542	0.000505
1.230516	0.000509
1.231491	0.000512
1.232466	0.000515
1.233441	0.000519
1.234416	0.000522
1.235390	0.000525
1.236365	0.000529
1.237340	0.000532
1.238315	0.000535
1.239290	0.000539
1.240264	0.000542
1.241239	0.000545
1.242214	0.000548
1.243189	0.000552
1.244164	0.000555
1.245138	0.000558
1.246113	0.000561
1.247088	0.000564
1.248063	0.000568
1.249038	0.000571
1.250012	0.000574
1.250987	0.000577
1.251962	0.000580
1.252937	0.000583
1.253911	0.000586
1.254886	0.000589
1.255861	0.000592
1.256836	0.000596
1.257811	0.000599
1.258785	0.000602
1.259760	0.000605
1.260735	0.000608
1.261710	0.000611
1.262685	0.000614
1.263659	0.000617
1.264634	0.000620
1.265609	0.000622
1.266584	0.000625
1.267559	0.000628
1.268533	0.000631
1.269508	0.000634
1.270483	0.000637
1.271458	0.000640
1.272433	0.000643
1.273407	0.000645
1.274382	0.000648
1.275357	0.000651
1.276332	0.000654
1.277306	0.000656
1.278281	0.000659
1.279256	0.000662
1.280231	0.000665
1.281206	0.000667
1.282180	0.000670
1.283155	0.000672
1.284130	0.000675
1.285105	0.000678
1.286080	0.000680
1.287054	0.000683
1.288029	0.000685
1.289004	0.000688
1.289979	0.000690
1.290954	0.000693
1.291928	0.000695
1.292903	0.000698
1.293878	0.000700
1.294853	0.000703
1.295828	0.000705
1.296802	0.000708
1.297777	0.000710
1.298752	0.000712
1.299727	0.000715
1.300701	0.000717
1.301676	0.000719
1.302651	0.000721
1.303626	0.000724
1.304601	0.000726
1.305575	0.000728
1.306550	0.000730
1.307525	0.000732
1.308500	0.000734
1.309475	0.000737
1.310449	0.000739
1.311424	0.000741
1.312399	0.000743
1.313374	0.000745
1.314349	0.000747
1.315323	0.000749
1.316298	0.000751
1.317273	0.000753
1.318248	0.000755
1.319223	0.000756
1.320197	0.000758
1.321172	0.000760
1.322147	0.000762
1.323122	0.000764
1.324096	0.000766
1.325071	0.000767
1.326046	0.000769
1.327021	0.000771
1.327996	0.000772
1.328970	0.000774
1.329945	0.000776
1.330920	0.000777
1.331895	0.000779
1.332870	0.000780
1.333844	0.000782
1.334819	0.000783
1.335794	0.000785
1.336769	0.000786
1.337744	0.000788
1.338718	0.000789
1.339693	0.000790
1.340668	0.000792
1.341643	0.000793
1.342618	0.000794
1.343592	0.000796
1.344567	0.000797
1.345542	0.000798
1.346517	0.000799
1.347492	0.000800
1.348466	0.000801
1.349441	0.000803
1.350416	0.000804
1.351391	0.000805
1.352365	0.000806
1.353340	0.000807
1.354315	0.000808
1.355290	0.000809
1.356265	0.000809
1.357239	0.000810
1.358214	0.000811
1.359189	0.000812
1.360164	0.000813
1.361139	0.000813
1.362113	0.000814
1.363088	0.000815
1.364063	0.000816
1.365038	0.000816
1.366013	0.000817
1.366987	0.000817
1.367962	0.000818
1.368937	0.000818
1.369912	0.000819
1.370887	0.000819
1.371861	0.000820
1.372836	0.000820
1.373811	0.000820
1.374786	0.000821
1.375760	0.000821
1.376735	0.000821
1.377710	0.000822
1.378685	0.000822
1.379660	0.000822
1.380634	0.000822
1.381609	0.000822
1.382584	0.000822
1.383559	0.000822
1.384534	0.000822
1.385508	0.000822
1.386483	0.000822
1.387458	0.000822
1.388433	0.000822
1.389408	0.000822
1.390382	0.000822
1.391357	0.000821
1.392332	0.000821
1.393307	0.000821
1.394282	0.000820
1.395256	0.000820
1.396231	0.000820
1.397206	0.000819
1.398181	0.000819
1.399155	0.000818
1.400130	0.000818
1.401105	0.000817
1.402080	0.000817
1.403055	0.000816
1.404029	0.000815
1.405004	0.000815
1.405979	0.000814
1.406954	0.000813
1.407929	0.000812
1.408903	0.000811
1.409878	0.000810
1.410853	0.000810
1.411828	0.000809
1.412803	0.000808
1.413777	0.000807
1.414752	0.000806
1.415727	0.000804
1.416702	0.000803
1.417677	0.000802
1.418651	0.000801
1.419626	0.000800
1.420601	0.000798
1.421576	0.000797
1.422550	0.000796
1.423525	0.000794
1.424500	0.000793
1.425475	0.000791
1.426450	0.000790
1.427424	0.000788
1.428399	0.000787
1.429374	0.000785
1.430349	0.000784
1.431324	0.000782
1.432298	0.000780
1.433273	0.000778
1.434248	0.000777
1.435223	0.000775
1.436198	0.000773
1.437172	0.000771
1.438147	0.000769
1.439122	0.000767
1.440097	0.000765
1.441072	0.000763
1.442046	0.000761
1.443021	0.000759
1.443996	0.000757
1.444971	0.000754
1.445946	0.000752
1.446920	0.000750
1.447895	0.000747
1.448870	0.000745
1.449845	0.000743
1.450819	0.000740
1.451794	0.000738
1.452769	0.000735
1.453744	0.000733
1.454719	0.000730
1.455693	0.000727
1.456668	0.000725
1.457643	0.000722
1.458618	0.000719
1.459593	0.000717
1.460567	0.000714
1.461542	0.000711
1.462517	0.000708
1.463492	0.000705
1.464467	0.000702
1.465441	0.000699
1.466416	0.000696
1.467391	0.000693
1.468366	0.000690
1.469341	0.000686
1.470315	0.000683
1.471290	0.000680
1.472265	0.000677
1.473240	0.000673
1.474214	0.000670
1.475189	0.000667
1.476164	0.000663
1.477139	0.000660
1.478114	0.000656
1.479088	0.000652
1.480063	0.000649
1.481038	0.000645
1.482013	0.000641
1.482988	0.000638
1.483962	0.000634
1.484937	0.000630
1.485912	0.000626
1.486887	0.000622
1.487862	0.000618
1.488836	0.000614
1.489811	0.000610
1.490786	0.000606
1.491761	0.000602
1.492736	0.000598
1.493710	0.000594
1.494685	0.000590
1.495660	0.000585
1.496635	0.000581
1.497609	0.000577
1.498584	0.000572
1.499559	0.000568
1.500534	0.000564
1.501509	0.000559
1.502483	0.000554
1.503458	0.000550
1.504433	0.000545
1.505408	0.000541
1.506383	0.000536
1.507357	0.000531
1.508332	0.000526
1.509307	0.000521
1.510282	0.000517
1.511257	0.000512
1.512231	0.000507
1.513206	0.000502
1.514181	0.000497
1.515156	0.000492
1.516131	0.000486
1.517105	0.000481
1.518080	0.000476
1.519055	0.000471
1.520030	0.000465
1.521004	0.000460
1.521979	0.000455
1.522954	0.000449
1.523929	0.000444
1.524904	0.000438
1.525878	0.000433
1.526853	0.000427
1.527828	0.000421
1.528803	0.000416
1.529778	0.000410
1.530752	0.000404
1.531727	0.000398
1.532702	0.000393
1.533677	0.000387
1.534652	0.000381
1.535626	0.000375
1.536601	0.000369
1.537576	0.000363
1.538551	0.000356
1.539526	0.000350
1.540500	0.000344
1.541475	0.000338
1.542450	0.000331
1.543425	0.000325
1.544399	0.000319
1.545374	0.000312
1.546349	0.000306
1.547324	0.000299
1.548299	0.000293
1.549273	0.000286
1.550248	0.000279
1.551223	0.000272
1.552198	0.000266
1.553173	0.000259
1.554147	0.000252
1.555122	0.000245
1.556097	0.000238
1.557072	0.000231
1.558047	0.000224
1.559021	0.000216
1.559996	0.000209
1.560971	0.000202
1.561946	0.000195
1.562921	0.000187
1.563895	0.000180
1.564870	0.000172
1.565845	0.000165
1.566820	0.000157
1.567795	0.000149
1.568769	0.000142
1.569744	0.000134
1.570719	0.000126
1.571694	0.000118
1.572668	0.000110
1.573643	0.000102
1.574618	0.000094
1.575593	0.000086
1.576568	0.000078
1.577542	0.000069
1.578517	0.000061
1.579492	0.000052
1.580467	0.000044
1.581442	0.000035
1.582416	0.000027
1.583391	0.000018
1.584366	0.000009
1.585349	0.000018
1.586332	0.000027
1.587314	0.000036
1.588297	0.000045
1.589280	0.000054
1.590263	0.000063
1.591245	0.000072
1.592228	0.000081
1.593211	0.000090
1.594194	0.000099
1.595176	0.000108
1.596159	0.000118
1.597142	0.000127
1.598125	0.000136
1.599108	0.000145
1.600090	0.000154
1.601073	0.000163
1.602056	0.000172
1.603039	0.000181
1.604021	0.000190
1.605004	0.000200
1.605987	0.000209
1.606970	0.000218
1.607953	0.000227
1.608935	0.000236
1.609918	0.000245
1.610901	0.000255
1.611884	0.000264
1.612866	0.000273
1.613849	0.000282
1.614832	0.000292
1.615815	0.000301
1.616798	0.000310
1.617780	0.000320
1.618763	0.000329
1.619746	0.000338
1.620729	0.000348
1.621711	0.000357
1.622694	0.000367
1.623677	0.000376
1.624660	0.000386
1.625643	0.000395
1.626625	0.000405
1.627608	0.000414
1.628591	0.000424
1.629574	0.000433
1.630556	0.000443
1.631539	0.000453
1.632522	0.000462
1.633505	0.000472
1.634488	0.000482
1.635470	0.000491
1.636453	0.000501
1.637436	0.000511
1.638419	0.000521
1.639401	0.000531
1.640384	0.000541
1.641367	0.000551
1.642350	0.000561
1.643333	0.000571
1.644315	0.000581
1.645298	0.000591
1.646281	0.000601
1.647264	0.000611
1.648246	0.000621
1.649229	0.000631
1.650212	0.000642
1.651195	0.000652
1.652177	0.000662
1.653160	0.000673
1.654143	0.000683
1.655126	0.000694
1.656109	0.000704
1.657091	0.000715
1.658074	0.000725
1.659057	0.000736
1.660040	0.000747
1.661022	0.000757
1.662005	0.000768
1.662988	0.000779
1.663971	0.000790
1.664954	0.000801
1.665936	0.000812
1.666919	0.000823
1.667902	0.000834
1.668885	0.000845
1.669867	0.000856
1.670850	0.000867
1.671833	0.000878
1.672816	0.000890
1.673799	0.000901
1.674781	0.000913
1.675764	0.000924
1.676747	0.000936
1.677730	0.000947
1.678712	0.000959
1.679695	0.000971
1.680678	0.000982
1.681661	0.000994
1.682644	0.001006
1.683626	0.001018
1.684609	0.001030
1.685592	0.001042
1.686575	0.001054
1.687557	0.001067
1.688540	0.001079
1.689523	0.001091
1.690506	0.001104
1.691489	0.001116
1.692471	0.001129
1.693454	0.001141
1.694437	0.001154
1.695420	0.001167
1.696402	0.001180
1.697385	0.001193
1.698368	0.001206
1.699351	0.001219
1.700333	0.001232
1.701316	0.001245
1.702299	0.001258
1.703282	0.001272
1.704265	0.001285
1.705247	0.001299
1.706230	0.001312
1.707213	0.001326
1.708196	0.001340
1.709178	0.001354
1.710161	0.001368
1.711144	0.001382
1.712127	0.001396
1.713110	0.001410
1.714092	0.001425
1.715075	0.001439
1.716058	0.001454
1.717041	0.001468
1.718023	0.001483
1.719006	0.001498
1.719989	0.001513
1.720972	0.001528
1.721955	0.001543
1.722937	0.001558
1.723920	0.001573
1.724903	0.001589
1.725886	0.001604
1.726868	0.001620
1.727851	0.001635
1.728834	0.001651
1.729817	0.001667
1.730800	0.001683
1.731782	0.001699
1.732765	0.001716
1.733748	0.001732
1.734731	0.001749
1.735713	0.001765
1.736696	0.001782
1.737679	0.001799
1.738662	0.001816
1.739645	0.001833
1.740627	0.001850
1.741610	0.001868
1.742593	0.001885
1.743576	0.001903
1.744558	0.001920
1.745541	0.001938
1.746524	0.001956
1.747507	0.001974
1.748489	0.001993
1.749472	0.002011
1.750455	0.002030
1.751438	0.002048
1.752421	0.002067
1.753403	0.002086
1.754386	0.002105
1.755369	0.002124
1.756352	0.002144
1.757334	0.002163
1.758317	0.002183
1.759300	0.002203
1.760283	0.002223
1.761266	0.002243
1.762248	0.002263
1.763231	0.002284
1.764214	0.002304
1.765197	0.002325
1.766179	0.002346
1.767162	0.002367
1.768145	0.002389
1.769128	0.002410
1.770111	0.002432
1.771093	0.002454
1.772076	0.002476
1.773059	0.002498
1.774042	0.002520
1.775024	0.002543
1.776007	0.002565
1.776990	0.002588
1.777973	0.002611
1.778956	0.002635
1.779938	0.002658
1.780921	0.002682
1.781904	0.002706
1.782887	0.002730
1.783869	0.002754
1.784852	0.002778
1.785835	0.002803
1.786818	0.002828
1.787801	0.002853
1.788783	0.002878
1.789766	0.002904
1.790749	0.002930
1.791732	0.002956
1.792714	0.002982
1.793697	0.003008
1.794680	0.003035
1.795663	0.003062
1.796645	0.003089
1.797628	0.003116
1.798611	0.003144
1.799594	0.003171
1.800577	0.003199
1.801559	0.003228
1.802542	0.003256
1.803525	0.003285
1.804508	0.003314
1.805490	0.003343
1.806473	0.003373
1.807456	0.003403
1.808439	0.003433
1.809422	0.003463
1.810404	0.003494
1.811387	0.003525
1.812370	0.003556
1.813353	0.003588
1.814335	0.003619
1.815318	0.003651
1.816301	0.003684
1.817284	0.003716
1.818267	0.003749
1.819249	0.003783
1.820232	0.003816
1.821215	0.003850
1.822198	0.003884
1.823180	0.003919
1.824163	0.003954
1.825146	0.003989
1.826129	0.004024
1.827112	0.004060
1.828094	0.004096
1.829077	0.004133
1.830060	0.004169
1.831043	0.004207
1.832025	0.004244
1.833008	0.004282
1.833991	0.004320
1.834974	0.004359
1.835957	0.004398
1.836939	0.004437
1.837922	0.004477
1.838905	0.004517
1.839888	0.004558
1.840870	0.004599
1.841853	0.004640
1.842836	0.004682
1.843819	0.004724
1.844801	0.004766
1.845784	0.004809
1.846767	0.004853
1.847750	0.004897
1.848733	0.004941
1.849715	0.004986
1.850698	0.005031
1.851681	0.005076
1.852664	0.005122
1.853646	0.005169
1.854629	0.005216
1.855612	0.005263
1.856595	0.005311
1.857578	0.005360
1.858560	0.005409
1.859543	0.005458
1.860526	0.005508
1.861509	0.005558
1.862491	0.005609
1.863474	0.005661
1.864457	0.005713
1.865440	0.005766
1.866423	0.005819
1.867405	0.005872
1.868388	0.005927
1.869371	0.005981
1.870354	0.006037
1.871336	0.006093
1.872319	0.006149
1.873302	0.006207
1.874285	0.006264
1.875268	0.006323
1.876250	0.006382
1.877233	0.006441
1.878216	0.006502
1.879199	0.006563
1.880181	0.006624
1.881164	0.006686
1.882147	0.006749
1.883130	0.006813
1.884113	0.006877
1.885095	0.006942
1.886078	0.007008
1.887061	0.007075
1.888044	0.007142
1.889026	0.007210
1.890009	0.007278
1.890992	0.007348
1.891975	0.007418
1.892958	0.007489
1.893940	0.007561
1.894923	0.007634
1.895906	0.007707
1.896889	0.007781
1.897871	0.007857
1.898854	0.007933
1.899837	0.008009
1.900820	0.008087
1.901802	0.008166
1.902785	0.008245
1.903768	0.008326
1.904751	0.008407
1.905734	0.008490
1.906716	0.008573
1.907699	0.008657
1.908682	0.008742
1.909665	0.008829
1.910647	0.008916
1.911630	0.009004
1.912613	0.009094
1.913596	0.009184
1.914579	0.009276
1.915561	0.009368
1.916544	0.009462
1.917527	0.009557
1.918510	0.009653
1.919492	0.009750
1.920475	0.009849
1.921458	0.009948
1.922441	0.010049
1.923424	0.010151
1.924406	0.010254
1.925389	0.010359
1.926372	0.010465
1.927355	0.010572
1.928337	0.010680
1.929320	0.010790
1.930303	0.010901
1.931286	0.011014
1.932269	0.011128
1.933251	0.011244
1.934234	0.011361
1.935217	0.011479
1.936200	0.011599
1.937182	0.011721
1.938165	0.011844
1.939148	0.011968
1.940131	0.012095
1.941114	0.012223
1.942096	0.012352
1.943079	0.012484
1.944062	0.012617
1.945045	0.012751
1.946027	0.012888
1.947010	0.013026
1.947993	0.013167
1.948976	0.013309
1.949958	0.013453
1.950941	0.013598
1.951924	0.013746
1.952907	0.013896
1.953890	0.014048
1.954872	0.014202
1.955855	0.014358
1.956838	0.014516
1.957821	0.014677
1.958803	0.014839
1.959786	0.015004
1.960769	0.015171
1.961752	0.015340
1.962735	0.015512
1.963717	0.015686
1.964700	0.015863
1.965683	0.016042
1.966666	0.016223
1.967648	0.016408
1.968631	0.016594
1.969614	0.016784
1.970597	0.016976
1.971580	0.017171
1.972562	0.017368
1.973545	0.017569
1.974528	0.017772
1.975511	0.017979
1.976493	0.018188
1.977476	0.018400
1.978459	0.018616
1.979442	0.018834
1.980425	0.019056
1.981407	0.019281
1.982390	0.019509
1.983373	0.019741
1.984356	0.019976
1.985338	0.020214
1.986321	0.020456
1.987304	0.020702
1.988287	0.020951
1.989270	0.021204
1.990252	0.021461
1.991235	0.021721
1.992218	0.021985
1.993201	0.022254
1.994183	0.022526
1.995166	0.022802
1.996149	0.023083
1.997132	0.023367
1.998114	0.023656
1.999097	0.023949
2.000080	0.024247
2.001063	0.024548
2.002046	0.024855
2.003028	0.025165
2.004011	0.025481
2.004994	0.025801
2.005977	0.026125
2.006959	0.026455
2.007942	0.026789
2.008925	0.027127
2.009908	0.027471
2.010891	0.027820
2.011873	0.028173
2.012856	0.028532
2.013839	0.028895
2.014822	0.029263
2.015804	0.029637
2.016787	0.030015
2.017770	0.030398
2.018753	0.030787
2.019736	0.031180
2.020718	0.031578
2.021701	0.031981
2.022684	0.032390
2.023667	0.032803
2.024649	0.033220
2.025632	0.033643
2.026615	0.034070
2.027598	0.034502
2.028581	0.034939
2.029563	0.035379
2.030546	0.035824
2.031529	0.036273
2.032512	0.036727
2.033494	0.037184
2.034477	0.037644
2.035460	0.038109
2.036443	0.038576
2.037426	0.039047
2.038408	0.039520
2.039391	0.039996
2.040374	0.040475
2.041357	0.040956
2.042339	0.041439
2.043322	0.041924
2.044305	0.042410
2.045288	0.042898
2.046270	0.043386
2.047253	0.043875
2.048236	0.044365
2.049219	0.044855
2.050202	0.045345
2.051184	0.045834
2.052167	0.046323
2.053150	0.046812
2.054133	0.047299
2.055115	0.047785
2.056098	0.048269
2.057081	0.048752
2.058064	0.049233
2.059047	0.049712
2.060029	0.050188
2.061012	0.050663
2.061995	0.051134
2.062978	0.051603
2.063960	0.052069
2.064943	0.052531
2.065926	0.052991
2.066909	0.053447
2.067892	0.053900
2.068874	0.054350
2.069857	0.054796
2.070840	0.055238
2.071823	0.055677
2.072805	0.056112
2.073788	0.056543
2.074771	0.056971
2.075754	0.057394
2.076737	0.057814
2.077719	0.058229
2.078702	0.058641
2.079685	0.059049
2.080668	0.059453
2.081650	0.059853
2.082633	0.060249
2.083616	0.060640
2.084599	0.061028
2.085582	0.061412
2.086564	0.061793
2.087547	0.062169
2.088530	0.062541
2.089513	0.062910
2.090495	0.063274
2.091478	0.063635
2.092461	0.063991
2.093444	0.064344
2.094426	0.064692
2.095409	0.065037
2.096392	0.065378
2.097375	0.065716
2.098358	0.066050
2.099340	0.066381
2.100323	0.066708
2.101306	0.067031
2.102289	0.067350
2.103271	0.067664
2.104254	0.067974
2.105237	0.068280
2.106220	0.068583
2.107203	0.068882
2.108185	0.069178
2.109168	0.069471
2.110151	0.069762
2.111134	0.070050
2.112116	0.070335
2.113099	0.070616
2.114082	0.070894
2.115065	0.071168
2.116048	0.071437
2.117030	0.071702
2.118013	0.071963
2.118996	0.072219
2.119979	0.072471
2.120961	0.072720
2.121944	0.072965
2.122927	0.073207
2.123910	0.073446
2.124893	0.073682
2.125875	0.073915
2.126858	0.074147
2.127841	0.074377
2.128824	0.074606
2.129806	0.074833
2.130789	0.075059
2.131772	0.075281
2.132755	0.075498
2.133738	0.075711
2.134720	0.075920
2.135703	0.076124
2.136686	0.076324
2.137669	0.076519
2.138651	0.076711
2.139634	0.076899
2.140617	0.077083
2.141600	0.077264
2.142583	0.077441
2.143565	0.077615
2.144548	0.077786
2.145531	0.077954
2.146514	0.078119
2.147496	0.078282
2.148479	0.078442
2.149462	0.078600
2.150445	0.078756
2.151427	0.078910
2.152410	0.079064
2.153393	0.079218
2.154376	0.079371
2.155359	0.079524
2.156341	0.079673
2.157324	0.079818
2.158307	0.079957
2.159290	0.080092
2.160272	0.080222
2.161255	0.080348
2.162238	0.080470
2.163221	0.080588
2.164204	0.080702
2.165186	0.080813
2.166169	0.080920
2.167152	0.081024
2.168135	0.081124
2.169117	0.081221
2.170100	0.081315
2.171083	0.081406
2.172066	0.081494
2.173049	0.081579
2.174031	0.081661
2.175014	0.081739
2.175997	0.081815
2.176980	0.081888
2.177962	0.081958
2.178945	0.082025
2.179928	0.082089
2.180911	0.082150
2.181894	0.082209
2.182876	0.082265
2.183859	0.082318
2.184842	0.082369
2.185825	0.082417
2.186807	0.082464
2.187790	0.082509
2.188773	0.082553
2.189756	0.082596
2.190739	0.082641
2.191721	0.082687
2.192704	0.082735
2.193687	0.082778
2.194670	0.082815
2.195652	0.082846
2.196635	0.082871
2.197618	0.082892
2.198601	0.082908
2.199583	0.082920
2.200566	0.082928
2.201549	0.082933
2.202532	0.082934
2.203515	0.082932
2.204497	0.082926
2.205480	0.082917
2.206463	0.082905
2.207446	0.082890
2.208428	0.082871
2.209411	0.082849
2.210394	0.082825
2.211377	0.082797
2.212360	0.082766
2.213342	0.082732
2.214325	0.082695
2.215308	0.082654
2.216291	0.082611
2.217273	0.082565
2.218256	0.082515
2.219239	0.082463
2.220222	0.082407
2.221205	0.082348
2.222187	0.082287
2.223170	0.082222
2.224153	0.082154
2.225136	0.082083
2.226118	0.082009
2.227101	0.081932
2.228084	0.081852
2.229067	0.081769
2.230050	0.081682
2.231032	0.081593
2.232015	0.081501
2.232998	0.081405
2.233981	0.081307
2.234963	0.081205
2.235946	0.081100
2.236929	0.080992
2.237912	0.080881
2.238895	0.080767
2.239877	0.080650
2.240860	0.080530
2.241843	0.080407
2.242826	0.080281
2.243808	0.080151
2.244791	0.080019
2.245774	0.079884
2.246757	0.079746
2.247739	0.079606
2.248722	0.079464
2.249705	0.079319
2.250688	0.079175
2.251671	0.079031
2.252653	0.078892
2.253636	0.078760
2.254619	0.078618
2.255602	0.078466
2.256584	0.078307
2.257567	0.078142
2.258550	0.077971
2.259533	0.077796
2.260516	0.077616
2.261498	0.077432
2.262481	0.077244
2.263464	0.077053
2.264447	0.076857
2.265429	0.076658
2.266412	0.076455
2.267395	0.076248
2.268378	0.076038
2.269361	0.075824
2.270343	0.075607
2.271326	0.075385
2.272309	0.075160
2.273292	0.074932
2.274274	0.074699
2.275257	0.074463
2.276240	0.074224
2.277223	0.073980
2.278206	0.073733
2.279188	0.073482
2.280171	0.073228
2.281154	0.072970
2.282137	0.072708
2.283119	0.072442
2.284102	0.072172
2.285085	0.071899
2.286068	0.071622
2.287051	0.071341
2.288033	0.071056
2.289016	0.070767
2.289999	0.070474
2.290982	0.070178
2.291964	0.069877
2.292947	0.069572
2.293930	0.069264
2.294913	0.068951
2.295895	0.068635
2.296878	0.068314
2.297861	0.067990
2.298844	0.067661
2.299827	0.067328
2.300809	0.066991
2.301792	0.066650
2.302775	0.066305
2.303758	0.065955
2.304740	0.065601
2.305723	0.065243
2.306706	0.064881
2.307689	0.064514
2.308672	0.064143
2.309654	0.063768
2.310637	0.063388
2.311620	0.063004
2.312603	0.062615
2.313585	0.062222
2.314568	0.061824
2.315551	0.061421
2.316534	0.061014
2.317517	0.060603
2.318499	0.060186
2.319482	0.059765
2.320465	0.059339
2.321448	0.058909
2.322430	0.058473
2.323413	0.058033
2.324396	0.057588
2.325379	0.057137
2.326362	0.056682
2.327344	0.056222
2.328327	0.055757
2.329310	0.055286
2.330293	0.054810
2.331275	0.054329
2.332258	0.053843
2.333241	0.053352
2.334224	0.052855
2.335207	0.052353
2.336189	0.051845
2.337172	0.051331
2.338155	0.050812
2.339138	0.050288
2.340120	0.049757
2.341103	0.049221
2.342086	0.048679
2.343069	0.048131
2.344051	0.047577
2.345034	0.047017
2.346017	0.046451
2.347000	0.045879
2.347983	0.045301
2.348965	0.044716
2.349948	0.044124
2.350931	0.043527
2.351914	0.042922
2.352896	0.042311
2.353879	0.041693
2.354862	0.041068
2.355845	0.040436
2.356828	0.039797
2.357810	0.039151
2.358793	0.038497
2.359776	0.037836
2.360759	0.037167
2.361741	0.036491
2.362724	0.035806
2.363707	0.035113
2.364690	0.034412
2.365673	0.033703
2.366655	0.032984
2.367638	0.032257
2.368621	0.031520
2.369604	0.030773
2.370586	0.030016
2.371569	0.029248
2.372552	0.028469
2.373535	0.027676
2.374518	0.026867
2.375500	0.026041
2.376483	0.025196
2.377466	0.024350
2.378449	0.023497
2.379431	0.022636
2.380414	0.021763
2.381397	0.020881
2.382380	0.019996
2.383363	0.019113
2.384345	0.018236
2.385328	0.017369
2.386311	0.016514
2.387294	0.015672
2.388276	0.014843
2.389259	0.014027
2.390242	0.013224
2.391225	0.012432
2.392208	0.011651
2.393190	0.010879
2.394173	0.010117
2.395156	0.009362
2.396139	0.008615
2.397121	0.007875
2.398104	0.007141
2.399087	0.006412
2.400070	0.005688
2.401052	0.004968
2.402035	0.004252
2.403018	0.003539
2.404001	0.002828
2.404984	0.002119
2.405966	0.001412
2.406949	0.000706
2.407932	0.000000
2.408915	0.000000
2.409897	0.000000
2.410880	0.000000
2.411863	0.000000
2.412846	0.000000
2.413829	0.000000
2.414811	0.000000
2.415794	0.000000
2.416777	0.000000
2.417760	0.000000
2.418742	0.000000
2.419725	0.000000
2.420708	0.000000
2.421691	0.000000
2.422674	0.000000
2.423656	0.000000
2.424639	0.000000
2.425622	0.000000
2.426605	0.000000
2.427587	0.000000
2.428570	0.000000
2.429553	0.000000
2.430536	0.000000
2.431519	0.000000
2.432501	0.000000
2.433484	0.000000
2.434467	0.000000
2.435450	0.000000
2.436432	0.000000
2.437415	0.000000
2.438398	0.000000
2.439381	0.000000
2.440364	0.000000
2.441346	0.000000
2.442329	0.000000
2.443312	0.000000
2.444295	0.000000
2.445277	0.000000
2.446260	0.000000
2.447243	0.000000
2.448226	0.000000
2.449208	0.000000
2.450191	0.000000
2.451174	0.000000
2.452157	0.000000
2.453140	0.000000
2.454122	0.000000
2.455105	0.000000
2.456088	0.000000
2.457071	0.000000
2.458053	0.000000
2.459036	0.000000
2.460019	0.000000
2.461002	0.000000
2.461985	0.000000
2.462967	0.000000
2.463950	0.000000
2.464933	0.000000
2.465916	0.000000
2.466898	0.000000
2.467881	0.000000
2.468864	0.000000
2.469847	0.000000
2.470830	0.000000
2.471812	0.000000
2.472795	0.000000
2.473778	0.000000
2.474761	0.000000
2.475743	0.000000
2.476726	0.000000
2.477709	0.000000
2.478692	0.000000
2.479675	0.000000
2.480657	0.000000
2.481640	0.000000
2.482623	0.000000
2.483606	0.000000
2.484588	0.000000
2.485571	0.000000
2.486554	0.000000
2.487537	0.000000
2.488520	0.000000
2.489502	0.000000
2.490485	0.000000
2.491468	0.000000
2.492451	0.000000
2.493433	0.000000
2.494416	0.000000
2.495399	0.000000
2.496382	0.000000
2.497364	0.000000
2.498347	0.000000
2.499330	0.000000
2.500313	0.000000
2.501296	0.000000
2.502278	0.000000
2.503261	0.000000
2.504244	0.000000
2.505227	0.000000
2.506209	0.000000
2.507192	0.000000
2.508175	0.000000
2.509158	0.000000
2.510141	0.000000
2.511123	0.000000
2.512106	0.000000
2.513089	0.000000
2.514072	0.000000
2.515054	0.000000
2.516037	0.000000
2.517020	0.000000
2.518003	0.000000
2.518986	0.000000
2.519968	0.000000
2.520951	0.000000
2.521934	0.000000
2.522917	0.000000
2.523899	0.000000
2.524882	0.000000
2.525865	0.000000
2.526848	0.000000
2.527831	0.000000
2.528813	0.000000
2.529796	0.000000
2.530779	0.000000
2.531762	0.000000
2.532744	0.000000
2.533727	0.000000
2.534710	0.000000
2.535693	0.000000
2.536676	0.000000
2.537658	0.000000
2.538641	0.000000
2.539624	0.000000
2.540607	0.000000
2.541589	0.000000
2.542572	0.000000
2.543555	0.000000
2.544538	0.000000
2.545520	0.000000
2.546503	0.000000
2.547486	0.000000
2.548469	0.000000
2.549452	0.000000
2.550434	0.000000
2.551417	0.000000
2.552400	0.000000
2.553383	0.000000
2.554365	0.000000
2.555348	0.000000
2.556331	0.000000
2.557314	0.000000
2.558297	0.000000
2.559279	0.000000
2.560262	0.000000
2.561245	0.000000
2.562228	0.000000
2.563210	0.000000
2.564193	0.000000
2.565176	0.000000
2.566159	0.000000
2.567142	0.000000
2.568124	0.000000
2.569107	0.000000
2.570090	0.000000
2.571073	0.000000
2.572055	0.000000
2.573038	0.000000
2.574021	0.000000
2.575004	0.000000
2.575987	0.000000
2.576969	0.000000
2.577952	0.000000
2.578935	0.000000
2.579918	0.000000
2.580900	0.000000
2.581883	0.000000
2.582866	0.000000
2.583849	0.000000
2.584832	0.000000
2.585814	0.000000
2.586797	0.000000
2.587780	0.000000
2.588763	0.000000
2.589745	0.000000
2.590728	0.000000
2.591711	0.000000
2.592694	0.000000
2.593676	0.000000
2.594659	0.000000
2.595642	0.000000
2.596625	0.000000
2.597608	0.000000
2.598590	0.000000
2.599573	0.000000
2.600556	0.000000
2.601539	0.000000
2.602521	0.000000
2.603504	0.000000
2.604487	0.000000
2.605470	0.000000
2.606453	0.000000
2.607435	0.000000
2.608418	0.000000
2.609401	0.000000
2.610384	0.000000
2.611366	0.000000
2.612349	0.000000
2.613332	0.000000
2.614315	0.000000
2.615298	0.000000
2.616280	0.000000
2.617263	0.000000
2.618246	0.000000
2.619229	0.000000
2.620211	0.000000
2.621194	0.000000
2.622177	0.000000
2.623160	0.000000
2.624143	0.000000
2.625125	0.000000
2.626108	0.000000
2.627091	0.000000
2.628074	0.000000
2.629056	0.000000
2.630039	0.000000
2.631022	0.000000
2.632005	0.000000
2.632988	0.000000
2.633970	0.000000
2.634953	0.000000
2.635936	0.000000
2.636919	0.000000
2.637901	0.000000
2.638884	0.000000
2.639867	0.000000
2.640850	0.000000
2.641833	0.000000
2.642815	0.000000
2.643798	0.000000
2.644781	0.000000
2.645764	0.000000
2.646746	0.000000
2.647729	0.000000
2.648712	0.000000
2.649695	0.000000
2.650677	0.000000
2.651660	0.000000
2.652643	0.000000
2.653626	0.000000
2.654609	0.000000
2.655591	0.000000
2.656574	0.000000
2.657557	0.000000
2.658540	0.000000
2.659522	0.000000
2.660505	0.000000
2.661488	0.000000
2.662471	0.000000
2.663454	0.000000
2.664436	0.000000
2.665419	0.000000
2.666402	0.000000
2.667385	0.000000
2.668367	0.000000
2.669350	0.000000
2.670333	0.000000
2.671316	0.000000
2.672299	0.000000
2.673281	0.000000
2.674264	0.000000
2.675247	0.000000
2.676230	0.000000
2.677212	0.000000
2.678195	0.000000
2.679178	0.000000
2.680161	0.000000
2.681144	0.000000
2.682126	0.000000
2.683109	0.000000
2.684092	0.000000
2.685075	0.000000
2.686057	0.000000
2.687040	0.000000
2.688023	0.000000
2.689006	0.000000
2.689989	0.000000
2.690971	0.000000
2.691954	0.000000
2.692937	0.000000
2.693920	0.000000
2.694902	0.000000
2.695885	0.000000
2.696868	0.000000
2.697851	0.000000
2.698833	0.000000
2.699816	0.000000
2.700799	0.000000
2.701782	0.000000
2.702765	0.000000
2.703747	0.000000
2.704730	0.000000
2.705713	0.000000
2.706696	0.000000
2.707678	0.000000
2.708661	0.000000
2.709644	0.000000
2.710627	0.000000
2.711610	0.000000
2.712592	0.000000
2.713575	0.000000
2.714558	0.000000
2.715541	0.000000
2.716523	0.000000
2.717506	0.000000
2.718489	0.000000
2.719472	0.000000
2.720455	0.000000
2.721437	0.000000
2.722420	0.000000
2.723403	0.000000
2.724386	0.000000
2.725368	0.000000
2.726351	0.000000
2.727334	0.000000
2.728317	0.000000
2.729300	0.000000
2.730282	0.000000
2.731265	0.000000
2.732248	0.000000
2.733231	0.000000
2.734213	0.000000
2.735196	0.000000
2.736179	0.000000
2.737162	0.000000
2.738145	0.000000
2.739127	0.000000
2.740110	0.000000
2.741093	0.000000
2.742076	0.000000
2.743058	0.000000
2.744041	0.000000
2.745024	0.000000
2.746007	0.000000
2.746989	0.000000
2.747972	0.000000
2.748955	0.000000
2.749938	0.000000
2.750921	0.000000
2.751903	0.000000
2.752886	0.000000
2.753869	0.000000
2.754852	0.000000
2.755834	0.000000
2.756817	0.000000
2.757800	0.000706
2.758783	0.001412
2.759766	0.002119
2.760748	0.002828
2.761731	0.003539
2.762714	0.004252
2.763697	0.004968
2.764679	0.005688
2.765662	0.006412
2.766645	0.007141
2.767628	0.007875
2.768611	0.008615
2.769593	0.009362
2.770576	0.010117
2.771559	0.010879
2.772542	0.011651
2.773524	0.012432
2.774507	0.013224
2.775490	0.014027
2.776473	0.014843
2.777456	0.015672
2.778438	0.016514
2.779421	0.017369
2.780404	0.018236
2.781387	0.019113
2.782369	0.019996
2.783352	0.020881
2.784335	0.021763
2.785318	0.022636
2.786301	0.023497
2.787283	0.024350
2.788266	0.025196
2.789249	0.026041
2.790232	0.026867
2.791214	0.027676
2.792197	0.028469
2.793180	0.029248
2.794163	0.030016
2.795145	0.030773
2.796128	0.031520
2.797111	0.032257
2.798094	0.032984
2.799077	0.033703
2.800059	0.034412
2.801042	0.035113
2.802025	0.035806
2.803008	0.036491
2.803990	0.037167
2.804973	0.037836
2.805956	0.038497
2.806939	0.039151
2.807922	0.039797
2.808904	0.040436
2.809887	0.041068
2.810870	0.041693
2.811853	0.042311
2.812835	0.042922
2.813818	0.043527
2.814801	0.044124
2.815784	0.044716
2.816767	0.045301
2.817749	0.045879
2.818732	0.046451
2.819715	0.047017
2.820698	0.047577
2.821680	0.048131
2.822663	0.048679
2.823646	0.049221
2.824629	0.049757
2.825612	0.050288
2.826594	0.050812
2.827577	0.051331
2.828560	0.051845
2.829543	0.052353
2.830525	0.052855
2.831508	0.053352
2.832491	0.053843
2.833474	0.054329
2.834457	0.054810
2.835439	0.055286
2.836422	0.055757
2.837405	0.056222
2.838388	0.056682
2.839370	0.057137
2.840353	0.057588
2.841336	0.058033
2.842319	0.058473
2.843301	0.058909
2.844284	0.059339
2.845267	0.059765
2.846250	0.060186
2.847233	0.060603
2.848215	0.061014
2.849198	0.061421
2.850181	0.061824
2.851164	0.062222
2.852146	0.062615
2.853129	0.063004
2.854112	0.063388
2.855095	0.063768
2.856078	0.064143
2.857060	0.064514
2.858043	0.064881
2.859026	0.065243
2.860009	0.065601
2.860991	0.065955
2.861974	0.066305
2.862957	0.066650
2.863940	0.066991
2.864923	0.067328
2.865905	0.067661
2.866888	0.067990
2.867871	0.068314
2.868854	0.068635
2.869836	0.068951
2.870819	0.069264
2.871802	0.069572
2.872785	0.069877
2.873768	0.070178
2.874750	0.070474
2.875733	0.070767
2.876716	0.071056
2.877699	0.071341
2.878681	0.071622
2.879664	0.071899
2.880647	0.072172
2.881630	0.072442
2.882613	0.072708
2.883595	0.072970
2.884578	0.073228
2.885561	0.073482
2.886544	0.073733
2.887526	0.073980
2.888509	0.074224
2.889492	0.074463
2.890475	0.074699
2.891458	0.074932
2.892440	0.075160
2.893423	0.075385
2.894406	0.075607
2.895389	0.075824
2.896371	0.076038
2.897354	0.076248
2.898337	0.076455
2.899320	0.076658
2.900302	0.076857
2.901285	0.077053
2.902268	0.077244
2.903251	0.077432
2.904234	0.077616
2.905216	0.077796
2.906199	0.077971
2.907182	0.078142
2.908165	0.078307
2.909147	0.078466
2.910130	0.078618
2.911113	0.078760
2.912096	0.078892
2.913079	0.079031
2.914061	0.079175
2.915044	0.079319
2.916027	0.079464
2.917010	0.079606
2.917992	0.079746
2.918975	0.079884
2.919958	0.080019
2.920941	0.080151
2.921924	0.080281
2.922906	0.080407
2.923889	0.080530
2.924872	0.080650
2.925855	0.080767
2.926837	0.080881
2.927820	0.080992
2.928803	0.081100
2.929786	0.081205
2.930769	0.081307
2.931751	0.081405
2.932734	0.081501
2.933717	0.081593
2.934700	0.081682
2.935682	0.081769
2.936665	0.081852
2.937648	0.081932
2.938631	0.082009
2.939614	0.082083
2.940596	0.082154
2.941579	0.082222
2.942562	0.082287
2.943545	0.082348
2.944527	0.082407
2.945510	0.082463
2.946493	0.082515
2.947476	0.082565
2.948458	0.082611
2.949441	0.082654
2.950424	0.082695
2.951407	0.082732
2.952390	0.082766
2.953372	0.082797
2.954355	0.082825
2.955338	0.082849
2.956321	0.082871
2.957303	0.082890
2.958286	0.082905
2.959269	0.082917
2.960252	0.082926
2.961235	0.082932
2.962217	0.082934
2.963200	0.082933
2.964183	0.082928
2.965166	0.082920
2.966148	0.082908
2.967131	0.082892
2.968114	0.082871
2.969097	0.082846
2.970080	0.082815
2.971062	0.082778
2.972045	0.082735
2.973028	0.082687
2.974011	0.082641
2.974993	0.082596
2.975976	0.082553
2.976959	0.082509
2.977942	0.082464
2.978925	0.082417
2.979907	0.082369
2.980890	0.082318
2.981873	0.082265
2.982856	0.082209
2.983838	0.082150
2.984821	0.082089
2.985804	0.082025
2.986787	0.081958
2.987770	0.081888
2.988752	0.081815
2.989735	0.081739
2.990718	0.081661
2.991701	0.081579
2.992683	0.081494
2.993666	0.081406
2.994649	0.081315
2.995632	0.081221
2.996614	0.081124
2.997597	0.081024
2.998580	0.080920
2.999563	0.080813
3.000546	0.080702
3.001528	0.080588
3.002511	0.080470
3.003494	0.080348
3.004477	0.080222
3.005459	0.080092
3.006442	0.079957
3.007425	0.079818
3.008408	0.079673
3.009391	0.079524
3.010373	0.079371
3.011356	0.079218
3.012339	0.079064
3.013322	0.078910
3.014304	0.078756
3.015287	0.078600
3.016270	0.078442
3.017253	0.078282
3.018236	0.078119
3.019218	0.077954
3.020201	0.077786
3.021184	0.077615
3.022167	0.077441
3.023149	0.077264
3.024132	0.077083
3.025115	0.076899
3.026098	0.076711
3.027081	0.076519
3.028063	0.076324
3.029046	0.076124
3.030029	0.075920
3.031012	0.075711
3.031994	0.075498
3.032977	0.075281
3.033960	0.075059
3.034943	0.074833
3.035926	0.074606
3.036908	0.074377
3.037891	0.074147
3.038874	0.073915
3.039857	0.073682
3.040839	0.073446
3.041822	0.073207
3.042805	0.072965
3.043788	0.072720
3.044770	0.072471
3.045753	0.072219
3.046736	0.071963
3.047719	0.071702
3.048702	0.071437
3.049684	0.071168
3.050667	0.070894
3.051650	0.070616
3.052633	0.070335
3.053615	0.070050
3.054598	0.069762
3.055581	0.069471
3.056564	0.069178
3.057547	0.068882
3.058529	0.068583
3.059512	0.068280
3.060495	0.067974
3.061478	0.067664
3.062460	0.067350
3.063443	0.067031
3.064426	0.066708
3.065409	0.066381
3.066392	0.066050
3.067374	0.065716
3.068357	0.065378
3.069340	0.065037
3.070323	0.064692
3.071305	0.064344
3.072288	0.063991
3.073271	0.063635
3.074254	0.063274
3.075237	0.062910
3.076219	0.062541
3.077202	0.062169
3.078185	0.061793
3.079168	0.061412
3.080150	0.061028
3.081133	0.060640
3.082116	0.060249
3.083099	0.059853
3.084082	0.059453
3.085064	0.059049
3.086047	0.058641
3.087030	0.058229
3.088013	0.057814
3.088995	0.057394
3.089978	0.056971
3.090961	0.056543
3.091944	0.056112
3.092926	0.055677
3.093909	0.055238
3.094892	0.054796
3.095875	0.054350
3.096858	0.053900
3.097840	0.053447
3.098823	0.052991
3.099806	0.052531
3.100789	0.052069
3.101771	0.051603
3.102754	0.051134
3.103737	0.050663
3.104720	0.050188
3.105703	0.049712
3.106685	0.049233
3.107668	0.048752
3.108651	0.048269
3.109634	0.047785
3.110616	0.047299
3.111599	0.046812
3.112582	0.046323
3.113565	0.045834
3.114548	0.045345
3.115530	0.044855
3.116513	0.044365
3.117496	0.043875
3.118479	0.043386
3.119461	0.042898
3.120444	0.042410
3.121427	0.041924
3.122410	0.041439
3.123393	0.040956
3.124375	0.040475
3.125358	0.039996
3.126341	0.039520
3.127324	0.039047
3.128306	0.038576
3.129289	0.038109
3.130272	0.037644
3.131255	0.037184
3.132238	0.036727
3.133220	0.036273
3.134203	0.035824
3.135186	0.035379
3.136169	0.034939
3.137151	0.034502
3.138134	0.034070
3.139117	0.033643
3.140100	0.033220
3.141083	0.032803
3.142065	0.032390
3.143048	0.031981
3.144031	0.031578
3.145014	0.031180
3.145996	0.030787
3.146979	0.030398
3.147962	0.030015
3.148945	0.029637
3.149927	0.029263
3.150910	0.028895
3.151893	0.028532
3.152876	0.028173
3.153859	0.027820
3.154841	0.027471
3.155824	0.027127
3.156807	0.026789
3.157790	0.026455
3.158772	0.026125
3.159755	0.025801
3.160738	0.025481
3.161721	0.025165
3.162704	0.024855
3.163686	0.024548
3.164669	0.024247
3.165652	0.023949
3.166635	0.023656
3.167617	0.023367
3.168600	0.023083
3.169583	0.022802
3.170566	0.022526
3.171549	0.022254
3.172531	0.021985
3.173514	0.021721
3.174497	0.021461
3.175480	0.021204
3.176462	0.020951
3.177445	0.020702
3.178428	0.020456
3.179411	0.020214
3.180394	0.019976
3.181376	0.019741
3.182359	0.019509
3.183342	0.019281
3.184325	0.019056
3.185307	0.018834
3.186290	0.018616
3.187273	0.018400
3.188256	0.018188
3.189239	0.017979
3.190221	0.017772
3.191204	0.017569
3.192187	0.017368
3.193170	0.017171
3.194152	0.016976
3.195135	0.016784
3.196118	0.016594
3.197101	0.016408
3.198083	0.016223
3.199066	0.016042
3.200049	0.015863
3.201032	0.015686
3.202015	0.015512
3.202997	0.015340
3.203980	0.015171
3.204963	0.015004
3.205946	0.014839
3.206928	0.014677
3.207911	0.014516
3.208894	0.014358
3.209877	0.014202
3.210860	0.014048
3.211842	0.013896
3.212825	0.013746
3.213808	0.013598
3.214791	0.013453
3.215773	0.013309
3.216756	0.013167
3.217739	0.013026
3.218722	0.012888
3.219705	0.012751
3.220687	0.012617
3.221670	0.012484
3.222653	0.012352
3.223636	0.012223
3.224618	0.012095
3.225601	0.011968
3.226584	0.011844
3.227567	0.011721
3.228550	0.011599
3.229532	0.011479
3.230515	0.011361
3.231498	0.011244
3.232481	0.011128
3.233463	0.011014
3.234446	0.010901
3.235429	0.010790
3.236412	0.010680
3.237395	0.010572
3.238377	0.010465
3.239360	0.010359
3.240343	0.010254
3.241326	0.010151
3.242308	0.010049
3.243291	0.009948
3.244274	0.009849
3.245257	0.009750
3.246239	0.009653
3.247222	0.009557
3.248205	0.009462
3.249188	0.009368
3.250171	0.009276
3.251153	0.009184
3.252136	0.009094
3.253119	0.009004
3.254102	0.008916
3.255084	0.008829
3.256067	0.008742
3.257050	0.008657
3.258033	0.008573
3.259016	0.008490
3.259998	0.008407
3.260981	0.008326
3.261964	0.008245
3.262947	0.008166
3.263929	0.008087
3.264912	0.008009
3.265895	0.007933
3.266878	0.007857
3.267861	0.007781
3.268843	0.007707
3.269826	0.007634
3.270809	0.007561
3.271792	0.007489
3.272774	0.007418
3.273757	0.007348
3.274740	0.007278
3.275723	0.007210
3.276706	0.007142
3.277688	0.007075
3.278671	0.007008
3.279654	0.006942
3.280637	0.006877
3.281619	0.006813
3.282602	0.006749
3.283585	0.006686
3.284568	0.006624
3.285551	0.006563
3.286533	0.006502
3.287516	0.006441
3.288499	0.006382
3.289482	0.006323
3.290464	0.006264
3.291447	0.006207
3.292430	0.006149
3.293413	0.006093
3.294395	0.006037
3.295378	0.005981
3.296361	0.005927
3.297344	0.005872
3.298327	0.005819
3.299309	0.005766
3.300292	0.005713
3.301275	0.005661
3.302258	0.005609
3.303240	0.005558
3.304223	0.005508
3.305206	0.005458
3.306189	0.005409
3.307172	0.005360
3.308154	0.005311
3.309137	0.005263
3.310120	0.005216
3.311103	0.005169
3.312085	0.005122
3.313068	0.005076
3.314051	0.005031
3.315034	0.004986
3.316017	0.004941
3.316999	0.004897
3.317982	0.004853
3.318965	0.004809
3.319948	0.004766
3.320930	0.004724
3.321913	0.004682
3.322896	0.004640
3.323879	0.004599
3.324862	0.004558
3.325844	0.004517
3.326827	0.004477
3.327810	0.004437
3.328793	0.004398
3.329775	0.004359
3.330758	0.004320
3.331741	0.004282
3.332724	0.004244
3.333707	0.004207
3.334689	0.004169
3.335672	0.004133
3.336655	0.004096
3.337638	0.004060
3.338620	0.004024
3.339603	0.003989
3.340586	0.003954
3.341569	0.003919
3.342551	0.003884
3.343534	0.003850
3.344517	0.003816
3.345500	0.003783
3.346483	0.003749
3.347465	0.003716
3.348448	0.003684
3.349431	0.003651
3.350414	0.003619
3.351396	0.003588
3.352379	0.003556
3.353362	0.003525
3.354345	0.003494
3.355328	0.003463
3.356310	0.003433
3.357293	0.003403
3.358276	0.003373
3.359259	0.003343
3.360241	0.003314
3.361224	0.003285
3.362207	0.003256
3.363190	0.003228
3.364173	0.003199
3.365155	0.003171
3.366138	0.003144
3.367121	0.003116
3.368104	0.003089
3.369086	0.003062
3.370069	0.003035
3.371052	0.003008
3.372035	0.002982
3.373018	0.002956
3.374000	0.002930
3.374983	0.002904
3.375966	0.002878
3.376949	0.002853
3.377931	0.002828
3.378914	0.002803
3.379897	0.002778
3.380880	0.002754
3.381863	0.002730
3.382845	0.002706
3.383828	0.002682
3.384811	0.002658
3.385794	0.002635
3.386776	0.002611
3.387759	0.002588
3.388742	0.002565
3.389725	0.002543
3.390708	0.002520
3.391690	0.002498
3.392673	0.002476
3.393656	0.002454
3.394639	0.002432
3.395621	0.002410
3.396604	0.002389
3.397587	0.002367
3.398570	0.002346
3.399552	0.002325
3.400535	0.002304
3.401518	0.002284
3.402501	0.002263
3.403484	0.002243
3.404466	0.002223
3.405449	0.002203
3.406432	0.002183
3.407415	0.002163
3.408397	0.002144
3.409380	0.002124
3.410363	0.002105
3.411346	0.002086
3.412329	0.002067
3.413311	0.002048
3.414294	0.002030
3.415277	0.002011
3.416260	0.001993
3.417242	0.001974
3.418225	0.001956
3.419208	0.001938
3.420191	0.001920
3.421174	0.001903
3.422156	0.001885
3.423139	0.001868
3.424122	0.001850
3.425105	0.001833
3.426087	0.001816
3.427070	0.001799
3.428053	0.001782
3.429036	0.001765
3.430019	0.001749
3.431001	0.001732
3.431984	0.001716
3.432967	0.001699
3.433950	0.001683
3.434932	0.001667
3.435915	0.001651
3.436898	0.001635
3.437881	0.001620
3.438864	0.001604
3.439846	0.001589
3.440829	0.001573
3.441812	0.001558
3.442795	0.001543
3.443777	0.001528
3.444760	0.001513
3.445743	0.001498
3.446726	0.001483
3.447708	0.001468
3.448691	0.001454
3.449674	0.001439
3.450657	0.001425
3.451640	0.001410
3.452622	0.001396
3.453605	0.001382
3.454588	0.001368
3.455571	0.001354
3.456553	0.001340
3.457536	0.001326
3.458519	0.001312
3.459502	0.001299
3.460485	0.001285
3.461467	0.001272
3.462450	0.001258
3.463433	0.001245
3.464416	0.001232
3.465398	0.001219
3.466381	0.001206
3.467364	0.001193
3.468347	0.001180
3.469330	0.001167
3.470312	0.001154
3.471295	0.001141
3.472278	0.001129
3.473261	0.001116
3.474243	0.001104
3.475226	0.001091
3.476209	0.001079
3.477192	0.001067
3.478175	0.001054
3.479157	0.001042
3.480140	0.001030
3.481123	0.001018
3.482106	0.001006
3.483088	0.000994
3.484071	0.000982
3.485054	0.000971
3.486037	0.000959
3.487020	0.000947
3.488002	0.000936
3.488985	0.000924
3.489968	0.000913
3.490951	0.000901
3.491933	0.000890
3.492916	0.000878
3.493899	0.000867
3.494882	0.000856
3.495864	0.000845
3.496847	0.000834
3.497830	0.000823
3.498813	0.000812
3.499796	0.000801
3.500778	0.000790
3.501761	0.000779
3.502744	0.000768
3.503727	0.000757
3.504709	0.000747
3.505692	0.000736
3.506675	0.000725
3.507658	0.000715
3.508641	0.000704
3.509623	0.000694
3.510606	0.000683
3.511589	0.000673
3.512572	0.000662
3.513554	0.000652
3.514537	0.000642
3.515520	0.000631
3.516503	0.000621
3.517486	0.000611
3.518468	0.000601
3.519451	0.000591
3.520434	0.000581
3.521417	0.000571
3.522399	0.000561
3.523382	0.000551
3.524365	0.000541
3.525348	0.000531
3.526331	0.000521
3.527313	0.000511
3.528296	0.000501
3.529279	0.000491
3.530262	0.000482
3.531244	0.000472
3.532227	0.000462
3.533210	0.000453
3.534193	0.000443
3.535176	0.000433
3.536158	0.000424
3.537141	0.000414
3.538124	0.000405
3.539107	0.000395
3.540089	0.000386
3.541072	0.000376
3.542055	0.000367
3.543038	0.000357
3.544020	0.000348
3.545003	0.000338
3.545986	0.000329
3.546969	0.000320
3.547952	0.000310
3.548934	0.000301
3.549917	0.000292
3.550900	0.000282
3.551883	0.000273
3.552865	0.000264
3.553848	0.000255
3.554831	0.000245
3.555814	0.000236
3.556797	0.000227
3.557779	0.000218
3.558762	0.000209
3.559745	0.000200
3.560728	0.000190
3.561710	0.000181
3.562693	0.000172
3.563676	0.000163
3.564659	0.000154
3.565642	0.000145
3.566624	0.000136
3.567607	0.000127
3.568590	0.000118
3.569573	0.000108
3.570555	0.000099
3.571538	0.000090
3.572521	0.000081
3.573504	0.000072
3.574487	0.000063
3.575469	0.000054
3.576452	0.000045
3.577435	0.000036
3.578418	0.000027
3.579400	0.000018
3.580375	0.000009
3.581350	0.000018
3.582325	0.000027
3.583300	0.000035
3.584274	0.000044
3.585249	0.000052
3.586224	0.000061
3.587199	0.000069
3.588174	0.000078
3.589148	0.000086
3.590123	0.000094
3.591098	0.000102
3.592073	0.000110
3.593048	0.000118
3.594022	0.000126
3.594997	0.000134
3.595972	0.000142
3.596947	0.000149
3.597921	0.000157
3.598896	0.000165
3.599871	0.000172
3.600846	0.000180
3.601821	0.000187
3.602795	0.000195
3.603770	0.000202
3.604745	0.000209
3.605720	0.000216
3.606695	0.000224
3.607669	0.000231
3.608644	0.000238
3.609619	0.000245
3.610594	0.000252
3.611569	0.000259
3.612543	0.000266
3.613518	0.000272
3.614493	0.000279
3.615468	0.000286
3.616443	0.000293
3.617417	0.000299
3.618392	0.000306
3.619367	0.000312
3.620342	0.000319
3.621316	0.000325
3.622291	0.000331
3.623266	0.000338
3.624241	0.000344
3.625216	0.000350
3.626190	0.000356
3.627165	0.000363
3.628140	0.000369
3.629115	0.000375
3.630090	0.000381
3.631064	0.000387
3.632039	0.000393
3.633014	0.000398
3.633989	0.000404
3.634964	0.000410
3.635938	0.000416
3.636913	0.000421
3.637888	0.000427
3.638863	0.000433
3.639838	0.000438
3.640812	0.000444
3.641787	0.000449
3.642762	0.000455
3.643737	0.000460
3.644711	0.000465
3.645686	0.000471
3.646661	0.000476
3.647636	0.000481
3.648611	0.000486
3.649585	0.000492
3.650560	0.000497
3.651535	0.000502
3.652510	0.000507
3.653485	0.000512
3.654459	0.000517
3.655434	0.000521
3.656409	0.000526
3.657384	0.000531
3.658359	0.000536
3.659333	0.000541
3.660308	0.000545
3.661283	0.000550
3.662258	0.000554
3.663233	0.000559
3.664207	0.000564
3.665182	0.000568
3.666157	0.000572
3.667132	0.000577
3.668106	0.000581
3.669081	0.000585
3.670056	0.000590
3.671031	0.000594
3.672006	0.000598
3.672980	0.000602
3.673955	0.000606
3.674930	0.000610
3.675905	0.000614
3.676880	0.000618
3.677854	0.000622
3.678829	0.000626
3.679804	0.000630
3.680779	0.000634
3.681754	0.000638
3.682728	0.000641
3.683703	0.000645
3.684678	0.000649
3.685653	0.000652
3.686628	0.000656
3.687602	0.000660
3.688577	0.000663
3.689552	0.000667
3.690527	0.000670
3.691501	0.000673
3.692476	0.000677
3.693451	0.000680
3.694426	0.000683
3.695401	0.000686
3.696375	0.000690
3.697350	0.000693
3.698325	0.000696
3.699300	0.000699
3.700275	0.000702
3.701249	0.000705
3.702224	0.000708
3.703199	0.000711
3.704174	0.000714
3.705149	0.000717
3.706123	0.000719
3.707098	0.000722
3.708073	0.000725
3.709048	0.000727
3.710023	0.000730
3.710997	0.000733
3.711972	0.000735
3.712947	0.000738
3.713922	0.000740
3.714897	0.000743
3.715871	0.000745
3.716846	0.000747
3.717821	0.000750
3.718796	0.000752
3.719770	0.000754
3.720745	0.000757
3.721720	0.000759
3.722695	0.000761
3.723670	0.000763
3.724644	0.000765
3.725619	0.000767
3.726594	0.000769
3.727569	0.000771
3.728544	0.000773
3.729518	0.000775
3.730493	0.000777
3.731468	0.000778
3.732443	0.000780
3.733418	0.000782
3.734392	0.000784
3.735367	0.000785
3.736342	0.000787
3.737317	0.000788
3.738292	0.000790
3.739266	0.000791
3.740241	0.000793
3.741216	0.000794
3.742191	0.000796
3.743165	0.000797
3.744140	0.000798
3.745115	0.000800
3.746090	0.000801
3.747065	0.000802
3.748039	0.000803
3.749014	0.000804
3.749989	0.000806
3.750964	0.000807
3.751939	0.000808
3.752913	0.000809
3.753888	0.000810
3.754863	0.000810
3.755838	0.000811
3.756813	0.000812
3.757787	0.000813
3.758762	0.000814
3.759737	0.000815
3.760712	0.000815
3.761687	0.000816
3.762661	0.000817
3.763636	0.000817
3.764611	0.000818
3.765586	0.000818
3.766560	0.000819
3.767535	0.000819
3.768510	0.000820
3.769485	0.000820
3.770460	0.000820
3.771434	0.000821
3.772409	0.000821
3.773384	0.000821
3.774359	0.000822
3.775334	0.000822
3.776308	0.000822
3.777283	0.000822
3.778258	0.000822
3.779233	0.000822
3.780208	0.000822
3.781182	0.000822
3.782157	0.000822
3.783132	0.000822
3.784107	0.000822
3.785082	0.000822
3.786056	0.000822
3.787031	0.000822
3.788006	0.000821
3.788981	0.000821
3.789955	0.000821
3.790930	0.000820
3.791905	0.000820
3.792880	0.000820
3.793855	0.000819
3.794829	0.000819
3.795804	0.000818
3.796779	0.000818
3.797754	0.000817
3.798729	0.000817
3.799703	0.000816
3.800678	0.000816
3.801653	0.000815
3.802628	0.000814
3.803603	0.000813
3.804577	0.000813
3.805552	0.000812
3.806527	0.000811
3.807502	0.000810
3.808477	0.000809
3.809451	0.000809
3.810426	0.000808
3.811401	0.000807
3.812376	0.000806
3.813350	0.000805
3.814325	0.000804
3.815300	0.000803
3.816275	0.000801
3.817250	0.000800
3.818224	0.000799
3.819199	0.000798
3.820174	0.000797
3.821149	0.000796
3.822124	0.000794
3.823098	0.000793
3.824073	0.000792
3.825048	0.000790
3.826023	0.000789
3.826998	0.000788
3.827972	0.000786
3.828947	0.000785
3.829922	0.000783
3.830897	0.000782
3.831872	0.000780
3.832846	0.000779
3.833821	0.000777
3.834796	0.000776
3.835771	0.000774
3.836746	0.000772
3.837720	0.000771
3.838695	0.000769
3.839670	0.000767
3.840645	0.000766
3.841619	0.000764
3.842594	0.000762
3.843569	0.000760
3.844544	0.000758
3.845519	0.000756
3.846493	0.000755
3.847468	0.000753
3.848443	0.000751
3.849418	0.000749
3.850393	0.000747
3.851367	0.000745
3.852342	0.000743
3.853317	0.000741
3.854292	0.000739
3.855267	0.000737
3.856241	0.000734
3.857216	0.000732
3.858191	0.000730
3.859166	0.000728
3.860141	0.000726
3.861115	0.000724
3.862090	0.000721
3.863065	0.000719
3.864040	0.000717
3.865014	0.000715
3.865989	0.000712
3.866964	0.000710
3.867939	0.000708
3.868914	0.000705
3.869888	0.000703
3.870863	0.000700
3.871838	0.000698
3.872813	0.000695
3.873788	0.000693
3.874762	0.000690
3.875737	0.000688
3.876712	0.000685
3.877687	0.000683
3.878662	0.000680
3.879636	0.000678
3.880611	0.000675
3.881586	0.000672
3.882561	0.000670
3.883536	0.000667
3.884510	0.000665
3.885485	0.000662
3.886460	0.000659
3.887435	0.000656
3.888409	0.000654
3.889384	0.000651
3.890359	0.000648
3.891334	0.000645
3.892309	0.000643
3.893283	0.000640
3.894258	0.000637
3.895233	0.000634
3.896208	0.000631
3.897183	0.000628
3.898157	0.000625
3.899132	0.000622
3.900107	0.000620
3.901082	0.000617
3.902057	0.000614
3.903031	0.000611
3.904006	0.000608
3.904981	0.000605
3.905956	0.000602
3.906931	0.000599
3.907905	0.000596
3.908880	0.000592
3.909855	0.000589
3.910830	0.000586
3.911804	0.000583
3.912779	0.000580
3.913754	0.000577
3.914729	0.000574
3.915704	0.000571
3.916678	0.000568
3.917653	0.000564
3.918628	0.000561
3.919603	0.000558
3.920578	0.000555
3.921552	0.000552
3.922527	0.000548
3.923502	0.000545
3.924477	0.000542
3.925452	0.000539
3.926426	0.000535
3.927401	0.000532
3.928376	0.000529
3.929351	0.000525
3.930326	0.000522
3.931300	0.000519
3.932275	0.000515
3.933250	0.000512
3.934225	0.000509
3.935200	0.000505
3.936174	0.000502
3.937149	0.000498
3.938124	0.000495
3.939099	0.000492
3.940073	0.000488
3.941048	0.000485
3.942023	0.000481
3.942998	0.000478
3.943973	0.000474
3.944947	0.000471
3.945922	0.000468
3.946897	0.000464
3.947872	0.000461
3.948847	0.000457
3.949821	0.000454
3.950796	0.000450
3.951771	0.000447
3.952746	0.000443
3.953721	0.000439
3.954695	0.000436
3.955670	0.000432
3.956645	0.000429
3.957620	0.000425
3.958595	0.000422
3.959569	0.000418
3.960544	0.000415
3.961519	0.000411
3.962494	0.000407
3.963468	0.000404
3.964443	0.000400
3.965418	0.000397
3.966393	0.000393
3.967368	0.000389
3.968342	0.000386
3.969317	0.000382
3.970292	0.000378
3.971267	0.000375
3.972242	0.000371
3.973216	0.000367
3.974191	0.000364
3.975166	0.000360
3.976141	0.000356
3.977116	0.000353
3.978090	0.000349
3.979065	0.000345
3.980040	0.000342
3.981015	0.000338
3.981990	0.000334
3.982964	0.000331
3.983939	0.000327
3.984914	0.000323
3.985889	0.000319
3.986863	0.000316
3.987838	0.000312
3.988813	0.000308
3.989788	0.000305
3.990763	0.000301
3.991737	0.000297
3.992712	0.000293
3.993687	0.000290
3.994662	0.000286
3.995637	0.000282
3.996611	0.000279
3.997586	0.000275
3.998561	0.000271
3.999536	0.000267
4.000511	0.000264
4.001485	0.000260
4.002460	0.000256
4.003435	0.000252
4.004410	0.000249
4.005385	0.000245
4.006359	0.000241
4.007334	0.000237
4.008309	0.000234
4.009284	0.000230
4.010258	0.000226
4.011233	0.000222
4.012208	0.000219
4.013183	0.000215
4.014158	0.000211
4.015132	0.000207
4.016107	0.000203
4.017082	0.000200
4.018057	0.000196
4.019032	0.000192
4.020006	0.000188
4.020981	0.000185
4.021956	0.000181
4.022931	0.000177
4.023906	0.000173
4.024880	0.000170
4.025855	0.000166
4.026830	0.000162
4.027805	0.000158
4.028780	0.000155
4.029754	0.000151
4.030729	0.000147
4.031704	0.000143
4.032679	0.000140
4.033653	0.000136
4.034628	0.000132
4.035603	0.000129
4.036578	0.000125
4.037553	0.000121
4.038527	0.000117
4.039502	0.000114
4.040477	0.000110
4.041452	0.000106
4.042427	0.000102
4.043401	0.000099
4.044376	0.000095
4.045351	0.000091
4.046326	0.000088
4.047301	0.000084
4.048275	0.000080
4.049250	0.000077
4.050225	0.000073
4.051200	0.000069
4.052175	0.000066
4.053149	0.000062
4.054124	0.000058
4.055099	0.000054
4.056074	0.000051
4.057049	0.000047
4.058023	0.000044
4.058998	0.000040
4.059973	0.000036
4.060948	0.000033
4.061922	0.000029
4.062897	0.000025
4.063872	0.000022
4.064847	0.000018
4.065822	0.000014
4.066796	0.000011
4.067779	0.000007
4.068762	0.000015
4.069745	0.000022
4.070728	0.000029
4.071710	0.000036
4.072693	0.000044
4.073676	0.000051
4.074659	0.000058
4.075641	0.000065
4.076624	0.000073
4.077607	0.000080
4.078590	0.000087
4.079573	0.000094
4.080555	0.000102
4.081538	0.000109
4.082521	0.000116
4.083504	0.000124
4.084486	0.000131
4.085469	0.000138
4.086452	0.000146
4.087435	0.000153
4.088417	0.000160
4.089400	0.000167
4.090383	0.000175
4.091366	0.000182
4.092349	0.000190
4.093331	0.000197
4.094314	0.000204
4.095297	0.000212
4.096280	0.000219
4.097262	0.000226
4.098245	0.000234
4.099228	0.000241
4.100211	0.000249
4.101194	0.000256
4.102176	0.000264
4.103159	0.000271
4.104142	0.000278
4.105125	0.000286
4.106107	0.000293
4.107090	0.000301
4.108073	0.000308
4.109056	0.000316
4.110039	0.000323
4.111021	0.000331
4.112004	0.000339
4.112987	0.000346
4.113970	0.000354
4.114952	0.000361
4.115935	0.000369
4.116918	0.000377
4.117901	0.000384
4.118884	0.000392
4.119866	0.000399
4.120849	0.000407
4.121832	0.000415
4.122815	0.000423
4.123797	0.000430
4.124780	0.000438
4.125763	0.000446
4.126746	0.000454
4.127729	0.000461
4.128711	0.000469
4.129694	0.000477
4.130677	0.000485
4.131660	0.000493
4.132642	0.000501
4.133625	0.000509
4.134608	0.000516
4.135591	0.000524
4.136573	0.000532
4.137556	0.000540
4.138539	0.000548
4.139522	0.000556
4.140505	0.000564
4.141487	0.000573
4.142470	0.000581
4.143453	0.000589
4.144436	0.000597
4.145418	0.000605
4.146401	0.000613
4.147384	0.000621
4.148367	0.000630
4.149350	0.000638
4.150332	0.000646
4.151315	0.000654
4.152298	0.000663
4.153281	0.000671
4.154263	0.000679
4.155246	0.000688
4.156229	0.000696
4.157212	0.000705
4.158195	0.000713
4.159177	0.000722
4.160160	0.000730
4.161143	0.000739
4.162126	0.000747
4.163108	0.000756
4.164091	0.000764
4.165074	0.000773
4.166057	0.000782
4.167040	0.000790
4.168022	0.000799
4.169005	0.000808
4.169988	0.000817
4.170971	0.000825
4.171953	0.000834
4.172936	0.000843
4.173919	0.000852
4.174902	0.000861
4.175885	0.000870
4.176867	0.000879
4.177850	0.000888
4.178833	0.000897
4.179816	0.000906
4.180798	0.000915
4.181781	0.000924
4.182764	0.000934
4.183747	0.000943
4.184729	0.000952
4.185712	0.000961
4.186695	0.000971
4.187678	0.000980
4.188661	0.000989
4.189643	0.000999
4.190626	0.001008
4.191609	0.001018
4.192592	0.001027
4.193574	0.001037
4.194557	0.001046
4.195540	0.001056
4.196523	0.001066
4.197506	0.001075
4.198488	0.001085
4.199471	0.001095
4.200454	0.001105
4.201437	0.001115
4.202419	0.001124
4.203402	0.001134
4.204385	0.001144
4.205368	0.001154
4.206351	0.001164
4.207333	0.001174
4.208316	0.001185
4.209299	0.001195
4.210282	0.001205
4.211264	0.001215
4.212247	0.001225
4.213230	0.001236
4.214213	0.001246
4.215196	0.001256
4.216178	0.001267
4.217161	0.001277
4.218144	0.001288
4.219127	0.001298
4.220109	0.001309
4.221092	0.001320
4.222075	0.001330
4.223058	0.001341
4.224041	0.001352
4.225023	0.001363
4.226006	0.001374
4.226989	0.001384
4.227972	0.001395
4.228954	0.001406
4.229937	0.001417
4.230920	0.001428
4.231903	0.001440
4.232885	0.001451
4.233868	0.001462
4.234851	0.001473
4.235834	0.001485
4.236817	0.001496
4.237799	0.001507
4.238782	0.001519
4.239765	0.001530
4.240748	0.001542
4.241730	0.001553
4.242713	0.001565
4.243696	0.001577
4.244679	0.001588
4.245662	0.001600
4.246644	0.001612
4.247627	0.001624
4.248610	0.001636
4.249593	0.001648
4.250575	0.001660
4.251558	0.001672
4.252541	0.001684
4.253524	0.001696
4.254507	0.001708
4.255489	0.001721
4.256472	0.001733
4.257455	0.001745
4.258438	0.001758
4.259420	0.001770
4.260403	0.001783
4.261386	0.001795
4.262369	0.001808
4.263352	0.001821
4.264334	0.001833
4.265317	0.001846
4.266300	0.001859
4.267283	0.001872
4.268265	0.001885
4.269248	0.001898
4.270231	0.001911
4.271214	0.001924
4.272197	0.001937
4.273179	0.001950
4.274162	0.001964
4.275145	0.001977
4.276128	0.001990
4.277110	0.002004
4.278093	0.002017
4.279076	0.002031
4.280059	0.002044
4.281042	0.002058
4.282024	0.002072
4.283007	0.002086
4.283990	0.002099
4.284973	0.002113
4.285955	0.002127
4.286938	0.002141
4.287921	0.002155
4.288904	0.002169
4.289886	0.002183
4.290869	0.002198
4.291852	0.002212
4.292835	0.002226
4.293818	0.002241
4.294800	0.002255
4.295783	0.002270
4.296766	0.002284
4.297749	0.002299
4.298731	0.002313
4.299714	0.002328
4.300697	0.002343
4.301680	0.002358
4.302663	0.002373
4.303645	0.002388
4.304628	0.002403
4.305611	0.002418
4.306594	0.002433
4.307576	0.002448
4.308559	0.002463
4.309542	0.002479
4.310525	0.002494
4.311508	0.002510
4.312490	0.002525
4.313473	0.002541
4.314456	0.002556
4.315439	0.002572
4.316421	0.002588
4.317404	0.002603
4.318387	0.002619
4.319370	0.002635
4.320353	0.002651
4.321335	0.002667
4.322318	0.002683
4.323301	0.002699
4.324284	0.002716
4.325266	0.002732
4.326249	0.002748
4.327232	0.002765
4.328215	0.002781
4.329198	0.002798
4.330180	0.002814
4.331163	0.002831
4.332146	0.002848
4.333129	0.002864
4.334111	0.002881
4.335094	0.002898
4.336077	0.002915
4.337060	0.002932
4.338042	0.002949
4.339025	0.002966
4.340008	0.002983
4.340991	0.003001
4.341974	0.003018
4.342956	0.003035
4.343939	0.003053
4.344922	0.003070
4.345905	0.003088
4.346887	0.003105
4.347870	0.003123
4.348853	0.003141
4.349836	0.003158
4.350819	0.003176
4.351801	0.003194
4.352784	0.003212
4.353767	0.003230
4.354750	0.003248
4.355732	0.003266
4.356715	0.003285
4.357698	0.003303
4.358681	0.003321
4.359664	0.003339
4.360646	0.003358
4.361629	0.003376
4.362612	0.003395
4.363595	0.003414
4.364577	0.003432
4.365560	0.003451
4.366543	0.003470
4.367526	0.003489
4.368509	0.003507
4.369491	0.003526
4.370474	0.003545
4.371457	0.003564
4.372440	0.003584
4.373422	0.003603
4.374405	0.003622
4.375388	0.003641
4.376371	0.003661
4.377354	0.003680
4.378336	0.003700
4.379319	0.003719
4.380302	0.003739
4.381285	0.003758
4.382267	0.003778
4.383250	0.003798
4.384233	0.003817
4.385216	0.003837
4.386198	0.003857
4.387181	0.003877
4.388164	0.003897
4.389147	0.003917
4.390130	0.003937
4.391112	0.003957
4.392095	0.003978
4.393078	0.003998
4.394061	0.004018
4.395043	0.004038
4.396026	0.004059
4.397009	0.004079
4.397992	0.004100
4.398975	0.004120
4.399957	0.004141
4.400940	0.004162
4.401923	0.004182
4.402906	0.004203
4.403888	0.004224
4.404871	0.004245
4.405854	0.004265
4.406837	0.004286
4.407820	0.004307
4.408802	0.004328
4.409785	0.004349
4.410768	0.004370
4.411751	0.004392
4.412733	0.004413
4.413716	0.004434
4.414699	0.004455
4.415682	0.004477
4.416665	0.004498
4.417647	0.004519
4.418630	0.004541
4.419613	0.004562
4.420596	0.004584
4.421578	0.004605
4.422561	0.004627
4.423544	0.004648
4.424527	0.004670
4.425510	0.004692
4.426492	0.004713
4.427475	0.004735
4.428458	0.004757
4.429441	0.004779
4.430423	0.004801
4.431406	0.004822
4.432389	0.004844
4.433372	0.004866
4.434354	0.004888
4.435337	0.004910
4.436320	0.004932
4.437303	0.004954
4.438286	0.004976
4.439268	0.004998
4.440251	0.005021
4.441234	0.005043
4.442217	0.005065
4.443199	0.005087
4.444182	0.005109
4.445165	0.005131
4.446148	0.005154
4.447131	0.005176
4.448113	0.005198
4.449096	0.005221
4.450079	0.005243
4.451062	0.005265
4.452044	0.005288
4.453027	0.005310
4.454010	0.005332
4.454993	0.005355
4.455976	0.005377
4.456958	0.005399
4.457941	0.005422
4.458924	0.005444
4.459907	0.005467
4.460889	0.005489
4.461872	0.005512
4.462855	0.005534
4.463838	0.005556
4.464821	0.005579
4.465803	0.005601
4.466786	0.005624
4.467769	0.005646
4.468752	0.005669
4.469734	0.005691
4.470717	0.005714
4.471700	0.005736
4.472683	0.005759
4.473666	0.005781
4.474648	0.005803
4.475631	0.005826
4.476614	0.005848
4.477597	0.005871
4.478579	0.005893
4.479562	0.005915
4.480545	0.005938
4.481528	0.005960
4.482510	0.005982
4.483493	0.006005
4.484476	0.006027
4.485459	0.006049
4.486442	0.006072
4.487424	0.006094
4.488407	0.006116
4.489390	0.006138
4.490373	0.006160
4.491355	0.006182
4.492338	0.006204
4.493321	0.006227
4.494304	0.006249
4.495287	0.006271
4.496269	0.006293
4.497252	0.006314
4.498235	0.006336
4.499218	0.006358
4.500200	0.006380
4.501183	0.006402
4.502166	0.006424
4.503149	0.006445
4.504132	0.006467
4.505114	0.006488
4.506097	0.006510
4.507080	0.006532
4.508063	0.006553
4.509045	0.006574
4.510028	0.006596
4.511011	0.006617
4.511994	0.006638
4.512977	0.006660
4.513959	0.006681
4.514942	0.006702
4.515925	0.006723
4.516908	0.006744
4.517890	0.006765
4.518873	0.006785
4.519856	0.006806
4.520839	0.006827
4.521822	0.006847
4.522804	0.006868
4.523787	0.006888
4.524770	0.006909
4.525753	0.006929
4.526735	0.006949
4.527718	0.006970
4.528701	0.006990
4.529684	0.007010
4.530667	0.007030
4.531649	0.007049
4.532632	0.007069
4.533615	0.007089
4.534598	0.007108
4.535580	0.007128
4.536563	0.007147
4.537546	0.007166
4.538529	0.007186
4.539511	0.007205
4.540494	0.007224
4.541477	0.007243
4.542460	0.007261
4.543443	0.007280
4.544425	0.007299
4.545408	0.007317
4.546391	0.007336
4.547374	0.007354
4.548356	0.007372
4.549339	0.007390
4.550322	0.007408
4.551305	0.007426
4.552288	0.007443
4.553270	0.007461
4.554253	0.007478
4.555236	0.007496
4.556219	0.007513
4.557201	0.007530
4.558184	0.007547
4.559167	0.007564
4.560150	0.007580
4.561133	0.007597
4.562115	0.007613
4.563098	0.007630
4.564081	0.007646
4.565064	0.007662
4.566046	0.007678
4.567029	0.007693
4.568012	0.007709
4.568995	0.007724
4.569978	0.007740
4.570960	0.007755
4.571943	0.007770
4.572926	0.007785
4.573909	0.007799
4.574891	0.007814
4.575874	0.007828
4.576857	0.007842
4.577840	0.007856
4.578823	0.007870
4.579805	0.007884
4.580788	0.007897
4.581771	0.007911
4.582754	0.007924
4.583736	0.007937
4.584719	0.007950
4.585702	0.007963
4.586685	0.007975
4.587667	0.007988
4.588650	0.008000
4.589633	0.008012
4.590616	0.008023
4.591599	0.008035
4.592581	0.008047
4.593564	0.008058
4.594547	0.008069
4.595530	0.008080
4.596512	0.008090
4.597495	0.008101
4.598478	0.008111
4.599461	0.008121
4.600444	0.008131
4.601426	0.008141
4.602409	0.008150
4.603392	0.008160
4.604375	0.008169
4.605357	0.008178
4.606340	0.008186
4.607323	0.008195
4.608306	0.008203
4.609289	0.008211
4.610271	0.008219
4.611254	0.008227
4.612237	0.008234
4.613220	0.008241
4.614202	0.008248
4.615185	0.008255
4.616168	0.008262
4.617151	0.008268
4.618134	0.008274
4.619116	0.008280
4.620099	0.008286
4.621082	0.008291
4.622065	0.008296
4.623047	0.008301
4.624030	0.008306
4.625013	0.008310
4.625996	0.008315
4.626979	0.008319
4.627961	0.008323
4.628944	0.008326
4.629927	0.008330
4.630910	0.008333
4.631892	0.008335
4.632875	0.008338
4.633858	0.008341
4.634841	0.008343
4.635823	0.008345
4.636806	0.008346
4.637789	0.008348
4.638772	0.008349
4.639755	0.008350
4.640737	0.008350
4.641720	0.008351
4.642703	0.008351
4.643686	0.008351
4.644668	0.008350
4.645651	0.008350
4.646634	0.008349
4.647617	0.008348
4.648600	0.008347
4.649582	0.008345
4.650565	0.008343
4.651548	0.008341
4.652531	0.008338
4.653513	0.008336
4.654496	0.008333
4.655479	0.008330
4.656462	0.008326
4.657445	0.008323
4.658427	0.008319
4.659410	0.008314
4.660393	0.008310
4.661376	0.008305
4.662358	0.008300
4.663341	0.008295
4.664324	0.008289
4.665307	0.008284
4.666290	0.008278
4.667272	0.008271
4.668255	0.008265
4.669238	0.008258
4.670221	0.008251
4.671203	0.008243
4.672186	0.008236
4.673169	0.008228
4.674152	0.008219
4.675135	0.008211
4.676117	0.008202
4.677100	0.008193
4.678083	0.008184
4.679066	0.008174
4.680048	0.008165
4.681031	0.008155
4.682014	0.008144
4.682997	0.008134
4.683979	0.008123
4.684962	0.008112
4.685945	0.008100
4.686928	0.008089
4.687911	0.008077
4.688893	0.008065
4.689876	0.008052
4.690859	0.008040
4.691842	0.008027
4.692824	0.008014
4.693807	0.008000
4.694790	0.007987
4.695773	0.007973
4.696756	0.007958
4.697738	0.007944
4.698721	0.007929
4.699704	0.007915
4.700687	0.007899
4.701669	0.007884
4.702652	0.007868
4.703635	0.007853
4.704618	0.007836
4.705601	0.007820
4.706583	0.007804
4.707566	0.007787
4.708549	0.007770
4.709532	0.007753
4.710514	0.007735
4.711497	0.007718
4.712480	0.007700
4.713463	0.007682
4.714446	0.007663
4.715428	0.007645
4.716411	0.007626
4.717394	0.007608
4.718377	0.007589
4.719359	0.007569
4.720342	0.007550
4.721325	0.007531
4.722308	0.007511
4.723291	0.007491
4.724273	0.007471
4.725256	0.007451
4.726239	0.007431
4.727222	0.007411
4.728204	0.007391
4.729187	0.007370
4.730170	0.007350
4.731153	0.007329
4.732135	0.007309
4.733118	0.007288
4.734101	0.007267
4.735084	0.007247
4.736067	0.007226
4.737049	0.007206
4.738032	0.007185
4.739015	0.007165
4.739998	0.007145
4.740980	0.007124
4.741963	0.007105
4.742946	0.007085
4.743929	0.007065
4.744912	0.007046
4.745894	0.007028
4.746877	0.007009
4.747860	0.006991
4.748843	0.006974
4.749825	0.006957
4.750808	0.006941
4.751791	0.006926
4.752774	0.006911
4.753757	0.006898
4.754739	0.006885
4.755722	0.006874
4.756705	0.006865
4.757688	0.006857
4.758670	0.006851
4.759653	0.006847
4.760636	0.006846
4.761619	0.006847
4.762602	0.006852
4.763584	0.006861
4.764567	0.006875
4.765550	0.006894
4.766533	0.006920
4.767515	0.006953
4.768498	0.006997
4.769481	0.007052
4.770464	0.007123
4.771447	0.007213
4.772429	0.007329
4.773412	0.007479
4.774395	0.007678
4.775378	0.007948
4.776360	0.008327
4.777343	0.008878
4.778326	0.009718
4.779309	0.011038
4.780292	0.013050
4.781274	0.015223
4.782249	0.015111
4.783224	0.012117
4.784199	0.009463
4.785173	0.007654
4.786148	0.006432
4.787123	0.005571
4.788098	0.004933
4.789073	0.004438
4.790047	0.004040
4.791022	0.003710
4.791997	0.003432
4.792972	0.003192
4.793947	0.002982
4.794921	0.002796
4.795896	0.002630
4.796871	0.002481
4.797846	0.002346
4.798821	0.002223
4.799795	0.002109
4.800770	0.002005
4.801745	0.001909
4.802720	0.001819
4.803694	0.001736
4.804669	0.001658
4.805644	0.001585
4.806619	0.001517
4.807594	0.001452
4.808568	0.001392
4.809543	0.001334
4.810518	0.001280
4.811493	0.001229
4.812468	0.001180
4.813442	0.001134
4.814417	0.001090
4.815392	0.001048
4.816367	0.001008
4.817342	0.000970
4.818316	0.000934
4.819291	0.000899
4.820266	0.000866
4.821241	0.000834
4.822216	0.000803
4.823190	0.000774
4.824165	0.000746
4.825140	0.000719
4.826115	0.000693
4.827090	0.000668
4.828064	0.000644
4.829039	0.000620
4.830014	0.000598
4.830989	0.000576
4.831963	0.000556
4.832938	0.000536
4.833913	0.000516
4.834888	0.000498
4.835863	0.000479
4.836837	0.000462
4.837812	0.000445
4.838787	0.000429
4.839762	0.000413
4.840737	0.000397
4.841711	0.000382
4.842686	0.000368
4.843661	0.000354
4.844636	0.000340
4.845611	0.000327
4.846585	0.000314
4.847560	0.000301
4.848535	0.000289
4.849510	0.000277
4.850485	0.000265
4.851459	0.000254
4.852434	0.000243
4.853409	0.000232
4.854384	0.000221
4.855358	0.000211
4.856333	0.000201
4.857308	0.000191
4.858283	0.000181
4.859258	0.000172
4.860232	0.000163
4.861207	0.000153
4.862182	0.000144
4.863157	0.000135
4.864132	0.000127
4.865106	0.000118
4.866081	0.000110
4.867056	0.000101
4.868031	0.000093
4.869006	0.000085
4.869980	0.000077
4.870955	0.000069
4.871930	0.000061
4.872905	0.000053
4.873880	0.000046
4.874854	0.000038
4.875829	0.000030
4.876804	0.000023
4.877779	0.000015
4.878761	0.000004
4.879744	0.000008
4.880727	0.000011
4.881710	0.000015
4.882693	0.000019
4.883675	0.000023
4.884658	0.000026
4.885641	0.000030
4.886624	0.000034
4.887606	0.000037
4.888589	0.000041
4.889572	0.000045
4.890555	0.000048
4.891538	0.000052
4.892520	0.000055
4.893503	0.000058
4.894486	0.000062
4.895469	0.000065
4.896451	0.000068
4.897434	0.000071
4.898417	0.000074
4.899400	0.000077
4.900383	0.000080
4.901365	0.000083
4.902348	0.000086
4.903331	0.000089
4.904314	0.000091
4.905296	0.000094
4.906279	0.000096
4.907262	0.000099
4.908245	0.000101
4.909228	0.000103
4.910210	0.000106
4.911193	0.000108
4.912176	0.000109
4.913159	0.000111
4.914141	0.000113
4.915124	0.000115
4.916107	0.000116
4.917090	0.000118
4.918072	0.000119
4.919055	0.000120
4.920038	0.000122
4.921021	0.000123
4.922004	0.000124
4.922986	0.000125
4.923969	0.000125
4.924952	0.000126
4.925935	0.000127
4.926917	0.000127
4.927900	0.000128
4.928883	0.000128
4.929866	0.000128
4.930849	0.000128
4.931831	0.000128
4.932814	0.000128
4.933797	0.000128
4.934780	0.000127
4.935762	0.000127
4.936745	0.000127
4.937728	0.000126
4.938711	0.000125
4.939694	0.000125
4.940676	0.000124
4.941659	0.000123
4.942642	0.000122
4.943625	0.000121
4.944607	0.000119
4.945590	0.000118
4.946573	0.000117
4.947556	0.000115
4.948539	0.000114
4.949521	0.000112
4.950504	0.000110
4.951487	0.000109
4.952470	0.000107
4.953452	0.000105
4.954435	0.000103
4.955418	0.000101
4.956401	0.000099
4.957384	0.000097
4.958366	0.000094
4.959349	0.000092
4.960332	0.000090
4.961315	0.000087
4.962297	0.000085
4.963280	0.000082
4.964263	0.000080
4.965246	0.000077
4.966228	0.000074
4.967211	0.000072
4.968194	0.000069
4.969177	0.000066
4.970160	0.000063
4.971142	0.000060
4.972125	0.000057
4.973108	0.000054
4.974091	0.000051
4.975073	0.000048
4.976056	0.000045
4.977039	0.000042
4.978022	0.000039
4.979005	0.000036
4.979987	0.000033
4.980970	0.000029
4.981953	0.000026
4.982936	0.000023
4.983918	0.000020
4.984901	0.000016
4.985884	0.000013
4.986867	0.000010
4.987850	0.000007
4.988832	0.000003
4.989815	-0.000000
4.990798	-0.000000
4.991781	0.000000
4.992763	0.000000
4.993746	0.000000
4.994729	-0.000000
4.995712	0.000000
4.996695	0.000000
4.997677	-0.000000
4.998660	0.000000
4.999643	0.000000
5.000626	-0.000000
5.001608	-0.000000
5.002591	-0.000000
5.003574	0.000000
5.004557	0.000000
5.005540	-0.000000
5.006522	0.000000
5.007505	-0.000000
5.008488	-0.000000
5.009471	0.000000
5.010453	-0.000000
5.011436	0.000000
5.012419	0.000000
5.013402	-0.000000
5.014384	-0.000000
5.015367	-0.000000
5.016350	-0.000000
5.017333	-0.000000
5.018316	-0.000000
5.019298	-0.000000
5.020281	-0.000000
5.021264	-0.000000
5.022247	-0.000000
5.023229	-0.000000
5.024212	-0.000000
5.025195	-0.000000
5.026178	0.000000
5.027161	-0.000000
5.028143	0.000000
5.029126	-0.000000
5.030109	-0.000000
5.031092	0.000000
5.032074	-0.000000
5.033057	-0.000000
5.034040	-0.000000
5.035023	-0.000000
5.036006	0.000000
5.036988	-0.000000
5.037971	0.000000
5.038954	-0.000000
5.039937	0.000000
5.040919	0.000000
5.041902	0.000000
5.042885	0.000000
5.043868	-0.000000
5.044851	-0.000000
5.045833	0.000000
5.046816	-0.000000
5.047799	0.000000
5.048782	0.000000
5.049764	0.000000
5.050747	0.000000
5.051730	-0.000000
5.052713	0.000000
5.053696	-0.000000
5.054678	0.000000
5.055661	0.000000
5.056644	0.000000
5.057627	-0.000000
5.058609	0.000000
5.059592	0.000000
5.060575	-0.000000
5.061558	-0.000000
5.062540	0.000000
5.063523	0.000000
5.064506	0.000000
5.065489	-0.000000
5.066472	-0.000000
5.067454	0.000000
5.068437	-0.000000
5.069420	0.000000
5.070403	-0.000000
5.071385	0.000000
5.072368	-0.000000
5.073351	0.000000
5.074334	-0.000000
5.075317	0.000000
5.076299	0.000000
5.077282	-0.000000
5.078265	-0.000000
5.079248	-0.000000
5.080230	-0.000000
5.081213	0.000000
5.082196	-0.000000
5.083179	-0.000000
5.084162	-0.000000
5.085144	0.000000
5.086127	-0.000000
5.087110	-0.000000
5.088093	0.000000
5.089075	-0.000000
5.090058	0.000000
5.091041	-0.000000
5.092024	0.000000
5.093007	0.000000
5.093989	0.000000
5.094972	0.000000
5.095955	-0.000000
5.096938	0.000000
5.097920	-0.000000
5.098903	-0.000000
5.099886	-0.000000
5.100869	-0.000000
5.101852	0.000000
5.102834	0.000000
5.103817	-0.000000
5.104800	-0.000000
5.105783	0.000000
5.106765	0.000000
5.107748	-0.000000
5.108731	-0.000000
5.109714	0.000000
5.110697	-0.000000
5.111679	-0.000000
5.112662	-0.000000
5.113645	-0.000000
5.114628	0.000000
5.115610	-0.000000
5.116593	0.000000
5.117576	-0.000000
5.118559	0.000000
5.119541	-0.000000
5.120524	-0.000000
5.121507	-0.000000
5.122490	-0.000000
5.123473	0.000000
5.124455	-0.000000
5.125438	-0.000000
5.126421	0.000000
5.127404	-0.000000
5.128386	-0.000000
5.129369	-0.000000
5.130352	-0.000000
5.131335	0.000000
5.132318	-0.000000
5.133300	0.000000
5.134283	-0.000000
5.135266	-0.000000
5.136249	-0.000000
5.137231	-0.000000
5.138214	-0.000000
5.139197	-0.000000
5.140180	-0.000000
5.141163	0.000000
5.142145	-0.000000
5.143128	0.000000
5.144111	0.000000
5.145094	-0.000000
5.146076	0.000000
5.147059	-0.000000
5.148042	0.000000
5.149025	-0.000000
5.150008	-0.000000
5.150990	0.000000
5.151973	0.000000
5.152956	0.000000
5.153939	0.000000
5.154921	0.000000
5.155904	-0.000000
5.156887	0.000000
5.157870	0.000000
5.158853	-0.000000
5.159835	0.000000
5.160818	-0.000000
5.161801	-0.000000
5.162784	-0.000000
5.163766	0.000000
