0.000983	0.000000
0.001966	0.000000
0.002948	-0.000000
0.003931	-0.000000
0.004914	0.000000
0.005897	0.000000
0.006879	0.000000
0.007862	0.000000
0.008845	-0.000000
0.009828	-0.000000
0.010811	0.000000
0.011793	0.000000
0.012776	-0.000000
0.013759	-0.000000
0.014742	-0.000000
0.015724	0.000000
0.016707	-0.000000
0.017690	0.000000
0.018673	0.000000
0.019656	-0.000000
0.020638	0.000000
0.021621	-0.000000
0.022604	-0.000000
0.023587	0.000000
0.024569	0.000000
0.025552	0.000000
0.026535	-0.000000
0.027518	-0.000000
0.028500	0.000000
0.029483	-0.000000
0.030466	0.000000
0.031449	0.000000
0.032432	-0.000000
0.033414	0.000000
0.034397	-0.000000
0.035380	0.000000
0.036363	0.000000
0.037345	0.000000
0.038328	-0.000000
0.039311	-0.000000
0.040294	-0.000000
0.041277	-0.000000
0.042259	-0.000000
0.043242	0.000000
0.044225	-0.000000
0.045208	0.000000
0.046190	0.000000
0.047173	0.000000
0.048156	-0.000000
0.049139	0.000000
0.050122	0.000000
0.051104	0.000000
0.052087	0.000000
0.053070	-0.000000
0.054053	-0.000000
0.055035	-0.000000
0.056018	-0.000000
0.057001	-0.000000
0.057984	0.000000
0.058967	0.000000
0.059949	0.000000
0.060932	-0.000000
0.061915	-0.000000
0.062898	0.000000
0.063880	-0.000000
0.064863	0.000000
0.065846	-0.000000
0.066829	0.000000
0.067812	-0.000000
0.068794	0.000000
0.069777	-0.000000
0.070760	0.000000
0.071743	0.000000
0.072725	-0.000000
0.073708	0.000000
0.074691	0.000000
0.075674	0.000000
0.076656	0.000000
0.077639	0.000000
0.078622	0.000000
0.079605	-0.000000
0.080588	0.000000
0.081570	0.000000
0.082553	0.000000
0.083536	0.000000
0.084519	-0.000000
0.085501	-0.000000
0.086484	0.000000
0.087467	0.000000
0.088450	-0.000000
0.089433	0.000000
0.090415	-0.000000
0.091398	-0.000000
0.092381	0.000000
0.093364	-0.000000
0.094346	-0.000000
0.095329	-0.000000
0.096312	0.000000
0.097295	0.000000
0.098278	-0.000000
0.099260	-0.000000
0.100243	-0.000000
0.101226	-0.000000
0.102209	-0.000000
0.103191	-0.000000
0.104174	-0.000000
0.105157	-0.000000
0.106140	-0.000000
0.107123	-0.000000
0.108105	0.000000
0.109088	0.000000
0.110071	0.000000
0.111054	-0.000000
0.112036	-0.000000
0.113019	-0.000000
0.114002	0.000000
0.114985	-0.000000
0.115968	-0.000000
0.116950	-0.000000
0.117933	-0.000000
0.118916	-0.000000
0.119899	-0.000000
0.120881	-0.000000
0.121864	0.000000
0.122847	-0.000000
0.123830	0.000000
0.124812	-0.000000
0.125795	0.000000
0.126778	-0.000000
0.127761	0.000000
0.128744	-0.000000
0.129726	-0.000000
0.130709	-0.000000
0.131692	-0.000000
0.132675	0.000000
0.133657	0.000000
0.134640	-0.000000
0.135623	0.000000
0.136606	-0.000000
0.137589	0.000000
0.138571	0.000000
0.139554	0.000000
0.140537	0.000000
0.141520	0.000000
0.142502	-0.000000
0.143485	0.000000
0.144468	0.000000
0.145451	-0.000000
0.146434	-0.000000
0.147416	0.000000
0.148399	-0.000000
0.149382	-0.000000
0.150365	-0.000000
0.151347	-0.000000
0.152330	-0.000000
0.153313	0.000000
0.154296	0.000000
0.155279	-0.000000
0.156261	0.000000
0.157244	0.000000
0.158227	-0.000000
0.159210	0.000000
0.160192	0.000000
0.161175	-0.000000
0.162158	-0.000000
0.163141	0.000000
0.164124	-0.000000
0.165106	0.000000
0.166089	0.000000
0.167072	-0.000000
0.168055	-0.000000
0.169037	-0.000000
0.170020	-0.000000
0.171003	-0.000000
0.171986	0.000000
0.172969	-0.000000
0.173951	-0.000000
0.174934	-0.000000
0.175917	-0.000000
0.176900	0.000000
0.177882	0.000000
0.178865	0.000000
0.179848	-0.000000
0.180831	-0.000000
0.181813	-0.000000
0.182796	0.000000
0.183779	-0.000000
0.184762	-0.000000
0.185745	-0.000000
0.186727	-0.000000
0.187710	0.000000
0.188693	-0.000000
0.189676	-0.000000
0.190658	-0.000000
0.191641	-0.000000
0.192624	0.000000
0.193607	-0.000000
0.194590	0.000000
0.195572	0.000000
0.196555	0.000000
0.197538	-0.000000
0.198521	0.000000
0.199503	-0.000000
0.200486	0.000000
0.201469	-0.000000
0.202452	0.000000
0.203435	-0.000000
0.204417	0.000000
0.205400	-0.000000
0.206383	-0.000000
0.207366	-0.000000
0.208348	-0.000000
0.209331	0.000000
0.210314	0.000000
0.211297	0.000000
0.212280	0.000000
0.213262	-0.000000
0.214245	0.000000
0.215228	0.000000
0.216211	0.000000
0.217193	-0.000000
0.218176	0.000000
0.219159	-0.000000
0.220142	0.000000
0.221125	-0.000000
0.222107	-0.000000
0.223090	0.000000
0.224073	-0.000000
0.225056	0.000000
0.226038	0.000000
0.227021	-0.000000
0.228004	-0.000000
0.228987	0.000000
0.229969	-0.000000
0.230952	-0.000000
0.231935	0.000000
0.232918	0.000000
0.233901	-0.000000
0.234883	0.000000
0.235866	0.000000
0.236849	-0.000000
0.237832	0.000000
0.238814	-0.000000
0.239797	0.000000
0.240780	0.000000
0.241763	-0.000000
0.242746	0.000000
0.243728	-0.000000
0.244711	0.000000
0.245694	-0.000000
0.246677	-0.000000
0.247659	0.000000
0.248642	-0.000000
0.249625	-0.000000
0.250608	-0.000000
0.251591	0.000000
0.252573	-0.000000
0.253556	0.000000
0.254539	0.000000
0.255522	-0.000000
0.256504	-0.000000
0.257487	0.000000
0.258470	0.000000
0.259453	-0.000000
0.260436	0.000000
0.261418	0.000000
0.262401	-0.000000
0.263384	0.000000
0.264367	0.000000
0.265349	0.000000
0.266332	-0.000000
0.267315	0.000000
0.268298	-0.000000
0.269281	0.000000
0.270263	-0.000000
0.271246	-0.000000
0.272229	-0.000000
0.273212	-0.000000
0.274194	-0.000000
0.275177	-0.000000
0.276160	0.000000
0.277143	0.000000
0.278125	-0.000000
0.279108	0.000000
0.280091	-0.000000
0.281074	0.000000
0.282057	-0.000000
0.283039	-0.000000
0.284022	-0.000000
0.285005	-0.000000
0.285988	0.000000
0.286962	-0.000000
0.287937	-0.000000
0.288912	0.000000
0.289887	-0.000000
0.290862	-0.000000
0.291836	0.000000
0.292811	-0.000000
0.293786	0.000000
0.294761	0.000000
0.295736	-0.000000
0.296710	-0.000000
0.297685	0.000000
0.298660	-0.000000
0.299635	0.000000
0.300610	0.000000
0.301584	0.000000
0.302559	-0.000000
0.303534	-0.000000
0.304509	0.000000
0.305484	-0.000000
0.306458	0.000000
0.307433	-0.000000
0.308408	0.000000
0.309383	-0.000000
0.310357	0.000000
0.311332	0.000000
0.312307	-0.000000
0.313282	-0.000000
0.314257	0.000000
0.315231	-0.000000
0.316206	0.000000
0.317181	-0.000000
0.318156	0.000000
0.319131	0.000000
0.320105	0.000000
0.321080	-0.000000
0.322055	0.000000
0.323030	-0.000000
0.324005	0.000000
0.324979	-0.000000
0.325954	0.000000
0.326929	0.000000
0.327904	0.000000
0.328879	0.000000
0.329853	-0.000000
0.330828	-0.000000
0.331803	-0.000000
0.332778	0.000000
0.333753	0.000000
0.334727	0.000000
0.335702	-0.000000
0.336677	-0.000000
0.337652	0.000000
0.338626	-0.000000
0.339601	-0.000000
0.340576	0.000000
0.341551	0.000000
0.342526	0.000000
0.343500	0.000000
0.344475	-0.000000
0.345450	0.000000
0.346425	0.000000
0.347400	0.000000
0.348374	-0.000000
0.349349	-0.000000
0.350324	-0.000000
0.351299	0.000000
0.352274	-0.000000
0.353248	0.000000
0.354223	0.000000
0.355198	-0.000000
0.356173	-0.000000
0.357148	0.000000
0.358122	0.000000
0.359097	-0.000000
0.360072	0.000000
0.361047	-0.000000
0.362021	-0.000000
0.362996	-0.000000
0.363971	0.000000
0.364946	0.000000
0.365921	-0.000000
0.366895	-0.000000
0.367870	-0.000000
0.368845	-0.000000
0.369820	-0.000000
0.370795	0.000000
0.371769	0.000000
0.372744	0.000000
0.373719	-0.000000
0.374694	0.000000
0.375669	0.000000
0.376643	0.000000
0.377618	-0.000000
0.378593	0.000000
0.379568	0.000000
0.380543	-0.000000
0.381517	-0.000000
0.382492	-0.000000
0.383475	-0.000000
0.384458	-0.000000
0.385440	-0.000000
0.386423	0.000000
0.387406	0.000000
0.388389	0.000000
0.389372	0.000000
0.390354	-0.000000
0.391337	0.000000
0.392320	-0.000000
0.393303	-0.000000
0.394285	0.000000
0.395268	-0.000000
0.396251	-0.000000
0.397234	-0.000000
0.398217	-0.000000
0.399199	0.000000
0.400182	0.000000
0.401165	0.000000
0.402148	0.000000
0.403130	0.000000
0.404113	0.000000
0.405096	-0.000000
0.406079	0.000000
0.407061	-0.000000
0.408044	-0.000000
0.409027	0.000000
0.410010	0.000000
0.410993	0.000000
0.411975	0.000000
0.412958	0.000000
0.413941	-0.000000
0.414924	-0.000000
0.415906	-0.000000
0.416889	-0.000000
0.417872	0.000000
0.418855	-0.000000
0.419838	0.000000
0.420820	0.000000
0.421803	-0.000000
0.422786	-0.000000
0.423769	0.000000
0.424751	-0.000000
0.425734	0.000000
0.426717	0.000000
0.427700	-0.000000
0.428683	0.000000
0.429665	0.000000
0.430648	-0.000000
0.431631	0.000000
0.432614	-0.000000
0.433596	0.000000
0.434579	-0.000000
0.435562	-0.000000
0.436545	-0.000000
0.437528	-0.000000
0.438510	0.000000
0.439493	-0.000000
0.440476	0.000000
0.441459	-0.000000
0.442441	-0.000000
0.443424	-0.000000
0.444407	-0.000000
0.445390	-0.000000
0.446373	0.000000
0.447355	0.000000
0.448338	0.000000
0.449321	0.000000
0.450304	0.000000
0.451286	0.000000
0.452269	-0.000000
0.453252	-0.000000
0.454235	-0.000000
0.455217	0.000000
0.456200	0.000000
0.457183	-0.000000
0.458166	0.000000
0.459149	-0.000000
0.460131	-0.000000
0.461114	-0.000000
0.462097	0.000000
0.463080	0.000000
0.464062	-0.000000
0.465045	0.000000
0.466028	0.000000
0.467011	0.000000
0.467994	-0.000000
0.468976	0.000000
0.469959	0.000000
0.470942	-0.000000
0.471925	0.000000
0.472907	0.000000
0.473890	-0.000000
0.474873	-0.000000
0.475856	-0.000000
0.476839	-0.000000
0.477821	0.000000
0.478804	0.000000
0.479787	-0.000000
0.480770	-0.000000
0.481752	0.000000
0.482735	0.000000
0.483718	-0.000000
0.484701	-0.000000
0.485684	0.000000
0.486666	0.000000
0.487649	-0.000000
0.488632	0.000000
0.489615	-0.000000
0.490597	-0.000000
0.491580	0.000000
0.492563	-0.000000
0.493546	-0.000000
0.494529	-0.000000
0.495511	-0.000000
0.496494	0.000000
0.497477	-0.000000
0.498460	0.000000
0.499442	0.000000
0.500425	-0.000000
0.501408	0.000000
0.502391	0.000000
0.503374	0.000000
0.504356	0.000000
0.505339	-0.000000
0.506322	-0.000000
0.507305	-0.000000
0.508287	-0.000000
0.509270	-0.000000
0.510253	0.000000
0.511236	0.000000
0.512218	0.000000
0.513201	0.000000
0.514184	-0.000000
0.515167	-0.000000
0.516150	-0.000000
0.517132	0.000000
0.518115	-0.000000
0.519098	0.000000
0.520081	-0.000000
0.521063	-0.000000
0.522046	-0.000000
0.523029	0.000000
0.524012	-0.000000
0.524995	-0.000000
0.525977	0.000000
0.526960	0.000000
0.527943	0.000000
0.528926	0.000000
0.529908	0.000000
0.530891	0.000000
0.531874	0.000000
0.532857	0.000000
0.533840	-0.000000
0.534822	-0.000000
0.535805	0.000000
0.536788	0.000000
0.537771	-0.000000
0.538753	-0.000000
0.539736	0.000000
0.540719	-0.000000
0.541702	0.000000
0.542685	-0.000000
0.543667	-0.000000
0.544650	0.000000
0.545633	0.000000
0.546616	0.000000
0.547598	0.000000
0.548581	-0.000000
0.549564	-0.000000
0.550547	0.000000
0.551530	0.000000
0.552512	-0.000000
0.553495	0.000000
0.554478	0.000000
0.555461	-0.000000
0.556443	0.000000
0.557426	0.000000
0.558409	-0.000000
0.559392	-0.000000
0.560374	0.000000
0.561357	0.000000
0.562340	-0.000000
0.563323	-0.000000
0.564306	0.000000
0.565288	-0.000000
0.566271	0.000000
0.567254	0.000000
0.568237	-0.000000
0.569219	0.000000
0.570202	0.000000
0.571185	0.000000
0.572168	0.000000
0.573151	0.000000
0.574133	-0.000000
0.575116	-0.000000
0.576099	-0.000000
0.577082	-0.000000
0.578064	0.000000
0.579047	0.000000
0.580030	0.000000
0.581013	0.000000
0.581996	0.000000
0.582978	0.000000
0.583961	0.000000
0.584944	0.000000
0.585927	0.000000
0.586909	0.000000
0.587892	-0.000000
0.588875	-0.000000
0.589858	-0.000000
0.590841	-0.000000
0.591823	-0.000000
0.592806	-0.000000
0.593789	-0.000000
0.594772	0.000000
0.595754	-0.000000
0.596737	-0.000000
0.597720	0.000000
0.598703	0.000000
0.599686	0.000000
0.600668	-0.000000
0.601651	0.000000
0.602634	0.000000
0.603617	0.000000
0.604599	-0.000000
0.605582	0.000000
0.606565	0.000000
0.607548	-0.000000
0.608530	-0.000000
0.609513	0.000000
0.610496	-0.000000
0.611479	0.000000
0.612462	-0.000000
0.613444	0.000000
0.614427	0.000000
0.615410	-0.000000
0.616393	0.000000
0.617375	0.000000
0.618358	-0.000000
0.619341	0.000000
0.620324	0.000000
0.621307	-0.000000
0.622289	-0.000000
0.623272	0.000000
0.624255	-0.000000
0.625238	-0.000000
0.626220	0.000000
0.627203	0.000000
0.628186	-0.000000
0.629169	-0.000000
0.630152	-0.000000
0.631134	0.000000
0.632117	0.000000
0.633100	-0.000000
0.634083	-0.000000
0.635065	-0.000000
0.636048	0.000000
0.637031	0.000000
0.638014	0.000000
0.638997	-0.000000
0.639979	0.000000
0.640962	-0.000000
0.641945	0.000000
0.642928	0.000000
0.643910	0.000000
0.644893	-0.000000
0.645876	-0.000000
0.646859	0.000000
0.647842	0.000000
0.648824	-0.000000
0.649807	0.000000
0.650790	-0.000000
0.651773	-0.000000
0.652755	0.000000
0.653738	-0.000000
0.654721	-0.000000
0.655704	-0.000000
0.656686	-0.000000
0.657669	0.000000
0.658652	-0.000000
0.659635	0.000000
0.660618	0.000000
0.661600	0.000000
0.662583	0.000000
0.663566	-0.000000
0.664549	-0.000000
0.665531	0.000000
0.666514	0.000000
0.667497	0.000000
0.668480	0.000000
0.669463	0.000000
0.670445	0.000000
0.671428	-0.000000
0.672411	0.000000
0.673394	0.000000
0.674376	0.000000
0.675359	-0.000000
0.676342	-0.000000
0.677325	-0.000000
0.678308	-0.000000
0.679290	0.000000
0.680273	-0.000000
0.681256	0.000000
0.682239	-0.000000
0.683221	-0.000000
0.684204	-0.000000
0.685187	0.000000
0.686170	-0.000000
0.687153	0.000000
0.688135	-0.000000
0.689118	0.000000
0.690101	-0.000000
0.691084	-0.000000
0.692066	-0.000000
0.693049	0.000000
0.694032	0.000000
0.695015	-0.000000
0.695998	-0.000000
0.696980	-0.000000
0.697963	-0.000000
0.698946	-0.000000
0.699929	0.000000
0.700911	-0.000000
0.701894	-0.000000
0.702877	0.000000
0.703860	0.000000
0.704842	0.000000
0.705825	0.000000
0.706808	0.000000
0.707791	0.000000
0.708774	0.000000
0.709756	-0.000000
0.710739	-0.000000
0.711722	-0.000000
0.712705	-0.000000
0.713687	-0.000000
0.714670	-0.000000
0.715653	-0.000000
0.716636	0.000000
0.717619	0.000000
0.718601	0.000000
0.719584	0.000000
0.720567	-0.000000
0.721550	0.000000
0.722532	-0.000000
0.723515	-0.000000
0.724498	0.000000
0.725481	-0.000000
0.726464	-0.000000
0.727446	0.000000
0.728429	0.000000
0.729412	-0.000000
0.730395	0.000000
0.731377	-0.000000
0.732360	0.000000
0.733343	0.000000
0.734326	-0.000000
0.735309	-0.000000
0.736291	0.000000
0.737274	-0.000000
0.738257	-0.000000
0.739240	0.000000
0.740222	0.000000
0.741205	-0.000000
0.742188	-0.000000
0.743171	0.000000
0.744154	-0.000000
0.745136	0.000000
0.746119	0.000000
0.747102	0.000000
0.748085	-0.000000
0.749067	-0.000000
0.750050	0.000000
0.751033	0.000000
0.752016	0.000000
0.752999	0.000000
0.753981	-0.000000
0.754964	0.000000
0.755947	0.000000
0.756930	-0.000000
0.757912	0.000000
0.758895	-0.000000
0.759878	-0.000000
0.760861	-0.000000
0.761843	0.000000
0.762826	0.000000
0.763809	-0.000000
0.764792	0.000000
0.765775	0.000000
0.766757	-0.000000
0.767740	0.000000
0.768723	-0.000000
0.769706	-0.000000
0.770688	0.000000
0.771671	-0.000000
0.772654	-0.000000
0.773637	0.000000
0.774620	-0.000000
0.775602	0.000000
0.776585	-0.000000
0.777568	0.000000
0.778551	-0.000000
0.779533	-0.000000
0.780516	0.000000
0.781499	0.000000
0.782482	-0.000000
0.783465	-0.000000
0.784447	-0.000000
0.785430	0.000000
0.786413	0.000000
0.787396	0.000000
0.788378	0.000000
0.789361	-0.000000
0.790344	-0.000000
0.791327	-0.000000
0.792310	-0.000000
0.793292	-0.000000
0.794275	0.000000
0.795258	-0.000000
0.796241	-0.000000
0.797223	0.000000
0.798206	0.000000
0.799189	0.000000
0.800172	0.000000
0.801155	0.000000
0.802137	-0.000000
0.803120	0.000000
0.804103	0.000000
0.805086	-0.000000
0.806068	-0.000000
0.807051	0.000000
0.808034	-0.000000
0.809017	0.000000
0.809999	-0.000000
0.810982	-0.000000
0.811965	0.000000
0.812948	-0.000000
0.813931	0.000000
0.814913	0.000000
0.815896	0.000000
0.816879	-0.000000
0.817862	0.000000
0.818844	-0.000000
0.819827	-0.000000
0.820810	-0.000000
0.821793	0.000000
0.822776	-0.000000
0.823758	0.000000
0.824741	0.000000
0.825724	0.000000
0.826707	-0.000000
0.827689	0.000000
0.828672	-0.000000
0.829655	-0.000000
0.830638	-0.000000
0.831621	0.000000
0.832603	-0.000000
0.833586	-0.000000
0.834569	-0.000000
0.835552	-0.000000
0.836534	-0.000000
0.837517	-0.000000
0.838500	0.000000
0.839483	0.000000
0.840466	0.000000
0.841448	0.000000
0.842431	0.000000
0.843414	0.000000
0.844397	0.000000
0.845379	-0.000000
0.846362	-0.000000
0.847345	0.000000
0.848328	0.000000
0.849311	0.000000
0.850293	0.000000
0.851276	-0.000000
0.852259	-0.000000
0.853242	-0.000000
0.854224	-0.000000
0.855207	0.000000
0.856190	-0.000000
0.857173	-0.000000
0.858155	-0.000000
0.859138	0.000000
0.860121	0.000000
0.861104	0.000000
0.862087	0.000000
0.863069	0.000000
0.864052	-0.000000
0.865035	0.000000
0.866018	0.000000
0.867000	-0.000000
0.867983	0.000000
0.868966	-0.000000
0.869949	-0.000000
0.870932	0.000000
0.871914	0.000000
0.872897	0.000000
0.873880	0.000000
0.874863	-0.000000
0.875845	0.000000
0.876828	-0.000000
0.877811	0.000000
0.878794	0.000000
0.879777	0.000000
0.880759	-0.000000
0.881742	-0.000000
0.882725	-0.000000
0.883708	0.000000
0.884690	-0.000000
0.885673	-0.000000
0.886656	-0.000000
0.887639	0.000000
0.888622	-0.000000
0.889604	0.000000
0.890587	0.000000
0.891570	0.000000
0.892553	-0.000000
0.893535	-0.000000
0.894518	-0.000000
0.895501	0.000000
0.896484	-0.000000
0.897467	-0.000000
0.898449	-0.000000
0.899432	0.000000
0.900415	-0.000000
0.901398	-0.000000
0.902380	-0.000000
0.903363	0.000003
0.904346	0.000005
0.905329	0.000008
0.906311	0.000011
0.907294	0.000013
0.908277	0.000016
0.909260	0.000019
0.910243	0.000021
0.911225	0.000024
0.912208	0.000027
0.913191	0.000029
0.914174	0.000032
0.915156	0.000035
0.916139	0.000037
0.917122	0.000040
0.918105	0.000042
0.919088	0.000045
0.920070	0.000048
0.921053	0.000050
0.922036	0.000053
0.923019	0.000055
0.924001	0.000058
0.924984	0.000060
0.925967	0.000063
0.926950	0.000065
0.927933	0.000068
0.928915	0.000070
0.929898	0.000073
0.930881	0.000075
0.931864	0.000077
0.932846	0.000080
0.933829	0.000082
0.934812	0.000084
0.935795	0.000087
0.936778	0.000089
0.937760	0.000091
0.938743	0.000094
0.939726	0.000096
0.940709	0.000098
0.941691	0.000100
0.942674	0.000102
0.943657	0.000104
0.944640	0.000107
0.945623	0.000109
0.946605	0.000111
0.947588	0.000113
0.948571	0.000115
0.949554	0.000117
0.950536	0.000119
0.951519	0.000120
0.952502	0.000122
0.953485	0.000124
0.954467	0.000126
0.955450	0.000128
0.956433	0.000129
0.957416	0.000131
0.958399	0.000133
0.959381	0.000135
0.960364	0.000136
0.961347	0.000138
0.962330	0.000139
0.963312	0.000141
0.964295	0.000142
0.965278	0.000144
0.966261	0.000145
0.967244	0.000146
0.968226	0.000148
0.969209	0.000149
0.970192	0.000150
0.971175	0.000152
0.972157	0.000153
0.973140	0.000154
0.974123	0.000155
0.975106	0.000156
0.976089	0.000157
0.977071	0.000158
0.978054	0.000159
0.979037	0.000160
0.980020	0.000161
0.981002	0.000162
0.981985	0.000162
0.982968	0.000163
0.983951	0.000164
0.984934	0.000164
0.985916	0.000165
0.986899	0.000166
0.987882	0.000166
0.988865	0.000167
0.989847	0.000167
0.990830	0.000168
0.991813	0.000168
0.992796	0.000168
0.993779	0.000169
0.994761	0.000169
0.995744	0.000169
0.996727	0.000169
0.997710	0.000169
0.998692	0.000169
0.999675	0.000169
1.000658	0.000169
1.001641	0.000169
1.002624	0.000169
1.003606	0.000169
1.004589	0.000169
1.005572	0.000169
1.006555	0.000169
1.007537	0.000168
1.008520	0.000168
1.009503	0.000167
1.010486	0.000167
1.011468	0.000167
1.012451	0.000166
1.013434	0.000166
1.014417	0.000165
1.015400	0.000164
1.016382	0.000164
1.017365	0.000163
1.018348	0.000162
1.019331	0.000161
1.020313	0.000161
1.021296	0.000160
1.022279	0.000159
1.023262	0.000158
1.024245	0.000157
1.025227	0.000156
1.026210	0.000155
1.027193	0.000154
1.028176	0.000152
1.029158	0.000151
1.030141	0.000150
1.031124	0.000149
1.032107	0.000147
1.033090	0.000146
1.034072	0.000145
1.035055	0.000143
1.036038	0.000142
1.037021	0.000140
1.038003	0.000139
1.038986	0.000137
1.039969	0.000136
1.040952	0.000134
1.041935	0.000133
1.042917	0.000131
1.043900	0.000129
1.044883	0.000127
1.045866	0.000126
1.046848	0.000124
1.047831	0.000122
1.048814	0.000120
1.049797	0.000118
1.050780	0.000116
1.051762	0.000114
1.052745	0.000112
1.053728	0.000110
1.054711	0.000108
1.055693	0.000106
1.056676	0.000104
1.057659	0.000102
1.058642	0.000100
1.059624	0.000098
1.060607	0.000095
1.061590	0.000093
1.062573	0.000091
1.063556	0.000089
1.064538	0.000086
1.065521	0.000084
1.066504	0.000082
1.067487	0.000079
1.068469	0.000077
1.069452	0.000075
1.070435	0.000072
1.071418	0.000070
1.072401	0.000067
1.073383	0.000065
1.074366	0.000062
1.075349	0.000060
1.076332	0.000057
1.077314	0.000055
1.078297	0.000052
1.079280	0.000050
1.080263	0.000047
1.081246	0.000045
1.082228	0.000042
1.083211	0.000040
1.084194	0.000037
1.085177	0.000034
1.086159	0.000032
1.087142	0.000029
1.088125	0.000027
1.089108	0.000024
1.090091	0.000021
1.091073	0.000019
1.092056	0.000016
1.093039	0.000013
1.094022	0.000011
1.095004	0.000008
1.095987	0.000005
1.096970	0.000003
1.097945	0.000004
1.098920	0.000005
1.099894	0.000007
1.100869	0.000008
1.101844	0.000009
1.102819	0.000011
1.103794	0.000012
1.104768	0.000013
1.105743	0.000015
1.106718	0.000016
1.107693	0.000017
1.108667	0.000019
1.109642	0.000020
1.110617	0.000022
1.111592	0.000023
1.112567	0.000024
1.113541	0.000026
1.114516	0.000027
1.115491	0.000029
1.116466	0.000030
1.117441	0.000032
1.118415	0.000033
1.119390	0.000035
1.120365	0.000036
1.121340	0.000038
1.122315	0.000039
1.123289	0.000041
1.124264	0.000042
1.125239	0.000044
1.126214	0.000045
1.127189	0.000047
1.128163	0.000048
1.129138	0.000050
1.130113	0.000052
1.131088	0.000053
1.132062	0.000055
1.133037	0.000057
1.134012	0.000058
1.134987	0.000060
1.135962	0.000062
1.136936	0.000063
1.137911	0.000065
1.138886	0.000067
1.139861	0.000069
1.140836	0.000070
1.141810	0.000072
1.142785	0.000074
1.143760	0.000076
1.144735	0.000078
1.145710	0.000080
1.146684	0.000082
1.147659	0.000084
1.148634	0.000086
1.149609	0.000088
1.150584	0.000090
1.151558	0.000092
1.152533	0.000094
1.153508	0.000096
1.154483	0.000098
1.155457	0.000100
1.156432	0.000103
1.157407	0.000105
1.158382	0.000107
1.159357	0.000109
1.160331	0.000112
1.161306	0.000114
1.162281	0.000117
1.163256	0.000119
1.164231	0.000121
1.165205	0.000124
1.166180	0.000127
1.167155	0.000129
1.168130	0.000132
1.169105	0.000134
1.170079	0.000137
1.171054	0.000140
1.172029	0.000143
1.173004	0.000145
1.173979	0.000148
1.174953	0.000151
1.175928	0.000154
1.176903	0.000157
1.177878	0.000160
1.178852	0.000163
1.179827	0.000166
1.180802	0.000169
1.181777	0.000172
1.182752	0.000176
1.183726	0.000179
1.184701	0.000182
1.185676	0.000186
1.186651	0.000189
1.187626	0.000193
1.188600	0.000196
1.189575	0.000200
1.190550	0.000204
1.191525	0.000207
1.192500	0.000211
1.193474	0.000215
1.194449	0.000219
1.195424	0.000223
1.196399	0.000227
1.197374	0.000231
1.198348	0.000235
1.199323	0.000240
1.200298	0.000244
1.201273	0.000248
1.202247	0.000253
1.203222	0.000257
1.204197	0.000262
1.205172	0.000266
1.206147	0.000271
1.207121	0.000276
1.208096	0.000281
1.209071	0.000286
1.210046	0.000291
1.211021	0.000296
1.211995	0.000301
1.212970	0.000307
1.213945	0.000312
1.214920	0.000318
1.215895	0.000323
1.216869	0.000329
1.217844	0.000335
1.218819	0.000340
1.219794	0.000346
1.220769	0.000352
1.221743	0.000359
1.222718	0.000365
1.223693	0.000371
1.224668	0.000378
1.225643	0.000384
1.226617	0.000391
1.227592	0.000398
1.228567	0.000405
1.229542	0.000412
1.230516	0.000419
1.231491	0.000426
1.232466	0.000433
1.233441	0.000441
1.234416	0.000448
1.235390	0.000456
1.236365	0.000464
1.237340	0.000472
1.238315	0.000480
1.239290	0.000489
1.240264	0.000497
1.241239	0.000505
1.242214	0.000514
1.243189	0.000523
1.244164	0.000532
1.245138	0.000541
1.246113	0.000551
1.247088	0.000560
1.248063	0.000570
1.249038	0.000579
1.250012	0.000589
1.250987	0.000599
1.251962	0.000610
1.252937	0.000620
1.253911	0.000631
1.254886	0.000642
1.255861	0.000653
1.256836	0.000664
1.257811	0.000675
1.258785	0.000687
1.259760	0.000699
1.260735	0.000711
1.261710	0.000723
1.262685	0.000735
1.263659	0.000748
1.264634	0.000760
1.265609	0.000773
1.266584	0.000787
1.267559	0.000800
1.268533	0.000814
1.269508	0.000828
1.270483	0.000842
1.271458	0.000856
1.272433	0.000871
1.273407	0.000886
1.274382	0.000901
1.275357	0.000916
1.276332	0.000932
1.277306	0.000948
1.278281	0.000964
1.279256	0.000981
1.280231	0.000997
1.281206	0.001014
1.282180	0.001032
1.283155	0.001049
1.284130	0.001067
1.285105	0.001086
1.286080	0.001104
1.287054	0.001123
1.288029	0.001142
1.289004	0.001162
1.289979	0.001182
1.290954	0.001202
1.291928	0.001222
1.292903	0.001243
1.293878	0.001264
1.294853	0.001286
1.295828	0.001308
1.296802	0.001330
1.297777	0.001353
1.298752	0.001376
1.299727	0.001400
1.300701	0.001424
1.301676	0.001448
1.302651	0.001473
1.303626	0.001498
1.304601	0.001523
1.305575	0.001549
1.306550	0.001576
1.307525	0.001603
1.308500	0.001630
1.309475	0.001658
1.310449	0.001686
1.311424	0.001715
1.312399	0.001745
1.313374	0.001774
1.314349	0.001805
1.315323	0.001836
1.316298	0.001867
1.317273	0.001899
1.318248	0.001931
1.319223	0.001964
1.320197	0.001998
1.321172	0.002032
1.322147	0.002067
1.323122	0.002102
1.324096	0.002138
1.325071	0.002175
1.326046	0.002212
1.327021	0.002250
1.327996	0.002288
1.328970	0.002327
1.329945	0.002367
1.330920	0.002408
1.331895	0.002449
1.332870	0.002491
1.333844	0.002533
1.334819	0.002577
1.335794	0.002621
1.336769	0.002666
1.337744	0.002711
1.338718	0.002758
1.339693	0.002805
1.340668	0.002853
1.341643	0.002902
1.342618	0.002951
1.343592	0.003002
1.344567	0.003053
1.345542	0.003106
1.346517	0.003159
1.347492	0.003213
1.348466	0.003268
1.349441	0.003324
1.350416	0.003381
1.351391	0.003439
1.352365	0.003498
1.353340	0.003557
1.354315	0.003618
1.355290	0.003680
1.356265	0.003743
1.357239	0.003807
1.358214	0.003873
1.359189	0.003939
1.360164	0.004006
1.361139	0.004075
1.362113	0.004145
1.363088	0.004216
1.364063	0.004288
1.365038	0.004361
1.366013	0.004436
1.366987	0.004512
1.367962	0.004589
1.368937	0.004668
1.369912	0.004748
1.370887	0.004829
1.371861	0.004912
1.372836	0.004996
1.373811	0.005081
1.374786	0.005168
1.375760	0.005257
1.376735	0.005347
1.377710	0.005438
1.378685	0.005531
1.379660	0.005626
1.380634	0.005722
1.381609	0.005820
1.382584	0.005919
1.383559	0.006021
1.384534	0.006123
1.385508	0.006228
1.386483	0.006335
1.387458	0.006443
1.388433	0.006553
1.389408	0.006665
1.390382	0.006779
1.391357	0.006894
1.392332	0.007012
1.393307	0.007132
1.394282	0.007253
1.395256	0.007377
1.396231	0.007503
1.397206	0.007631
1.398181	0.007761
1.399155	0.007893
1.400130	0.008027
1.401105	0.008164
1.402080	0.008303
1.403055	0.008444
1.404029	0.008587
1.405004	0.008733
1.405979	0.008882
1.406954	0.009032
1.407929	0.009186
1.408903	0.009342
1.409878	0.009500
1.410853	0.009661
1.411828	0.009824
1.412803	0.009991
1.413777	0.010160
1.414752	0.010331
1.415727	0.010506
1.416702	0.010683
1.417677	0.010863
1.418651	0.011047
1.419626	0.011233
1.420601	0.011422
1.421576	0.011614
1.422550	0.011809
1.423525	0.012007
1.424500	0.012208
1.425475	0.012413
1.426450	0.012621
1.427424	0.012832
1.428399	0.013046
1.429374	0.013264
1.430349	0.013485
1.431324	0.013709
1.432298	0.013937
1.433273	0.014169
1.434248	0.014404
1.435223	0.014642
1.436198	0.014884
1.437172	0.015130
1.438147	0.015379
1.439122	0.015633
1.440097	0.015890
1.441072	0.016150
1.442046	0.016415
1.443021	0.016683
1.443996	0.016956
1.444971	0.017232
1.445946	0.017512
1.446920	0.017796
1.447895	0.018085
1.448870	0.018377
1.449845	0.018673
1.450819	0.018973
1.451794	0.019278
1.452769	0.019586
1.453744	0.019899
1.454719	0.020216
1.455693	0.020537
1.456668	0.020862
1.457643	0.021191
1.458618	0.021525
1.459593	0.021863
1.460567	0.022204
1.461542	0.022550
1.462517	0.022901
1.463492	0.023255
1.464467	0.023614
1.465441	0.023976
1.466416	0.024343
1.467391	0.024714
1.468366	0.025089
1.469341	0.025468
1.470315	0.025851
1.471290	0.026237
1.472265	0.026628
1.473240	0.027023
1.474214	0.027421
1.475189	0.027823
1.476164	0.028228
1.477139	0.028637
1.478114	0.029050
1.479088	0.029466
1.480063	0.029885
1.481038	0.030307
1.482013	0.030732
1.482988	0.031160
1.483962	0.031591
1.484937	0.032024
1.485912	0.032460
1.486887	0.032898
1.487862	0.033337
1.488836	0.033779
1.489811	0.034223
1.490786	0.034668
1.491761	0.035114
1.492736	0.035561
1.493710	0.036008
1.494685	0.036457
1.495660	0.036905
1.496635	0.037353
1.497609	0.037801
1.498584	0.038248
1.499559	0.038694
1.500534	0.039139
1.501509	0.039581
1.502483	0.040022
1.503458	0.040460
1.504433	0.040895
1.505408	0.041327
1.506383	0.041754
1.507357	0.042178
1.508332	0.042596
1.509307	0.043009
1.510282	0.043416
1.511257	0.043817
1.512231	0.044211
1.513206	0.044597
1.514181	0.044975
1.515156	0.045345
1.516131	0.045705
1.517105	0.046054
1.518080	0.046394
1.519055	0.046721
1.520030	0.047037
1.521004	0.047339
1.521979	0.047628
1.522954	0.047902
1.523929	0.048161
1.524904	0.048404
1.525878	0.048631
1.526853	0.048839
1.527828	0.049029
1.528803	0.049199
1.529778	0.049349
1.530752	0.049477
1.531727	0.049584
1.532702	0.049667
1.533677	0.049727
1.534652	0.049761
1.535626	0.049769
1.536601	0.049749
1.537576	0.049703
1.538551	0.049627
1.539526	0.049522
1.540500	0.049385
1.541475	0.049216
1.542450	0.049014
1.543425	0.048779
1.544399	0.048509
1.545374	0.048204
1.546349	0.047861
1.547324	0.047480
1.548299	0.047060
1.549273	0.046602
1.550248	0.046104
1.551223	0.045566
1.552198	0.044986
1.553173	0.044363
1.554147	0.043696
1.555122	0.042986
1.556097	0.042232
1.557072	0.041433
1.558047	0.040589
1.559021	0.039700
1.559996	0.038764
1.560971	0.037783
1.561946	0.036757
1.562921	0.035684
1.563895	0.034566
1.564870	0.033402
1.565845	0.032194
1.566820	0.030941
1.567795	0.029644
1.568769	0.028303
1.569744	0.026920
1.570719	0.025496
1.571694	0.024030
1.572668	0.022525
1.573643	0.020983
1.574618	0.019401
1.575593	0.017786
1.576568	0.016134
1.577542	0.014452
1.578517	0.012737
1.579492	0.010993
1.580467	0.009221
1.581442	0.007422
1.582416	0.005599
1.583391	0.003753
1.584366	0.001886
1.585349	0.003822
1.586332	0.005739
1.587314	0.007664
1.588297	0.009598
1.589280	0.011545
1.590263	0.013507
1.591245	0.015486
1.592228	0.017486
1.593211	0.019507
1.594194	0.021554
1.595176	0.023629
1.596159	0.025735
1.597142	0.027874
1.598125	0.030050
1.599108	0.032263
1.600090	0.034517
1.601073	0.036814
1.602056	0.039157
1.603039	0.041548
1.604021	0.043986
1.605004	0.046474
1.605987	0.049012
1.606970	0.051600
1.607953	0.054237
1.608935	0.056918
1.609918	0.059642
1.610901	0.062402
1.611884	0.065192
1.612866	0.068005
1.613849	0.070831
1.614832	0.073663
1.615815	0.076491
1.616798	0.079308
1.617780	0.082106
1.618763	0.084877
1.619746	0.087617
1.620729	0.090318
1.621711	0.092972
1.622694	0.095571
1.623677	0.098116
1.624660	0.100612
1.625643	0.103066
1.626625	0.105487
1.627608	0.107876
1.628591	0.110206
1.629574	0.112470
1.630556	0.114668
1.631539	0.116804
1.632522	0.118881
1.633505	0.120905
1.634488	0.122879
1.635470	0.124805
1.636453	0.126688
1.637436	0.128532
1.638419	0.130343
1.639401	0.132133
1.640384	0.133917
1.641367	0.135711
1.642350	0.137444
1.643333	0.139110
1.644315	0.140714
1.645298	0.142262
1.646281	0.143760
1.647264	0.145210
1.648246	0.146615
1.649229	0.147977
1.650212	0.149297
1.651195	0.150576
1.652177	0.151815
1.653160	0.153014
1.654143	0.154175
1.655126	0.155298
1.656109	0.156383
1.657091	0.157431
1.658074	0.158441
1.659057	0.159416
1.660040	0.160353
1.661022	0.161255
1.662005	0.162121
1.662988	0.162951
1.663971	0.163746
1.664954	0.164505
1.665936	0.165230
1.666919	0.165919
1.667902	0.166574
1.668885	0.167194
1.669867	0.167779
1.670850	0.168331
1.671833	0.168847
1.672816	0.169330
1.673799	0.169778
1.674781	0.170193
1.675764	0.170573
1.676747	0.170919
1.677730	0.171232
1.678712	0.171510
1.679695	0.171755
1.680678	0.171967
1.681661	0.172144
1.682644	0.172289
1.683626	0.172399
1.684609	0.172477
1.685592	0.172522
1.686575	0.172534
1.687557	0.172515
1.688540	0.172465
1.689523	0.172389
1.690506	0.172295
1.691489	0.172207
1.692471	0.172205
1.693454	0.172095
1.694437	0.171911
1.695420	0.171671
1.696402	0.171384
1.697385	0.171054
1.698368	0.170684
1.699351	0.170275
1.700333	0.169828
1.701316	0.169344
1.702299	0.168822
1.703282	0.168263
1.704265	0.167667
1.705247	0.167035
1.706230	0.166366
1.707213	0.165660
1.708196	0.164917
1.709178	0.164137
1.710161	0.163321
1.711144	0.162467
1.712127	0.161576
1.713110	0.160648
1.714092	0.159682
1.715075	0.158679
1.716058	0.157637
1.717041	0.156558
1.718023	0.155440
1.719006	0.154283
1.719989	0.153088
1.720972	0.151854
1.721955	0.150580
1.722937	0.149267
1.723920	0.147914
1.724903	0.146520
1.725886	0.145086
1.726868	0.143611
1.727851	0.142095
1.728834	0.140537
1.729817	0.138936
1.730800	0.137294
1.731782	0.135608
1.732765	0.133878
1.733748	0.132105
1.734731	0.130287
1.735713	0.128424
1.736696	0.126515
1.737679	0.124561
1.738662	0.122559
1.739645	0.120510
1.740627	0.118412
1.741610	0.116266
1.742593	0.114069
1.743576	0.111822
1.744558	0.109524
1.745541	0.107173
1.746524	0.104768
1.747507	0.102309
1.748489	0.099794
1.749472	0.097221
1.750455	0.094591
1.751438	0.091900
1.752421	0.089147
1.753403	0.086330
1.754386	0.083446
1.755369	0.080492
1.756352	0.077463
1.757334	0.074353
1.758317	0.071151
1.759300	0.067832
1.760283	0.064359
1.761266	0.060936
1.762248	0.057473
1.763231	0.053939
1.764214	0.050319
1.765197	0.046609
1.766179	0.042828
1.767162	0.039083
1.768145	0.035420
1.769128	0.031855
1.770111	0.028390
1.771093	0.025017
1.772076	0.021724
1.773059	0.018500
1.774042	0.015333
1.775024	0.012213
1.776007	0.009129
1.776990	0.006071
1.777973	0.003031
1.778956	0.000000
1.779938	0.000000
1.780921	0.000000
1.781904	0.000000
1.782887	0.000000
1.783869	0.000000
1.784852	0.000000
1.785835	0.000000
1.786818	0.000000
1.787801	0.000000
1.788783	0.000000
1.789766	0.000000
1.790749	0.000000
1.791732	0.000000
1.792714	0.000000
1.793697	0.000000
1.794680	0.000000
1.795663	0.000000
1.796645	0.000000
1.797628	0.000000
1.798611	0.000000
1.799594	0.000000
1.800577	0.000000
1.801559	0.000000
1.802542	0.000000
1.803525	0.000000
1.804508	0.000000
1.805490	0.000000
1.806473	0.000000
1.807456	0.000000
1.808439	0.000000
1.809422	0.000000
1.810404	0.000000
1.811387	0.000000
1.812370	0.000000
1.813353	0.000000
1.814335	0.000000
1.815318	0.000000
1.816301	0.000000
1.817284	0.000000
1.818267	0.000000
1.819249	0.000000
1.820232	0.000000
1.821215	0.000000
1.822198	0.000000
1.823180	0.000000
1.824163	0.000000
1.825146	0.000000
1.826129	0.000000
1.827112	0.000000
1.828094	0.000000
1.829077	0.000000
1.830060	0.000000
1.831043	0.000000
1.832025	0.000000
1.833008	0.000000
1.833991	0.000000
1.834974	0.000000
1.835957	0.000000
1.836939	0.000000
1.837922	0.000000
1.838905	0.000000
1.839888	0.000000
1.840870	0.000000
1.841853	0.000000
1.842836	0.000000
1.843819	0.000000
1.844801	0.000000
1.845784	0.000000
1.846767	0.000000
1.847750	0.000000
1.848733	0.000000
1.849715	0.000000
1.850698	0.000000
1.851681	0.000000
1.852664	0.000000
1.853646	0.000000
1.854629	0.000000
1.855612	0.000000
1.856595	0.000000
1.857578	0.000000
1.858560	0.000000
1.859543	0.000000
1.860526	0.000000
1.861509	0.000000
1.862491	0.000000
1.863474	0.000000
1.864457	0.000000
1.865440	0.000000
1.866423	0.000000
1.867405	0.000000
1.868388	0.000000
1.869371	0.000000
1.870354	0.000000
1.871336	0.000000
1.872319	0.000000
1.873302	0.000000
1.874285	0.000000
1.875268	0.000000
1.876250	0.000000
1.877233	0.000000
1.878216	0.000000
1.879199	0.000000
1.880181	0.000000
1.881164	0.000000
1.882147	0.000000
1.883130	0.000000
1.884113	0.000000
1.885095	0.000000
1.886078	0.000000
1.887061	-0.000000
1.888044	0.000000
1.889026	0.000000
1.890009	0.000000
1.890992	-0.000000
1.891975	0.000000
1.892958	0.000000
1.893940	0.000000
1.894923	0.000000
1.895906	0.000000
1.896889	0.000000
1.897871	0.000000
1.898854	-0.000000
1.899837	0.000000
1.900820	0.000000
1.901802	-0.000000
1.902785	-0.000000
1.903768	-0.000000
1.904751	0.000000
1.905734	0.000000
1.906716	0.000000
1.907699	0.000000
1.908682	-0.000000
1.909665	0.000000
1.910647	0.000000
1.911630	0.000000
1.912613	0.000000
1.913596	0.000000
1.914579	0.000000
1.915561	0.000000
1.916544	0.000000
1.917527	0.000000
1.918510	-0.000000
1.919492	0.000000
1.920475	-0.000000
1.921458	0.000000
1.922441	0.000000
1.923424	0.000000
1.924406	-0.000000
1.925389	0.000000
1.926372	-0.000000
1.927355	0.000000
1.928337	0.000000
1.929320	0.000000
1.930303	-0.000000
1.931286	0.000000
1.932269	0.000000
1.933251	-0.000000
1.934234	0.000000
1.935217	0.000000
1.936200	0.000000
1.937182	0.000000
1.938165	-0.000000
1.939148	0.000000
1.940131	0.000000
1.941114	0.000000
1.942096	-0.000000
1.943079	-0.000000
1.944062	0.000000
1.945045	0.000000
1.946027	0.000000
1.947010	0.000000
1.947993	-0.000000
1.948976	0.000000
1.949958	-0.000000
1.950941	0.000000
1.951924	0.000000
1.952907	0.000000
1.953890	-0.000000
1.954872	0.000000
1.955855	0.000000
1.956838	-0.000000
1.957821	-0.000000
1.958803	0.000000
1.959786	0.000000
1.960769	0.000000
1.961752	0.000000
1.962735	0.000000
1.963717	0.000000
1.964700	0.000000
1.965683	0.000000
1.966666	0.000000
1.967648	0.000000
1.968631	0.000000
1.969614	0.000000
1.970597	0.000000
1.971580	0.000000
1.972562	0.000000
1.973545	-0.000000
1.974528	-0.000000
1.975511	0.000000
1.976493	0.000000
1.977476	-0.000000
1.978459	0.000000
1.979442	0.000000
1.980425	0.000000
1.981407	-0.000000
1.982390	0.000000
1.983373	0.000000
1.984356	0.000000
1.985338	0.000000
1.986321	-0.000000
1.987304	-0.000000
1.988287	0.000000
1.989270	0.000000
1.990252	0.000000
1.991235	0.000000
1.992218	-0.000000
1.993201	-0.000000
1.994183	-0.000000
1.995166	-0.000000
1.996149	-0.000000
1.997132	0.000000
1.998114	0.000000
1.999097	-0.000000
2.000080	-0.000000
2.001063	0.000000
2.002046	-0.000000
2.003028	0.000000
2.004011	-0.000000
2.004994	0.000000
2.005977	0.000000
2.006959	0.000000
2.007942	-0.000000
2.008925	0.000000
2.009908	-0.000000
2.010891	0.000000
2.011873	0.000000
2.012856	-0.000000
2.013839	0.000000
2.014822	-0.000000
2.015804	0.000000
2.016787	0.000000
2.017770	0.000000
2.018753	-0.000000
2.019736	-0.000000
2.020718	0.000000
2.021701	0.000000
2.022684	0.000000
2.023667	0.000000
2.024649	-0.000000
2.025632	0.000000
2.026615	0.000000
2.027598	0.000000
2.028581	0.000000
2.029563	0.000000
2.030546	-0.000000
2.031529	-0.000000
2.032512	0.000000
2.033494	0.000000
2.034477	0.000000
2.035460	0.000000
2.036443	0.000000
2.037426	-0.000000
2.038408	0.000000
2.039391	-0.000000
2.040374	0.000000
2.041357	-0.000000
2.042339	0.000000
2.043322	0.000000
2.044305	-0.000000
2.045288	0.000000
2.046270	-0.000000
2.047253	0.000000
2.048236	0.000000
2.049219	0.000000
2.050202	-0.000000
2.051184	0.000000
2.052167	0.000000
2.053150	0.000000
2.054133	-0.000000
2.055115	-0.000000
2.056098	-0.000000
2.057081	0.000000
2.058064	0.000000
2.059047	-0.000000
2.060029	0.000000
2.061012	-0.000000
2.061995	0.000000
2.062978	0.000000
2.063960	0.000000
2.064943	-0.000000
2.065926	-0.000000
2.066909	-0.000000
2.067892	-0.000000
2.068874	-0.000000
2.069857	0.000000
2.070840	0.000000
2.071823	0.000000
2.072805	0.000000
2.073788	-0.000000
2.074771	-0.000000
2.075754	0.000000
2.076737	0.000000
2.077719	-0.000000
2.078702	-0.000000
2.079685	0.000000
2.080668	0.000000
2.081650	0.000000
2.082633	0.000000
2.083616	-0.000000
2.084599	-0.000000
2.085582	-0.000000
2.086564	0.000000
2.087547	0.000000
2.088530	-0.000000
2.089513	-0.000000
2.090495	-0.000000
2.091478	0.000000
2.092461	0.000000
2.093444	0.000000
2.094426	0.000000
2.095409	-0.000000
2.096392	0.000000
2.097375	0.000000
2.098358	-0.000000
2.099340	0.000000
2.100323	0.000000
2.101306	-0.000000
2.102289	0.000000
2.103271	-0.000000
2.104254	0.000000
2.105237	-0.000000
2.106220	0.000000
2.107203	0.000000
2.108185	0.000000
2.109168	-0.000000
2.110151	0.000000
2.111134	-0.000000
2.112116	-0.000000
2.113099	-0.000000
2.114082	0.000000
2.115065	0.000000
2.116048	0.000000
2.117030	-0.000000
2.118013	-0.000000
2.118996	0.000000
2.119979	0.000000
2.120961	-0.000000
2.121944	0.000000
2.122927	-0.000000
2.123910	0.000000
2.124893	-0.000000
2.125875	0.000000
2.126858	0.000000
2.127841	-0.000000
2.128824	0.000000
2.129806	-0.000000
2.130789	0.000000
2.131772	0.000000
2.132755	-0.000000
2.133738	0.000000
2.134720	0.000000
2.135703	-0.000000
2.136686	-0.000000
2.137669	-0.000000
2.138651	0.000000
2.139634	0.000000
2.140617	0.000000
2.141600	0.000000
2.142583	-0.000000
2.143565	0.000000
2.144548	0.000000
2.145531	0.000000
2.146514	0.000000
2.147496	0.000000
2.148479	0.000000
2.149462	-0.000000
2.150445	-0.000000
2.151427	-0.000000
2.152410	0.000000
2.153393	-0.000000
2.154376	0.000000
2.155359	0.000000
2.156341	0.000000
2.157324	0.000000
2.158307	-0.000000
2.159290	-0.000000
2.160272	-0.000000
2.161255	0.000000
2.162238	0.000000
2.163221	0.000000
2.164204	0.000000
2.165186	-0.000000
2.166169	-0.000000
2.167152	-0.000000
2.168135	-0.000000
2.169117	-0.000000
2.170100	-0.000000
2.171083	0.000000
2.172066	0.000000
2.173049	-0.000000
2.174031	0.000000
2.175014	-0.000000
2.175997	-0.000000
2.176980	0.000000
2.177962	0.000000
2.178945	0.000000
2.179928	-0.000000
2.180911	-0.000000
2.181894	-0.000000
2.182876	0.000000
2.183859	0.000000
2.184842	0.000000
2.185825	-0.000000
2.186807	-0.000000
2.187790	-0.000000
2.188773	-0.000000
2.189756	0.000000
2.190739	-0.000000
2.191721	-0.000000
2.192704	0.000000
2.193687	-0.000000
2.194670	0.000000
2.195652	-0.000000
2.196635	0.000000
2.197618	-0.000000
2.198601	-0.000000
2.199583	-0.000000
2.200566	-0.000000
2.201549	-0.000000
2.202532	0.000000
2.203515	-0.000000
2.204497	-0.000000
2.205480	-0.000000
2.206463	0.000000
2.207446	-0.000000
2.208428	0.000000
2.209411	-0.000000
2.210394	0.000000
2.211377	0.000000
2.212360	0.000000
2.213342	0.000000
2.214325	-0.000000
2.215308	0.000000
2.216291	-0.000000
2.217273	0.000000
2.218256	-0.000000
2.219239	0.000000
2.220222	0.000000
2.221205	0.000000
2.222187	-0.000000
2.223170	-0.000000
2.224153	0.000000
2.225136	-0.000000
2.226118	0.000000
2.227101	0.000000
2.228084	-0.000000
2.229067	0.000000
2.230050	-0.000000
2.231032	-0.000000
2.232015	0.000000
2.232998	-0.000000
2.233981	-0.000000
2.234963	-0.000000
2.235946	-0.000000
2.236929	-0.000000
2.237912	-0.000000
2.238895	0.000000
2.239877	0.000000
2.240860	0.000000
2.241843	0.000000
2.242826	0.000000
2.243808	-0.000000
2.244791	-0.000000
2.245774	-0.000000
2.246757	-0.000000
2.247739	0.000000
2.248722	0.000000
2.249705	-0.000000
2.250688	-0.000000
2.251671	0.000000
2.252653	-0.000000
2.253636	0.000000
2.254619	-0.000000
2.255602	-0.000000
2.256584	0.000000
2.257567	-0.000000
2.258550	0.000000
2.259533	-0.000000
2.260516	-0.000000
2.261498	-0.000000
2.262481	-0.000000
2.263464	0.000000
2.264447	-0.000000
2.265429	0.000000
2.266412	-0.000000
2.267395	-0.000000
2.268378	-0.000000
2.269361	-0.000000
2.270343	0.000000
2.271326	-0.000000
2.272309	-0.000000
2.273292	-0.000000
2.274274	0.000000
2.275257	-0.000000
2.276240	0.000000
2.277223	-0.000000
2.278206	0.000000
2.279188	-0.000000
2.280171	-0.000000
2.281154	-0.000000
2.282137	-0.000000
2.283119	-0.000000
2.284102	0.000000
2.285085	0.000000
2.286068	-0.000000
2.287051	-0.000000
2.288033	-0.000000
2.289016	-0.000000
2.289999	0.000000
2.290982	0.000000
2.291964	0.000000
2.292947	0.000000
2.293930	0.000000
2.294913	-0.000000
2.295895	0.000000
2.296878	0.000000
2.297861	0.000000
2.298844	0.000000
2.299827	0.000000
2.300809	-0.000000
2.301792	0.000000
2.302775	-0.000000
2.303758	0.000000
2.304740	-0.000000
2.305723	0.000000
2.306706	0.000000
2.307689	-0.000000
2.308672	0.000000
2.309654	-0.000000
2.310637	0.000000
2.311620	0.000000
2.312603	0.000000
2.313585	0.000000
2.314568	0.000000
2.315551	-0.000000
2.316534	-0.000000
2.317517	-0.000000
2.318499	-0.000000
2.319482	-0.000000
2.320465	0.000000
2.321448	-0.000000
2.322430	-0.000000
2.323413	-0.000000
2.324396	0.000000
2.325379	-0.000000
2.326362	0.000000
2.327344	-0.000000
2.328327	-0.000000
2.329310	0.000000
2.330293	0.000000
2.331275	-0.000000
2.332258	0.000000
2.333241	0.000000
2.334224	0.000000
2.335207	0.000000
2.336189	-0.000000
2.337172	-0.000000
2.338155	0.000000
2.339138	0.000000
2.340120	0.000000
2.341103	0.000000
2.342086	-0.000000
2.343069	-0.000000
2.344051	-0.000000
2.345034	0.000000
2.346017	-0.000000
2.347000	-0.000000
2.347983	-0.000000
2.348965	0.000000
2.349948	-0.000000
2.350931	-0.000000
2.351914	0.000000
2.352896	0.000000
2.353879	0.000000
2.354862	0.000000
2.355845	0.000000
2.356828	-0.000000
2.357810	0.000000
2.358793	0.000000
2.359776	0.000000
2.360759	0.000000
2.361741	-0.000000
2.362724	-0.000000
2.363707	0.000000
2.364690	0.000000
2.365673	0.000000
2.366655	-0.000000
2.367638	-0.000000
2.368621	-0.000000
2.369604	-0.000000
2.370586	0.000000
2.371569	0.000000
2.372552	-0.000000
2.373535	-0.000000
2.374518	0.000000
2.375500	0.000000
2.376483	0.000000
2.377466	0.000000
2.378449	0.000000
2.379431	-0.000000
2.380414	0.000000
2.381397	0.000000
2.382380	0.000000
2.383363	-0.000000
2.384345	-0.000000
2.385328	0.000000
2.386311	-0.000000
2.387294	0.000000
2.388276	0.000000
2.389259	0.000000
2.390242	-0.000000
2.391225	-0.000000
2.392208	-0.000000
2.393190	0.000000
2.394173	-0.000000
2.395156	-0.000000
2.396139	-0.000000
2.397121	-0.000000
2.398104	-0.000000
2.399087	-0.000000
2.400070	0.000000
2.401052	-0.000000
2.402035	0.000000
2.403018	-0.000000
2.404001	0.000000
2.404984	-0.000000
2.405966	0.000000
2.406949	-0.000000
2.407932	0.000000
2.408915	0.000000
2.409897	-0.000000
2.410880	0.000000
2.411863	-0.000000
2.412846	0.000000
2.413829	0.000000
2.414811	-0.000000
2.415794	-0.000000
2.416777	0.000000
2.417760	0.000000
2.418742	0.000000
2.419725	-0.000000
2.420708	-0.000000
2.421691	0.000000
2.422674	-0.000000
2.423656	0.000000
2.424639	-0.000000
2.425622	-0.000000
2.426605	0.000000
2.427587	-0.000000
2.428570	-0.000000
2.429553	0.000000
2.430536	0.000000
2.431519	-0.000000
2.432501	0.000000
2.433484	-0.000000
2.434467	0.000000
2.435450	-0.000000
2.436432	-0.000000
2.437415	-0.000000
2.438398	-0.000000
2.439381	-0.000000
2.440364	-0.000000
2.441346	-0.000000
2.442329	0.000000
2.443312	0.000000
2.444295	-0.000000
2.445277	-0.000000
2.446260	0.000000
2.447243	-0.000000
2.448226	0.000000
2.449208	0.000000
2.450191	-0.000000
2.451174	-0.000000
2.452157	0.000000
2.453140	-0.000000
2.454122	-0.000000
2.455105	0.000000
2.456088	-0.000000
2.457071	-0.000000
2.458053	-0.000000
2.459036	-0.000000
2.460019	-0.000000
2.461002	-0.000000
2.461985	-0.000000
2.462967	0.000000
2.463950	-0.000000
2.464933	0.000000
2.465916	-0.000000
2.466898	-0.000000
2.467881	-0.000000
2.468864	-0.000000
2.469847	-0.000000
2.470830	0.000000
2.471812	-0.000000
2.472795	0.000000
2.473778	0.000000
2.474761	-0.000000
2.475743	-0.000000
2.476726	0.000000
2.477709	-0.000000
2.478692	-0.000000
2.479675	0.000000
2.480657	-0.000000
2.481640	-0.000000
2.482623	0.000000
2.483606	0.000000
2.484588	0.000000
2.485571	0.000000
2.486554	0.000000
2.487537	-0.000000
2.488520	-0.000000
2.489502	-0.000000
2.490485	0.000000
2.491468	-0.000000
2.492451	0.000000
2.493433	-0.000000
2.494416	0.000000
2.495399	0.000000
2.496382	0.000000
2.497364	-0.000000
2.498347	-0.000000
2.499330	0.000000
2.500313	0.000000
2.501296	0.000000
2.502278	0.000000
2.503261	-0.000000
2.504244	0.000000
2.505227	-0.000000
2.506209	0.000000
2.507192	0.000000
2.508175	0.000000
2.509158	-0.000000
2.510141	-0.000000
2.511123	-0.000000
2.512106	-0.000000
2.513089	0.000000
2.514072	-0.000000
2.515054	0.000000
2.516037	-0.000000
2.517020	0.000000
2.518003	-0.000000
2.518986	0.000000
2.519968	0.000000
2.520951	0.000000
2.521934	0.000000
2.522917	-0.000000
2.523899	-0.000000
2.524882	0.000000
2.525865	-0.000000
2.526848	0.000000
2.527831	0.000000
2.528813	0.000000
2.529796	0.000000
2.530779	0.000000
2.531762	-0.000000
2.532744	0.000000
2.533727	0.000000
2.534710	-0.000000
2.535693	0.000000
2.536676	-0.000000
2.537658	0.000000
2.538641	-0.000000
2.539624	0.000000
2.540607	-0.000000
2.541589	0.000000
2.542572	0.000000
2.543555	-0.000000
2.544538	0.000000
2.545520	0.000000
2.546503	0.000000
2.547486	0.000000
2.548469	0.000000
2.549452	-0.000000
2.550434	-0.000000
2.551417	0.000000
2.552400	-0.000000
2.553383	-0.000000
2.554365	0.000000
2.555348	0.000000
2.556331	-0.000000
2.557314	-0.000000
2.558297	-0.000000
2.559279	0.000000
2.560262	0.000000
2.561245	0.000000
2.562228	0.000000
2.563210	-0.000000
2.564193	-0.000000
2.565176	0.000000
2.566159	-0.000000
2.567142	-0.000000
2.568124	0.000000
2.569107	0.000000
2.570090	0.000000
2.571073	0.000000
2.572055	0.000000
2.573038	-0.000000
2.574021	-0.000000
2.575004	-0.000000
2.575987	0.000000
2.576969	0.000000
2.577952	-0.000000
2.578935	0.000000
2.579918	-0.000000
2.580900	-0.000000
2.581883	-0.000000
2.582866	-0.000000
2.583849	-0.000000
2.584832	-0.000000
2.585814	0.000000
2.586797	-0.000000
2.587780	0.000000
2.588763	0.000000
2.589745	-0.000000
2.590728	-0.000000
2.591711	-0.000000
2.592694	0.000000
2.593676	0.000000
2.594659	0.000000
2.595642	0.000000
2.596625	0.000000
2.597608	-0.000000
2.598590	-0.000000
2.599573	0.000000
2.600556	-0.000000
2.601539	-0.000000
2.602521	0.000000
2.603504	0.000000
2.604487	0.000000
2.605470	0.000000
2.606453	-0.000000
2.607435	-0.000000
2.608418	-0.000000
2.609401	0.000000
2.610384	0.000000
2.611366	-0.000000
2.612349	-0.000000
2.613332	0.000000
2.614315	-0.000000
2.615298	-0.000000
2.616280	0.000000
2.617263	0.000000
2.618246	0.000000
2.619229	0.000000
2.620211	0.000000
2.621194	-0.000000
2.622177	0.000000
2.623160	0.000000
2.624143	-0.000000
2.625125	0.000000
2.626108	-0.000000
2.627091	0.000000
2.628074	-0.000000
2.629056	0.000000
2.630039	-0.000000
2.631022	0.000000
2.632005	0.000000
2.632988	-0.000000
2.633970	0.000000
2.634953	0.000000
2.635936	0.000000
2.636919	0.000000
2.637901	0.000000
2.638884	-0.000000
2.639867	0.000000
2.640850	-0.000000
2.641833	-0.000000
2.642815	0.000000
2.643798	0.000000
2.644781	0.000000
2.645764	0.000000
2.646746	-0.000000
2.647729	0.000000
2.648712	-0.000000
2.649695	0.000000
2.650677	-0.000000
2.651660	0.000000
2.652643	-0.000000
2.653626	-0.000000
2.654609	-0.000000
2.655591	-0.000000
2.656574	0.000000
2.657557	0.000000
2.658540	0.000000
2.659522	-0.000000
2.660505	0.000000
2.661488	-0.000000
2.662471	0.000000
2.663454	0.000000
2.664436	0.000000
2.665419	0.000000
2.666402	-0.000000
2.667385	-0.000000
2.668367	0.000000
2.669350	0.000000
2.670333	0.000000
2.671316	-0.000000
2.672299	0.000000
2.673281	-0.000000
2.674264	0.000000
2.675247	-0.000000
2.676230	-0.000000
2.677212	-0.000000
2.678195	0.000000
2.679178	0.000000
2.680161	0.000000
2.681144	0.000000
2.682126	0.000000
2.683109	-0.000000
2.684092	-0.000000
2.685075	0.000000
2.686057	-0.000000
2.687040	-0.000000
2.688023	0.000000
2.689006	-0.000000
2.689989	-0.000000
2.690971	0.000000
2.691954	0.000000
2.692937	-0.000000
2.693920	0.000000
2.694902	-0.000000
2.695885	-0.000000
2.696868	-0.000000
2.697851	-0.000000
2.698833	-0.000000
2.699816	0.000000
2.700799	-0.000000
2.701782	0.000000
2.702765	-0.000000
2.703747	-0.000000
2.704730	-0.000000
2.705713	-0.000000
2.706696	-0.000000
2.707678	-0.000000
2.708661	-0.000000
2.709644	0.000000
2.710627	-0.000000
2.711610	-0.000000
2.712592	0.000000
2.713575	-0.000000
2.714558	-0.000000
2.715541	0.000000
2.716523	0.000000
2.717506	-0.000000
2.718489	0.000000
2.719472	-0.000000
2.720455	-0.000000
2.721437	0.000000
2.722420	0.000000
2.723403	-0.000000
2.724386	-0.000000
2.725368	-0.000000
2.726351	-0.000000
2.727334	-0.000000
2.728317	-0.000000
2.729300	-0.000000
2.730282	0.000000
2.731265	-0.000000
2.732248	0.000000
2.733231	-0.000000
2.734213	0.000000
2.735196	0.000000
2.736179	-0.000000
2.737162	-0.000000
2.738145	0.000000
2.739127	-0.000000
2.740110	-0.000000
2.741093	0.000000
2.742076	-0.000000
2.743058	0.000000
2.744041	-0.000000
2.745024	-0.000000
2.746007	0.000000
2.746989	0.000000
2.747972	0.000000
2.748955	-0.000000
2.749938	-0.000000
2.750921	0.000000
2.751903	0.000000
2.752886	-0.000000
2.753869	0.000000
2.754852	-0.000000
2.755834	0.000000
2.756817	0.000000
2.757800	-0.000000
2.758783	0.000000
2.759766	-0.000000
2.760748	0.000000
2.761731	-0.000000
2.762714	0.000000
2.763697	-0.000000
2.764679	0.000000
2.765662	-0.000000
2.766645	-0.000000
2.767628	-0.000000
2.768611	-0.000000
2.769593	-0.000000
2.770576	-0.000000
2.771559	0.000000
2.772542	-0.000000
2.773524	-0.000000
2.774507	-0.000000
2.775490	0.000000
2.776473	0.000000
2.777456	0.000000
2.778438	-0.000000
2.779421	0.000000
2.780404	-0.000000
2.781387	-0.000000
2.782369	0.000000
2.783352	0.000000
2.784335	0.000000
2.785318	-0.000000
2.786301	0.000000
2.787283	0.000000
2.788266	0.000000
2.789249	0.000000
2.790232	0.000000
2.791214	-0.000000
2.792197	-0.000000
2.793180	0.000000
2.794163	0.000000
2.795145	-0.000000
2.796128	-0.000000
2.797111	-0.000000
2.798094	-0.000000
2.799077	0.000000
2.800059	0.000000
2.801042	0.000000
2.802025	-0.000000
2.803008	-0.000000
2.803990	0.000000
2.804973	0.000000
2.805956	0.000000
2.806939	0.000000
2.807922	-0.000000
2.808904	0.000000
2.809887	0.000000
2.810870	0.000000
2.811853	0.000000
2.812835	0.000000
2.813818	-0.000000
2.814801	-0.000000
2.815784	0.000000
2.816767	-0.000000
2.817749	-0.000000
2.818732	-0.000000
2.819715	0.000000
2.820698	-0.000000
2.821680	-0.000000
2.822663	-0.000000
2.823646	0.000000
2.824629	0.000000
2.825612	0.000000
2.826594	0.000000
2.827577	-0.000000
2.828560	-0.000000
2.829543	0.000000
2.830525	0.000000
2.831508	0.000000
2.832491	0.000000
2.833474	-0.000000
2.834457	0.000000
2.835439	0.000000
2.836422	-0.000000
2.837405	-0.000000
2.838388	0.000000
2.839370	-0.000000
2.840353	0.000000
2.841336	-0.000000
2.842319	-0.000000
2.843301	-0.000000
2.844284	0.000000
2.845267	-0.000000
2.846250	-0.000000
2.847233	-0.000000
2.848215	-0.000000
2.849198	-0.000000
2.850181	0.000000
2.851164	0.000000
2.852146	0.000000
2.853129	0.000000
2.854112	0.000000
2.855095	-0.000000
2.856078	0.000000
2.857060	-0.000000
2.858043	0.000000
2.859026	0.000000
2.860009	-0.000000
2.860991	0.000000
2.861974	-0.000000
2.862957	0.000000
2.863940	-0.000000
2.864923	0.000000
2.865905	0.000000
2.866888	0.000000
2.867871	0.000000
2.868854	0.000000
2.869836	-0.000000
2.870819	0.000000
2.871802	0.000000
2.872785	0.000000
2.873768	0.000000
2.874750	0.000000
2.875733	-0.000000
2.876716	-0.000000
2.877699	-0.000000
2.878681	-0.000000
2.879664	0.000000
2.880647	0.000000
2.881630	-0.000000
2.882613	-0.000000
2.883595	-0.000000
2.884578	-0.000000
2.885561	-0.000000
2.886544	0.000000
2.887526	-0.000000
2.888509	0.000000
2.889492	-0.000000
2.890475	0.000000
2.891458	-0.000000
2.892440	-0.000000
2.893423	-0.000000
2.894406	0.000000
2.895389	-0.000000
2.896371	-0.000000
2.897354	-0.000000
2.898337	-0.000000
2.899320	0.000000
2.900302	-0.000000
2.901285	0.000000
2.902268	-0.000000
2.903251	-0.000000
2.904234	-0.000000
2.905216	-0.000000
2.906199	0.000000
2.907182	-0.000000
2.908165	0.000000
2.909147	-0.000000
2.910130	-0.000000
2.911113	0.000000
2.912096	-0.000000
2.913079	0.000000
2.914061	-0.000000
2.915044	-0.000000
2.916027	0.000000
2.917010	0.000000
2.917992	-0.000000
2.918975	-0.000000
2.919958	-0.000000
2.920941	-0.000000
2.921924	0.000000
2.922906	0.000000
2.923889	0.000000
2.924872	0.000000
2.925855	0.000000
2.926837	-0.000000
2.927820	-0.000000
2.928803	-0.000000
2.929786	-0.000000
2.930769	-0.000000
2.931751	-0.000000
2.932734	0.000000
2.933717	-0.000000
2.934700	-0.000000
2.935682	0.000000
2.936665	-0.000000
2.937648	0.000000
2.938631	0.000000
2.939614	-0.000000
2.940596	0.000000
2.941579	-0.000000
2.942562	-0.000000
2.943545	0.000000
2.944527	0.000000
2.945510	0.000000
2.946493	-0.000000
2.947476	0.000000
2.948458	-0.000000
2.949441	0.000000
2.950424	-0.000000
2.951407	0.000000
2.952390	0.000000
2.953372	0.000000
2.954355	0.000000
2.955338	-0.000000
2.956321	0.000000
2.957303	-0.000000
2.958286	0.000000
2.959269	-0.000000
2.960252	-0.000000
2.961235	-0.000000
2.962217	0.000000
2.963200	-0.000000
2.964183	-0.000000
2.965166	-0.000000
2.966148	-0.000000
2.967131	-0.000000
2.968114	0.000000
2.969097	-0.000000
2.970080	0.000000
2.971062	-0.000000
2.972045	0.000000
2.973028	-0.000000
2.974011	-0.000000
2.974993	0.000000
2.975976	-0.000000
2.976959	-0.000000
2.977942	-0.000000
2.978925	-0.000000
2.979907	0.000000
2.980890	0.000000
2.981873	0.000000
2.982856	-0.000000
2.983838	-0.000000
2.984821	-0.000000
2.985804	0.000000
2.986787	0.000000
2.987770	0.000000
2.988752	-0.000000
2.989735	-0.000000
2.990718	0.000000
2.991701	-0.000000
2.992683	0.000000
2.993666	0.000000
2.994649	-0.000000
2.995632	-0.000000
2.996614	-0.000000
2.997597	-0.000000
2.998580	-0.000000
2.999563	-0.000000
3.000546	0.000000
3.001528	0.000000
3.002511	0.000000
3.003494	0.000000
3.004477	-0.000000
3.005459	-0.000000
3.006442	-0.000000
3.007425	0.000000
3.008408	0.000000
3.009391	0.000000
3.010373	0.000000
3.011356	-0.000000
3.012339	0.000000
3.013322	-0.000000
3.014304	-0.000000
3.015287	-0.000000
3.016270	0.000000
3.017253	0.000000
3.018236	0.000000
3.019218	0.000000
3.020201	0.000000
3.021184	0.000000
3.022167	-0.000000
3.023149	0.000000
3.024132	0.000000
3.025115	0.000000
3.026098	0.000000
3.027081	-0.000000
3.028063	-0.000000
3.029046	-0.000000
3.030029	0.000000
3.031012	0.000000
3.031994	-0.000000
3.032977	0.000000
3.033960	0.000000
3.034943	-0.000000
3.035926	0.000000
3.036908	-0.000000
3.037891	0.000000
3.038874	0.000000
3.039857	-0.000000
3.040839	0.000000
3.041822	-0.000000
3.042805	0.000000
3.043788	-0.000000
3.044770	0.000000
3.045753	0.000000
3.046736	-0.000000
3.047719	-0.000000
3.048702	0.000000
3.049684	0.000000
3.050667	0.000000
3.051650	-0.000000
3.052633	-0.000000
3.053615	-0.000000
3.054598	0.000000
3.055581	-0.000000
3.056564	0.000000
3.057547	0.000000
3.058529	0.000000
3.059512	-0.000000
3.060495	0.000000
3.061478	-0.000000
3.062460	0.000000
3.063443	-0.000000
3.064426	0.000000
3.065409	0.000000
3.066392	-0.000000
3.067374	0.000000
3.068357	0.000000
3.069340	-0.000000
3.070323	0.000000
3.071305	0.000000
3.072288	0.000000
3.073271	0.000000
3.074254	-0.000000
3.075237	-0.000000
3.076219	-0.000000
3.077202	0.000000
3.078185	0.000000
3.079168	-0.000000
3.080150	-0.000000
3.081133	-0.000000
3.082116	0.000000
3.083099	0.000000
3.084082	0.000000
3.085064	0.000000
3.086047	-0.000000
3.087030	-0.000000
3.088013	0.000000
3.088995	0.000000
3.089978	-0.000000
3.090961	-0.000000
3.091944	0.000000
3.092926	0.000000
3.093909	0.000000
3.094892	0.000000
3.095875	-0.000000
3.096858	-0.000000
3.097840	-0.000000
3.098823	-0.000000
3.099806	-0.000000
3.100789	0.000000
3.101771	0.000000
3.102754	0.000000
3.103737	-0.000000
3.104720	0.000000
3.105703	-0.000000
3.106685	0.000000
3.107668	0.000000
3.108651	-0.000000
3.109634	-0.000000
3.110616	-0.000000
3.111599	0.000000
3.112582	0.000000
3.113565	0.000000
3.114548	-0.000000
3.115530	0.000000
3.116513	0.000000
3.117496	0.000000
3.118479	-0.000000
3.119461	0.000000
3.120444	-0.000000
3.121427	0.000000
3.122410	0.000000
3.123393	-0.000000
3.124375	0.000000
3.125358	-0.000000
3.126341	0.000000
3.127324	-0.000000
3.128306	0.000000
3.129289	0.000000
3.130272	0.000000
3.131255	0.000000
3.132238	0.000000
3.133220	-0.000000
3.134203	-0.000000
3.135186	0.000000
3.136169	0.000000
3.137151	0.000000
3.138134	0.000000
3.139117	0.000000
3.140100	-0.000000
3.141083	0.000000
3.142065	0.000000
3.143048	0.000000
3.144031	0.000000
3.145014	-0.000000
3.145996	-0.000000
3.146979	0.000000
3.147962	0.000000
3.148945	0.000000
3.149927	-0.000000
3.150910	0.000000
3.151893	-0.000000
3.152876	0.000000
3.153859	0.000000
3.154841	-0.000000
3.155824	0.000000
3.156807	-0.000000
3.157790	0.000000
3.158772	0.000000
3.159755	0.000000
3.160738	-0.000000
3.161721	0.000000
3.162704	-0.000000
3.163686	0.000000
3.164669	-0.000000
3.165652	-0.000000
3.166635	0.000000
3.167617	0.000000
3.168600	-0.000000
3.169583	-0.000000
3.170566	-0.000000
3.171549	-0.000000
3.172531	-0.000000
3.173514	0.000000
3.174497	0.000000
3.175480	0.000000
3.176462	0.000000
3.177445	-0.000000
3.178428	-0.000000
3.179411	0.000000
3.180394	0.000000
3.181376	0.000000
3.182359	0.000000
3.183342	-0.000000
3.184325	0.000000
3.185307	0.000000
3.186290	0.000000
3.187273	-0.000000
3.188256	0.000000
3.189239	0.000000
3.190221	-0.000000
3.191204	-0.000000
3.192187	0.000000
3.193170	0.000000
3.194152	0.000000
3.195135	0.000000
3.196118	0.000000
3.197101	0.000000
3.198083	0.000000
3.199066	0.000000
3.200049	0.000000
3.201032	0.000000
3.202015	0.000000
3.202997	0.000000
3.203980	0.000000
3.204963	0.000000
3.205946	0.000000
3.206928	-0.000000
3.207911	-0.000000
3.208894	0.000000
3.209877	0.000000
3.210860	-0.000000
3.211842	0.000000
3.212825	0.000000
3.213808	0.000000
3.214791	-0.000000
3.215773	0.000000
3.216756	-0.000000
3.217739	0.000000
3.218722	0.000000
3.219705	0.000000
3.220687	0.000000
3.221670	-0.000000
3.222653	-0.000000
3.223636	0.000000
3.224618	0.000000
3.225601	0.000000
3.226584	-0.000000
3.227567	0.000000
3.228550	0.000000
3.229532	0.000000
3.230515	0.000000
3.231498	-0.000000
3.232481	0.000000
3.233463	0.000000
3.234446	-0.000000
3.235429	0.000000
3.236412	0.000000
3.237395	0.000000
3.238377	-0.000000
3.239360	0.000000
3.240343	-0.000000
3.241326	0.000000
3.242308	0.000000
3.243291	0.000000
3.244274	-0.000000
3.245257	0.000000
3.246239	-0.000000
3.247222	0.000000
3.248205	0.000000
3.249188	0.000000
3.250171	0.000000
3.251153	0.000000
3.252136	0.000000
3.253119	0.000000
3.254102	0.000000
3.255084	0.000000
3.256067	-0.000000
3.257050	0.000000
3.258033	0.000000
3.259016	0.000000
3.259998	0.000000
3.260981	-0.000000
3.261964	-0.000000
3.262947	-0.000000
3.263929	0.000000
3.264912	0.000000
3.265895	-0.000000
3.266878	0.000000
3.267861	0.000000
3.268843	0.000000
3.269826	0.000000
3.270809	0.000000
3.271792	0.000000
3.272774	0.000000
3.273757	-0.000000
3.274740	0.000000
3.275723	0.000000
3.276706	0.000000
3.277688	-0.000000
3.278671	0.000000
3.279654	0.000000
3.280637	0.000000
3.281619	0.000000
3.282602	0.000000
3.283585	0.000000
3.284568	0.000000
3.285551	0.000000
3.286533	0.000000
3.287516	0.000000
3.288499	0.000000
3.289482	0.000000
3.290464	0.000000
3.291447	0.000000
3.292430	0.000000
3.293413	0.000000
3.294395	0.000000
3.295378	0.000000
3.296361	0.000000
3.297344	0.000000
3.298327	0.000000
3.299309	0.000000
3.300292	0.000000
3.301275	0.000000
3.302258	0.000000
3.303240	0.000000
3.304223	0.000000
3.305206	0.000000
3.306189	0.000000
3.307172	0.000000
3.308154	0.000000
3.309137	0.000000
3.310120	0.000000
3.311103	0.000000
3.312085	0.000000
3.313068	0.000000
3.314051	0.000000
3.315034	0.000000
3.316017	0.000000
3.316999	0.000000
3.317982	0.000000
3.318965	0.000000
3.319948	0.000000
3.320930	0.000000
3.321913	0.000000
3.322896	0.000000
3.323879	0.000000
3.324862	0.000000
3.325844	0.000000
3.326827	0.000000
3.327810	0.000000
3.328793	0.000000
3.329775	0.000000
3.330758	0.000000
3.331741	0.000000
3.332724	0.000000
3.333707	0.000000
3.334689	0.000000
3.335672	0.000000
3.336655	0.000000
3.337638	0.000000
3.338620	0.000000
3.339603	0.000000
3.340586	0.000000
3.341569	0.000000
3.342551	0.000000
3.343534	0.000000
3.344517	0.000000
3.345500	0.000000
3.346483	0.000000
3.347465	0.000000
3.348448	0.000000
3.349431	0.000000
3.350414	0.000000
3.351396	0.000000
3.352379	0.000000
3.353362	0.000000
3.354345	0.000000
3.355328	0.000000
3.356310	0.000000
3.357293	0.000000
3.358276	0.000000
3.359259	0.000000
3.360241	0.000000
3.361224	0.000000
3.362207	0.000000
3.363190	0.000000
3.364173	0.000000
3.365155	0.000000
3.366138	0.000000
3.367121	0.000000
3.368104	0.000000
3.369086	0.000000
3.370069	0.000000
3.371052	0.000000
3.372035	0.000000
3.373018	0.000000
3.374000	0.000000
3.374983	0.000000
3.375966	0.000000
3.376949	0.000000
3.377931	0.000000
3.378914	0.000000
3.379897	0.000000
3.380880	0.000000
3.381863	0.000000
3.382845	0.000000
3.383828	0.000000
3.384811	0.000000
3.385794	0.000000
3.386776	0.003031
3.387759	0.006071
3.388742	0.009129
3.389725	0.012213
3.390708	0.015333
3.391690	0.018500
3.392673	0.021724
3.393656	0.025017
3.394639	0.028390
3.395621	0.031855
3.396604	0.035420
3.397587	0.039083
3.398570	0.042828
3.399552	0.046609
3.400535	0.050319
3.401518	0.053939
3.402501	0.057473
3.403484	0.060936
3.404466	0.064359
3.405449	0.067832
3.406432	0.071151
3.407415	0.074353
3.408397	0.077463
3.409380	0.080492
3.410363	0.083446
3.411346	0.086330
3.412329	0.089147
3.413311	0.091900
3.414294	0.094591
3.415277	0.097221
3.416260	0.099794
3.417242	0.102309
3.418225	0.104768
3.419208	0.107173
3.420191	0.109524
3.421174	0.111822
3.422156	0.114069
3.423139	0.116266
3.424122	0.118412
3.425105	0.120510
3.426087	0.122559
3.427070	0.124561
3.428053	0.126515
3.429036	0.128424
3.430019	0.130287
3.431001	0.132105
3.431984	0.133878
3.432967	0.135608
3.433950	0.137294
3.434932	0.138936
3.435915	0.140537
3.436898	0.142095
3.437881	0.143611
3.438864	0.145086
3.439846	0.146520
3.440829	0.147914
3.441812	0.149267
3.442795	0.150580
3.443777	0.151854
3.444760	0.153088
3.445743	0.154283
3.446726	0.155440
3.447708	0.156558
3.448691	0.157637
3.449674	0.158679
3.450657	0.159682
3.451640	0.160648
3.452622	0.161576
3.453605	0.162467
3.454588	0.163321
3.455571	0.164137
3.456553	0.164917
3.457536	0.165660
3.458519	0.166366
3.459502	0.167035
3.460485	0.167667
3.461467	0.168263
3.462450	0.168822
3.463433	0.169344
3.464416	0.169828
3.465398	0.170275
3.466381	0.170684
3.467364	0.171054
3.468347	0.171384
3.469330	0.171671
3.470312	0.171911
3.471295	0.172095
3.472278	0.172205
3.473261	0.172207
3.474243	0.172295
3.475226	0.172389
3.476209	0.172465
3.477192	0.172515
3.478175	0.172534
3.479157	0.172522
3.480140	0.172477
3.481123	0.172399
3.482106	0.172289
3.483088	0.172144
3.484071	0.171967
3.485054	0.171755
3.486037	0.171510
3.487020	0.171232
3.488002	0.170919
3.488985	0.170573
3.489968	0.170193
3.490951	0.169778
3.491933	0.169330
3.492916	0.168847
3.493899	0.168331
3.494882	0.167779
3.495864	0.167194
3.496847	0.166574
3.497830	0.165919
3.498813	0.165230
3.499796	0.164505
3.500778	0.163746
3.501761	0.162951
3.502744	0.162121
3.503727	0.161255
3.504709	0.160353
3.505692	0.159416
3.506675	0.158441
3.507658	0.157431
3.508641	0.156383
3.509623	0.155298
3.510606	0.154175
3.511589	0.153014
3.512572	0.151815
3.513554	0.150576
3.514537	0.149297
3.515520	0.147977
3.516503	0.146615
3.517486	0.145210
3.518468	0.143760
3.519451	0.142262
3.520434	0.140714
3.521417	0.139110
3.522399	0.137444
3.523382	0.135711
3.524365	0.133917
3.525348	0.132133
3.526331	0.130343
3.527313	0.128532
3.528296	0.126688
3.529279	0.124805
3.530262	0.122879
3.531244	0.120905
3.532227	0.118881
3.533210	0.116804
3.534193	0.114668
3.535176	0.112470
3.536158	0.110206
3.537141	0.107876
3.538124	0.105487
3.539107	0.103066
3.540089	0.100612
3.541072	0.098116
3.542055	0.095571
3.543038	0.092972
3.544020	0.090318
3.545003	0.087617
3.545986	0.084877
3.546969	0.082106
3.547952	0.079308
3.548934	0.076491
3.549917	0.073663
3.550900	0.070831
3.551883	0.068005
3.552865	0.065192
3.553848	0.062402
3.554831	0.059642
3.555814	0.056918
3.556797	0.054237
3.557779	0.051600
3.558762	0.049012
3.559745	0.046474
3.560728	0.043986
3.561710	0.041548
3.562693	0.039157
3.563676	0.036814
3.564659	0.034517
3.565642	0.032263
3.566624	0.030050
3.567607	0.027874
3.568590	0.025735
3.569573	0.023629
3.570555	0.021554
3.571538	0.019507
3.572521	0.017486
3.573504	0.015486
3.574487	0.013507
3.575469	0.011545
3.576452	0.009598
3.577435	0.007664
3.578418	0.005739
3.579400	0.003822
3.580375	0.001886
3.581350	0.003753
3.582325	0.005599
3.583300	0.007422
3.584274	0.009221
3.585249	0.010993
3.586224	0.012737
3.587199	0.014452
3.588174	0.016134
3.589148	0.017786
3.590123	0.019401
3.591098	0.020983
3.592073	0.022525
3.593048	0.024030
3.594022	0.025496
3.594997	0.026920
3.595972	0.028303
3.596947	0.029644
3.597921	0.030941
3.598896	0.032194
3.599871	0.033402
3.600846	0.034566
3.601821	0.035684
3.602795	0.036757
3.603770	0.037783
3.604745	0.038764
3.605720	0.039700
3.606695	0.040589
3.607669	0.041433
3.608644	0.042232
3.609619	0.042986
3.610594	0.043696
3.611569	0.044363
3.612543	0.044986
3.613518	0.045566
3.614493	0.046104
3.615468	0.046602
3.616443	0.047060
3.617417	0.047480
3.618392	0.047861
3.619367	0.048204
3.620342	0.048509
3.621316	0.048779
3.622291	0.049014
3.623266	0.049216
3.624241	0.049385
3.625216	0.049522
3.626190	0.049627
3.627165	0.049703
3.628140	0.049749
3.629115	0.049769
3.630090	0.049761
3.631064	0.049727
3.632039	0.049667
3.633014	0.049584
3.633989	0.049477
3.634964	0.049349
3.635938	0.049199
3.636913	0.049029
3.637888	0.048839
3.638863	0.048631
3.639838	0.048404
3.640812	0.048161
3.641787	0.047902
3.642762	0.047628
3.643737	0.047339
3.644711	0.047037
3.645686	0.046721
3.646661	0.046394
3.647636	0.046054
3.648611	0.045705
3.649585	0.045345
3.650560	0.044975
3.651535	0.044597
3.652510	0.044211
3.653485	0.043817
3.654459	0.043416
3.655434	0.043009
3.656409	0.042596
3.657384	0.042178
3.658359	0.041754
3.659333	0.041327
3.660308	0.040895
3.661283	0.040460
3.662258	0.040022
3.663233	0.039581
3.664207	0.039139
3.665182	0.038694
3.666157	0.038248
3.667132	0.037801
3.668106	0.037353
3.669081	0.036905
3.670056	0.036457
3.671031	0.036008
3.672006	0.035561
3.672980	0.035114
3.673955	0.034668
3.674930	0.034223
3.675905	0.033779
3.676880	0.033337
3.677854	0.032898
3.678829	0.032460
3.679804	0.032024
3.680779	0.031591
3.681754	0.031160
3.682728	0.030732
3.683703	0.030307
3.684678	0.029885
3.685653	0.029466
3.686628	0.029050
3.687602	0.028637
3.688577	0.028228
3.689552	0.027823
3.690527	0.027421
3.691501	0.027023
3.692476	0.026628
3.693451	0.026237
3.694426	0.025851
3.695401	0.025468
3.696375	0.025089
3.697350	0.024714
3.698325	0.024343
3.699300	0.023976
3.700275	0.023614
3.701249	0.023255
3.702224	0.022901
3.703199	0.022550
3.704174	0.022204
3.705149	0.021863
3.706123	0.021525
3.707098	0.021191
3.708073	0.020862
3.709048	0.020537
3.710023	0.020216
3.710997	0.019899
3.711972	0.019586
3.712947	0.019278
3.713922	0.018973
3.714897	0.018673
3.715871	0.018377
3.716846	0.018085
3.717821	0.017796
3.718796	0.017512
3.719770	0.017232
3.720745	0.016956
3.721720	0.016683
3.722695	0.016415
3.723670	0.016150
3.724644	0.015890
3.725619	0.015633
3.726594	0.015379
3.727569	0.015130
3.728544	0.014884
3.729518	0.014642
3.730493	0.014404
3.731468	0.014169
3.732443	0.013937
3.733418	0.013709
3.734392	0.013485
3.735367	0.013264
3.736342	0.013046
3.737317	0.012832
3.738292	0.012621
3.739266	0.012413
3.740241	0.012208
3.741216	0.012007
3.742191	0.011809
3.743165	0.011614
3.744140	0.011422
3.745115	0.011233
3.746090	0.011047
3.747065	0.010863
3.748039	0.010683
3.749014	0.010506
3.749989	0.010331
3.750964	0.010160
3.751939	0.009991
3.752913	0.009824
3.753888	0.009661
3.754863	0.009500
3.755838	0.009342
3.756813	0.009186
3.757787	0.009032
3.758762	0.008882
3.759737	0.008733
3.760712	0.008587
3.761687	0.008444
3.762661	0.008303
3.763636	0.008164
3.764611	0.008027
3.765586	0.007893
3.766560	0.007761
3.767535	0.007631
3.768510	0.007503
3.769485	0.007377
3.770460	0.007253
3.771434	0.007132
3.772409	0.007012
3.773384	0.006894
3.774359	0.006779
3.775334	0.006665
3.776308	0.006553
3.777283	0.006443
3.778258	0.006335
3.779233	0.006228
3.780208	0.006123
3.781182	0.006021
3.782157	0.005919
3.783132	0.005820
3.784107	0.005722
3.785082	0.005626
3.786056	0.005531
3.787031	0.005438
3.788006	0.005347
3.788981	0.005257
3.789955	0.005168
3.790930	0.005081
3.791905	0.004996
3.792880	0.004912
3.793855	0.004829
3.794829	0.004748
3.795804	0.004668
3.796779	0.004589
3.797754	0.004512
3.798729	0.004436
3.799703	0.004361
3.800678	0.004288
3.801653	0.004216
3.802628	0.004145
3.803603	0.004075
3.804577	0.004006
3.805552	0.003939
3.806527	0.003873
3.807502	0.003807
3.808477	0.003743
3.809451	0.003680
3.810426	0.003618
3.811401	0.003557
3.812376	0.003498
3.813350	0.003439
3.814325	0.003381
3.815300	0.003324
3.816275	0.003268
3.817250	0.003213
3.818224	0.003159
3.819199	0.003106
3.820174	0.003053
3.821149	0.003002
3.822124	0.002951
3.823098	0.002902
3.824073	0.002853
3.825048	0.002805
3.826023	0.002758
3.826998	0.002711
3.827972	0.002666
3.828947	0.002621
3.829922	0.002577
3.830897	0.002533
3.831872	0.002491
3.832846	0.002449
3.833821	0.002408
3.834796	0.002367
3.835771	0.002327
3.836746	0.002288
3.837720	0.002250
3.838695	0.002212
3.839670	0.002175
3.840645	0.002138
3.841619	0.002102
3.842594	0.002067
3.843569	0.002032
3.844544	0.001998
3.845519	0.001964
3.846493	0.001931
3.847468	0.001899
3.848443	0.001867
3.849418	0.001836
3.850393	0.001805
3.851367	0.001774
3.852342	0.001745
3.853317	0.001715
3.854292	0.001686
3.855267	0.001658
3.856241	0.001630
3.857216	0.001603
3.858191	0.001576
3.859166	0.001549
3.860141	0.001523
3.861115	0.001498
3.862090	0.001473
3.863065	0.001448
3.864040	0.001424
3.865014	0.001400
3.865989	0.001376
3.866964	0.001353
3.867939	0.001330
3.868914	0.001308
3.869888	0.001286
3.870863	0.001264
3.871838	0.001243
3.872813	0.001222
3.873788	0.001202
3.874762	0.001182
3.875737	0.001162
3.876712	0.001142
3.877687	0.001123
3.878662	0.001104
3.879636	0.001086
3.880611	0.001067
3.881586	0.001049
3.882561	0.001032
3.883536	0.001014
3.884510	0.000997
3.885485	0.000981
3.886460	0.000964
3.887435	0.000948
3.888409	0.000932
3.889384	0.000916
3.890359	0.000901
3.891334	0.000886
3.892309	0.000871
3.893283	0.000856
3.894258	0.000842
3.895233	0.000828
3.896208	0.000814
3.897183	0.000800
3.898157	0.000787
3.899132	0.000773
3.900107	0.000760
3.901082	0.000748
3.902057	0.000735
3.903031	0.000723
3.904006	0.000711
3.904981	0.000699
3.905956	0.000687
3.906931	0.000675
3.907905	0.000664
3.908880	0.000653
3.909855	0.000642
3.910830	0.000631
3.911804	0.000620
3.912779	0.000610
3.913754	0.000599
3.914729	0.000589
3.915704	0.000579
3.916678	0.000570
3.917653	0.000560
3.918628	0.000551
3.919603	0.000541
3.920578	0.000532
3.921552	0.000523
3.922527	0.000514
3.923502	0.000505
3.924477	0.000497
3.925452	0.000489
3.926426	0.000480
3.927401	0.000472
3.928376	0.000464
3.929351	0.000456
3.930326	0.000448
3.931300	0.000441
3.932275	0.000433
3.933250	0.000426
3.934225	0.000419
3.935200	0.000412
3.936174	0.000405
3.937149	0.000398
3.938124	0.000391
3.939099	0.000384
3.940073	0.000378
3.941048	0.000371
3.942023	0.000365
3.942998	0.000359
3.943973	0.000352
3.944947	0.000346
3.945922	0.000340
3.946897	0.000335
3.947872	0.000329
3.948847	0.000323
3.949821	0.000318
3.950796	0.000312
3.951771	0.000307
3.952746	0.000301
3.953721	0.000296
3.954695	0.000291
3.955670	0.000286
3.956645	0.000281
3.957620	0.000276
3.958595	0.000271
3.959569	0.000266
3.960544	0.000262
3.961519	0.000257
3.962494	0.000253
3.963468	0.000248
3.964443	0.000244
3.965418	0.000240
3.966393	0.000235
3.967368	0.000231
3.968342	0.000227
3.969317	0.000223
3.970292	0.000219
3.971267	0.000215
3.972242	0.000211
3.973216	0.000207
3.974191	0.000204
3.975166	0.000200
3.976141	0.000196
3.977116	0.000193
3.978090	0.000189
3.979065	0.000186
3.980040	0.000182
3.981015	0.000179
3.981990	0.000176
3.982964	0.000172
3.983939	0.000169
3.984914	0.000166
3.985889	0.000163
3.986863	0.000160
3.987838	0.000157
3.988813	0.000154
3.989788	0.000151
3.990763	0.000148
3.991737	0.000145
3.992712	0.000143
3.993687	0.000140
3.994662	0.000137
3.995637	0.000134
3.996611	0.000132
3.997586	0.000129
3.998561	0.000127
3.999536	0.000124
4.000511	0.000121
4.001485	0.000119
4.002460	0.000117
4.003435	0.000114
4.004410	0.000112
4.005385	0.000109
4.006359	0.000107
4.007334	0.000105
4.008309	0.000103
4.009284	0.000100
4.010258	0.000098
4.011233	0.000096
4.012208	0.000094
4.013183	0.000092
4.014158	0.000090
4.015132	0.000088
4.016107	0.000086
4.017082	0.000084
4.018057	0.000082
4.019032	0.000080
4.020006	0.000078
4.020981	0.000076
4.021956	0.000074
4.022931	0.000072
4.023906	0.000070
4.024880	0.000069
4.025855	0.000067
4.026830	0.000065
4.027805	0.000063
4.028780	0.000062
4.029754	0.000060
4.030729	0.000058
4.031704	0.000057
4.032679	0.000055
4.033653	0.000053
4.034628	0.000052
4.035603	0.000050
4.036578	0.000048
4.037553	0.000047
4.038527	0.000045
4.039502	0.000044
4.040477	0.000042
4.041452	0.000041
4.042427	0.000039
4.043401	0.000038
4.044376	0.000036
4.045351	0.000035
4.046326	0.000033
4.047301	0.000032
4.048275	0.000030
4.049250	0.000029
4.050225	0.000027
4.051200	0.000026
4.052175	0.000024
4.053149	0.000023
4.054124	0.000022
4.055099	0.000020
4.056074	0.000019
4.057049	0.000017
4.058023	0.000016
4.058998	0.000015
4.059973	0.000013
4.060948	0.000012
4.061922	0.000011
4.062897	0.000009
4.063872	0.000008
4.064847	0.000007
4.065822	0.000005
4.066796	0.000004
4.067779	0.000003
4.068762	0.000005
4.069745	0.000008
4.070728	0.000011
4.071710	0.000013
4.072693	0.000016
4.073676	0.000019
4.074659	0.000021
4.075641	0.000024
4.076624	0.000027
4.077607	0.000029
4.078590	0.000032
4.079573	0.000034
4.080555	0.000037
4.081538	0.000040
4.082521	0.000042
4.083504	0.000045
4.084486	0.000047
4.085469	0.000050
4.086452	0.000052
4.087435	0.000055
4.088417	0.000057
4.089400	0.000060
4.090383	0.000062
4.091366	0.000065
4.092349	0.000067
4.093331	0.000070
4.094314	0.000072
4.095297	0.000075
4.096280	0.000077
4.097262	0.000079
4.098245	0.000082
4.099228	0.000084
4.100211	0.000086
4.101194	0.000089
4.102176	0.000091
4.103159	0.000093
4.104142	0.000095
4.105125	0.000098
4.106107	0.000100
4.107090	0.000102
4.108073	0.000104
4.109056	0.000106
4.110039	0.000108
4.111021	0.000110
4.112004	0.000112
4.112987	0.000114
4.113970	0.000116
4.114952	0.000118
4.115935	0.000120
4.116918	0.000122
4.117901	0.000124
4.118884	0.000126
4.119866	0.000127
4.120849	0.000129
4.121832	0.000131
4.122815	0.000133
4.123797	0.000134
4.124780	0.000136
4.125763	0.000137
4.126746	0.000139
4.127729	0.000140
4.128711	0.000142
4.129694	0.000143
4.130677	0.000145
4.131660	0.000146
4.132642	0.000147
4.133625	0.000149
4.134608	0.000150
4.135591	0.000151
4.136573	0.000152
4.137556	0.000154
4.138539	0.000155
4.139522	0.000156
4.140505	0.000157
4.141487	0.000158
4.142470	0.000159
4.143453	0.000160
4.144436	0.000161
4.145418	0.000161
4.146401	0.000162
4.147384	0.000163
4.148367	0.000164
4.149350	0.000164
4.150332	0.000165
4.151315	0.000166
4.152298	0.000166
4.153281	0.000167
4.154263	0.000167
4.155246	0.000167
4.156229	0.000168
4.157212	0.000168
4.158195	0.000169
4.159177	0.000169
4.160160	0.000169
4.161143	0.000169
4.162126	0.000169
4.163108	0.000169
4.164091	0.000169
4.165074	0.000169
4.166057	0.000169
4.167040	0.000169
4.168022	0.000169
4.169005	0.000169
4.169988	0.000169
4.170971	0.000169
4.171953	0.000168
4.172936	0.000168
4.173919	0.000168
4.174902	0.000167
4.175885	0.000167
4.176867	0.000166
4.177850	0.000166
4.178833	0.000165
4.179816	0.000164
4.180798	0.000164
4.181781	0.000163
4.182764	0.000162
4.183747	0.000162
4.184729	0.000161
4.185712	0.000160
4.186695	0.000159
4.187678	0.000158
4.188661	0.000157
4.189643	0.000156
4.190626	0.000155
4.191609	0.000154
4.192592	0.000153
4.193574	0.000152
4.194557	0.000150
4.195540	0.000149
4.196523	0.000148
4.197506	0.000146
4.198488	0.000145
4.199471	0.000144
4.200454	0.000142
4.201437	0.000141
4.202419	0.000139
4.203402	0.000138
4.204385	0.000136
4.205368	0.000135
4.206351	0.000133
4.207333	0.000131
4.208316	0.000129
4.209299	0.000128
4.210282	0.000126
4.211264	0.000124
4.212247	0.000122
4.213230	0.000120
4.214213	0.000119
4.215196	0.000117
4.216178	0.000115
4.217161	0.000113
4.218144	0.000111
4.219127	0.000109
4.220109	0.000107
4.221092	0.000104
4.222075	0.000102
4.223058	0.000100
4.224041	0.000098
4.225023	0.000096
4.226006	0.000094
4.226989	0.000091
4.227972	0.000089
4.228954	0.000087
4.229937	0.000084
4.230920	0.000082
4.231903	0.000080
4.232885	0.000077
4.233868	0.000075
4.234851	0.000073
4.235834	0.000070
4.236817	0.000068
4.237799	0.000065
4.238782	0.000063
4.239765	0.000060
4.240748	0.000058
4.241730	0.000055
4.242713	0.000053
4.243696	0.000050
4.244679	0.000048
4.245662	0.000045
4.246644	0.000042
4.247627	0.000040
4.248610	0.000037
4.249593	0.000035
4.250575	0.000032
4.251558	0.000029
4.252541	0.000027
4.253524	0.000024
4.254507	0.000021
4.255489	0.000019
4.256472	0.000016
4.257455	0.000013
4.258438	0.000011
4.259420	0.000008
4.260403	0.000005
4.261386	0.000003
4.262369	-0.000000
4.263352	-0.000000
4.264334	-0.000000
4.265317	0.000000
4.266300	-0.000000
4.267283	-0.000000
4.268265	-0.000000
4.269248	0.000000
4.270231	-0.000000
4.271214	-0.000000
4.272197	-0.000000
4.273179	0.000000
4.274162	0.000000
4.275145	0.000000
4.276128	-0.000000
4.277110	0.000000
4.278093	-0.000000
4.279076	-0.000000
4.280059	-0.000000
4.281042	0.000000
4.282024	-0.000000
4.283007	-0.000000
4.283990	-0.000000
4.284973	0.000000
4.285955	0.000000
4.286938	0.000000
4.287921	-0.000000
4.288904	0.000000
4.289886	-0.000000
4.290869	0.000000
4.291852	0.000000
4.292835	0.000000
4.293818	0.000000
4.294800	-0.000000
4.295783	-0.000000
4.296766	0.000000
4.297749	-0.000000
4.298731	0.000000
4.299714	0.000000
4.300697	-0.000000
4.301680	0.000000
4.302663	0.000000
4.303645	0.000000
4.304628	0.000000
4.305611	0.000000
4.306594	-0.000000
4.307576	-0.000000
4.308559	-0.000000
4.309542	0.000000
4.310525	-0.000000
4.311508	-0.000000
4.312490	-0.000000
4.313473	-0.000000
4.314456	0.000000
4.315439	0.000000
4.316421	0.000000
4.317404	0.000000
4.318387	-0.000000
4.319370	-0.000000
4.320353	0.000000
4.321335	0.000000
4.322318	0.000000
4.323301	0.000000
4.324284	0.000000
4.325266	0.000000
4.326249	0.000000
4.327232	-0.000000
4.328215	-0.000000
4.329198	-0.000000
4.330180	-0.000000
4.331163	-0.000000
4.332146	-0.000000
4.333129	0.000000
4.334111	-0.000000
4.335094	-0.000000
4.336077	-0.000000
4.337060	0.000000
4.338042	-0.000000
4.339025	0.000000
4.340008	0.000000
4.340991	0.000000
4.341974	-0.000000
4.342956	0.000000
4.343939	-0.000000
4.344922	-0.000000
4.345905	-0.000000
4.346887	0.000000
4.347870	-0.000000
4.348853	0.000000
4.349836	0.000000
4.350819	0.000000
4.351801	-0.000000
4.352784	0.000000
4.353767	-0.000000
4.354750	-0.000000
4.355732	0.000000
4.356715	-0.000000
4.357698	0.000000
4.358681	-0.000000
4.359664	-0.000000
4.360646	0.000000
4.361629	0.000000
4.362612	-0.000000
4.363595	0.000000
4.364577	0.000000
4.365560	0.000000
4.366543	0.000000
4.367526	0.000000
4.368509	-0.000000
4.369491	-0.000000
4.370474	0.000000
4.371457	-0.000000
4.372440	-0.000000
4.373422	-0.000000
4.374405	-0.000000
4.375388	-0.000000
4.376371	0.000000
4.377354	0.000000
4.378336	0.000000
4.379319	0.000000
4.380302	-0.000000
4.381285	-0.000000
4.382267	-0.000000
4.383250	0.000000
4.384233	0.000000
4.385216	-0.000000
4.386198	-0.000000
4.387181	0.000000
4.388164	-0.000000
4.389147	0.000000
4.390130	-0.000000
4.391112	0.000000
4.392095	-0.000000
4.393078	-0.000000
4.394061	0.000000
4.395043	-0.000000
4.396026	-0.000000
4.397009	0.000000
4.397992	-0.000000
4.398975	0.000000
4.399957	0.000000
4.400940	-0.000000
4.401923	0.000000
4.402906	0.000000
4.403888	-0.000000
4.404871	-0.000000
4.405854	-0.000000
4.406837	0.000000
4.407820	-0.000000
4.408802	0.000000
4.409785	0.000000
4.410768	-0.000000
4.411751	0.000000
4.412733	0.000000
4.413716	0.000000
4.414699	0.000000
4.415682	-0.000000
4.416665	-0.000000
4.417647	0.000000
4.418630	0.000000
4.419613	0.000000
4.420596	-0.000000
4.421578	0.000000
4.422561	-0.000000
4.423544	-0.000000
4.424527	0.000000
4.425510	0.000000
4.426492	-0.000000
4.427475	-0.000000
4.428458	0.000000
4.429441	-0.000000
4.430423	-0.000000
4.431406	0.000000
4.432389	0.000000
4.433372	-0.000000
4.434354	0.000000
4.435337	-0.000000
4.436320	0.000000
4.437303	0.000000
4.438286	-0.000000
4.439268	-0.000000
4.440251	0.000000
4.441234	-0.000000
4.442217	-0.000000
4.443199	0.000000
4.444182	-0.000000
4.445165	0.000000
4.446148	0.000000
4.447131	0.000000
4.448113	0.000000
4.449096	-0.000000
4.450079	-0.000000
4.451062	-0.000000
4.452044	-0.000000
4.453027	-0.000000
4.454010	-0.000000
4.454993	-0.000000
4.455976	0.000000
4.456958	0.000000
4.457941	0.000000
4.458924	0.000000
4.459907	0.000000
4.460889	0.000000
4.461872	0.000000
4.462855	-0.000000
4.463838	-0.000000
4.464821	0.000000
4.465803	-0.000000
4.466786	-0.000000
4.467769	-0.000000
4.468752	-0.000000
4.469734	-0.000000
4.470717	0.000000
4.471700	0.000000
4.472683	-0.000000
4.473666	-0.000000
4.474648	-0.000000
4.475631	0.000000
4.476614	-0.000000
4.477597	0.000000
4.478579	-0.000000
4.479562	0.000000
4.480545	-0.000000
4.481528	-0.000000
4.482510	-0.000000
4.483493	0.000000
4.484476	-0.000000
4.485459	0.000000
4.486442	-0.000000
4.487424	-0.000000
4.488407	-0.000000
4.489390	-0.000000
4.490373	0.000000
4.491355	0.000000
4.492338	0.000000
4.493321	-0.000000
4.494304	0.000000
4.495287	0.000000
4.496269	0.000000
4.497252	0.000000
4.498235	0.000000
4.499218	0.000000
4.500200	-0.000000
4.501183	-0.000000
4.502166	0.000000
4.503149	0.000000
4.504132	0.000000
4.505114	0.000000
4.506097	-0.000000
4.507080	0.000000
4.508063	-0.000000
4.509045	-0.000000
4.510028	-0.000000
4.511011	-0.000000
4.511994	0.000000
4.512977	-0.000000
4.513959	-0.000000
4.514942	0.000000
4.515925	-0.000000
4.516908	0.000000
4.517890	0.000000
4.518873	-0.000000
4.519856	-0.000000
4.520839	0.000000
4.521822	0.000000
4.522804	0.000000
4.523787	-0.000000
4.524770	0.000000
4.525753	-0.000000
4.526735	0.000000
4.527718	0.000000
4.528701	0.000000
4.529684	-0.000000
4.530667	-0.000000
4.531649	-0.000000
4.532632	0.000000
4.533615	0.000000
4.534598	-0.000000
4.535580	-0.000000
4.536563	-0.000000
4.537546	0.000000
4.538529	0.000000
4.539511	-0.000000
4.540494	-0.000000
4.541477	0.000000
4.542460	-0.000000
4.543443	-0.000000
4.544425	0.000000
4.545408	0.000000
4.546391	-0.000000
4.547374	0.000000
4.548356	0.000000
4.549339	-0.000000
4.550322	0.000000
4.551305	0.000000
4.552288	-0.000000
4.553270	0.000000
4.554253	-0.000000
4.555236	0.000000
4.556219	-0.000000
4.557201	-0.000000
4.558184	0.000000
4.559167	0.000000
4.560150	-0.000000
4.561133	0.000000
4.562115	0.000000
4.563098	0.000000
4.564081	-0.000000
4.565064	0.000000
4.566046	0.000000
4.567029	0.000000
4.568012	-0.000000
4.568995	-0.000000
4.569978	0.000000
4.570960	-0.000000
4.571943	-0.000000
4.572926	-0.000000
4.573909	-0.000000
4.574891	-0.000000
4.575874	-0.000000
4.576857	-0.000000
4.577840	0.000000
4.578823	0.000000
4.579805	0.000000
4.580788	0.000000
4.581771	0.000000
4.582754	0.000000
4.583736	0.000000
4.584719	0.000000
4.585702	0.000000
4.586685	0.000000
4.587667	-0.000000
4.588650	-0.000000
4.589633	-0.000000
4.590616	-0.000000
4.591599	0.000000
4.592581	0.000000
4.593564	0.000000
4.594547	0.000000
4.595530	0.000000
4.596512	-0.000000
4.597495	0.000000
4.598478	0.000000
4.599461	-0.000000
4.600444	0.000000
4.601426	-0.000000
4.602409	-0.000000
4.603392	0.000000
4.604375	0.000000
4.605357	-0.000000
4.606340	-0.000000
4.607323	0.000000
4.608306	0.000000
4.609289	-0.000000
4.610271	0.000000
4.611254	0.000000
4.612237	-0.000000
4.613220	0.000000
4.614202	0.000000
4.615185	-0.000000
4.616168	-0.000000
4.617151	0.000000
4.618134	0.000000
4.619116	0.000000
4.620099	0.000000
4.621082	-0.000000
4.622065	-0.000000
4.623047	0.000000
4.624030	-0.000000
4.625013	0.000000
4.625996	-0.000000
4.626979	-0.000000
4.627961	0.000000
4.628944	0.000000
4.629927	-0.000000
4.630910	-0.000000
4.631892	0.000000
4.632875	0.000000
4.633858	0.000000
4.634841	0.000000
4.635823	0.000000
4.636806	0.000000
4.637789	0.000000
4.638772	0.000000
4.639755	-0.000000
4.640737	-0.000000
4.641720	0.000000
4.642703	-0.000000
4.643686	-0.000000
4.644668	-0.000000
4.645651	0.000000
4.646634	-0.000000
4.647617	0.000000
4.648600	-0.000000
4.649582	-0.000000
4.650565	-0.000000
4.651548	0.000000
4.652531	0.000000
4.653513	0.000000
4.654496	0.000000
4.655479	-0.000000
4.656462	-0.000000
4.657445	-0.000000
4.658427	-0.000000
4.659410	-0.000000
4.660393	0.000000
4.661376	0.000000
4.662358	0.000000
4.663341	0.000000
4.664324	-0.000000
4.665307	0.000000
4.666290	0.000000
4.667272	-0.000000
4.668255	0.000000
4.669238	-0.000000
4.670221	-0.000000
4.671203	-0.000000
4.672186	-0.000000
4.673169	0.000000
4.674152	-0.000000
4.675135	-0.000000
4.676117	0.000000
4.677100	-0.000000
4.678083	0.000000
4.679066	0.000000
4.680048	-0.000000
4.681031	-0.000000
4.682014	0.000000
4.682997	0.000000
4.683979	-0.000000
4.684962	-0.000000
4.685945	0.000000
4.686928	0.000000
4.687911	-0.000000
4.688893	-0.000000
4.689876	-0.000000
4.690859	-0.000000
4.691842	0.000000
4.692824	0.000000
4.693807	-0.000000
4.694790	0.000000
4.695773	0.000000
4.696756	-0.000000
4.697738	0.000000
4.698721	0.000000
4.699704	0.000000
4.700687	-0.000000
4.701669	0.000000
4.702652	0.000000
4.703635	-0.000000
4.704618	-0.000000
4.705601	-0.000000
4.706583	0.000000
4.707566	-0.000000
4.708549	0.000000
4.709532	0.000000
4.710514	-0.000000
4.711497	-0.000000
4.712480	-0.000000
4.713463	0.000000
4.714446	0.000000
4.715428	0.000000
4.716411	0.000000
4.717394	0.000000
4.718377	0.000000
4.719359	-0.000000
4.720342	-0.000000
4.721325	-0.000000
4.722308	-0.000000
4.723291	-0.000000
4.724273	0.000000
4.725256	-0.000000
4.726239	0.000000
4.727222	-0.000000
4.728204	-0.000000
4.729187	-0.000000
4.730170	-0.000000
4.731153	0.000000
4.732135	-0.000000
4.733118	0.000000
4.734101	-0.000000
4.735084	0.000000
4.736067	0.000000
4.737049	-0.000000
4.738032	0.000000
4.739015	0.000000
4.739998	-0.000000
4.740980	0.000000
4.741963	-0.000000
4.742946	-0.000000
4.743929	0.000000
4.744912	0.000000
4.745894	-0.000000
4.746877	0.000000
4.747860	-0.000000
4.748843	-0.000000
4.749825	-0.000000
4.750808	-0.000000
4.751791	0.000000
4.752774	0.000000
4.753757	0.000000
4.754739	0.000000
4.755722	0.000000
4.756705	-0.000000
4.757688	-0.000000
4.758670	0.000000
4.759653	-0.000000
4.760636	0.000000
4.761619	0.000000
4.762602	0.000000
4.763584	0.000000
4.764567	0.000000
4.765550	0.000000
4.766533	-0.000000
4.767515	-0.000000
4.768498	-0.000000
4.769481	-0.000000
4.770464	0.000000
4.771447	-0.000000
4.772429	-0.000000
4.773412	0.000000
4.774395	-0.000000
4.775378	0.000000
4.776360	0.000000
4.777343	0.000000
4.778326	0.000000
4.779309	-0.000000
4.780292	-0.000000
4.781274	-0.000000
4.782249	-0.000000
4.783224	-0.000000
4.784199	-0.000000
4.785173	0.000000
4.786148	0.000000
4.787123	-0.000000
4.788098	0.000000
4.789073	0.000000
4.790047	0.000000
4.791022	-0.000000
4.791997	0.000000
4.792972	0.000000
4.793947	0.000000
4.794921	-0.000000
4.795896	-0.000000
4.796871	-0.000000
4.797846	-0.000000
4.798821	-0.000000
4.799795	0.000000
4.800770	0.000000
4.801745	-0.000000
4.802720	-0.000000
4.803694	-0.000000
4.804669	0.000000
4.805644	-0.000000
4.806619	0.000000
4.807594	0.000000
4.808568	-0.000000
4.809543	-0.000000
4.810518	0.000000
4.811493	0.000000
4.812468	-0.000000
4.813442	0.000000
4.814417	-0.000000
4.815392	-0.000000
4.816367	-0.000000
4.817342	0.000000
4.818316	0.000000
4.819291	0.000000
4.820266	-0.000000
4.821241	0.000000
4.822216	0.000000
4.823190	0.000000
4.824165	0.000000
4.825140	-0.000000
4.826115	-0.000000
4.827090	0.000000
4.828064	-0.000000
4.829039	-0.000000
4.830014	0.000000
4.830989	0.000000
4.831963	0.000000
4.832938	-0.000000
4.833913	-0.000000
4.834888	-0.000000
4.835863	0.000000
4.836837	0.000000
4.837812	0.000000
4.838787	0.000000
4.839762	-0.000000
4.840737	0.000000
4.841711	-0.000000
4.842686	0.000000
4.843661	-0.000000
4.844636	0.000000
4.845611	0.000000
4.846585	0.000000
4.847560	-0.000000
4.848535	0.000000
4.849510	-0.000000
4.850485	0.000000
4.851459	-0.000000
4.852434	-0.000000
4.853409	0.000000
4.854384	0.000000
4.855358	-0.000000
4.856333	0.000000
4.857308	-0.000000
4.858283	0.000000
4.859258	-0.000000
4.860232	0.000000
4.861207	-0.000000
4.862182	-0.000000
4.863157	0.000000
4.864132	0.000000
4.865106	0.000000
4.866081	-0.000000
4.867056	0.000000
4.868031	-0.000000
4.869006	-0.000000
4.869980	0.000000
4.870955	0.000000
4.871930	-0.000000
4.872905	0.000000
4.873880	-0.000000
4.874854	-0.000000
4.875829	0.000000
4.876804	-0.000000
4.877779	-0.000000
4.878761	0.000000
4.879744	-0.000000
4.880727	-0.000000
4.881710	-0.000000
4.882693	-0.000000
4.883675	0.000000
4.884658	-0.000000
4.885641	0.000000
4.886624	-0.000000
4.887606	0.000000
4.888589	0.000000
4.889572	-0.000000
4.890555	-0.000000
4.891538	-0.000000
4.892520	-0.000000
4.893503	-0.000000
4.894486	-0.000000
4.895469	0.000000
4.896451	-0.000000
4.897434	0.000000
4.898417	-0.000000
4.899400	0.000000
4.900383	0.000000
4.901365	0.000000
4.902348	-0.000000
4.903331	0.000000
4.904314	0.000000
4.905296	-0.000000
4.906279	0.000000
4.907262	0.000000
4.908245	-0.000000
4.909228	-0.000000
4.910210	0.000000
4.911193	0.000000
4.912176	-0.000000
4.913159	0.000000
4.914141	-0.000000
4.915124	-0.000000
4.916107	-0.000000
4.917090	0.000000
4.918072	-0.000000
4.919055	-0.000000
4.920038	0.000000
4.921021	-0.000000
4.922004	0.000000
4.922986	-0.000000
4.923969	0.000000
4.924952	0.000000
4.925935	-0.000000
4.926917	0.000000
4.927900	-0.000000
4.928883	0.000000
4.929866	0.000000
4.930849	-0.000000
4.931831	0.000000
4.932814	0.000000
4.933797	-0.000000
4.934780	-0.000000
4.935762	0.000000
4.936745	-0.000000
4.937728	-0.000000
4.938711	0.000000
4.939694	0.000000
4.940676	-0.000000
4.941659	0.000000
4.942642	-0.000000
4.943625	-0.000000
4.944607	0.000000
4.945590	-0.000000
4.946573	0.000000
4.947556	-0.000000
4.948539	0.000000
4.949521	0.000000
4.950504	0.000000
4.951487	-0.000000
4.952470	0.000000
4.953452	0.000000
4.954435	0.000000
4.955418	0.000000
4.956401	-0.000000
4.957384	-0.000000
4.958366	-0.000000
4.959349	-0.000000
4.960332	0.000000
4.961315	-0.000000
4.962297	0.000000
4.963280	-0.000000
4.964263	0.000000
4.965246	-0.000000
4.966228	0.000000
4.967211	-0.000000
4.968194	0.000000
4.969177	0.000000
4.970160	0.000000
4.971142	-0.000000
4.972125	0.000000
4.973108	-0.000000
4.974091	-0.000000
4.975073	-0.000000
4.976056	-0.000000
4.977039	0.000000
4.978022	-0.000000
4.979005	-0.000000
4.979987	-0.000000
4.980970	-0.000000
4.981953	0.000000
4.982936	-0.000000
4.983918	-0.000000
4.984901	-0.000000
4.985884	0.000000
4.986867	0.000000
4.987850	0.000000
4.988832	-0.000000
4.989815	-0.000000
4.990798	-0.000000
4.991781	-0.000000
4.992763	0.000000
4.993746	-0.000000
4.994729	-0.000000
4.995712	-0.000000
4.996695	-0.000000
4.997677	-0.000000
4.998660	0.000000
4.999643	0.000000
5.000626	-0.000000
5.001608	0.000000
5.002591	-0.000000
5.003574	-0.000000
5.004557	0.000000
5.005540	0.000000
5.006522	-0.000000
5.007505	0.000000
5.008488	0.000000
5.009471	-0.000000
5.010453	0.000000
5.011436	0.000000
5.012419	-0.000000
5.013402	-0.000000
5.014384	-0.000000
5.015367	-0.000000
5.016350	-0.000000
5.017333	0.000000
5.018316	-0.000000
5.019298	-0.000000
5.020281	0.000000
5.021264	0.000000
5.022247	-0.000000
5.023229	0.000000
5.024212	0.000000
5.025195	0.000000
5.026178	0.000000
5.027161	0.000000
5.028143	-0.000000
5.029126	0.000000
5.030109	-0.000000
5.031092	0.000000
5.032074	0.000000
5.033057	-0.000000
5.034040	-0.000000
5.035023	-0.000000
5.036006	-0.000000
5.036988	0.000000
5.037971	-0.000000
5.038954	0.000000
5.039937	-0.000000
5.040919	0.000000
5.041902	-0.000000
5.042885	0.000000
5.043868	-0.000000
5.044851	-0.000000
5.045833	-0.000000
5.046816	-0.000000
5.047799	-0.000000
5.048782	-0.000000
5.049764	-0.000000
5.050747	0.000000
5.051730	-0.000000
5.052713	-0.000000
5.053696	-0.000000
5.054678	0.000000
5.055661	0.000000
5.056644	0.000000
5.057627	-0.000000
5.058609	-0.000000
5.059592	-0.000000
5.060575	-0.000000
5.061558	-0.000000
5.062540	-0.000000
5.063523	-0.000000
5.064506	-0.000000
5.065489	-0.000000
5.066472	-0.000000
5.067454	0.000000
5.068437	0.000000
5.069420	-0.000000
5.070403	-0.000000
5.071385	-0.000000
5.072368	0.000000
5.073351	-0.000000
5.074334	-0.000000
5.075317	0.000000
5.076299	-0.000000
5.077282	0.000000
5.078265	0.000000
5.079248	-0.000000
5.080230	-0.000000
5.081213	0.000000
5.082196	0.000000
5.083179	0.000000
5.084162	0.000000
5.085144	-0.000000
5.086127	0.000000
5.087110	0.000000
5.088093	0.000000
5.089075	0.000000
5.090058	0.000000
5.091041	0.000000
5.092024	-0.000000
5.093007	0.000000
5.093989	0.000000
5.094972	-0.000000
5.095955	0.000000
5.096938	-0.000000
5.097920	0.000000
5.098903	-0.000000
5.099886	0.000000
5.100869	-0.000000
5.101852	0.000000
5.102834	-0.000000
5.103817	-0.000000
5.104800	0.000000
5.105783	0.000000
5.106765	0.000000
5.107748	-0.000000
5.108731	-0.000000
5.109714	-0.000000
5.110697	-0.000000
5.111679	-0.000000
5.112662	0.000000
5.113645	0.000000
5.114628	0.000000
5.115610	0.000000
5.116593	-0.000000
5.117576	0.000000
5.118559	0.000000
5.119541	0.000000
5.120524	-0.000000
5.121507	0.000000
5.122490	-0.000000
5.123473	-0.000000
5.124455	-0.000000
5.125438	-0.000000
5.126421	-0.000000
5.127404	0.000000
5.128386	0.000000
5.129369	0.000000
5.130352	-0.000000
5.131335	0.000000
5.132318	-0.000000
5.133300	0.000000
5.134283	0.000000
5.135266	-0.000000
5.136249	0.000000
5.137231	-0.000000
5.138214	-0.000000
5.139197	0.000000
5.140180	0.000000
5.141163	0.000000
5.142145	-0.000000
5.143128	-0.000000
5.144111	0.000000
5.145094	-0.000000
5.146076	0.000000
5.147059	0.000000
5.148042	-0.000000
5.149025	0.000000
5.150008	-0.000000
5.150990	-0.000000
5.151973	-0.000000
5.152956	0.000000
5.153939	0.000000
5.154921	-0.000000
5.155904	-0.000000
5.156887	0.000000
5.157870	0.000000
5.158853	0.000000
5.159835	0.000000
5.160818	-0.000000
5.161801	-0.000000
5.162784	0.000000
5.163766	0.000000
