1 8.594829e+03
2 8.212623e+03
3 8.107007e+03
4 8.103867e+03
5 8.010136e+03
6 8.012021e+03
7 8.011136e+03
8 8.013141e+03
9 8.010998e+03
10 8.012285e+03
11 8.014309e+03
12 8.014586e+03
13 8.016611e+03
14 8.015630e+03
15 8.017662e+03
16 8.019602e+03
17 7.303343e+03
18 7.242825e+03
19 7.244693e+03
20 7.209082e+03
21 7.211108e+03
22 7.128237e+03
23 7.124120e+03
24 7.125970e+03
25 7.123899e+03
26 7.125956e+03
27 7.127055e+03
28 6.972130e+03
29 6.960380e+03
30 6.165566e+03
31 5.864143e+03
32 5.776078e+03
33 5.776635e+03
34 5.778597e+03
35 5.780376e+03
36 3.875643e+03
37 3.846777e+03
38 3.814188e+03
39 3.816174e+03
40 3.815512e+03
41 3.799054e+03
42 2.644042e+03
43 2.524141e+03
44 2.512924e+03
45 2.515021e+03
46 2.512769e+03
47 2.514869e+03
48 2.516246e+03
49 2.518168e+03
50 2.424185e+03
51 2.418423e+03
52 2.420497e+03
53 2.419623e+03
54 2.416571e+03
55 2.414570e+03
56 2.415184e+03
57 2.416977e+03
58 2.419052e+03
59 2.073927e+03
60 2.020958e+03
61 2.023069e+03
62 2.021316e+03
63 2.006194e+03
64 1.999259e+03
65 1.728026e+03
66 1.727387e+03
67 5.044806e+02
68 4.643937e+02
69 0
