1 1.555258e+02
2 1.606950e+02
3 2.269952e+02
4 2.329961e+02
5 1.872911e+02
6 2.001487e+02
7 2.119873e+02
8 2.140319e+02
9 8.077501e+01
10 3.064077e+01
11 3.326930e+01
12 3.648853e+01
13 3.930819e+01
14 4.369099e+01
15 4.438317e+01
16 4.843098e+01
17 4.735689e+01
18 5.022177e+01
19 4.019334e+01
20 3.428194e+01
21 1.155850e+01
22 1.512395e+01
23 1.408835e+01
24 0
25 3.679087e+00
26 7.642470e+00
27 1.199445e+01
28 1.989332e+01
29 2.790800e+01
30 3.476053e+01
31 4.275046e+01
32 4.823609e+01
33 5.087167e+01
34 7.853124e+01
35 8.457195e+01
36 9.041448e+01
37 9.528485e+01
38 1.827749e+01
39 1.768549e+01
40 2.156501e+01
41 2.633642e+01
42 2.296781e+01
43 2.975675e+01
44 3.712207e+01
45 4.384235e+01
46 5.236506e+01
47 6.053171e+01
48 7.009608e+01
49 7.839823e+01
50 8.851263e+01
51 9.650911e+01
52 9.735262e+01
53 9.867188e+01
54 1.110069e+02
55 1.258266e+02
56 1.308723e+02
57 1.449351e+02
58 1.391643e+02
59 1.557835e+02
60 1.650533e+02
61 1.776532e+02
62 1.866520e+02
63 2.083579e+02
64 2.328584e+02
65 2.528310e+02
66 2.822076e+02
67 3.127744e+02
68 3.393977e+02
69 3.707970e+02
70 4.151465e+02
71 4.533509e+02
72 5.008508e+02
73 4.863714e+02
74 5.413907e+02
75 6.163663e+02
76 6.984231e+02
77 7.941789e+02
78 9.158581e+02
79 1.031571e+03
80 1.202558e+03
81 1.412734e+03
82 1.688720e+03
83 2.069063e+03
84 2.598799e+03
85 3.317090e+03
86 4.644829e+03
87 7.313917e+03
