1 1 0 -1.367509e-02
1 1 0 -1.367509e-02
1 2.092480e-03 4.500124e-03 4.358705e-04 9.936013e-05 -1.015927e+03 -1.046382e+03
2 1 0 2.275550e-03
2 1 0 2.275550e-03
2 1.411765e-03 3.140509e-03 1.925044e-04 2.718049e-04 -1.078807e+03 -1.140710e+03
3 1 0 3.081002e-03
3 1 0 3.081002e-03
3 1.326500e-03 2.906664e-03 2.140188e-04 2.650840e-04 -1.087011e+03 -1.134573e+03
4 1 0 3.093588e-03
4 1 0 3.093588e-03
4 1.320440e-03 2.896040e-03 2.103124e-04 2.704838e-04 -1.085665e+03 -1.134259e+03
5 1 0 1.294855e-03
5 1 0 1.294855e-03
5 1.127649e-03 2.604620e-03 7.462877e-05 2.645131e-04 -1.109580e+03 -1.230517e+03
6 1 0 1.294244e-03
6 1 0 1.294244e-03
6 1.127546e-03 2.604612e-03 7.441864e-05 2.647307e-04 -1.107441e+03 -1.228611e+03
7 1 0 8.501882e-04
7 1 0 8.501882e-04
7 1.109559e-03 2.561969e-03 7.378669e-05 2.633411e-04 -1.107912e+03 -1.228302e+03
8 1 0 8.501729e-04
8 1 0 8.501729e-04
8 1.109508e-03 2.561975e-03 7.368321e-05 2.633746e-04 -1.105710e+03 -1.226216e+03
9 1 0 1.036196e-03
9 1 0 1.036196e-03
9 1.107225e-03 2.549819e-03 7.897836e-05 2.615948e-04 -1.103812e+03 -1.218194e+03
10 1 0 1.036156e-03
10 1 0 1.036156e-03
10 1.107222e-03 2.549819e-03 7.897222e-05 2.615900e-04 -1.101545e+03 -1.215934e+03
11 1 0 1.073869e-03
11 1 0 1.073869e-03
11 1.104960e-03 2.533659e-03 8.778272e-05 2.560805e-04 -1.099586e+03 -1.204762e+03
12 1 0 6.586099e-04
12 1 0 6.586099e-04
12 1.000061e-03 2.143019e-03 6.090718e-05 1.547210e-03 -1.113717e+03 -1.245986e+03
13 1 0 6.496299e-04
13 1 0 6.496299e-04
13 9.965050e-04 2.130209e-03 5.921314e-05 1.595371e-03 -1.111947e+03 -1.246518e+03
14 1 0 7.715968e-04
14 1 0 7.715968e-04
14 9.545928e-04 2.070540e-03 6.170432e-05 1.253459e-03 -1.116647e+03 -1.242434e+03
15 1 0 7.709888e-04
15 1 0 7.709888e-04
15 9.545112e-04 2.070262e-03 6.166861e-05 1.254406e-03 -1.114240e+03 -1.240073e+03
16 1 0 6.891621e-04
16 1 0 6.891621e-04
16 6.180384e-04 1.277908e-03 1.519610e-04 1.895615e-04 -1.183503e+03 -1.191062e+03
17 1 0 -3.440728e-04
17 1 0 -3.440728e-04
17 5.275629e-04 1.120971e-03 8.668206e-05 3.548677e-04 -1.207132e+03 -1.246886e+03
18 1 0 -5.278483e-04
18 1 0 -5.278483e-04
18 4.549790e-04 9.362672e-04 9.105346e-05 3.769627e-04 -1.229033e+03 -1.252278e+03
19 1 0 -5.278585e-04
19 1 0 -5.278585e-04
19 4.549301e-04 9.361276e-04 9.106307e-05 3.770254e-04 -1.226494e+03 -1.249723e+03
20 1 0 -6.049926e-04
20 1 0 -6.049926e-04
20 4.458438e-04 9.163097e-04 8.592950e-05 4.103744e-04 -1.227231e+03 -1.253692e+03
21 1 0 -6.050146e-04
21 1 0 -6.050146e-04
21 4.458410e-04 9.162976e-04 8.592875e-05 4.104211e-04 -1.224604e+03 -1.251065e+03
22 1 0 -6.079086e-04
22 1 0 -6.079086e-04
22 4.453382e-04 9.161445e-04 8.557051e-05 4.058638e-04 -1.222125e+03 -1.248779e+03
23 1 0 -6.081219e-04
23 1 0 -6.081219e-04
23 4.453237e-04 9.161972e-04 8.550996e-05 4.057905e-04 -1.219427e+03 -1.246134e+03
24 1 0 -6.105024e-04
24 1 0 -6.105024e-04
24 4.452888e-04 9.151743e-04 8.621964e-05 4.059420e-04 -1.216698e+03 -1.242741e+03
25 1 0 -6.015428e-04
25 1 0 -6.015428e-04
25 4.367626e-04 8.927002e-04 8.457922e-05 4.354726e-04 -1.217107e+03 -1.243341e+03
26 1 0 -6.017726e-04
26 1 0 -6.017726e-04
26 4.366458e-04 8.925755e-04 8.454753e-05 4.345830e-04 -1.214330e+03 -1.240563e+03
27 1 0 -6.721004e-04
27 1 0 -6.721004e-04
27 4.210068e-04 8.301029e-04 8.929102e-05 5.735021e-04 -1.217486e+03 -1.237830e+03
28 1 0 -1.317108e-03
28 1 0 -1.317108e-03
28 2.816414e-04 4.152771e-04 6.981325e-05 1.343157e-03 -1.280913e+03 -1.303678e+03
29 1 0 -1.319580e-03
29 1 0 -1.319580e-03
29 2.808418e-04 4.121760e-04 6.938580e-05 1.356108e-03 -1.278435e+03 -1.301780e+03
30 1 0 -1.315551e-03
30 1 0 -1.315551e-03
30 2.807882e-04 4.122183e-04 6.933650e-05 1.355289e-03 -1.275475e+03 -1.298844e+03
31 1 0 -9.003152e-04
31 1 0 -9.003152e-04
31 2.757310e-04 3.985875e-04 7.112971e-05 1.348027e-03 -1.275437e+03 -1.295847e+03
32 1 0 -9.495995e-04
32 1 0 -9.495995e-04
32 2.659457e-04 3.416449e-04 9.558488e-05 1.359747e-03 -1.278316e+03 -1.277242e+03
33 1 0 -9.584022e-04
33 1 0 -9.584022e-04
33 2.640320e-04 3.367920e-04 9.607769e-05 1.356511e-03 -1.276378e+03 -1.274632e+03
34 1 0 -9.584074e-04
34 1 0 -9.584074e-04
34 2.640281e-04 3.367787e-04 9.608115e-05 1.356505e-03 -1.273202e+03 -1.271454e+03
35 1 0 -1.399877e-03
35 1 0 -1.399877e-03
35 2.185356e-04 2.326418e-04 7.602935e-05 1.505350e-03 -1.301178e+03 -1.313980e+03
36 1 0 -1.401123e-03
36 1 0 -1.401123e-03
36 2.182197e-04 2.323153e-04 7.625771e-05 1.499793e-03 -1.298139e+03 -1.310534e+03
37 1 0 -1.427857e-03
37 1 0 -1.427857e-03
37 2.083646e-04 2.151239e-04 7.120675e-05 1.498393e-03 -1.302435e+03 -1.318464e+03
38 1 0 -1.443361e-03
38 1 0 -1.443361e-03
38 2.007746e-04 1.709440e-04 7.130994e-05 1.692037e-03 -1.305175e+03 -1.330586e+03
39 1 0 -1.444032e-03
39 1 0 -1.444032e-03
39 2.007108e-04 1.715826e-04 7.142653e-05 1.684904e-03 -1.301791e+03 -1.326752e+03
40 1 0 -1.444118e-03
40 1 0 -1.444118e-03
40 2.006736e-04 1.715587e-04 7.133177e-05 1.685328e-03 -1.298330e+03 -1.323387e+03
41 1 0 -1.508366e-03
41 1 0 -1.508366e-03
41 1.565101e-04 1.287696e-04 6.220235e-05 1.288226e-03 -1.335794e+03 -1.351399e+03
42 1 0 -1.611996e-03
42 1 0 -1.611996e-03
42 1.495579e-04 1.337114e-04 5.726720e-05 1.171686e-03 -1.339685e+03 -1.352507e+03
43 1 0 -1.540192e-03
43 1 0 -1.540192e-03
43 1.440710e-04 1.242267e-04 5.640913e-05 1.151144e-03 -1.342186e+03 -1.355172e+03
44 1 0 -1.585991e-03
44 1 0 -1.585991e-03
44 1.434869e-04 1.232595e-04 5.567997e-05 1.154874e-03 -1.339129e+03 -1.353121e+03
45 1 0 -1.308061e-03
45 1 0 -1.308061e-03
45 8.021548e-05 4.365668e-05 7.917634e-05 3.665980e-04 -1.431291e+03 -1.388930e+03
46 1 0 -1.683547e-03
46 1 0 -1.683547e-03
46 1.876272e-05 1.599512e-05 2.213254e-05 6.724115e-06 -1.667156e+03 -1.565520e+03
47 1 0 -1.690699e-03
47 1 0 -1.690699e-03
47 1.815588e-05 1.475881e-05 2.191227e-05 7.093644e-06 -1.668661e+03 -1.567950e+03
48 1 0 -1.702925e-03
48 1 0 -1.702925e-03
48 1.794520e-05 1.488824e-05 2.155968e-05 5.700529e-06 -1.666599e+03 -1.564796e+03
49 1 0 -1.702609e-03
49 1 0 -1.702609e-03
49 1.790819e-05 1.485779e-05 2.152491e-05 5.592257e-06 -1.662883e+03 -1.561021e+03
50 1 0 -1.680848e-03
50 1 0 -1.680848e-03
50 1.790352e-05 1.497851e-05 2.143070e-05 5.515500e-06 -1.658798e+03 -1.556728e+03
51 1 0 -1.659479e-03
51 1 0 -1.659479e-03
51 1.789489e-05 1.511462e-05 2.131691e-05 5.441608e-06 -1.654676e+03 -1.552381e+03
52 1 0 -1.653959e-03
52 1 0 -1.653959e-03
52 1.785908e-05 1.511688e-05 2.125993e-05 5.325247e-06 -1.650730e+03 -1.548330e+03
53 1 0 -5.744923e-04
53 1 0 -5.744923e-04
53 1.350700e-05 1.401509e-05 1.327571e-05 1.192970e-05 -1.692462e+03 -1.590561e+03
54 1 0 -5.747919e-04
54 1 0 -5.747919e-04
54 1.350275e-05 1.400572e-05 1.327480e-05 1.193142e-05 -1.688082e+03 -1.586180e+03
55 1 0 -1.989876e-04
55 1 0 -1.989876e-04
55 1.032227e-05 1.358961e-05 5.280593e-06 3.493203e-05 -1.727885e+03 -1.664838e+03
56 1 0 -1.994167e-04
56 1 0 -1.994167e-04
56 1.032140e-05 1.358434e-05 5.286292e-06 3.490030e-05 -1.723302e+03 -1.660172e+03
57 1 0 -3.342356e-04
57 1 0 -3.342356e-04
57 1.028124e-05 1.359814e-05 5.073283e-06 3.614243e-05 -1.719262e+03 -1.659039e+03
58 1 0 -3.342765e-04
58 1 0 -3.342765e-04
58 1.027967e-05 1.359676e-05 5.073952e-06 3.611753e-05 -1.714515e+03 -1.654262e+03
59 1 0 -3.342987e-04
59 1 0 -3.342987e-04
59 1.027954e-05 1.359641e-05 5.077149e-06 3.608661e-05 -1.709655e+03 -1.649346e+03
60 1 0 -3.347260e-04
60 1 0 -3.347260e-04
60 1.025824e-05 1.358013e-05 5.122649e-06 3.537411e-05 -1.705041e+03 -1.643687e+03
61 1 0 -3.050323e-04
61 1 0 -3.050323e-04
61 7.771680e-06 1.316798e-05 4.355807e-06 3.993066e-07 -1.745792e+03 -1.655000e+03
62 1 0 -3.050295e-04
62 1 0 -3.050295e-04
62 7.769563e-06 1.316983e-05 4.347938e-06 4.234167e-07 -1.740686e+03 -1.649998e+03
63 1 0 -2.998622e-04
63 1 0 -2.998622e-04
63 7.660696e-06 1.320601e-05 4.102794e-06 5.511732e-07 -1.737761e+03 -1.649666e+03
64 1 0 -2.997605e-04
64 1 0 -2.997605e-04
64 7.626758e-06 1.312736e-05 4.118864e-06 3.660327e-07 -1.733135e+03 -1.644369e+03
65 1 0 -2.923634e-04
65 1 0 -2.923634e-04
65 7.447574e-06 1.251234e-05 4.292544e-06 2.962783e-08 -1.731591e+03 -1.638531e+03
66 1 0 -2.922891e-04
66 1 0 -2.922891e-04
66 7.421811e-06 1.251587e-05 4.241895e-06 2.588521e-08 -1.726585e+03 -1.633978e+03
67 1 0 -2.872142e-04
67 1 0 -2.872142e-04
67 7.096596e-06 1.207534e-05 3.975172e-06 8.434149e-12 -1.728285e+03 -1.636436e+03
68 1 0 -2.861228e-04
68 1 0 -2.861228e-04
68 7.093753e-06 1.207898e-05 3.967026e-06 5.510010e-12 -1.722539e+03 -1.630784e+03
69 1 0 -2.782676e-04
69 1 0 -2.782676e-04
69 7.070029e-06 1.203876e-05 3.953626e-06 6.496950e-16 -1.717157e+03 -1.625375e+03
