1 -2.603395e+02
2 -2.703489e+02
3 -2.753484e+02
4 -2.786706e+02
5 -2.858177e+02
6 -2.926191e+02
7 -3.384928e+02
8 -3.385852e+02
9 -3.420320e+02
10 -3.421838e+02
11 -3.423832e+02
12 -3.424896e+02
13 -3.570849e+02
14 -3.677875e+02
15 -3.721869e+02
16 -3.935518e+02
17 -3.988170e+02
18 -4.014463e+02
19 -4.035987e+02
20 -4.085512e+02
21 -4.205722e+02
22 -4.322789e+02
23 -4.442522e+02
24 -4.442559e+02
25 -4.447940e+02
26 -4.449651e+02
27 -4.465105e+02
28 -4.467700e+02
29 -4.466880e+02
30 -4.423130e+02
31 -4.442146e+02
32 -4.443237e+02
33 -4.438818e+02
34 -4.415219e+02
35 -4.420788e+02
36 -4.418984e+02
37 -4.419055e+02
38 -4.492064e+02
39 -4.663637e+02
40 -4.663652e+02
41 -4.663749e+02
42 -4.673377e+02
43 -4.772324e+02
44 -4.857876e+02
45 -4.940322e+02
46 -5.073810e+02
47 -5.073957e+02
48 -5.421778e+02
49 -5.654771e+02
50 -5.667059e+02
51 -5.716704e+02
52 -5.728594e+02
53 -5.680932e+02
54 -5.677541e+02
55 -5.738098e+02
56 -5.727920e+02
57 -5.744338e+02
58 -6.071745e+02
59 -6.133304e+02
60 -6.132897e+02
61 -6.131584e+02
62 -6.153021e+02
63 -6.184879e+02
64 -6.196573e+02
65 -6.270096e+02
66 -6.240414e+02
67 -6.230533e+02
68 -6.226272e+02
69 -6.290814e+02
70 -6.316575e+02
71 -6.328368e+02
72 -6.603690e+02
73 -6.629237e+02
74 -6.651437e+02
75 -6.672572e+02
76 -6.790097e+02
77 -6.783718e+02
78 -6.801662e+02
79 -7.218082e+02
80 -7.396844e+02
81 -8.174866e+02
82 -8.931679e+02
83 -8.955681e+02
84 -8.737251e+02
85 -9.418250e+02
86 -9.906926e+02
87 -1.002445e+03
