1 -1.105057e+02
2 -1.000955e+02
3 -1.078266e+02
4 -1.067824e+02
5 -1.046642e+02
6 -1.046079e+02
7 -1.044358e+02
8 -1.044252e+02
9 -1.040214e+02
10 -1.041879e+02
11 -1.041876e+02
12 -1.040943e+02
13 -1.040935e+02
14 -1.041194e+02
15 -1.041193e+02
16 -1.041381e+02
17 -7.940184e+01
18 -7.890497e+01
19 -7.890602e+01
20 -7.831169e+01
21 -7.831269e+01
22 -7.947211e+01
23 -7.943125e+01
24 -7.943277e+01
25 -7.946029e+01
26 -7.946028e+01
27 -7.937711e+01
28 -7.692986e+01
29 -7.634653e+01
30 -6.885682e+01
31 -6.690704e+01
32 -6.631487e+01
33 -6.630208e+01
34 -6.630162e+01
35 -6.630461e+01
36 -6.313896e+01
37 -6.306971e+01
38 -6.306927e+01
39 -6.306976e+01
40 -6.312166e+01
41 -6.295626e+01
42 -6.130106e+01
43 -6.416906e+01
44 -6.398051e+01
45 -6.398049e+01
46 -6.401805e+01
47 -6.401802e+01
48 -6.402248e+01
49 -6.392609e+01
50 -6.788026e+01
51 -6.816626e+01
52 -6.816870e+01
53 -6.768201e+01
54 -6.732813e+01
55 -6.781864e+01
56 -6.711811e+01
57 -6.715149e+01
58 -6.715444e+01
59 -6.976872e+01
60 -7.079668e+01
61 -7.079662e+01
62 -7.070275e+01
63 -7.188424e+01
64 -7.206438e+01
65 -8.217391e+01
66 -8.219032e+01
67 -1.369183e+02
68 -1.426184e+02
69 -2.426941e+02
