1 -4.357515e+02
2 -4.215378e+02
3 -3.989041e+02
4 -3.858030e+02
5 -4.133136e+02
6 -3.268463e+02
7 -4.026557e+02
8 -4.098087e+02
9 -4.319404e+02
10 -4.611480e+02
11 -4.615498e+02
12 -4.613288e+02
13 -4.599482e+02
14 -4.599405e+02
15 -4.572792e+02
16 -4.507410e+02
17 -4.498093e+02
18 -4.468372e+02
19 -4.520989e+02
20 -4.534546e+02
21 -4.541203e+02
22 -4.547215e+02
23 -4.543722e+02
24 -4.545221e+02
25 -4.544952e+02
26 -4.547996e+02
27 -4.553333e+02
28 -4.553628e+02
29 -4.549149e+02
30 -4.545827e+02
31 -4.545878e+02
32 -4.548704e+02
33 -4.548768e+02
34 -4.547897e+02
35 -4.548375e+02
36 -4.476447e+02
37 -4.471850e+02
38 -4.471814e+02
39 -4.239619e+02
40 -4.171310e+02
41 -4.171319e+02
42 -4.178124e+02
43 -4.228858e+02
44 -4.216595e+02
45 -4.222329e+02
46 -4.196004e+02
47 -4.203291e+02
48 -4.231101e+02
49 -4.261842e+02
50 -4.272890e+02
51 -4.316605e+02
52 -4.315408e+02
53 -4.346805e+02
54 -4.374999e+02
55 -4.377764e+02
56 -4.387691e+02
57 -4.495654e+02
58 -4.769817e+02
59 -4.766531e+02
60 -4.747105e+02
61 -4.751440e+02
62 -4.750125e+02
63 -4.779417e+02
64 -4.916088e+02
65 -4.978923e+02
66 -4.973011e+02
67 -4.974504e+02
68 -4.953347e+02
69 -4.958113e+02
70 -4.945172e+02
71 -4.953341e+02
72 -5.041393e+02
73 -5.040465e+02
74 -5.056028e+02
75 -5.186834e+02
76 -5.194673e+02
77 -5.203997e+02
78 -5.283645e+02
79 -5.605924e+02
80 -5.605895e+02
81 -5.612338e+02
82 -5.612764e+02
83 -5.662295e+02
84 -5.795338e+02
85 -6.385949e+02
86 -6.537681e+02
87 -6.721891e+02
