1 2.002161e+00
2 4.006486e+00
3 6.012980e+00
4 8.021645e+00
5 1.003249e+01
6 1.204550e+01
7 1.406070e+01
8 1.607809e+01
9 1.809767e+01
10 2.011944e+01
11 2.214340e+01
12 2.416957e+01
13 2.619793e+01
14 2.822851e+01
15 3.026130e+01
16 3.229630e+01
17 3.433351e+01
18 3.637296e+01
19 3.841462e+01
20 4.045852e+01
21 4.250464e+01
22 4.455301e+01
23 4.660361e+01
24 4.865646e+01
25 5.071155e+01
26 5.276889e+01
27 5.482849e+01
28 5.689035e+01
29 5.895447e+01
30 6.102086e+01
31 6.308951e+01
32 6.516044e+01
33 6.723364e+01
34 6.930913e+01
35 7.138690e+01
36 7.346696e+01
37 7.554931e+01
38 7.763396e+01
39 7.972090e+01
40 8.181015e+01
41 8.390171e+01
42 8.599558e+01
43 8.809176e+01
44 9.019027e+01
45 9.229109e+01
46 9.439424e+01
47 9.649972e+01
48 9.860754e+01
49 1.007177e+02
50 1.028302e+02
51 1.049450e+02
52 1.070622e+02
53 1.091818e+02
54 1.113037e+02
55 1.134279e+02
56 1.155546e+02
57 1.176836e+02
58 1.198149e+02
59 1.219487e+02
60 1.240848e+02
61 1.262233e+02
62 1.283642e+02
63 1.305075e+02
64 1.326532e+02
65 1.348013e+02
66 1.369518e+02
67 1.391048e+02
68 1.412601e+02
69 1.434178e+02
