1 -2.525303e-02
2 -4.371522e-01
3 -1.920946e-02
4 -9.001171e-01
5 -2.019749e-02
6 -2.233157e-02
7 -2.620089e-01
8 -2.283015e-01
9 -1.592365e-02
10 -2.247396e-01
11 -6.253777e-03
12 -1.763792e-02
13 -9.722472e-02
14 -1.073088e-01
15 -9.473939e-02
16 -3.711679e-02
17 -4.503704e-02
18 -6.145841e-02
19 -3.262130e-02
20 -4.089599e-02
21 -8.414718e-03
22 -3.598702e-02
23 -1.119918e-02
24 -3.747695e-02
25 -1.360405e-02
26 -3.255245e-02
27 -6.350349e-02
28 -1.453211e-02
29 -1.658846e-02
30 -8.906232e-04
31 -1.645162e-02
32 -1.355408e-02
33 -3.564299e-02
34 -1.665013e-02
35 -2.287822e-02
36 -1.584031e-02
37 -7.634845e-02
38 -5.892067e-02
39 -4.080608e-02
40 -1.460857e-01
41 -4.592070e-03
42 -1.541075e-01
43 -3.582103e-01
44 -2.601359e-02
45 -7.046827e-02
46 -1.096914e-01
47 -4.260244e-02
48 -2.090829e-02
49 -2.042320e-01
50 -8.851653e-02
51 -9.545951e-03
52 -2.584035e-02
53 -1.603803e-01
54 -8.287157e-02
55 -9.117837e-02
56 -3.846909e-02
57 -3.731896e-02
58 -1.451685e-01
59 -8.008516e-02
60 -2.417367e-02
61 -8.634223e-02
62 -3.148041e-02
63 -1.227018e-01
64 -2.433066e-02
65 -3.012566e-02
66 -2.587916e-01
67 -2.114137e-01
68 -7.593783e-02
69 -9.161800e-02
70 -4.495596e-01
71 -4.196377e-02
72 -5.802797e-01
73 -1.532379e-01
74 -5.191303e-01
75 -3.650643e-01
76 -5.576691e-01
77 -5.608620e-01
78 -7.429196e-01
79 -5.582183e-01
80 -1.542347e+00
81 -1.729697e-01
82 -2.127957e-01
83 -5.210292e-01
84 -3.019469e-02
85 -2.125283e+00
86 -2.104434e-01
