-8.608559e-03 -8.676269e-03
-1.027779e-02 -1.046343e-02
9.764328e-02 9.762872e-02
1.193552e-01 1.193564e-01
7.229338e-02 7.226667e-02
-5.673796e-03 -5.833962e-03
-7.051510e-03 -7.185186e-03
-4.642625e-03 -4.738002e-03
-3.526349e-03 -3.392479e-03
-3.313649e-03 -3.376822e-03
-4.691732e-03 -4.588980e-03
-6.876195e-03 -6.825653e-03
-6.028151e-03 -6.094304e-03
6.834302e-02 6.834154e-02
1.204612e-01 1.204695e-01
1.003130e-01 1.003045e-01
-9.971827e-03 -9.815376e-03
-8.489915e-03 -8.597049e-03
4.433602e-04 5.407470e-04
2.209229e-03 2.294063e-03
2.761918e-03 2.534439e-03
3.907760e-03 3.944773e-03
3.222698e-03 3.365634e-03
1.805966e-03 1.768690e-03
1.040778e-03 1.045815e-03
9.651917e-04 9.599189e-04
5.441352e-05 6.166058e-05
-1.644265e-04 -1.510084e-04
7.439516e-04 7.452571e-04
2.688641e-03 2.671766e-03
3.824944e-03 3.900157e-03
3.675005e-03 3.529210e-03
5.112100e-03 4.646261e-03
3.744362e-03 3.689907e-03
9.138595e-04 8.777557e-04
-1.766873e-03 -1.758105e-03
1.418805e-03 1.481622e-03
5.260402e-04 4.915868e-04
-1.340081e-04 -1.370553e-04
