3.520868e-02 4.611858e-02
3.677885e-02 4.639899e-02
3.784629e-02 4.556976e-02
3.632258e-02 4.446351e-02
4.013179e-02 5.034367e-02
4.077396e-02 5.101936e-02
3.537951e-02 1.655460e-02
3.628704e-02 1.799341e-02
3.086227e-02 1.194102e-02
2.935138e-02 1.073892e-02
3.690642e-02 2.611045e-02
3.656169e-02 2.777782e-02
4.507968e-02 3.657317e-02
4.517592e-02 3.429905e-02
5.567604e-02 5.076162e-02
5.507080e-02 4.105168e-02
6.691737e-02 6.754920e-02
6.914969e-02 6.900895e-02
8.432846e-02 8.426250e-02
8.649041e-02 8.798126e-02
1.002298e-01 1.010599e-01
1.016158e-01 1.014571e-01
5.727482e-02 5.793063e-02
5.714899e-02 5.698028e-02
3.169129e-02 3.164666e-02
3.041290e-02 3.041613e-02
1.279451e-02 1.598519e-02
1.262923e-02 1.258249e-02
3.087040e-03 6.070071e-03
3.012302e-03 3.257684e-03
2.883353e-03 5.425599e-03
2.670431e-03 -4.475622e-03
2.522676e-03 3.746196e-03
2.554393e-03 1.865796e-02
2.119469e-03 1.420316e-03
2.179753e-03 1.020348e-02
1.876744e-03 -2.198860e-03
1.970774e-03 -6.319219e-03
1.642296e-03 -1.337236e-02
1.748293e-03 -1.244201e-02
1.384248e-03 -8.662980e-03
1.370079e-03 -8.031986e-03
1.069634e-03 2.705111e-02
1.028069e-03 2.740031e-02
8.174632e-04 6.805532e-03
7.998965e-04 6.126182e-03
6.889981e-04 2.243822e-02
6.653135e-04 2.243822e-02
