2.489350e-02 2.492649e-02
2.489350e-02 2.565738e-02
3.767355e-02 3.726995e-02
3.767355e-02 3.768924e-02
3.192413e-02 3.318069e-02
3.192413e-02 3.248311e-02
3.186089e-02 3.226817e-02
3.186089e-02 3.192374e-02
3.788676e-02 3.740013e-02
3.788676e-02 3.777757e-02
5.047968e-02 4.917050e-02
5.047968e-02 5.062585e-02
6.976181e-02 7.053073e-02
6.976181e-02 6.894963e-02
4.781955e-02 4.863616e-02
4.781955e-02 4.801564e-02
4.609140e-02 4.342189e-02
4.609140e-02 4.664056e-02
4.236388e-02 4.154895e-02
4.236388e-02 4.277690e-02
3.690730e-02 3.655250e-02
3.690730e-02 3.697550e-02
2.964719e-02 2.972671e-02
2.964719e-02 2.909273e-02
1.937607e-02 1.962973e-02
1.937607e-02 2.013941e-02
4.844784e-03 4.891200e-03
4.844784e-03 4.619892e-03
3.413046e-02 3.364289e-02
3.413046e-02 3.445084e-02
8.415388e-02 8.629527e-02
8.415388e-02 8.526675e-02
8.926257e-02 9.396454e-02
8.926257e-02 9.178998e-02
2.364000e-02 2.335999e-02
2.364000e-02 2.335999e-02
2.395727e-02 2.372584e-02
2.395727e-02 2.419776e-02
2.488449e-02 2.487633e-02
2.488449e-02 2.508553e-02
2.629784e-02 2.615604e-02
2.629784e-02 2.578940e-02
2.935841e-02 2.862209e-02
2.935841e-02 2.851621e-02
