-7.589572e-04 -7.538709e-04
-7.589572e-04 -7.632358e-04
-4.722862e-04 -4.819765e-04
-4.722862e-04 -4.689132e-04
6.673166e-05 7.567948e-05
6.673166e-05 7.053643e-05
-2.605725e-04 -2.724272e-04
-2.605725e-04 -2.611692e-04
-1.627948e-03 -1.621109e-03
-1.627948e-03 -1.622125e-03
-2.291162e-04 -2.403493e-04
-2.291162e-04 -2.243138e-04
-3.836648e-05 -1.687632e-06
-3.836648e-05 -1.201077e-05
4.057641e-05 2.853780e-05
4.057641e-05 1.922166e-05
7.523744e-05 7.036806e-05
7.523744e-05 7.778472e-05
9.260401e-05 8.538430e-05
9.260401e-05 8.571875e-05
1.012190e-04 1.303862e-04
1.012190e-04 1.369743e-04
9.432668e-05 7.374753e-05
9.432668e-05 7.339355e-05
9.270128e-05 5.634286e-05
9.270128e-05 5.983615e-05
9.731227e-05 1.058746e-04
9.731227e-05 1.205903e-04
1.007832e-04 1.045054e-04
1.007832e-04 1.183082e-04
9.766400e-05 9.899011e-05
9.766400e-05 1.073627e-04
9.295115e-05 8.959991e-05
9.295115e-05 9.028276e-05
8.299453e-05 8.016509e-05
8.299453e-05 7.310104e-05
6.070730e-05 4.382353e-05
6.070730e-05 2.860780e-05
1.295756e-05 5.910439e-05
1.295756e-05 3.362266e-05
-8.594552e-05 -4.021476e-05
-8.594552e-05 -6.225911e-05
-2.612781e-04 -3.410203e-04
-2.612781e-04 -3.345219e-04
-4.531070e-04 -5.020809e-04
-4.531070e-04 -4.829289e-04
-5.321826e-04 -5.037185e-04
-5.321826e-04 -5.037185e-04
