2.200000e-01 4.426112e-01
2.203884e-01 4.425051e-01
2.207742e-01 4.423970e-01
2.211574e-01 4.422867e-01
2.215381e-01 4.421744e-01
2.219161e-01 4.420599e-01
2.222915e-01 4.419434e-01
2.226643e-01 4.418247e-01
2.230346e-01 4.417040e-01
2.234022e-01 4.415811e-01
2.237672e-01 4.414562e-01
2.241296e-01 4.413291e-01
2.244895e-01 4.412000e-01
2.248467e-01 4.410687e-01
2.252013e-01 4.409354e-01
2.255534e-01 4.407999e-01
2.259028e-01 4.406624e-01
2.262497e-01 4.405227e-01
2.265939e-01 4.403810e-01
2.269356e-01 4.402371e-01
2.272746e-01 4.400912e-01
2.276111e-01 4.399431e-01
2.279449e-01 4.397930e-01
2.282762e-01 4.396407e-01
2.286048e-01 4.394864e-01
2.289309e-01 4.393299e-01
2.292543e-01 4.391714e-01
2.295752e-01 4.390107e-01
2.298935e-01 4.388480e-01
2.302091e-01 4.386831e-01
2.305222e-01 4.385162e-01
2.308327e-01 4.383471e-01
2.311406e-01 4.381760e-01
2.314458e-01 4.380027e-01
2.317485e-01 4.378274e-01
2.320486e-01 4.376499e-01
2.323461e-01 4.374704e-01
2.326409e-01 4.372887e-01
2.329332e-01 4.371050e-01
2.332229e-01 4.369191e-01
2.335100e-01 4.367312e-01
2.337945e-01 4.365411e-01
2.340764e-01 4.363490e-01
2.343557e-01 4.361547e-01
2.346324e-01 4.359584e-01
2.349065e-01 4.357599e-01
2.351780e-01 4.355594e-01
2.354469e-01 4.353567e-01
2.357132e-01 4.351520e-01
2.359769e-01 4.349451e-01
2.362380e-01 4.347362e-01
2.364965e-01 4.345251e-01
2.367524e-01 4.343120e-01
2.370057e-01 4.340967e-01
2.372564e-01 4.338794e-01
2.375045e-01 4.336599e-01
2.377501e-01 4.334384e-01
2.379930e-01 4.332147e-01
2.382333e-01 4.329890e-01
2.384710e-01 4.327611e-01
2.387061e-01 4.325312e-01
2.389387e-01 4.322991e-01
2.391686e-01 4.320650e-01
2.393959e-01 4.318287e-01
2.396207e-01 4.315904e-01
2.398428e-01 4.313499e-01
2.400623e-01 4.311074e-01
2.402793e-01 4.308627e-01
2.404936e-01 4.306160e-01
2.407054e-01 4.303671e-01
2.409145e-01 4.301162e-01
2.411211e-01 4.298631e-01
2.413250e-01 4.296080e-01
2.415264e-01 4.293507e-01
2.417251e-01 4.290914e-01
2.419213e-01 4.288299e-01
2.421148e-01 4.285664e-01
2.423058e-01 4.283007e-01
2.424941e-01 4.280330e-01
2.426799e-01 4.277631e-01
2.428631e-01 4.274912e-01
2.430436e-01 4.272171e-01
2.432216e-01 4.269410e-01
2.433970e-01 4.266627e-01
2.435697e-01 4.263824e-01
2.437399e-01 4.260999e-01
2.439075e-01 4.258154e-01
2.440725e-01 4.255287e-01
2.442349e-01 4.252400e-01
2.443946e-01 4.249491e-01
2.445518e-01 4.246562e-01
2.447064e-01 4.243611e-01
2.448584e-01 4.240640e-01
2.450078e-01 4.237647e-01
2.451546e-01 4.234634e-01
2.452988e-01 4.231599e-01
2.454404e-01 4.228544e-01
2.455794e-01 4.225467e-01
2.457158e-01 4.222370e-01
2.458496e-01 4.219251e-01
2.459808e-01 4.216112e-01
2.461094e-01 4.212951e-01
2.462354e-01 4.209770e-01
2.463588e-01 4.206567e-01
2.464796e-01 4.203344e-01
2.465978e-01 4.200099e-01
2.467134e-01 4.196834e-01
2.468264e-01 4.193547e-01
2.469369e-01 4.190240e-01
2.470447e-01 4.186911e-01
2.471499e-01 4.183562e-01
2.472525e-01 4.180191e-01
2.473525e-01 4.176800e-01
2.474500e-01 4.173387e-01
2.475448e-01 4.169954e-01
2.476370e-01 4.166499e-01
2.477267e-01 4.163024e-01
2.478137e-01 4.159527e-01
2.478981e-01 4.156010e-01
2.479800e-01 4.152471e-01
2.480592e-01 4.148912e-01
2.481359e-01 4.145331e-01
2.482099e-01 4.141730e-01
2.482814e-01 4.138107e-01
2.483502e-01 4.134464e-01
2.484165e-01 4.130799e-01
2.484801e-01 4.127114e-01
2.485412e-01 4.123407e-01
2.485996e-01 4.119680e-01
2.486555e-01 4.115931e-01
2.487087e-01 4.112162e-01
2.487594e-01 4.108371e-01
2.488075e-01 4.104560e-01
2.488529e-01 4.100727e-01
2.488958e-01 4.096874e-01
2.489361e-01 4.092999e-01
2.489737e-01 4.089104e-01
2.490088e-01 4.085187e-01
2.490413e-01 4.081250e-01
2.490712e-01 4.077291e-01
2.490985e-01 4.073312e-01
2.491231e-01 4.069311e-01
2.491452e-01 4.065290e-01
2.491647e-01 4.061247e-01
2.491816e-01 4.057184e-01
2.491959e-01 4.053099e-01
2.492076e-01 4.048994e-01
2.492167e-01 4.044867e-01
2.492232e-01 4.040720e-01
2.492271e-01 4.036551e-01
2.492284e-01 4.032362e-01
2.492271e-01 4.028151e-01
2.492232e-01 4.023920e-01
2.492167e-01 4.019667e-01
2.492076e-01 4.015394e-01
2.491959e-01 4.011099e-01
2.491816e-01 4.006784e-01
2.491647e-01 4.002447e-01
2.491452e-01 3.998090e-01
2.491231e-01 3.993711e-01
2.490985e-01 3.989312e-01
2.490712e-01 3.984891e-01
2.490413e-01 3.980450e-01
2.490088e-01 3.975987e-01
2.489737e-01 3.971504e-01
2.489361e-01 3.966999e-01
2.488958e-01 3.962474e-01
2.488529e-01 3.957927e-01
2.488075e-01 3.953360e-01
2.487594e-01 3.948771e-01
2.487087e-01 3.944162e-01
2.486555e-01 3.939531e-01
2.485996e-01 3.934880e-01
2.485412e-01 3.930207e-01
2.484801e-01 3.925514e-01
2.484165e-01 3.920799e-01
2.483502e-01 3.916064e-01
2.482814e-01 3.911307e-01
2.482099e-01 3.906530e-01
2.481359e-01 3.901731e-01
2.480592e-01 3.896912e-01
2.479800e-01 3.892071e-01
2.478981e-01 3.887210e-01
2.478137e-01 3.882327e-01
2.477267e-01 3.877424e-01
2.476370e-01 3.872499e-01
2.475448e-01 3.867554e-01
2.474500e-01 3.862587e-01
2.473525e-01 3.857600e-01
2.472525e-01 3.852591e-01
2.471499e-01 3.847562e-01
2.470447e-01 3.842511e-01
2.469369e-01 3.837440e-01
2.468264e-01 3.832347e-01
2.467134e-01 3.827234e-01
2.465978e-01 3.822099e-01
2.464796e-01 3.816944e-01
2.463588e-01 3.811767e-01
2.462354e-01 3.806570e-01
2.461094e-01 3.801351e-01
2.459808e-01 3.796112e-01
2.459808e-01 3.796112e-01
2.457210e-01 3.791933e-01
2.454611e-01 3.787796e-01
2.452013e-01 3.783701e-01
2.449415e-01 3.779648e-01
2.446817e-01 3.775637e-01
2.444219e-01 3.771668e-01
2.441621e-01 3.767741e-01
2.439023e-01 3.763856e-01
2.436425e-01 3.760013e-01
2.433827e-01 3.756212e-01
2.431229e-01 3.752453e-01
2.428631e-01 3.748736e-01
2.426033e-01 3.745061e-01
2.423435e-01 3.741428e-01
2.420836e-01 3.737837e-01
2.418238e-01 3.734288e-01
2.415640e-01 3.730781e-01
2.413042e-01 3.727316e-01
2.410444e-01 3.723893e-01
2.407846e-01 3.720512e-01
2.405248e-01 3.717173e-01
2.402650e-01 3.713876e-01
2.400052e-01 3.710621e-01
2.397454e-01 3.707408e-01
2.394856e-01 3.704237e-01
2.392258e-01 3.701108e-01
2.389660e-01 3.698021e-01
2.387061e-01 3.694976e-01
2.384463e-01 3.691973e-01
2.381865e-01 3.689012e-01
2.379267e-01 3.686093e-01
2.376669e-01 3.683216e-01
2.374071e-01 3.680381e-01
2.371473e-01 3.677588e-01
2.368875e-01 3.674837e-01
2.366277e-01 3.672128e-01
2.363679e-01 3.669461e-01
2.361081e-01 3.666836e-01
2.358483e-01 3.664253e-01
2.355885e-01 3.661712e-01
2.353286e-01 3.659213e-01
2.350688e-01 3.656756e-01
2.348090e-01 3.654341e-01
2.345492e-01 3.651968e-01
2.342894e-01 3.649637e-01
2.340296e-01 3.647348e-01
2.337698e-01 3.645101e-01
2.335100e-01 3.642896e-01
2.332502e-01 3.640733e-01
2.329904e-01 3.638612e-01
2.327306e-01 3.636533e-01
2.324708e-01 3.634496e-01
2.322110e-01 3.632501e-01
2.319512e-01 3.630548e-01
2.316913e-01 3.628637e-01
2.314315e-01 3.626768e-01
2.311717e-01 3.624941e-01
2.309119e-01 3.623156e-01
2.306521e-01 3.621413e-01
2.303923e-01 3.619712e-01
2.301325e-01 3.618053e-01
2.298727e-01 3.616436e-01
2.296129e-01 3.614861e-01
2.293531e-01 3.613328e-01
2.290933e-01 3.611837e-01
2.288335e-01 3.610388e-01
2.285737e-01 3.608981e-01
2.283138e-01 3.607616e-01
2.280540e-01 3.606293e-01
2.277942e-01 3.605012e-01
2.275344e-01 3.603773e-01
2.272746e-01 3.602576e-01
2.270148e-01 3.601421e-01
2.267550e-01 3.600308e-01
2.264952e-01 3.599237e-01
2.262354e-01 3.598208e-01
2.259756e-01 3.597221e-01
2.257158e-01 3.596276e-01
2.254560e-01 3.595373e-01
2.251962e-01 3.594512e-01
2.249363e-01 3.593693e-01
2.246765e-01 3.592916e-01
2.244167e-01 3.592181e-01
2.241569e-01 3.591488e-01
2.238971e-01 3.590837e-01
2.236373e-01 3.590228e-01
2.233775e-01 3.589661e-01
2.231177e-01 3.589136e-01
2.228579e-01 3.588653e-01
2.225981e-01 3.588212e-01
2.223383e-01 3.587813e-01
2.220785e-01 3.587456e-01
2.218187e-01 3.587141e-01
2.215588e-01 3.586868e-01
2.212990e-01 3.586637e-01
2.210392e-01 3.586448e-01
2.207794e-01 3.586301e-01
2.205196e-01 3.586196e-01
2.202598e-01 3.586133e-01
2.200000e-01 3.586112e-01
2.197402e-01 3.586133e-01
2.194804e-01 3.586196e-01
2.192206e-01 3.586301e-01
2.189608e-01 3.586448e-01
2.187010e-01 3.586637e-01
2.184412e-01 3.586868e-01
2.181813e-01 3.587141e-01
2.179215e-01 3.587456e-01
2.176617e-01 3.587813e-01
2.174019e-01 3.588212e-01
2.171421e-01 3.588653e-01
2.168823e-01 3.589136e-01
2.166225e-01 3.589661e-01
2.163627e-01 3.590228e-01
2.161029e-01 3.590837e-01
2.158431e-01 3.591488e-01
2.155833e-01 3.592181e-01
2.153235e-01 3.592916e-01
2.150637e-01 3.593693e-01
2.148038e-01 3.594512e-01
2.145440e-01 3.595373e-01
2.142842e-01 3.596276e-01
2.140244e-01 3.597221e-01
2.137646e-01 3.598208e-01
2.135048e-01 3.599237e-01
2.132450e-01 3.600308e-01
2.129852e-01 3.601421e-01
2.127254e-01 3.602576e-01
2.124656e-01 3.603773e-01
2.122058e-01 3.605012e-01
2.119460e-01 3.606293e-01
2.116862e-01 3.607616e-01
2.114263e-01 3.608981e-01
2.111665e-01 3.610388e-01
2.109067e-01 3.611837e-01
2.106469e-01 3.613328e-01
2.103871e-01 3.614861e-01
2.101273e-01 3.616436e-01
2.098675e-01 3.618053e-01
2.096077e-01 3.619712e-01
2.093479e-01 3.621413e-01
2.090881e-01 3.623156e-01
2.088283e-01 3.624941e-01
2.085685e-01 3.626768e-01
2.083087e-01 3.628637e-01
2.080488e-01 3.630548e-01
2.077890e-01 3.632501e-01
2.075292e-01 3.634496e-01
2.072694e-01 3.636533e-01
2.070096e-01 3.638612e-01
2.067498e-01 3.640733e-01
2.064900e-01 3.642896e-01
2.062302e-01 3.645101e-01
2.059704e-01 3.647348e-01
2.057106e-01 3.649637e-01
2.054508e-01 3.651968e-01
2.051910e-01 3.654341e-01
2.049312e-01 3.656756e-01
2.046714e-01 3.659213e-01
2.044115e-01 3.661712e-01
2.041517e-01 3.664253e-01
2.038919e-01 3.666836e-01
2.036321e-01 3.669461e-01
2.033723e-01 3.672128e-01
2.031125e-01 3.674837e-01
2.028527e-01 3.677588e-01
2.025929e-01 3.680381e-01
2.023331e-01 3.683216e-01
2.020733e-01 3.686093e-01
2.018135e-01 3.689012e-01
2.015537e-01 3.691973e-01
2.012939e-01 3.694976e-01
2.010340e-01 3.698021e-01
2.007742e-01 3.701108e-01
2.005144e-01 3.704237e-01
2.002546e-01 3.707408e-01
1.999948e-01 3.710621e-01
1.997350e-01 3.713876e-01
1.994752e-01 3.717173e-01
1.992154e-01 3.720512e-01
1.989556e-01 3.723893e-01
1.986958e-01 3.727316e-01
1.984360e-01 3.730781e-01
1.981762e-01 3.734288e-01
1.979164e-01 3.737837e-01
1.976565e-01 3.741428e-01
1.973967e-01 3.745061e-01
1.971369e-01 3.748736e-01
1.968771e-01 3.752453e-01
1.966173e-01 3.756212e-01
1.963575e-01 3.760013e-01
1.960977e-01 3.763856e-01
1.958379e-01 3.767741e-01
1.955781e-01 3.771668e-01
1.953183e-01 3.775637e-01
1.950585e-01 3.779648e-01
1.947987e-01 3.783701e-01
1.945389e-01 3.787796e-01
1.942790e-01 3.791933e-01
1.940192e-01 3.796112e-01
1.940192e-01 3.796112e-01
1.938906e-01 3.801351e-01
1.937646e-01 3.806570e-01
1.936412e-01 3.811767e-01
1.935204e-01 3.816944e-01
1.934022e-01 3.822099e-01
1.932866e-01 3.827234e-01
1.931736e-01 3.832347e-01
1.930631e-01 3.837440e-01
1.929553e-01 3.842511e-01
1.928501e-01 3.847562e-01
1.927475e-01 3.852591e-01
1.926475e-01 3.857600e-01
1.925500e-01 3.862587e-01
1.924552e-01 3.867554e-01
1.923630e-01 3.872499e-01
1.922733e-01 3.877424e-01
1.921863e-01 3.882327e-01
1.921019e-01 3.887210e-01
1.920200e-01 3.892071e-01
1.919408e-01 3.896912e-01
1.918641e-01 3.901731e-01
1.917901e-01 3.906530e-01
1.917186e-01 3.911307e-01
1.916498e-01 3.916064e-01
1.915835e-01 3.920799e-01
1.915199e-01 3.925514e-01
1.914588e-01 3.930207e-01
1.914004e-01 3.934880e-01
1.913445e-01 3.939531e-01
1.912913e-01 3.944162e-01
1.912406e-01 3.948771e-01
1.911925e-01 3.953360e-01
1.911471e-01 3.957927e-01
1.911042e-01 3.962474e-01
1.910639e-01 3.966999e-01
1.910263e-01 3.971504e-01
1.909912e-01 3.975987e-01
1.909587e-01 3.980450e-01
1.909288e-01 3.984891e-01
1.909015e-01 3.989312e-01
1.908769e-01 3.993711e-01
1.908548e-01 3.998090e-01
1.908353e-01 4.002447e-01
1.908184e-01 4.006784e-01
1.908041e-01 4.011099e-01
1.907924e-01 4.015394e-01
1.907833e-01 4.019667e-01
1.907768e-01 4.023920e-01
1.907729e-01 4.028151e-01
1.907716e-01 4.032362e-01
1.907729e-01 4.036551e-01
1.907768e-01 4.040720e-01
1.907833e-01 4.044867e-01
1.907924e-01 4.048994e-01
1.908041e-01 4.053099e-01
1.908184e-01 4.057184e-01
1.908353e-01 4.061247e-01
1.908548e-01 4.065290e-01
1.908769e-01 4.069311e-01
1.909015e-01 4.073312e-01
1.909288e-01 4.077291e-01
1.909587e-01 4.081250e-01
1.909912e-01 4.085187e-01
1.910263e-01 4.089104e-01
1.910639e-01 4.092999e-01
1.911042e-01 4.096874e-01
1.911471e-01 4.100727e-01
1.911925e-01 4.104560e-01
1.912406e-01 4.108371e-01
1.912913e-01 4.112162e-01
1.913445e-01 4.115931e-01
1.914004e-01 4.119680e-01
1.914588e-01 4.123407e-01
1.915199e-01 4.127114e-01
1.915835e-01 4.130799e-01
1.916498e-01 4.134464e-01
1.917186e-01 4.138107e-01
1.917901e-01 4.141730e-01
1.918641e-01 4.145331e-01
1.919408e-01 4.148912e-01
1.920200e-01 4.152471e-01
1.921019e-01 4.156010e-01
1.921863e-01 4.159527e-01
1.922733e-01 4.163024e-01
1.923630e-01 4.166499e-01
1.924552e-01 4.169954e-01
1.925500e-01 4.173387e-01
1.926475e-01 4.176800e-01
1.927475e-01 4.180191e-01
1.928501e-01 4.183562e-01
1.929553e-01 4.186911e-01
1.930631e-01 4.190240e-01
1.931736e-01 4.193547e-01
1.932866e-01 4.196834e-01
1.934022e-01 4.200099e-01
1.935204e-01 4.203344e-01
1.936412e-01 4.206567e-01
1.937646e-01 4.209770e-01
1.938906e-01 4.212951e-01
1.940192e-01 4.216112e-01
1.941504e-01 4.219251e-01
1.942842e-01 4.222370e-01
1.944206e-01 4.225467e-01
1.945596e-01 4.228544e-01
1.947012e-01 4.231599e-01
1.948454e-01 4.234634e-01
1.949922e-01 4.237647e-01
1.951416e-01 4.240640e-01
1.952936e-01 4.243611e-01
1.954482e-01 4.246562e-01
1.956054e-01 4.249491e-01
1.957651e-01 4.252400e-01
1.959275e-01 4.255287e-01
1.960925e-01 4.258154e-01
1.962601e-01 4.260999e-01
1.964303e-01 4.263824e-01
1.966030e-01 4.266627e-01
1.967784e-01 4.269410e-01
1.969564e-01 4.272171e-01
1.971369e-01 4.274912e-01
1.973201e-01 4.277631e-01
1.975059e-01 4.280330e-01
1.976942e-01 4.283007e-01
1.978852e-01 4.285664e-01
1.980787e-01 4.288299e-01
1.982749e-01 4.290914e-01
1.984736e-01 4.293507e-01
1.986750e-01 4.296080e-01
1.988789e-01 4.298631e-01
1.990855e-01 4.301162e-01
1.992946e-01 4.303671e-01
1.995064e-01 4.306160e-01
1.997207e-01 4.308627e-01
1.999377e-01 4.311074e-01
2.001572e-01 4.313499e-01
2.003793e-01 4.315904e-01
2.006041e-01 4.318287e-01
2.008314e-01 4.320650e-01
2.010613e-01 4.322991e-01
2.012939e-01 4.325312e-01
2.015290e-01 4.327611e-01
2.017667e-01 4.329890e-01
2.020070e-01 4.332147e-01
2.022499e-01 4.334384e-01
2.024955e-01 4.336599e-01
2.027436e-01 4.338794e-01
2.029943e-01 4.340967e-01
2.032476e-01 4.343120e-01
2.035035e-01 4.345251e-01
2.037620e-01 4.347362e-01
2.040231e-01 4.349451e-01
2.042868e-01 4.351520e-01
2.045531e-01 4.353567e-01
2.048220e-01 4.355594e-01
2.050935e-01 4.357599e-01
2.053676e-01 4.359584e-01
2.056443e-01 4.361547e-01
2.059236e-01 4.363490e-01
2.062055e-01 4.365411e-01
2.064900e-01 4.367312e-01
2.067771e-01 4.369191e-01
2.070668e-01 4.371050e-01
2.073591e-01 4.372887e-01
2.076539e-01 4.374704e-01
2.079514e-01 4.376499e-01
2.082515e-01 4.378274e-01
2.085542e-01 4.380027e-01
2.088594e-01 4.381760e-01
2.091673e-01 4.383471e-01
2.094778e-01 4.385162e-01
2.097909e-01 4.386831e-01
2.101065e-01 4.388480e-01
2.104248e-01 4.390107e-01
2.107457e-01 4.391714e-01
2.110691e-01 4.393299e-01
2.113952e-01 4.394864e-01
2.117238e-01 4.396407e-01
2.120551e-01 4.397930e-01
2.123889e-01 4.399431e-01
2.127254e-01 4.400912e-01
2.130644e-01 4.402371e-01
2.134061e-01 4.403810e-01
2.137503e-01 4.405227e-01
2.140972e-01 4.406624e-01
2.144466e-01 4.407999e-01
2.147987e-01 4.409354e-01
2.151533e-01 4.410687e-01
2.155105e-01 4.412000e-01
2.158704e-01 4.413291e-01
2.162328e-01 4.414562e-01
2.165978e-01 4.415811e-01
2.169654e-01 4.417040e-01
2.173357e-01 4.418247e-01
2.177085e-01 4.419434e-01
2.180839e-01 4.420599e-01
2.184619e-01 4.421744e-01
2.188426e-01 4.422867e-01
2.192258e-01 4.423970e-01
2.196116e-01 4.425051e-01
2.200000e-01 4.426112e-01
2.200000e-01 -3.584557e-01
2.203884e-01 -3.585617e-01
2.207742e-01 -3.586699e-01
2.211574e-01 -3.587801e-01
2.215381e-01 -3.588925e-01
2.219161e-01 -3.590069e-01
2.222915e-01 -3.591235e-01
2.226643e-01 -3.592421e-01
2.230346e-01 -3.593629e-01
2.234022e-01 -3.594857e-01
2.237672e-01 -3.596107e-01
2.241296e-01 -3.597377e-01
2.244895e-01 -3.598669e-01
2.248467e-01 -3.599981e-01
2.252013e-01 -3.601315e-01
2.255534e-01 -3.602669e-01
2.259028e-01 -3.604045e-01
2.262497e-01 -3.605441e-01
2.265939e-01 -3.606859e-01
2.269356e-01 -3.608297e-01
2.272746e-01 -3.609757e-01
2.276111e-01 -3.611237e-01
2.279449e-01 -3.612739e-01
2.282762e-01 -3.614261e-01
2.286048e-01 -3.615805e-01
2.289309e-01 -3.617369e-01
2.292543e-01 -3.618955e-01
2.295752e-01 -3.620561e-01
2.298935e-01 -3.622189e-01
2.302091e-01 -3.623837e-01
2.305222e-01 -3.625507e-01
2.308327e-01 -3.627197e-01
2.311406e-01 -3.628909e-01
2.314458e-01 -3.630641e-01
2.317485e-01 -3.632395e-01
2.320486e-01 -3.634169e-01
2.323461e-01 -3.635965e-01
2.326409e-01 -3.637781e-01
2.329332e-01 -3.639619e-01
2.332229e-01 -3.641477e-01
2.335100e-01 -3.643357e-01
2.337945e-01 -3.645257e-01
2.340764e-01 -3.647179e-01
2.343557e-01 -3.649121e-01
2.346324e-01 -3.651085e-01
2.349065e-01 -3.653069e-01
2.351780e-01 -3.655075e-01
2.354469e-01 -3.657101e-01
2.357132e-01 -3.659149e-01
2.359769e-01 -3.661217e-01
2.362380e-01 -3.663307e-01
2.364965e-01 -3.665417e-01
2.367524e-01 -3.667549e-01
2.370057e-01 -3.669701e-01
2.372564e-01 -3.671875e-01
2.375045e-01 -3.674069e-01
2.377501e-01 -3.676285e-01
2.379930e-01 -3.678521e-01
2.382333e-01 -3.680779e-01
2.384710e-01 -3.683057e-01
2.387061e-01 -3.685357e-01
2.389387e-01 -3.687677e-01
2.391686e-01 -3.690019e-01
2.393959e-01 -3.692381e-01
2.396207e-01 -3.694765e-01
2.398428e-01 -3.697169e-01
2.400623e-01 -3.699595e-01
2.402793e-01 -3.702041e-01
2.404936e-01 -3.704509e-01
2.407054e-01 -3.706997e-01
2.409145e-01 -3.709507e-01
2.411211e-01 -3.712037e-01
2.413250e-01 -3.714589e-01
2.415264e-01 -3.717161e-01
2.417251e-01 -3.719755e-01
2.419213e-01 -3.722369e-01
2.421148e-01 -3.725005e-01
2.423058e-01 -3.727661e-01
2.424941e-01 -3.730339e-01
2.426799e-01 -3.733037e-01
2.428631e-01 -3.735757e-01
2.430436e-01 -3.738497e-01
2.432216e-01 -3.741259e-01
2.433970e-01 -3.744041e-01
2.435697e-01 -3.746845e-01
2.437399e-01 -3.749669e-01
2.439075e-01 -3.752515e-01
2.440725e-01 -3.755381e-01
2.442349e-01 -3.758269e-01
2.443946e-01 -3.761177e-01
2.445518e-01 -3.764107e-01
2.447064e-01 -3.767057e-01
2.448584e-01 -3.770029e-01
2.450078e-01 -3.773021e-01
2.451546e-01 -3.776035e-01
2.452988e-01 -3.779069e-01
2.454404e-01 -3.782125e-01
2.455794e-01 -3.785201e-01
2.457158e-01 -3.788299e-01
2.458496e-01 -3.791417e-01
2.459808e-01 -3.794557e-01
2.461094e-01 -3.797717e-01
2.462354e-01 -3.800899e-01
2.463588e-01 -3.804101e-01
2.464796e-01 -3.807325e-01
2.465978e-01 -3.810569e-01
2.467134e-01 -3.813835e-01
2.468264e-01 -3.817121e-01
2.469369e-01 -3.820429e-01
2.470447e-01 -3.823757e-01
2.471499e-01 -3.827107e-01
2.472525e-01 -3.830477e-01
2.473525e-01 -3.833869e-01
2.474500e-01 -3.837281e-01
2.475448e-01 -3.840715e-01
2.476370e-01 -3.844169e-01
2.477267e-01 -3.847645e-01
2.478137e-01 -3.851141e-01
2.478981e-01 -3.854659e-01
2.479800e-01 -3.858197e-01
2.480592e-01 -3.861757e-01
2.481359e-01 -3.865337e-01
2.482099e-01 -3.868939e-01
2.482814e-01 -3.872561e-01
2.483502e-01 -3.876205e-01
2.484165e-01 -3.879869e-01
2.484801e-01 -3.883555e-01
2.485412e-01 -3.887261e-01
2.485996e-01 -3.890989e-01
2.486555e-01 -3.894737e-01
2.487087e-01 -3.898507e-01
2.487594e-01 -3.902297e-01
2.488075e-01 -3.906109e-01
2.488529e-01 -3.909941e-01
2.488958e-01 -3.913795e-01
2.489361e-01 -3.917669e-01
2.489737e-01 -3.921565e-01
2.490088e-01 -3.925481e-01
2.490413e-01 -3.929419e-01
2.490712e-01 -3.933377e-01
2.490985e-01 -3.937357e-01
2.491231e-01 -3.941357e-01
2.491452e-01 -3.945379e-01
2.491647e-01 -3.949421e-01
2.491816e-01 -3.953485e-01
2.491959e-01 -3.957569e-01
2.492076e-01 -3.961675e-01
2.492167e-01 -3.965801e-01
2.492232e-01 -3.969949e-01
2.492271e-01 -3.974117e-01
2.492284e-01 -3.978307e-01
2.492271e-01 -3.982517e-01
2.492232e-01 -3.986749e-01
2.492167e-01 -3.991001e-01
2.492076e-01 -3.995275e-01
2.491959e-01 -3.999569e-01
2.491816e-01 -4.003885e-01
2.491647e-01 -4.008221e-01
2.491452e-01 -4.012579e-01
2.491231e-01 -4.016957e-01
2.490985e-01 -4.021357e-01
2.490712e-01 -4.025777e-01
2.490413e-01 -4.030219e-01
2.490088e-01 -4.034681e-01
2.489737e-01 -4.039165e-01
2.489361e-01 -4.043669e-01
2.488958e-01 -4.048195e-01
2.488529e-01 -4.052741e-01
2.488075e-01 -4.057309e-01
2.487594e-01 -4.061897e-01
2.487087e-01 -4.066507e-01
2.486555e-01 -4.071137e-01
2.485996e-01 -4.075789e-01
2.485412e-01 -4.080461e-01
2.484801e-01 -4.085155e-01
2.484165e-01 -4.089869e-01
2.483502e-01 -4.094605e-01
2.482814e-01 -4.099361e-01
2.482099e-01 -4.104139e-01
2.481359e-01 -4.108937e-01
2.480592e-01 -4.113757e-01
2.479800e-01 -4.118597e-01
2.478981e-01 -4.123459e-01
2.478137e-01 -4.128341e-01
2.477267e-01 -4.133245e-01
2.476370e-01 -4.138169e-01
2.475448e-01 -4.143115e-01
2.474500e-01 -4.148081e-01
2.473525e-01 -4.153069e-01
2.472525e-01 -4.158077e-01
2.471499e-01 -4.163107e-01
2.470447e-01 -4.168157e-01
2.469369e-01 -4.173229e-01
2.468264e-01 -4.178321e-01
2.467134e-01 -4.183435e-01
2.465978e-01 -4.188569e-01
2.464796e-01 -4.193725e-01
2.463588e-01 -4.198901e-01
2.462354e-01 -4.204099e-01
2.461094e-01 -4.209317e-01
2.459808e-01 -4.214557e-01
2.459808e-01 -4.214557e-01
2.457210e-01 -4.218736e-01
2.454611e-01 -4.222873e-01
2.452013e-01 -4.226968e-01
2.449415e-01 -4.231021e-01
2.446817e-01 -4.235032e-01
2.444219e-01 -4.239001e-01
2.441621e-01 -4.242928e-01
2.439023e-01 -4.246813e-01
2.436425e-01 -4.250656e-01
2.433827e-01 -4.254457e-01
2.431229e-01 -4.258216e-01
2.428631e-01 -4.261933e-01
2.426033e-01 -4.265608e-01
2.423435e-01 -4.269241e-01
2.420836e-01 -4.272832e-01
2.418238e-01 -4.276381e-01
2.415640e-01 -4.279888e-01
2.413042e-01 -4.283353e-01
2.410444e-01 -4.286776e-01
2.407846e-01 -4.290157e-01
2.405248e-01 -4.293496e-01
2.402650e-01 -4.296793e-01
2.400052e-01 -4.300048e-01
2.397454e-01 -4.303261e-01
2.394856e-01 -4.306432e-01
2.392258e-01 -4.309561e-01
2.389660e-01 -4.312648e-01
2.387061e-01 -4.315693e-01
2.384463e-01 -4.318696e-01
2.381865e-01 -4.321657e-01
2.379267e-01 -4.324576e-01
2.376669e-01 -4.327453e-01
2.374071e-01 -4.330288e-01
2.371473e-01 -4.333081e-01
2.368875e-01 -4.335832e-01
2.366277e-01 -4.338541e-01
2.363679e-01 -4.341208e-01
2.361081e-01 -4.343833e-01
2.358483e-01 -4.346416e-01
2.355885e-01 -4.348957e-01
2.353286e-01 -4.351456e-01
2.350688e-01 -4.353913e-01
2.348090e-01 -4.356328e-01
2.345492e-01 -4.358701e-01
2.342894e-01 -4.361032e-01
2.340296e-01 -4.363321e-01
2.337698e-01 -4.365568e-01
2.335100e-01 -4.367773e-01
2.332502e-01 -4.369936e-01
2.329904e-01 -4.372057e-01
2.327306e-01 -4.374136e-01
2.324708e-01 -4.376173e-01
2.322110e-01 -4.378168e-01
2.319512e-01 -4.380121e-01
2.316913e-01 -4.382032e-01
2.314315e-01 -4.383901e-01
2.311717e-01 -4.385728e-01
2.309119e-01 -4.387513e-01
2.306521e-01 -4.389256e-01
2.303923e-01 -4.390957e-01
2.301325e-01 -4.392616e-01
2.298727e-01 -4.394233e-01
2.296129e-01 -4.395808e-01
2.293531e-01 -4.397341e-01
2.290933e-01 -4.398832e-01
2.288335e-01 -4.400281e-01
2.285737e-01 -4.401688e-01
2.283138e-01 -4.403053e-01
2.280540e-01 -4.404376e-01
2.277942e-01 -4.405657e-01
2.275344e-01 -4.406896e-01
2.272746e-01 -4.408093e-01
2.270148e-01 -4.409248e-01
2.267550e-01 -4.410361e-01
2.264952e-01 -4.411432e-01
2.262354e-01 -4.412461e-01
2.259756e-01 -4.413448e-01
2.257158e-01 -4.414393e-01
2.254560e-01 -4.415296e-01
2.251962e-01 -4.416157e-01
2.249363e-01 -4.416976e-01
2.246765e-01 -4.417753e-01
2.244167e-01 -4.418488e-01
2.241569e-01 -4.419181e-01
2.238971e-01 -4.419832e-01
2.236373e-01 -4.420441e-01
2.233775e-01 -4.421008e-01
2.231177e-01 -4.421533e-01
2.228579e-01 -4.422016e-01
2.225981e-01 -4.422457e-01
2.223383e-01 -4.422856e-01
2.220785e-01 -4.423213e-01
2.218187e-01 -4.423528e-01
2.215588e-01 -4.423801e-01
2.212990e-01 -4.424032e-01
2.210392e-01 -4.424221e-01
2.207794e-01 -4.424368e-01
2.205196e-01 -4.424473e-01
2.202598e-01 -4.424536e-01
2.200000e-01 -4.424557e-01
2.197402e-01 -4.424536e-01
2.194804e-01 -4.424473e-01
2.192206e-01 -4.424368e-01
2.189608e-01 -4.424221e-01
2.187010e-01 -4.424032e-01
2.184412e-01 -4.423801e-01
2.181813e-01 -4.423528e-01
2.179215e-01 -4.423213e-01
2.176617e-01 -4.422856e-01
2.174019e-01 -4.422457e-01
2.171421e-01 -4.422016e-01
2.168823e-01 -4.421533e-01
2.166225e-01 -4.421008e-01
2.163627e-01 -4.420441e-01
2.161029e-01 -4.419832e-01
2.158431e-01 -4.419181e-01
2.155833e-01 -4.418488e-01
2.153235e-01 -4.417753e-01
2.150637e-01 -4.416976e-01
2.148038e-01 -4.416157e-01
2.145440e-01 -4.415296e-01
2.142842e-01 -4.414393e-01
2.140244e-01 -4.413448e-01
2.137646e-01 -4.412461e-01
2.135048e-01 -4.411432e-01
2.132450e-01 -4.410361e-01
2.129852e-01 -4.409248e-01
2.127254e-01 -4.408093e-01
2.124656e-01 -4.406896e-01
2.122058e-01 -4.405657e-01
2.119460e-01 -4.404376e-01
2.116862e-01 -4.403053e-01
2.114263e-01 -4.401688e-01
2.111665e-01 -4.400281e-01
2.109067e-01 -4.398832e-01
2.106469e-01 -4.397341e-01
2.103871e-01 -4.395808e-01
2.101273e-01 -4.394233e-01
2.098675e-01 -4.392616e-01
2.096077e-01 -4.390957e-01
2.093479e-01 -4.389256e-01
2.090881e-01 -4.387513e-01
2.088283e-01 -4.385728e-01
2.085685e-01 -4.383901e-01
2.083087e-01 -4.382032e-01
2.080488e-01 -4.380121e-01
2.077890e-01 -4.378168e-01
2.075292e-01 -4.376173e-01
2.072694e-01 -4.374136e-01
2.070096e-01 -4.372057e-01
2.067498e-01 -4.369936e-01
2.064900e-01 -4.367773e-01
2.062302e-01 -4.365568e-01
2.059704e-01 -4.363321e-01
2.057106e-01 -4.361032e-01
2.054508e-01 -4.358701e-01
2.051910e-01 -4.356328e-01
2.049312e-01 -4.353913e-01
2.046714e-01 -4.351456e-01
2.044115e-01 -4.348957e-01
2.041517e-01 -4.346416e-01
2.038919e-01 -4.343833e-01
2.036321e-01 -4.341208e-01
2.033723e-01 -4.338541e-01
2.031125e-01 -4.335832e-01
2.028527e-01 -4.333081e-01
2.025929e-01 -4.330288e-01
2.023331e-01 -4.327453e-01
2.020733e-01 -4.324576e-01
2.018135e-01 -4.321657e-01
2.015537e-01 -4.318696e-01
2.012939e-01 -4.315693e-01
2.010340e-01 -4.312648e-01
2.007742e-01 -4.309561e-01
2.005144e-01 -4.306432e-01
2.002546e-01 -4.303261e-01
1.999948e-01 -4.300048e-01
1.997350e-01 -4.296793e-01
1.994752e-01 -4.293496e-01
1.992154e-01 -4.290157e-01
1.989556e-01 -4.286776e-01
1.986958e-01 -4.283353e-01
1.984360e-01 -4.279888e-01
1.981762e-01 -4.276381e-01
1.979164e-01 -4.272832e-01
1.976565e-01 -4.269241e-01
1.973967e-01 -4.265608e-01
1.971369e-01 -4.261933e-01
1.968771e-01 -4.258216e-01
1.966173e-01 -4.254457e-01
1.963575e-01 -4.250656e-01
1.960977e-01 -4.246813e-01
1.958379e-01 -4.242928e-01
1.955781e-01 -4.239001e-01
1.953183e-01 -4.235032e-01
1.950585e-01 -4.231021e-01
1.947987e-01 -4.226968e-01
1.945389e-01 -4.222873e-01
1.942790e-01 -4.218736e-01
1.940192e-01 -4.214557e-01
1.940192e-01 -4.214557e-01
1.938906e-01 -4.209317e-01
1.937646e-01 -4.204099e-01
1.936412e-01 -4.198901e-01
1.935204e-01 -4.193725e-01
1.934022e-01 -4.188569e-01
1.932866e-01 -4.183435e-01
1.931736e-01 -4.178321e-01
1.930631e-01 -4.173229e-01
1.929553e-01 -4.168157e-01
1.928501e-01 -4.163107e-01
1.927475e-01 -4.158077e-01
1.926475e-01 -4.153069e-01
1.925500e-01 -4.148081e-01
1.924552e-01 -4.143115e-01
1.923630e-01 -4.138169e-01
1.922733e-01 -4.133245e-01
1.921863e-01 -4.128341e-01
1.921019e-01 -4.123459e-01
1.920200e-01 -4.118597e-01
1.919408e-01 -4.113757e-01
1.918641e-01 -4.108937e-01
1.917901e-01 -4.104139e-01
1.917186e-01 -4.099361e-01
1.916498e-01 -4.094605e-01
1.915835e-01 -4.089869e-01
1.915199e-01 -4.085155e-01
1.914588e-01 -4.080461e-01
1.914004e-01 -4.075789e-01
1.913445e-01 -4.071137e-01
1.912913e-01 -4.066507e-01
1.912406e-01 -4.061897e-01
1.911925e-01 -4.057309e-01
1.911471e-01 -4.052741e-01
1.911042e-01 -4.048195e-01
1.910639e-01 -4.043669e-01
1.910263e-01 -4.039165e-01
1.909912e-01 -4.034681e-01
1.909587e-01 -4.030219e-01
1.909288e-01 -4.025777e-01
1.909015e-01 -4.021357e-01
1.908769e-01 -4.016957e-01
1.908548e-01 -4.012579e-01
1.908353e-01 -4.008221e-01
1.908184e-01 -4.003885e-01
1.908041e-01 -3.999569e-01
1.907924e-01 -3.995275e-01
1.907833e-01 -3.991001e-01
1.907768e-01 -3.986749e-01
1.907729e-01 -3.982517e-01
1.907716e-01 -3.978307e-01
1.907729e-01 -3.974117e-01
1.907768e-01 -3.969949e-01
1.907833e-01 -3.965801e-01
1.907924e-01 -3.961675e-01
1.908041e-01 -3.957569e-01
1.908184e-01 -3.953485e-01
1.908353e-01 -3.949421e-01
1.908548e-01 -3.945379e-01
1.908769e-01 -3.941357e-01
1.909015e-01 -3.937357e-01
1.909288e-01 -3.933377e-01
1.909587e-01 -3.929419e-01
1.909912e-01 -3.925481e-01
1.910263e-01 -3.921565e-01
1.910639e-01 -3.917669e-01
1.911042e-01 -3.913795e-01
1.911471e-01 -3.909941e-01
1.911925e-01 -3.906109e-01
1.912406e-01 -3.902297e-01
1.912913e-01 -3.898507e-01
1.913445e-01 -3.894737e-01
1.914004e-01 -3.890989e-01
1.914588e-01 -3.887261e-01
1.915199e-01 -3.883555e-01
1.915835e-01 -3.879869e-01
1.916498e-01 -3.876205e-01
1.917186e-01 -3.872561e-01
1.917901e-01 -3.868939e-01
1.918641e-01 -3.865337e-01
1.919408e-01 -3.861757e-01
1.920200e-01 -3.858197e-01
1.921019e-01 -3.854659e-01
1.921863e-01 -3.851141e-01
1.922733e-01 -3.847645e-01
1.923630e-01 -3.844169e-01
1.924552e-01 -3.840715e-01
1.925500e-01 -3.837281e-01
1.926475e-01 -3.833869e-01
1.927475e-01 -3.830477e-01
1.928501e-01 -3.827107e-01
1.929553e-01 -3.823757e-01
1.930631e-01 -3.820429e-01
1.931736e-01 -3.817121e-01
1.932866e-01 -3.813835e-01
1.934022e-01 -3.810569e-01
1.935204e-01 -3.807325e-01
1.936412e-01 -3.804101e-01
1.937646e-01 -3.800899e-01
1.938906e-01 -3.797717e-01
1.940192e-01 -3.794557e-01
1.941504e-01 -3.791417e-01
1.942842e-01 -3.788299e-01
1.944206e-01 -3.785201e-01
1.945596e-01 -3.782125e-01
1.947012e-01 -3.779069e-01
1.948454e-01 -3.776035e-01
1.949922e-01 -3.773021e-01
1.951416e-01 -3.770029e-01
1.952936e-01 -3.767057e-01
1.954482e-01 -3.764107e-01
1.956054e-01 -3.761177e-01
1.957651e-01 -3.758269e-01
1.959275e-01 -3.755381e-01
1.960925e-01 -3.752515e-01
1.962601e-01 -3.749669e-01
1.964303e-01 -3.746845e-01
1.966030e-01 -3.744041e-01
1.967784e-01 -3.741259e-01
1.969564e-01 -3.738497e-01
1.971369e-01 -3.735757e-01
1.973201e-01 -3.733037e-01
1.975059e-01 -3.730339e-01
1.976942e-01 -3.727661e-01
1.978852e-01 -3.725005e-01
1.980787e-01 -3.722369e-01
1.982749e-01 -3.719755e-01
1.984736e-01 -3.717161e-01
1.986750e-01 -3.714589e-01
1.988789e-01 -3.712037e-01
1.990855e-01 -3.709507e-01
1.992946e-01 -3.706997e-01
1.995064e-01 -3.704509e-01
1.997207e-01 -3.702041e-01
1.999377e-01 -3.699595e-01
2.001572e-01 -3.697169e-01
2.003793e-01 -3.694765e-01
2.006041e-01 -3.692381e-01
2.008314e-01 -3.690019e-01
2.010613e-01 -3.687677e-01
2.012939e-01 -3.685357e-01
2.015290e-01 -3.683057e-01
2.017667e-01 -3.680779e-01
2.020070e-01 -3.678521e-01
2.022499e-01 -3.676285e-01
2.024955e-01 -3.674069e-01
2.027436e-01 -3.671875e-01
2.029943e-01 -3.669701e-01
2.032476e-01 -3.667549e-01
2.035035e-01 -3.665417e-01
2.037620e-01 -3.663307e-01
2.040231e-01 -3.661217e-01
2.042868e-01 -3.659149e-01
2.045531e-01 -3.657101e-01
2.048220e-01 -3.655075e-01
2.050935e-01 -3.653069e-01
2.053676e-01 -3.651085e-01
2.056443e-01 -3.649121e-01
2.059236e-01 -3.647179e-01
2.062055e-01 -3.645257e-01
2.064900e-01 -3.643357e-01
2.067771e-01 -3.641477e-01
2.070668e-01 -3.639619e-01
2.073591e-01 -3.637781e-01
2.076539e-01 -3.635965e-01
2.079514e-01 -3.634169e-01
2.082515e-01 -3.632395e-01
2.085542e-01 -3.630641e-01
2.088594e-01 -3.628909e-01
2.091673e-01 -3.627197e-01
2.094778e-01 -3.625507e-01
2.097909e-01 -3.623837e-01
2.101065e-01 -3.622189e-01
2.104248e-01 -3.620561e-01
2.107457e-01 -3.618955e-01
2.110691e-01 -3.617369e-01
2.113952e-01 -3.615805e-01
2.117238e-01 -3.614261e-01
2.120551e-01 -3.612739e-01
2.123889e-01 -3.611237e-01
2.127254e-01 -3.609757e-01
2.130644e-01 -3.608297e-01
2.134061e-01 -3.606859e-01
2.137503e-01 -3.605441e-01
2.140972e-01 -3.604045e-01
2.144466e-01 -3.602669e-01
2.147987e-01 -3.601315e-01
2.151533e-01 -3.599981e-01
2.155105e-01 -3.598669e-01
2.158704e-01 -3.597377e-01
2.162328e-01 -3.596107e-01
2.165978e-01 -3.594857e-01
2.169654e-01 -3.593629e-01
2.173357e-01 -3.592421e-01
2.177085e-01 -3.591235e-01
2.180839e-01 -3.590069e-01
2.184619e-01 -3.588925e-01
2.188426e-01 -3.587801e-01
2.192258e-01 -3.586699e-01
2.196116e-01 -3.585617e-01
2.200000e-01 -3.584557e-01
