2.786534e-01 -1.399979e-01
2.790418e-01 -1.401040e-01
2.794276e-01 -1.402121e-01
2.798108e-01 -1.403224e-01
2.801914e-01 -1.404347e-01
2.805695e-01 -1.405492e-01
2.809449e-01 -1.406657e-01
2.813177e-01 -1.407844e-01
2.816879e-01 -1.409051e-01
2.820556e-01 -1.410280e-01
2.824206e-01 -1.411529e-01
2.827830e-01 -1.412800e-01
2.831428e-01 -1.414091e-01
2.835001e-01 -1.415404e-01
2.838547e-01 -1.416737e-01
2.842068e-01 -1.418092e-01
2.845562e-01 -1.419467e-01
2.849030e-01 -1.420864e-01
2.852473e-01 -1.422281e-01
2.855889e-01 -1.423720e-01
2.859280e-01 -1.425179e-01
2.862644e-01 -1.426660e-01
2.865983e-01 -1.428161e-01
2.869295e-01 -1.429684e-01
2.872582e-01 -1.431227e-01
2.875843e-01 -1.432792e-01
2.879077e-01 -1.434377e-01
2.882286e-01 -1.435984e-01
2.885468e-01 -1.437611e-01
2.888625e-01 -1.439260e-01
2.891756e-01 -1.440929e-01
2.894861e-01 -1.442620e-01
2.897939e-01 -1.444331e-01
2.900992e-01 -1.446064e-01
2.904019e-01 -1.447817e-01
2.907020e-01 -1.449592e-01
2.909994e-01 -1.451387e-01
2.912943e-01 -1.453204e-01
2.915866e-01 -1.455041e-01
2.918763e-01 -1.456900e-01
2.921634e-01 -1.458779e-01
2.924479e-01 -1.460680e-01
2.927297e-01 -1.462601e-01
2.930090e-01 -1.464544e-01
2.932857e-01 -1.466507e-01
2.935598e-01 -1.468492e-01
2.938313e-01 -1.470497e-01
2.941002e-01 -1.472524e-01
2.943665e-01 -1.474571e-01
2.946302e-01 -1.476640e-01
2.948913e-01 -1.478729e-01
2.951499e-01 -1.480840e-01
2.954058e-01 -1.482971e-01
2.956591e-01 -1.485124e-01
2.959098e-01 -1.487297e-01
2.961579e-01 -1.489492e-01
2.964034e-01 -1.491707e-01
2.966463e-01 -1.493944e-01
2.968867e-01 -1.496201e-01
2.971244e-01 -1.498480e-01
2.973595e-01 -1.500779e-01
2.975920e-01 -1.503100e-01
2.978220e-01 -1.505441e-01
2.980493e-01 -1.507804e-01
2.982740e-01 -1.510187e-01
2.984962e-01 -1.512592e-01
2.987157e-01 -1.515017e-01
2.989327e-01 -1.517464e-01
2.991470e-01 -1.519931e-01
2.993587e-01 -1.522420e-01
2.995679e-01 -1.524929e-01
2.997744e-01 -1.527460e-01
2.999784e-01 -1.530011e-01
3.001797e-01 -1.532584e-01
3.003785e-01 -1.535177e-01
3.005746e-01 -1.537792e-01
3.007682e-01 -1.540427e-01
3.009592e-01 -1.543084e-01
3.011475e-01 -1.545761e-01
3.013333e-01 -1.548460e-01
3.015164e-01 -1.551179e-01
3.016970e-01 -1.553920e-01
3.018750e-01 -1.556681e-01
3.020503e-01 -1.559464e-01
3.022231e-01 -1.562267e-01
3.023933e-01 -1.565092e-01
3.025609e-01 -1.567937e-01
3.027258e-01 -1.570804e-01
3.028882e-01 -1.573691e-01
3.030480e-01 -1.576600e-01
3.032052e-01 -1.579529e-01
3.033598e-01 -1.582480e-01
3.035118e-01 -1.585451e-01
3.036612e-01 -1.588444e-01
3.038079e-01 -1.591457e-01
3.039521e-01 -1.594492e-01
3.040937e-01 -1.597547e-01
3.042327e-01 -1.600624e-01
3.043691e-01 -1.603721e-01
3.045029e-01 -1.606840e-01
3.046341e-01 -1.609979e-01
3.047627e-01 -1.613140e-01
3.048887e-01 -1.616321e-01
3.050122e-01 -1.619524e-01
3.051330e-01 -1.622747e-01
3.052512e-01 -1.625992e-01
3.053668e-01 -1.629257e-01
3.054798e-01 -1.632544e-01
3.055902e-01 -1.635851e-01
3.056980e-01 -1.639180e-01
3.058033e-01 -1.642529e-01
3.059059e-01 -1.645900e-01
3.060059e-01 -1.649291e-01
3.061033e-01 -1.652704e-01
3.061982e-01 -1.656137e-01
3.062904e-01 -1.659592e-01
3.063800e-01 -1.663067e-01
3.064671e-01 -1.666564e-01
3.065515e-01 -1.670081e-01
3.066334e-01 -1.673620e-01
3.067126e-01 -1.677179e-01
3.067892e-01 -1.680760e-01
3.068633e-01 -1.684361e-01
3.069347e-01 -1.687984e-01
3.070036e-01 -1.691627e-01
3.070698e-01 -1.695292e-01
3.071335e-01 -1.698977e-01
3.071945e-01 -1.702684e-01
3.072530e-01 -1.706411e-01
3.073089e-01 -1.710160e-01
3.073621e-01 -1.713929e-01
3.074128e-01 -1.717720e-01
3.074608e-01 -1.721531e-01
3.075063e-01 -1.725364e-01
3.075492e-01 -1.729217e-01
3.075894e-01 -1.733092e-01
3.076271e-01 -1.736987e-01
3.076622e-01 -1.740904e-01
3.076947e-01 -1.744841e-01
3.077245e-01 -1.748800e-01
3.077518e-01 -1.752779e-01
3.077765e-01 -1.756780e-01
3.077986e-01 -1.760801e-01
3.078181e-01 -1.764844e-01
3.078350e-01 -1.768907e-01
3.078493e-01 -1.772992e-01
3.078609e-01 -1.777097e-01
3.078700e-01 -1.781224e-01
3.078765e-01 -1.785371e-01
3.078804e-01 -1.789540e-01
3.078817e-01 -1.793729e-01
3.078804e-01 -1.797940e-01
3.078765e-01 -1.802171e-01
3.078700e-01 -1.806424e-01
3.078609e-01 -1.810697e-01
3.078493e-01 -1.814992e-01
3.078350e-01 -1.819307e-01
3.078181e-01 -1.823644e-01
3.077986e-01 -1.828001e-01
3.077765e-01 -1.832380e-01
3.077518e-01 -1.836779e-01
3.077245e-01 -1.841200e-01
3.076947e-01 -1.845641e-01
3.076622e-01 -1.850104e-01
3.076271e-01 -1.854587e-01
3.075894e-01 -1.859092e-01
3.075492e-01 -1.863617e-01
3.075063e-01 -1.868164e-01
3.074608e-01 -1.872731e-01
3.074128e-01 -1.877320e-01
3.073621e-01 -1.881929e-01
3.073089e-01 -1.886560e-01
3.072530e-01 -1.891211e-01
3.071945e-01 -1.895884e-01
3.071335e-01 -1.900577e-01
3.070698e-01 -1.905292e-01
3.070036e-01 -1.910027e-01
3.069347e-01 -1.914784e-01
3.068633e-01 -1.919561e-01
3.067892e-01 -1.924360e-01
3.067126e-01 -1.929179e-01
3.066334e-01 -1.934020e-01
3.065515e-01 -1.938881e-01
3.064671e-01 -1.943764e-01
3.063800e-01 -1.948667e-01
3.062904e-01 -1.953592e-01
3.061982e-01 -1.958537e-01
3.061033e-01 -1.963504e-01
3.060059e-01 -1.968491e-01
3.059059e-01 -1.973500e-01
3.058033e-01 -1.978529e-01
3.056980e-01 -1.983580e-01
3.055902e-01 -1.988651e-01
3.054798e-01 -1.993744e-01
3.053668e-01 -1.998857e-01
3.052512e-01 -2.003992e-01
3.051330e-01 -2.009147e-01
3.050122e-01 -2.014324e-01
3.048887e-01 -2.019521e-01
3.047627e-01 -2.024740e-01
3.046341e-01 -2.029979e-01
3.046341e-01 -2.029979e-01
3.043743e-01 -2.034158e-01
3.041145e-01 -2.038295e-01
3.038547e-01 -2.042390e-01
3.035949e-01 -2.046443e-01
3.033351e-01 -2.050454e-01
3.030753e-01 -2.054423e-01
3.028155e-01 -2.058350e-01
3.025557e-01 -2.062235e-01
3.022959e-01 -2.066078e-01
3.020361e-01 -2.069879e-01
3.017763e-01 -2.073638e-01
3.015164e-01 -2.077355e-01
3.012566e-01 -2.081030e-01
3.009968e-01 -2.084663e-01
3.007370e-01 -2.088254e-01
3.004772e-01 -2.091803e-01
3.002174e-01 -2.095310e-01
2.999576e-01 -2.098775e-01
2.996978e-01 -2.102198e-01
2.994380e-01 -2.105579e-01
2.991782e-01 -2.108918e-01
2.989184e-01 -2.112215e-01
2.986586e-01 -2.115470e-01
2.983988e-01 -2.118683e-01
2.981389e-01 -2.121854e-01
2.978791e-01 -2.124983e-01
2.976193e-01 -2.128070e-01
2.973595e-01 -2.131115e-01
2.970997e-01 -2.134118e-01
2.968399e-01 -2.137079e-01
2.965801e-01 -2.139998e-01
2.963203e-01 -2.142875e-01
2.960605e-01 -2.145710e-01
2.958007e-01 -2.148503e-01
2.955409e-01 -2.151254e-01
2.952811e-01 -2.153963e-01
2.950213e-01 -2.156630e-01
2.947614e-01 -2.159255e-01
2.945016e-01 -2.161838e-01
2.942418e-01 -2.164379e-01
2.939820e-01 -2.166878e-01
2.937222e-01 -2.169335e-01
2.934624e-01 -2.171750e-01
2.932026e-01 -2.174123e-01
2.929428e-01 -2.176454e-01
2.926830e-01 -2.178743e-01
2.924232e-01 -2.180990e-01
2.921634e-01 -2.183195e-01
2.919036e-01 -2.185358e-01
2.916438e-01 -2.187479e-01
2.913839e-01 -2.189558e-01
2.911241e-01 -2.191595e-01
2.908643e-01 -2.193590e-01
2.906045e-01 -2.195543e-01
2.903447e-01 -2.197454e-01
2.900849e-01 -2.199323e-01
2.898251e-01 -2.201150e-01
2.895653e-01 -2.202935e-01
2.893055e-01 -2.204678e-01
2.890457e-01 -2.206379e-01
2.887859e-01 -2.208038e-01
2.885261e-01 -2.209655e-01
2.882663e-01 -2.211230e-01
2.880064e-01 -2.212763e-01
2.877466e-01 -2.214254e-01
2.874868e-01 -2.215703e-01
2.872270e-01 -2.217110e-01
2.869672e-01 -2.218475e-01
2.867074e-01 -2.219798e-01
2.864476e-01 -2.221079e-01
2.861878e-01 -2.222318e-01
2.859280e-01 -2.223515e-01
2.856682e-01 -2.224670e-01
2.854084e-01 -2.225783e-01
2.851486e-01 -2.226854e-01
2.848888e-01 -2.227883e-01
2.846289e-01 -2.228870e-01
2.843691e-01 -2.229815e-01
2.841093e-01 -2.230718e-01
2.838495e-01 -2.231579e-01
2.835897e-01 -2.232398e-01
2.833299e-01 -2.233175e-01
2.830701e-01 -2.233910e-01
2.828103e-01 -2.234603e-01
2.825505e-01 -2.235254e-01
2.822907e-01 -2.235863e-01
2.820309e-01 -2.236430e-01
2.817711e-01 -2.236955e-01
2.815113e-01 -2.237438e-01
2.812514e-01 -2.237879e-01
2.809916e-01 -2.238278e-01
2.807318e-01 -2.238635e-01
2.804720e-01 -2.238950e-01
2.802122e-01 -2.239223e-01
2.799524e-01 -2.239454e-01
2.796926e-01 -2.239643e-01
2.794328e-01 -2.239790e-01
2.791730e-01 -2.239895e-01
2.789132e-01 -2.239958e-01
2.786534e-01 -2.239979e-01
2.783936e-01 -2.239958e-01
2.781338e-01 -2.239895e-01
2.778740e-01 -2.239790e-01
2.776141e-01 -2.239643e-01
2.773543e-01 -2.239454e-01
2.770945e-01 -2.239223e-01
2.768347e-01 -2.238950e-01
2.765749e-01 -2.238635e-01
2.763151e-01 -2.238278e-01
2.760553e-01 -2.237879e-01
2.757955e-01 -2.237438e-01
2.755357e-01 -2.236955e-01
2.752759e-01 -2.236430e-01
2.750161e-01 -2.235863e-01
2.747563e-01 -2.235254e-01
2.744965e-01 -2.234603e-01
2.742366e-01 -2.233910e-01
2.739768e-01 -2.233175e-01
2.737170e-01 -2.232398e-01
2.734572e-01 -2.231579e-01
2.731974e-01 -2.230718e-01
2.729376e-01 -2.229815e-01
2.726778e-01 -2.228870e-01
2.724180e-01 -2.227883e-01
2.721582e-01 -2.226854e-01
2.718984e-01 -2.225783e-01
2.716386e-01 -2.224670e-01
2.713788e-01 -2.223515e-01
2.711190e-01 -2.222318e-01
2.708591e-01 -2.221079e-01
2.705993e-01 -2.219798e-01
2.703395e-01 -2.218475e-01
2.700797e-01 -2.217110e-01
2.698199e-01 -2.215703e-01
2.695601e-01 -2.214254e-01
2.693003e-01 -2.212763e-01
2.690405e-01 -2.211230e-01
2.687807e-01 -2.209655e-01
2.685209e-01 -2.208038e-01
2.682611e-01 -2.206379e-01
2.680013e-01 -2.204678e-01
2.677415e-01 -2.202935e-01
2.674816e-01 -2.201150e-01
2.672218e-01 -2.199323e-01
2.669620e-01 -2.197454e-01
2.667022e-01 -2.195543e-01
2.664424e-01 -2.193590e-01
2.661826e-01 -2.191595e-01
2.659228e-01 -2.189558e-01
2.656630e-01 -2.187479e-01
2.654032e-01 -2.185358e-01
2.651434e-01 -2.183195e-01
2.648836e-01 -2.180990e-01
2.646238e-01 -2.178743e-01
2.643640e-01 -2.176454e-01
2.641041e-01 -2.174123e-01
2.638443e-01 -2.171750e-01
2.635845e-01 -2.169335e-01
2.633247e-01 -2.166878e-01
2.630649e-01 -2.164379e-01
2.628051e-01 -2.161838e-01
2.625453e-01 -2.159255e-01
2.622855e-01 -2.156630e-01
2.620257e-01 -2.153963e-01
2.617659e-01 -2.151254e-01
2.615061e-01 -2.148503e-01
2.612463e-01 -2.145710e-01
2.609865e-01 -2.142875e-01
2.607266e-01 -2.139998e-01
2.604668e-01 -2.137079e-01
2.602070e-01 -2.134118e-01
2.599472e-01 -2.131115e-01
2.596874e-01 -2.128070e-01
2.594276e-01 -2.124983e-01
2.591678e-01 -2.121854e-01
2.589080e-01 -2.118683e-01
2.586482e-01 -2.115470e-01
2.583884e-01 -2.112215e-01
2.581286e-01 -2.108918e-01
2.578688e-01 -2.105579e-01
2.576090e-01 -2.102198e-01
2.573491e-01 -2.098775e-01
2.570893e-01 -2.095310e-01
2.568295e-01 -2.091803e-01
2.565697e-01 -2.088254e-01
2.563099e-01 -2.084663e-01
2.560501e-01 -2.081030e-01
2.557903e-01 -2.077355e-01
2.555305e-01 -2.073638e-01
2.552707e-01 -2.069879e-01
2.550109e-01 -2.066078e-01
2.547511e-01 -2.062235e-01
2.544913e-01 -2.058350e-01
2.542315e-01 -2.054423e-01
2.539716e-01 -2.050454e-01
2.537118e-01 -2.046443e-01
2.534520e-01 -2.042390e-01
2.531922e-01 -2.038295e-01
2.529324e-01 -2.034158e-01
2.526726e-01 -2.029979e-01
2.526726e-01 -2.029979e-01
2.525440e-01 -2.024740e-01
2.524180e-01 -2.019521e-01
2.522946e-01 -2.014324e-01
2.521738e-01 -2.009147e-01
2.520556e-01 -2.003992e-01
2.519400e-01 -1.998857e-01
2.518269e-01 -1.993744e-01
2.517165e-01 -1.988651e-01
2.516087e-01 -1.983580e-01
2.515035e-01 -1.978529e-01
2.514009e-01 -1.973500e-01
2.513008e-01 -1.968491e-01
2.512034e-01 -1.963504e-01
2.511086e-01 -1.958537e-01
2.510163e-01 -1.953592e-01
2.509267e-01 -1.948667e-01
2.508397e-01 -1.943764e-01
2.507552e-01 -1.938881e-01
2.506734e-01 -1.934020e-01
2.505941e-01 -1.929179e-01
2.505175e-01 -1.924360e-01
2.504435e-01 -1.919561e-01
2.503720e-01 -1.914784e-01
2.503032e-01 -1.910027e-01
2.502369e-01 -1.905292e-01
2.501733e-01 -1.900577e-01
2.501122e-01 -1.895884e-01
2.500537e-01 -1.891211e-01
2.499979e-01 -1.886560e-01
2.499446e-01 -1.881929e-01
2.498940e-01 -1.877320e-01
2.498459e-01 -1.872731e-01
2.498004e-01 -1.868164e-01
2.497576e-01 -1.863617e-01
2.497173e-01 -1.859092e-01
2.496796e-01 -1.854587e-01
2.496446e-01 -1.850104e-01
2.496121e-01 -1.845641e-01
2.495822e-01 -1.841200e-01
2.495549e-01 -1.836779e-01
2.495302e-01 -1.832380e-01
2.495082e-01 -1.828001e-01
2.494887e-01 -1.823644e-01
2.494718e-01 -1.819307e-01
2.494575e-01 -1.814992e-01
2.494458e-01 -1.810697e-01
2.494367e-01 -1.806424e-01
2.494302e-01 -1.802171e-01
2.494263e-01 -1.797940e-01
2.494250e-01 -1.793729e-01
2.494263e-01 -1.789540e-01
2.494302e-01 -1.785371e-01
2.494367e-01 -1.781224e-01
2.494458e-01 -1.777097e-01
2.494575e-01 -1.772992e-01
2.494718e-01 -1.768907e-01
2.494887e-01 -1.764844e-01
2.495082e-01 -1.760801e-01
2.495302e-01 -1.756780e-01
2.495549e-01 -1.752779e-01
2.495822e-01 -1.748800e-01
2.496121e-01 -1.744841e-01
2.496446e-01 -1.740904e-01
2.496796e-01 -1.736987e-01
2.497173e-01 -1.733092e-01
2.497576e-01 -1.729217e-01
2.498004e-01 -1.725364e-01
2.498459e-01 -1.721531e-01
2.498940e-01 -1.717720e-01
2.499446e-01 -1.713929e-01
2.499979e-01 -1.710160e-01
2.500537e-01 -1.706411e-01
2.501122e-01 -1.702684e-01
2.501733e-01 -1.698977e-01
2.502369e-01 -1.695292e-01
2.503032e-01 -1.691627e-01
2.503720e-01 -1.687984e-01
2.504435e-01 -1.684361e-01
2.505175e-01 -1.680760e-01
2.505941e-01 -1.677179e-01
2.506734e-01 -1.673620e-01
2.507552e-01 -1.670081e-01
2.508397e-01 -1.666564e-01
2.509267e-01 -1.663067e-01
2.510163e-01 -1.659592e-01
2.511086e-01 -1.656137e-01
2.512034e-01 -1.652704e-01
2.513008e-01 -1.649291e-01
2.514009e-01 -1.645900e-01
2.515035e-01 -1.642529e-01
2.516087e-01 -1.639180e-01
2.517165e-01 -1.635851e-01
2.518269e-01 -1.632544e-01
2.519400e-01 -1.629257e-01
2.520556e-01 -1.625992e-01
2.521738e-01 -1.622747e-01
2.522946e-01 -1.619524e-01
2.524180e-01 -1.616321e-01
2.525440e-01 -1.613140e-01
2.526726e-01 -1.609979e-01
2.528038e-01 -1.606840e-01
2.529376e-01 -1.603721e-01
2.530740e-01 -1.600624e-01
2.532130e-01 -1.597547e-01
2.533546e-01 -1.594492e-01
2.534988e-01 -1.591457e-01
2.536456e-01 -1.588444e-01
2.537950e-01 -1.585451e-01
2.539470e-01 -1.582480e-01
2.541016e-01 -1.579529e-01
2.542587e-01 -1.576600e-01
2.544185e-01 -1.573691e-01
2.545809e-01 -1.570804e-01
2.547459e-01 -1.567937e-01
2.549135e-01 -1.565092e-01
2.550836e-01 -1.562267e-01
2.552564e-01 -1.559464e-01
2.554318e-01 -1.556681e-01
2.556097e-01 -1.553920e-01
2.557903e-01 -1.551179e-01
2.559735e-01 -1.548460e-01
2.561592e-01 -1.545761e-01
2.563476e-01 -1.543084e-01
2.565385e-01 -1.540427e-01
2.567321e-01 -1.537792e-01
2.569283e-01 -1.535177e-01
2.571270e-01 -1.532584e-01
2.573284e-01 -1.530011e-01
2.575323e-01 -1.527460e-01
2.577389e-01 -1.524929e-01
2.579480e-01 -1.522420e-01
2.581597e-01 -1.519931e-01
2.583741e-01 -1.517464e-01
2.585910e-01 -1.515017e-01
2.588106e-01 -1.512592e-01
2.590327e-01 -1.510187e-01
2.592574e-01 -1.507804e-01
2.594848e-01 -1.505441e-01
2.597147e-01 -1.503100e-01
2.599472e-01 -1.500779e-01
2.601824e-01 -1.498480e-01
2.604201e-01 -1.496201e-01
2.606604e-01 -1.493944e-01
2.609033e-01 -1.491707e-01
2.611488e-01 -1.489492e-01
2.613970e-01 -1.487297e-01
2.616477e-01 -1.485124e-01
2.619010e-01 -1.482971e-01
2.621569e-01 -1.480840e-01
2.624154e-01 -1.478729e-01
2.626765e-01 -1.476640e-01
2.629402e-01 -1.474571e-01
2.632065e-01 -1.472524e-01
2.634754e-01 -1.470497e-01
2.637469e-01 -1.468492e-01
2.640210e-01 -1.466507e-01
2.642977e-01 -1.464544e-01
2.645770e-01 -1.462601e-01
2.648589e-01 -1.460680e-01
2.651434e-01 -1.458779e-01
2.654305e-01 -1.456900e-01
2.657201e-01 -1.455041e-01
2.660124e-01 -1.453204e-01
2.663073e-01 -1.451387e-01
2.666048e-01 -1.449592e-01
2.669049e-01 -1.447817e-01
2.672075e-01 -1.446064e-01
2.675128e-01 -1.444331e-01
2.678207e-01 -1.442620e-01
2.681312e-01 -1.440929e-01
2.684442e-01 -1.439260e-01
2.687599e-01 -1.437611e-01
2.690782e-01 -1.435984e-01
2.693990e-01 -1.434377e-01
2.697225e-01 -1.432792e-01
2.700485e-01 -1.431227e-01
2.703772e-01 -1.429684e-01
2.707085e-01 -1.428161e-01
2.710423e-01 -1.426660e-01
2.713788e-01 -1.425179e-01
2.717178e-01 -1.423720e-01
2.720595e-01 -1.422281e-01
2.724037e-01 -1.420864e-01
2.727505e-01 -1.419467e-01
2.731000e-01 -1.418092e-01
2.734520e-01 -1.416737e-01
2.738067e-01 -1.415404e-01
2.741639e-01 -1.414091e-01
2.745237e-01 -1.412800e-01
2.748862e-01 -1.411529e-01
2.752512e-01 -1.410280e-01
2.756188e-01 -1.409051e-01
2.759890e-01 -1.407844e-01
2.763619e-01 -1.406657e-01
2.767373e-01 -1.405492e-01
2.771153e-01 -1.404347e-01
2.774959e-01 -1.403224e-01
2.778791e-01 -1.402121e-01
2.782650e-01 -1.401040e-01
2.786534e-01 -1.399979e-01
2.796254e-01 2.221508e-01
2.800138e-01 2.220448e-01
2.803996e-01 2.219366e-01
2.807828e-01 2.218264e-01
2.811634e-01 2.217140e-01
2.815414e-01 2.215996e-01
2.819169e-01 2.214830e-01
2.822897e-01 2.213644e-01
2.826599e-01 2.212436e-01
2.830275e-01 2.211208e-01
2.833926e-01 2.209958e-01
2.837550e-01 2.208688e-01
2.841148e-01 2.207396e-01
2.844721e-01 2.206084e-01
2.848267e-01 2.204750e-01
2.851788e-01 2.203396e-01
2.855282e-01 2.202020e-01
2.858750e-01 2.200624e-01
2.862193e-01 2.199206e-01
2.865609e-01 2.197768e-01
2.869000e-01 2.196308e-01
2.872364e-01 2.194828e-01
2.875703e-01 2.193326e-01
2.879015e-01 2.191804e-01
2.882302e-01 2.190260e-01
2.885563e-01 2.188696e-01
2.888797e-01 2.187110e-01
2.892006e-01 2.185504e-01
2.895188e-01 2.183876e-01
2.898345e-01 2.182228e-01
2.901476e-01 2.180558e-01
2.904580e-01 2.178868e-01
2.907659e-01 2.177156e-01
2.910712e-01 2.175424e-01
2.913739e-01 2.173670e-01
2.916739e-01 2.171896e-01
2.919714e-01 2.170100e-01
2.922663e-01 2.168284e-01
2.925586e-01 2.166446e-01
2.928483e-01 2.164588e-01
2.931354e-01 2.162708e-01
2.934198e-01 2.160808e-01
2.937017e-01 2.158886e-01
2.939810e-01 2.156944e-01
2.942577e-01 2.154980e-01
2.945318e-01 2.152996e-01
2.948033e-01 2.150990e-01
2.950722e-01 2.148964e-01
2.953385e-01 2.146916e-01
2.956022e-01 2.144848e-01
2.958633e-01 2.142758e-01
2.961218e-01 2.140648e-01
2.963778e-01 2.138516e-01
2.966311e-01 2.136364e-01
2.968818e-01 2.134190e-01
2.971299e-01 2.131996e-01
2.973754e-01 2.129780e-01
2.976183e-01 2.127544e-01
2.978587e-01 2.125286e-01
2.980964e-01 2.123008e-01
2.983315e-01 2.120708e-01
2.985640e-01 2.118388e-01
2.987940e-01 2.116046e-01
2.990213e-01 2.113684e-01
2.992460e-01 2.111300e-01
2.994682e-01 2.108896e-01
2.996877e-01 2.106470e-01
2.999046e-01 2.104024e-01
3.001190e-01 2.101556e-01
3.003307e-01 2.099068e-01
3.005399e-01 2.096558e-01
3.007464e-01 2.094028e-01
3.009504e-01 2.091476e-01
3.011517e-01 2.088904e-01
3.013505e-01 2.086310e-01
3.015466e-01 2.083696e-01
3.017402e-01 2.081060e-01
3.019311e-01 2.078404e-01
3.021195e-01 2.075726e-01
3.023053e-01 2.073028e-01
3.024884e-01 2.070308e-01
3.026690e-01 2.067568e-01
3.028470e-01 2.064806e-01
3.030223e-01 2.062024e-01
3.031951e-01 2.059220e-01
3.033653e-01 2.056396e-01
3.035329e-01 2.053550e-01
3.036978e-01 2.050684e-01
3.038602e-01 2.047796e-01
3.040200e-01 2.044888e-01
3.041772e-01 2.041958e-01
3.043318e-01 2.039008e-01
3.044838e-01 2.036036e-01
3.046331e-01 2.033044e-01
3.047799e-01 2.030030e-01
3.049241e-01 2.026996e-01
3.050657e-01 2.023940e-01
3.052047e-01 2.020864e-01
3.053411e-01 2.017766e-01
3.054749e-01 2.014648e-01
3.056061e-01 2.011508e-01
3.057347e-01 2.008348e-01
3.058607e-01 2.005166e-01
3.059841e-01 2.001964e-01
3.061050e-01 1.998740e-01
3.062232e-01 1.995496e-01
3.063388e-01 1.992230e-01
3.064518e-01 1.988944e-01
3.065622e-01 1.985636e-01
3.066700e-01 1.982308e-01
3.067753e-01 1.978958e-01
3.068779e-01 1.975588e-01
3.069779e-01 1.972196e-01
3.070753e-01 1.968784e-01
3.071702e-01 1.965350e-01
3.072624e-01 1.961896e-01
3.073520e-01 1.958420e-01
3.074391e-01 1.954924e-01
3.075235e-01 1.951406e-01
3.076053e-01 1.947868e-01
3.076846e-01 1.944308e-01
3.077612e-01 1.940728e-01
3.078353e-01 1.937126e-01
3.079067e-01 1.933504e-01
3.079756e-01 1.929860e-01
3.080418e-01 1.926196e-01
3.081055e-01 1.922510e-01
3.081665e-01 1.918804e-01
3.082250e-01 1.915076e-01
3.082808e-01 1.911328e-01
3.083341e-01 1.907558e-01
3.083848e-01 1.903768e-01
3.084328e-01 1.899956e-01
3.084783e-01 1.896124e-01
3.085212e-01 1.892270e-01
3.085614e-01 1.888396e-01
3.085991e-01 1.884500e-01
3.086342e-01 1.880584e-01
3.086667e-01 1.876646e-01
3.086965e-01 1.872688e-01
3.087238e-01 1.868708e-01
3.087485e-01 1.864708e-01
3.087706e-01 1.860686e-01
3.087901e-01 1.856644e-01
3.088070e-01 1.852580e-01
3.088212e-01 1.848496e-01
3.088329e-01 1.844390e-01
3.088420e-01 1.840264e-01
3.088485e-01 1.836116e-01
3.088524e-01 1.831948e-01
3.088537e-01 1.827758e-01
3.088524e-01 1.823548e-01
3.088485e-01 1.819316e-01
3.088420e-01 1.815064e-01
3.088329e-01 1.810790e-01
3.088212e-01 1.806496e-01
3.088070e-01 1.802180e-01
3.087901e-01 1.797844e-01
3.087706e-01 1.793486e-01
3.087485e-01 1.789108e-01
3.087238e-01 1.784708e-01
3.086965e-01 1.780288e-01
3.086667e-01 1.775846e-01
3.086342e-01 1.771384e-01
3.085991e-01 1.766900e-01
3.085614e-01 1.762396e-01
3.085212e-01 1.757870e-01
3.084783e-01 1.753324e-01
3.084328e-01 1.748756e-01
3.083848e-01 1.744168e-01
3.083341e-01 1.739558e-01
3.082808e-01 1.734928e-01
3.082250e-01 1.730276e-01
3.081665e-01 1.725604e-01
3.081055e-01 1.720910e-01
3.080418e-01 1.716196e-01
3.079756e-01 1.711460e-01
3.079067e-01 1.706704e-01
3.078353e-01 1.701926e-01
3.077612e-01 1.697128e-01
3.076846e-01 1.692308e-01
3.076053e-01 1.687468e-01
3.075235e-01 1.682606e-01
3.074391e-01 1.677724e-01
3.073520e-01 1.672820e-01
3.072624e-01 1.667896e-01
3.071702e-01 1.662950e-01
3.070753e-01 1.657984e-01
3.069779e-01 1.652996e-01
3.068779e-01 1.647988e-01
3.067753e-01 1.642958e-01
3.066700e-01 1.637908e-01
3.065622e-01 1.632836e-01
3.064518e-01 1.627744e-01
3.063388e-01 1.622630e-01
3.062232e-01 1.617496e-01
3.061050e-01 1.612340e-01
3.059841e-01 1.607164e-01
3.058607e-01 1.601966e-01
3.057347e-01 1.596748e-01
3.056061e-01 1.591508e-01
3.056061e-01 1.591508e-01
3.053463e-01 1.587329e-01
3.050865e-01 1.583192e-01
3.048267e-01 1.579097e-01
3.045669e-01 1.575044e-01
3.043071e-01 1.571033e-01
3.040473e-01 1.567064e-01
3.037875e-01 1.563137e-01
3.035277e-01 1.559252e-01
3.032679e-01 1.555409e-01
3.030080e-01 1.551608e-01
3.027482e-01 1.547849e-01
3.024884e-01 1.544132e-01
3.022286e-01 1.540457e-01
3.019688e-01 1.536824e-01
3.017090e-01 1.533233e-01
3.014492e-01 1.529684e-01
3.011894e-01 1.526177e-01
3.009296e-01 1.522712e-01
3.006698e-01 1.519289e-01
3.004100e-01 1.515908e-01
3.001502e-01 1.512569e-01
2.998904e-01 1.509272e-01
2.996306e-01 1.506017e-01
2.993707e-01 1.502804e-01
2.991109e-01 1.499633e-01
2.988511e-01 1.496504e-01
2.985913e-01 1.493417e-01
2.983315e-01 1.490372e-01
2.980717e-01 1.487369e-01
2.978119e-01 1.484408e-01
2.975521e-01 1.481489e-01
2.972923e-01 1.478612e-01
2.970325e-01 1.475777e-01
2.967727e-01 1.472984e-01
2.965129e-01 1.470233e-01
2.962531e-01 1.467524e-01
2.959932e-01 1.464857e-01
2.957334e-01 1.462232e-01
2.954736e-01 1.459649e-01
2.952138e-01 1.457108e-01
2.949540e-01 1.454609e-01
2.946942e-01 1.452152e-01
2.944344e-01 1.449737e-01
2.941746e-01 1.447364e-01
2.939148e-01 1.445033e-01
2.936550e-01 1.442744e-01
2.933952e-01 1.440497e-01
2.931354e-01 1.438292e-01
2.928756e-01 1.436129e-01
2.926157e-01 1.434008e-01
2.923559e-01 1.431929e-01
2.920961e-01 1.429892e-01
2.918363e-01 1.427897e-01
2.915765e-01 1.425944e-01
2.913167e-01 1.424033e-01
2.910569e-01 1.422164e-01
2.907971e-01 1.420337e-01
2.905373e-01 1.418552e-01
2.902775e-01 1.416809e-01
2.900177e-01 1.415108e-01
2.897579e-01 1.413449e-01
2.894981e-01 1.411832e-01
2.892382e-01 1.410257e-01
2.889784e-01 1.408724e-01
2.887186e-01 1.407233e-01
2.884588e-01 1.405784e-01
2.881990e-01 1.404377e-01
2.879392e-01 1.403012e-01
2.876794e-01 1.401689e-01
2.874196e-01 1.400408e-01
2.871598e-01 1.399169e-01
2.869000e-01 1.397972e-01
2.866402e-01 1.396817e-01
2.863804e-01 1.395704e-01
2.861206e-01 1.394633e-01
2.858607e-01 1.393604e-01
2.856009e-01 1.392617e-01
2.853411e-01 1.391672e-01
2.850813e-01 1.390769e-01
2.848215e-01 1.389908e-01
2.845617e-01 1.389089e-01
2.843019e-01 1.388312e-01
2.840421e-01 1.387577e-01
2.837823e-01 1.386884e-01
2.835225e-01 1.386233e-01
2.832627e-01 1.385624e-01
2.830029e-01 1.385057e-01
2.827431e-01 1.384532e-01
2.824832e-01 1.384049e-01
2.822234e-01 1.383608e-01
2.819636e-01 1.383209e-01
2.817038e-01 1.382852e-01
2.814440e-01 1.382537e-01
2.811842e-01 1.382264e-01
2.809244e-01 1.382033e-01
2.806646e-01 1.381844e-01
2.804048e-01 1.381697e-01
2.801450e-01 1.381592e-01
2.798852e-01 1.381529e-01
2.796254e-01 1.381508e-01
2.793656e-01 1.381529e-01
2.791057e-01 1.381592e-01
2.788459e-01 1.381697e-01
2.785861e-01 1.381844e-01
2.783263e-01 1.382033e-01
2.780665e-01 1.382264e-01
2.778067e-01 1.382537e-01
2.775469e-01 1.382852e-01
2.772871e-01 1.383209e-01
2.770273e-01 1.383608e-01
2.767675e-01 1.384049e-01
2.765077e-01 1.384532e-01
2.762479e-01 1.385057e-01
2.759881e-01 1.385624e-01
2.757282e-01 1.386233e-01
2.754684e-01 1.386884e-01
2.752086e-01 1.387577e-01
2.749488e-01 1.388312e-01
2.746890e-01 1.389089e-01
2.744292e-01 1.389908e-01
2.741694e-01 1.390769e-01
2.739096e-01 1.391672e-01
2.736498e-01 1.392617e-01
2.733900e-01 1.393604e-01
2.731302e-01 1.394633e-01
2.728704e-01 1.395704e-01
2.726106e-01 1.396817e-01
2.723508e-01 1.397972e-01
2.720909e-01 1.399169e-01
2.718311e-01 1.400408e-01
2.715713e-01 1.401689e-01
2.713115e-01 1.403012e-01
2.710517e-01 1.404377e-01
2.707919e-01 1.405784e-01
2.705321e-01 1.407233e-01
2.702723e-01 1.408724e-01
2.700125e-01 1.410257e-01
2.697527e-01 1.411832e-01
2.694929e-01 1.413449e-01
2.692331e-01 1.415108e-01
2.689733e-01 1.416809e-01
2.687134e-01 1.418552e-01
2.684536e-01 1.420337e-01
2.681938e-01 1.422164e-01
2.679340e-01 1.424033e-01
2.676742e-01 1.425944e-01
2.674144e-01 1.427897e-01
2.671546e-01 1.429892e-01
2.668948e-01 1.431929e-01
2.666350e-01 1.434008e-01
2.663752e-01 1.436129e-01
2.661154e-01 1.438292e-01
2.658556e-01 1.440497e-01
2.655958e-01 1.442744e-01
2.653359e-01 1.445033e-01
2.650761e-01 1.447364e-01
2.648163e-01 1.449737e-01
2.645565e-01 1.452152e-01
2.642967e-01 1.454609e-01
2.640369e-01 1.457108e-01
2.637771e-01 1.459649e-01
2.635173e-01 1.462232e-01
2.632575e-01 1.464857e-01
2.629977e-01 1.467524e-01
2.627379e-01 1.470233e-01
2.624781e-01 1.472984e-01
2.622183e-01 1.475777e-01
2.619584e-01 1.478612e-01
2.616986e-01 1.481489e-01
2.614388e-01 1.484408e-01
2.611790e-01 1.487369e-01
2.609192e-01 1.490372e-01
2.606594e-01 1.493417e-01
2.603996e-01 1.496504e-01
2.601398e-01 1.499633e-01
2.598800e-01 1.502804e-01
2.596202e-01 1.506017e-01
2.593604e-01 1.509272e-01
2.591006e-01 1.512569e-01
2.588408e-01 1.515908e-01
2.585809e-01 1.519289e-01
2.583211e-01 1.522712e-01
2.580613e-01 1.526177e-01
2.578015e-01 1.529684e-01
2.575417e-01 1.533233e-01
2.572819e-01 1.536824e-01
2.570221e-01 1.540457e-01
2.567623e-01 1.544132e-01
2.565025e-01 1.547849e-01
2.562427e-01 1.551608e-01
2.559829e-01 1.555409e-01
2.557231e-01 1.559252e-01
2.554633e-01 1.563137e-01
2.552034e-01 1.567064e-01
2.549436e-01 1.571033e-01
2.546838e-01 1.575044e-01
2.544240e-01 1.579097e-01
2.541642e-01 1.583192e-01
2.539044e-01 1.587329e-01
2.536446e-01 1.591508e-01
2.536446e-01 1.591508e-01
2.535160e-01 1.596748e-01
2.533900e-01 1.601966e-01
2.532666e-01 1.607164e-01
2.531458e-01 1.612340e-01
2.530276e-01 1.617496e-01
2.529119e-01 1.622630e-01
2.527989e-01 1.627744e-01
2.526885e-01 1.632836e-01
2.525807e-01 1.637908e-01
2.524755e-01 1.642958e-01
2.523728e-01 1.647988e-01
2.522728e-01 1.652996e-01
2.521754e-01 1.657984e-01
2.520806e-01 1.662950e-01
2.519883e-01 1.667896e-01
2.518987e-01 1.672820e-01
2.518117e-01 1.677724e-01
2.517272e-01 1.682606e-01
2.516454e-01 1.687468e-01
2.515661e-01 1.692308e-01
2.514895e-01 1.697128e-01
2.514155e-01 1.701926e-01
2.513440e-01 1.706704e-01
2.512752e-01 1.711460e-01
2.512089e-01 1.716196e-01
2.511453e-01 1.720910e-01
2.510842e-01 1.725604e-01
2.510257e-01 1.730276e-01
2.509699e-01 1.734928e-01
2.509166e-01 1.739558e-01
2.508660e-01 1.744168e-01
2.508179e-01 1.748756e-01
2.507724e-01 1.753324e-01
2.507296e-01 1.757870e-01
2.506893e-01 1.762396e-01
2.506516e-01 1.766900e-01
2.506165e-01 1.771384e-01
2.505841e-01 1.775846e-01
2.505542e-01 1.780288e-01
2.505269e-01 1.784708e-01
2.505022e-01 1.789108e-01
2.504801e-01 1.793486e-01
2.504607e-01 1.797844e-01
2.504438e-01 1.802180e-01
2.504295e-01 1.806496e-01
2.504178e-01 1.810790e-01
2.504087e-01 1.815064e-01
2.504022e-01 1.819316e-01
2.503983e-01 1.823548e-01
2.503970e-01 1.827758e-01
2.503983e-01 1.831948e-01
2.504022e-01 1.836116e-01
2.504087e-01 1.840264e-01
2.504178e-01 1.844390e-01
2.504295e-01 1.848496e-01
2.504438e-01 1.852580e-01
2.504607e-01 1.856644e-01
2.504801e-01 1.860686e-01
2.505022e-01 1.864708e-01
2.505269e-01 1.868708e-01
2.505542e-01 1.872688e-01
2.505841e-01 1.876646e-01
2.506165e-01 1.880584e-01
2.506516e-01 1.884500e-01
2.506893e-01 1.888396e-01
2.507296e-01 1.892270e-01
2.507724e-01 1.896124e-01
2.508179e-01 1.899956e-01
2.508660e-01 1.903768e-01
2.509166e-01 1.907558e-01
2.509699e-01 1.911328e-01
2.510257e-01 1.915076e-01
2.510842e-01 1.918804e-01
2.511453e-01 1.922510e-01
2.512089e-01 1.926196e-01
2.512752e-01 1.929860e-01
2.513440e-01 1.933504e-01
2.514155e-01 1.937126e-01
2.514895e-01 1.940728e-01
2.515661e-01 1.944308e-01
2.516454e-01 1.947868e-01
2.517272e-01 1.951406e-01
2.518117e-01 1.954924e-01
2.518987e-01 1.958420e-01
2.519883e-01 1.961896e-01
2.520806e-01 1.965350e-01
2.521754e-01 1.968784e-01
2.522728e-01 1.972196e-01
2.523728e-01 1.975588e-01
2.524755e-01 1.978958e-01
2.525807e-01 1.982308e-01
2.526885e-01 1.985636e-01
2.527989e-01 1.988944e-01
2.529119e-01 1.992230e-01
2.530276e-01 1.995496e-01
2.531458e-01 1.998740e-01
2.532666e-01 2.001964e-01
2.533900e-01 2.005166e-01
2.535160e-01 2.008348e-01
2.536446e-01 2.011508e-01
2.537758e-01 2.014648e-01
2.539096e-01 2.017766e-01
2.540460e-01 2.020864e-01
2.541850e-01 2.023940e-01
2.543266e-01 2.026996e-01
2.544708e-01 2.030030e-01
2.546176e-01 2.033044e-01
2.547670e-01 2.036036e-01
2.549190e-01 2.039008e-01
2.550735e-01 2.041958e-01
2.552307e-01 2.044888e-01
2.553905e-01 2.047796e-01
2.555529e-01 2.050684e-01
2.557179e-01 2.053550e-01
2.558854e-01 2.056396e-01
2.560556e-01 2.059220e-01
2.562284e-01 2.062024e-01
2.564038e-01 2.064806e-01
2.565817e-01 2.067568e-01
2.567623e-01 2.070308e-01
2.569455e-01 2.073028e-01
2.571312e-01 2.075726e-01
2.573196e-01 2.078404e-01
2.575105e-01 2.081060e-01
2.577041e-01 2.083696e-01
2.579003e-01 2.086310e-01
2.580990e-01 2.088904e-01
2.583004e-01 2.091476e-01
2.585043e-01 2.094028e-01
2.587109e-01 2.096558e-01
2.589200e-01 2.099068e-01
2.591317e-01 2.101556e-01
2.593461e-01 2.104024e-01
2.595630e-01 2.106470e-01
2.597826e-01 2.108896e-01
2.600047e-01 2.111300e-01
2.602294e-01 2.113684e-01
2.604568e-01 2.116046e-01
2.606867e-01 2.118388e-01
2.609192e-01 2.120708e-01
2.611543e-01 2.123008e-01
2.613921e-01 2.125286e-01
2.616324e-01 2.127544e-01
2.618753e-01 2.129780e-01
2.621208e-01 2.131996e-01
2.623689e-01 2.134190e-01
2.626197e-01 2.136364e-01
2.628730e-01 2.138516e-01
2.631289e-01 2.140648e-01
2.633874e-01 2.142758e-01
2.636485e-01 2.144848e-01
2.639122e-01 2.146916e-01
2.641785e-01 2.148964e-01
2.644474e-01 2.150990e-01
2.647189e-01 2.152996e-01
2.649930e-01 2.154980e-01
2.652697e-01 2.156944e-01
2.655490e-01 2.158886e-01
2.658309e-01 2.160808e-01
2.661154e-01 2.162708e-01
2.664025e-01 2.164588e-01
2.666921e-01 2.166446e-01
2.669844e-01 2.168284e-01
2.672793e-01 2.170100e-01
2.675768e-01 2.171896e-01
2.678769e-01 2.173670e-01
2.681795e-01 2.175424e-01
2.684848e-01 2.177156e-01
2.687927e-01 2.178868e-01
2.691032e-01 2.180558e-01
2.694162e-01 2.182228e-01
2.697319e-01 2.183876e-01
2.700502e-01 2.185504e-01
2.703710e-01 2.187110e-01
2.706945e-01 2.188696e-01
2.710205e-01 2.190260e-01
2.713492e-01 2.191804e-01
2.716804e-01 2.193326e-01
2.720143e-01 2.194828e-01
2.723508e-01 2.196308e-01
2.726898e-01 2.197768e-01
2.730314e-01 2.199206e-01
2.733757e-01 2.200624e-01
2.737225e-01 2.202020e-01
2.740720e-01 2.203396e-01
2.744240e-01 2.204750e-01
2.747787e-01 2.206084e-01
2.751359e-01 2.207396e-01
2.754957e-01 2.208688e-01
2.758582e-01 2.209958e-01
2.762232e-01 2.211208e-01
2.765908e-01 2.212436e-01
2.769610e-01 2.213644e-01
2.773339e-01 2.214830e-01
2.777093e-01 2.215996e-01
2.780873e-01 2.217140e-01
2.784679e-01 2.218264e-01
2.788511e-01 2.219366e-01
2.792370e-01 2.220448e-01
2.796254e-01 2.221508e-01
