31 1.318080e-01
32 1.299703e-01
33 1.284938e-01
34 1.233957e-01
35 1.223440e-01
36 1.128477e-01
37 1.104820e-01
38 1.093817e-01
39 1.017961e-01
40 8.599180e-02
41 8.569122e-02
42 7.568786e-02
43 7.505713e-02
44 7.176390e-02
45 6.199073e-02
46 5.245318e-02
47 5.105514e-02
48 5.049340e-02
49 4.154518e-02
50 3.566402e-02
51 3.287231e-02
52 3.015743e-02
53 2.864487e-02
54 2.840784e-02
55 2.490990e-02
56 2.404352e-02
57 2.136119e-02
58 2.118979e-02
59 2.079027e-02
60 2.033765e-02
61 1.966379e-02
62 1.916892e-02
63 1.549877e-02
64 1.354251e-02
65 9.310100e-03
66 8.252073e-03
67 7.903068e-03
68 7.257043e-03
69 5.002298e-03
70 3.791796e-03
71 1.772108e-03
72 7.971396e-04
73 5.891744e-04
74 4.104295e-04
75 1.892071e-04
76 1.349983e-04
77 3.972814e-05
78 3.091302e-05
79 2.477950e-06
80 1.471599e-06
81 1.168463e-06
82 5.728760e-07
83 1.207533e-07
84 1.076974e-07
85 3.375454e-08
86 6.838798e-09
87 1.048583e-09
