6.940000e-01 0
6.940000e-01 1.425000e-01
6.940000e-01 2.850000e-01
6.462500e-01 2.850000e-01
5.985000e-01 2.850000e-01
5.985000e-01 3.600000e-01
5.985000e-01 4.350000e-01
5.985000e-01 5.758750e-01
5.985000e-01 7.167500e-01
5.985000e-01 8.576250e-01
5.985000e-01 9.985000e-01
3.533250e-01 9.985000e-01
1.081500e-01 9.985000e-01
1.081500e-01 7.492500e-01
1.081500e-01 5.000000e-01
1.081500e-01 3.333333e-01
1.081500e-01 1.666667e-01
1.081500e-01 2.775558e-16
1.081500e-01 -1.666667e-01
1.081500e-01 -3.333333e-01
1.081500e-01 -5.000000e-01
1.081500e-01 -7.492500e-01
1.081500e-01 -9.985000e-01
3.533250e-01 -9.985000e-01
5.985000e-01 -9.985000e-01
5.985000e-01 -8.576250e-01
5.985000e-01 -7.167500e-01
5.985000e-01 -5.758750e-01
5.985000e-01 -4.350000e-01
5.985000e-01 -3.600000e-01
5.985000e-01 -2.850000e-01
6.462500e-01 -2.850000e-01
6.940000e-01 -2.850000e-01
6.940000e-01 -1.425000e-01
6.940000e-01 4.996004e-16
