6.940000e-01 4.750000e-02
6.940000e-01 1.425000e-01
6.940000e-01 2.375000e-01
6.780833e-01 2.850000e-01
6.462500e-01 2.850000e-01
6.144167e-01 2.850000e-01
5.985000e-01 3.100000e-01
5.985000e-01 3.600000e-01
5.985000e-01 4.100000e-01
5.985000e-01 4.819583e-01
5.985000e-01 5.758750e-01
5.985000e-01 6.697917e-01
5.985000e-01 7.637083e-01
5.985000e-01 8.576250e-01
5.985000e-01 9.515417e-01
5.167750e-01 9.985000e-01
3.533250e-01 9.985000e-01
1.898750e-01 9.985000e-01
1.081500e-01 9.154167e-01
1.081500e-01 7.492500e-01
1.081500e-01 5.830833e-01
1.081500e-01 4.444444e-01
1.081500e-01 3.333333e-01
1.081500e-01 2.222222e-01
1.081500e-01 1.111111e-01
1.081500e-01 2.775558e-16
1.081500e-01 -1.111111e-01
1.081500e-01 -2.222222e-01
1.081500e-01 -3.333333e-01
1.081500e-01 -4.444444e-01
1.081500e-01 -5.830833e-01
1.081500e-01 -7.492500e-01
1.081500e-01 -9.154167e-01
1.898750e-01 -9.985000e-01
3.533250e-01 -9.985000e-01
5.167750e-01 -9.985000e-01
5.985000e-01 -9.515417e-01
5.985000e-01 -8.576250e-01
5.985000e-01 -7.637083e-01
5.985000e-01 -6.697917e-01
5.985000e-01 -5.758750e-01
5.985000e-01 -4.819583e-01
5.985000e-01 -4.100000e-01
5.985000e-01 -3.600000e-01
5.985000e-01 -3.100000e-01
6.144167e-01 -2.850000e-01
6.462500e-01 -2.850000e-01
6.780833e-01 -2.850000e-01
6.940000e-01 -2.375000e-01
6.940000e-01 -1.425000e-01
6.940000e-01 -4.750000e-02
