0.000983	0.000000
0.001966	-0.000000
0.002948	-0.000000
0.003931	-0.000000
0.004914	-0.000000
0.005897	0.000000
0.006879	0.000000
0.007862	0.000000
0.008845	-0.000000
0.009828	-0.000000
0.010811	0.000000
0.011793	0.000000
0.012776	0.000000
0.013759	-0.000000
0.014742	-0.000000
0.015724	0.000000
0.016707	-0.000000
0.017690	-0.000000
0.018673	-0.000000
0.019656	0.000000
0.020638	-0.000000
0.021621	0.000000
0.022604	-0.000000
0.023587	-0.000000
0.024569	-0.000000
0.025552	-0.000000
0.026535	0.000000
0.027518	0.000000
0.028500	0.000000
0.029483	0.000000
0.030466	0.000000
0.031449	-0.000000
0.032432	-0.000000
0.033414	0.000000
0.034397	0.000000
0.035380	0.000000
0.036363	0.000000
0.037345	0.000000
0.038328	0.000000
0.039311	-0.000000
0.040294	0.000000
0.041277	0.000000
0.042259	-0.000000
0.043242	-0.000000
0.044225	0.000000
0.045208	-0.000000
0.046190	-0.000000
0.047173	-0.000000
0.048156	-0.000000
0.049139	0.000000
0.050122	0.000000
0.051104	-0.000000
0.052087	0.000000
0.053070	0.000000
0.054053	0.000000
0.055035	-0.000000
0.056018	-0.000000
0.057001	-0.000000
0.057984	-0.000000
0.058967	-0.000000
0.059949	0.000000
0.060932	-0.000000
0.061915	0.000000
0.062898	0.000000
0.063880	-0.000000
0.064863	-0.000000
0.065846	-0.000000
0.066829	-0.000000
0.067812	-0.000000
0.068794	0.000000
0.069777	-0.000000
0.070760	0.000000
0.071743	-0.000000
0.072725	0.000000
0.073708	-0.000000
0.074691	0.000000
0.075674	-0.000000
0.076656	-0.000000
0.077639	0.000000
0.078622	-0.000000
0.079605	-0.000000
0.080588	0.000000
0.081570	-0.000000
0.082553	0.000000
0.083536	0.000000
0.084519	-0.000000
0.085501	-0.000000
0.086484	0.000000
0.087467	0.000000
0.088450	-0.000000
0.089433	-0.000000
0.090415	0.000000
0.091398	0.000000
0.092381	-0.000000
0.093364	-0.000000
0.094346	0.000000
0.095329	0.000000
0.096312	-0.000000
0.097295	0.000009
0.098278	0.000019
0.099260	0.000028
0.100243	0.000037
0.101226	0.000047
0.102209	0.000056
0.103191	0.000065
0.104174	0.000075
0.105157	0.000084
0.106140	0.000093
0.107123	0.000103
0.108105	0.000112
0.109088	0.000121
0.110071	0.000130
0.111054	0.000139
0.112036	0.000149
0.113019	0.000158
0.114002	0.000167
0.114985	0.000176
0.115968	0.000185
0.116950	0.000194
0.117933	0.000203
0.118916	0.000212
0.119899	0.000221
0.120881	0.000230
0.121864	0.000239
0.122847	0.000248
0.123830	0.000257
0.124812	0.000265
0.125795	0.000274
0.126778	0.000283
0.127761	0.000291
0.128744	0.000300
0.129726	0.000309
0.130709	0.000317
0.131692	0.000326
0.132675	0.000334
0.133657	0.000342
0.134640	0.000351
0.135623	0.000359
0.136606	0.000367
0.137589	0.000375
0.138571	0.000383
0.139554	0.000391
0.140537	0.000399
0.141520	0.000407
0.142502	0.000415
0.143485	0.000423
0.144468	0.000430
0.145451	0.000438
0.146434	0.000445
0.147416	0.000453
0.148399	0.000460
0.149382	0.000468
0.150365	0.000475
0.151347	0.000482
0.152330	0.000489
0.153313	0.000496
0.154296	0.000503
0.155279	0.000510
0.156261	0.000516
0.157244	0.000523
0.158227	0.000529
0.159210	0.000536
0.160192	0.000542
0.161175	0.000548
0.162158	0.000554
0.163141	0.000560
0.164124	0.000566
0.165106	0.000572
0.166089	0.000578
0.167072	0.000584
0.168055	0.000589
0.169037	0.000594
0.170020	0.000600
0.171003	0.000605
0.171986	0.000610
0.172969	0.000615
0.173951	0.000619
0.174934	0.000624
0.175917	0.000629
0.176900	0.000633
0.177882	0.000637
0.178865	0.000641
0.179848	0.000645
0.180831	0.000649
0.181813	0.000653
0.182796	0.000657
0.183779	0.000660
0.184762	0.000663
0.185745	0.000666
0.186727	0.000669
0.187710	0.000672
0.188693	0.000675
0.189676	0.000678
0.190658	0.000680
0.191641	0.000682
0.192624	0.000684
0.193607	0.000686
0.194590	0.000688
0.195572	0.000690
0.196555	0.000691
0.197538	0.000692
0.198521	0.000693
0.199503	0.000694
0.200486	0.000695
0.201469	0.000696
0.202452	0.000696
0.203435	0.000696
0.204417	0.000696
0.205400	0.000696
0.206383	0.000696
0.207366	0.000695
0.208348	0.000694
0.209331	0.000693
0.210314	0.000692
0.211297	0.000691
0.212280	0.000690
0.213262	0.000688
0.214245	0.000686
0.215228	0.000684
0.216211	0.000682
0.217193	0.000679
0.218176	0.000676
0.219159	0.000673
0.220142	0.000670
0.221125	0.000667
0.222107	0.000663
0.223090	0.000660
0.224073	0.000656
0.225056	0.000651
0.226038	0.000647
0.227021	0.000642
0.228004	0.000638
0.228987	0.000633
0.229969	0.000627
0.230952	0.000622
0.231935	0.000616
0.232918	0.000610
0.233901	0.000604
0.234883	0.000598
0.235866	0.000591
0.236849	0.000584
0.237832	0.000577
0.238814	0.000570
0.239797	0.000563
0.240780	0.000555
0.241763	0.000547
0.242746	0.000539
0.243728	0.000531
0.244711	0.000522
0.245694	0.000513
0.246677	0.000504
0.247659	0.000495
0.248642	0.000486
0.249625	0.000476
0.250608	0.000467
0.251591	0.000457
0.252573	0.000446
0.253556	0.000436
0.254539	0.000426
0.255522	0.000415
0.256504	0.000404
0.257487	0.000393
0.258470	0.000381
0.259453	0.000370
0.260436	0.000358
0.261418	0.000347
0.262401	0.000335
0.263384	0.000323
0.264367	0.000310
0.265349	0.000298
0.266332	0.000285
0.267315	0.000273
0.268298	0.000260
0.269281	0.000247
0.270263	0.000234
0.271246	0.000221
0.272229	0.000208
0.273212	0.000194
0.274194	0.000181
0.275177	0.000167
0.276160	0.000154
0.277143	0.000140
0.278125	0.000126
0.279108	0.000112
0.280091	0.000098
0.281074	0.000084
0.282057	0.000070
0.283039	0.000056
0.284022	0.000042
0.285005	0.000028
0.285988	0.000014
0.286962	0.000056
0.287937	0.000084
0.288912	0.000112
0.289887	0.000141
0.290862	0.000169
0.291836	0.000198
0.292811	0.000226
0.293786	0.000255
0.294761	0.000284
0.295736	0.000313
0.296710	0.000343
0.297685	0.000372
0.298660	0.000402
0.299635	0.000432
0.300610	0.000462
0.301584	0.000493
0.302559	0.000524
0.303534	0.000555
0.304509	0.000587
0.305484	0.000619
0.306458	0.000651
0.307433	0.000684
0.308408	0.000717
0.309383	0.000750
0.310357	0.000784
0.311332	0.000819
0.312307	0.000854
0.313282	0.000889
0.314257	0.000925
0.315231	0.000962
0.316206	0.000999
0.317181	0.001037
0.318156	0.001076
0.319131	0.001115
0.320105	0.001155
0.321080	0.001196
0.322055	0.001238
0.323030	0.001280
0.324005	0.001323
0.324979	0.001367
0.325954	0.001412
0.326929	0.001459
0.327904	0.001506
0.328879	0.001554
0.329853	0.001603
0.330828	0.001654
0.331803	0.001706
0.332778	0.001759
0.333753	0.001814
0.334727	0.001870
0.335702	0.001927
0.336677	0.001986
0.337652	0.002047
0.338626	0.002110
0.339601	0.002175
0.340576	0.002241
0.341551	0.002310
0.342526	0.002381
0.343500	0.002454
0.344475	0.002529
0.345450	0.002608
0.346425	0.002689
0.347400	0.002773
0.348374	0.002861
0.349349	0.002951
0.350324	0.003046
0.351299	0.003144
0.352274	0.003247
0.353248	0.003354
0.354223	0.003466
0.355198	0.003583
0.356173	0.003706
0.357148	0.003836
0.358122	0.003972
0.359097	0.004116
0.360072	0.004268
0.361047	0.004430
0.362021	0.004601
0.362996	0.004784
0.363971	0.004980
0.364946	0.005191
0.365921	0.005418
0.366895	0.005664
0.367870	0.005932
0.368845	0.006227
0.369820	0.006552
0.370795	0.006915
0.371769	0.007323
0.372744	0.007788
0.373719	0.008327
0.374694	0.008961
0.375669	0.009725
0.376643	0.010674
0.377618	0.011897
0.378593	0.013547
0.379568	0.015890
0.380543	0.019364
0.381517	0.024460
0.382492	0.030177
0.383475	0.030399
0.384458	0.025743
0.385440	0.021467
0.386423	0.018628
0.387406	0.016787
0.388389	0.015547
0.389372	0.014668
0.390354	0.014016
0.391337	0.013514
0.392320	0.013116
0.393303	0.012791
0.394285	0.012523
0.395268	0.012296
0.396251	0.012103
0.397234	0.011936
0.398217	0.011791
0.399199	0.011664
0.400182	0.011551
0.401165	0.011451
0.402148	0.011361
0.403130	0.011281
0.404113	0.011209
0.405096	0.011143
0.406079	0.011084
0.407061	0.011030
0.408044	0.010980
0.409027	0.010935
0.410010	0.010893
0.410993	0.010855
0.411975	0.010820
0.412958	0.010787
0.413941	0.010757
0.414924	0.010729
0.415906	0.010703
0.416889	0.010678
0.417872	0.010655
0.418855	0.010634
0.419838	0.010614
0.420820	0.010595
0.421803	0.010578
0.422786	0.010561
0.423769	0.010545
0.424751	0.010531
0.425734	0.010516
0.426717	0.010503
0.427700	0.010490
0.428683	0.010478
0.429665	0.010466
0.430648	0.010455
0.431631	0.010444
0.432614	0.010434
0.433596	0.010424
0.434579	0.010414
0.435562	0.010405
0.436545	0.010395
0.437528	0.010386
0.438510	0.010378
0.439493	0.010369
0.440476	0.010361
0.441459	0.010352
0.442441	0.010344
0.443424	0.010336
0.444407	0.010328
0.445390	0.010320
0.446373	0.010312
0.447355	0.010304
0.448338	0.010296
0.449321	0.010288
0.450304	0.010280
0.451286	0.010272
0.452269	0.010264
0.453252	0.010256
0.454235	0.010248
0.455217	0.010240
0.456200	0.010232
0.457183	0.010224
0.458166	0.010216
0.459149	0.010207
0.460131	0.010199
0.461114	0.010190
0.462097	0.010181
0.463080	0.010173
0.464062	0.010164
0.465045	0.010155
0.466028	0.010145
0.467011	0.010136
0.467994	0.010127
0.468976	0.010117
0.469959	0.010107
0.470942	0.010097
0.471925	0.010087
0.472907	0.010077
0.473890	0.010067
0.474873	0.010057
0.475856	0.010046
0.476839	0.010035
0.477821	0.010024
0.478804	0.010013
0.479787	0.010002
0.480770	0.009991
0.481752	0.009979
0.482735	0.009967
0.483718	0.009955
0.484701	0.009943
0.485684	0.009931
0.486666	0.009919
0.487649	0.009906
0.488632	0.009893
0.489615	0.009881
0.490597	0.009867
0.491580	0.009854
0.492563	0.009841
0.493546	0.009827
0.494529	0.009813
0.495511	0.009800
0.496494	0.009785
0.497477	0.009771
0.498460	0.009757
0.499442	0.009742
0.500425	0.009727
0.501408	0.009712
0.502391	0.009697
0.503374	0.009682
0.504356	0.009666
0.505339	0.009651
0.506322	0.009635
0.507305	0.009619
0.508287	0.009603
0.509270	0.009587
0.510253	0.009570
0.511236	0.009553
0.512218	0.009537
0.513201	0.009520
0.514184	0.009503
0.515167	0.009485
0.516150	0.009468
0.517132	0.009450
0.518115	0.009433
0.519098	0.009415
0.520081	0.009397
0.521063	0.009378
0.522046	0.009360
0.523029	0.009341
0.524012	0.009323
0.524995	0.009304
0.525977	0.009285
0.526960	0.009266
0.527943	0.009247
0.528926	0.009227
0.529908	0.009208
0.530891	0.009188
0.531874	0.009168
0.532857	0.009148
0.533840	0.009128
0.534822	0.009108
0.535805	0.009087
0.536788	0.009067
0.537771	0.009046
0.538753	0.009025
0.539736	0.009004
0.540719	0.008983
0.541702	0.008962
0.542685	0.008941
0.543667	0.008920
0.544650	0.008898
0.545633	0.008876
0.546616	0.008855
0.547598	0.008833
0.548581	0.008811
0.549564	0.008788
0.550547	0.008766
0.551530	0.008744
0.552512	0.008721
0.553495	0.008699
0.554478	0.008676
0.555461	0.008653
0.556443	0.008630
0.557426	0.008607
0.558409	0.008584
0.559392	0.008561
0.560374	0.008538
0.561357	0.008515
0.562340	0.008491
0.563323	0.008467
0.564306	0.008444
0.565288	0.008420
0.566271	0.008396
0.567254	0.008372
0.568237	0.008348
0.569219	0.008324
0.570202	0.008300
0.571185	0.008276
0.572168	0.008251
0.573151	0.008227
0.574133	0.008202
0.575116	0.008178
0.576099	0.008153
0.577082	0.008128
0.578064	0.008104
0.579047	0.008079
0.580030	0.008054
0.581013	0.008029
0.581996	0.008004
0.582978	0.007979
0.583961	0.007953
0.584944	0.007928
0.585927	0.007903
0.586909	0.007878
0.587892	0.007852
0.588875	0.007827
0.589858	0.007801
0.590841	0.007776
0.591823	0.007750
0.592806	0.007724
0.593789	0.007699
0.594772	0.007673
0.595754	0.007647
0.596737	0.007621
0.597720	0.007595
0.598703	0.007569
0.599686	0.007543
0.600668	0.007517
0.601651	0.007491
0.602634	0.007465
0.603617	0.007439
0.604599	0.007413
0.605582	0.007387
0.606565	0.007361
0.607548	0.007335
0.608530	0.007308
0.609513	0.007282
0.610496	0.007256
0.611479	0.007229
0.612462	0.007203
0.613444	0.007177
0.614427	0.007150
0.615410	0.007124
0.616393	0.007098
0.617375	0.007071
0.618358	0.007045
0.619341	0.007018
0.620324	0.006992
0.621307	0.006966
0.622289	0.006939
0.623272	0.006913
0.624255	0.006886
0.625238	0.006860
0.626220	0.006833
0.627203	0.006807
0.628186	0.006780
0.629169	0.006754
0.630152	0.006727
0.631134	0.006701
0.632117	0.006674
0.633100	0.006648
0.634083	0.006621
0.635065	0.006595
0.636048	0.006569
0.637031	0.006542
0.638014	0.006516
0.638997	0.006489
0.639979	0.006463
0.640962	0.006436
0.641945	0.006410
0.642928	0.006384
0.643910	0.006357
0.644893	0.006331
0.645876	0.006305
0.646859	0.006279
0.647842	0.006252
0.648824	0.006226
0.649807	0.006200
0.650790	0.006174
0.651773	0.006147
0.652755	0.006121
0.653738	0.006095
0.654721	0.006069
0.655704	0.006043
0.656686	0.006017
0.657669	0.005991
0.658652	0.005965
0.659635	0.005939
0.660618	0.005913
0.661600	0.005887
0.662583	0.005862
0.663566	0.005836
0.664549	0.005810
0.665531	0.005784
0.666514	0.005759
0.667497	0.005733
0.668480	0.005707
0.669463	0.005682
0.670445	0.005656
0.671428	0.005631
0.672411	0.005605
0.673394	0.005580
0.674376	0.005555
0.675359	0.005529
0.676342	0.005504
0.677325	0.005479
0.678308	0.005454
0.679290	0.005428
0.680273	0.005403
0.681256	0.005378
0.682239	0.005353
0.683221	0.005328
0.684204	0.005304
0.685187	0.005279
0.686170	0.005254
0.687153	0.005229
0.688135	0.005205
0.689118	0.005180
0.690101	0.005155
0.691084	0.005131
0.692066	0.005106
0.693049	0.005082
0.694032	0.005058
0.695015	0.005033
0.695998	0.005009
0.696980	0.004985
0.697963	0.004961
0.698946	0.004937
0.699929	0.004913
0.700911	0.004889
0.701894	0.004865
0.702877	0.004841
0.703860	0.004817
0.704842	0.004794
0.705825	0.004770
0.706808	0.004746
0.707791	0.004723
0.708774	0.004699
0.709756	0.004676
0.710739	0.004653
0.711722	0.004629
0.712705	0.004606
0.713687	0.004583
0.714670	0.004560
0.715653	0.004537
0.716636	0.004514
0.717619	0.004491
0.718601	0.004468
0.719584	0.004446
0.720567	0.004423
0.721550	0.004400
0.722532	0.004378
0.723515	0.004355
0.724498	0.004333
0.725481	0.004310
0.726464	0.004288
0.727446	0.004266
0.728429	0.004244
0.729412	0.004222
0.730395	0.004200
0.731377	0.004178
0.732360	0.004156
0.733343	0.004134
0.734326	0.004113
0.735309	0.004091
0.736291	0.004069
0.737274	0.004048
0.738257	0.004026
0.739240	0.004005
0.740222	0.003984
0.741205	0.003963
0.742188	0.003941
0.743171	0.003920
0.744154	0.003899
0.745136	0.003878
0.746119	0.003857
0.747102	0.003837
0.748085	0.003816
0.749067	0.003795
0.750050	0.003775
0.751033	0.003754
0.752016	0.003734
0.752999	0.003714
0.753981	0.003693
0.754964	0.003673
0.755947	0.003653
0.756930	0.003633
0.757912	0.003613
0.758895	0.003593
0.759878	0.003573
0.760861	0.003553
0.761843	0.003534
0.762826	0.003514
0.763809	0.003495
0.764792	0.003475
0.765775	0.003456
0.766757	0.003436
0.767740	0.003417
0.768723	0.003398
0.769706	0.003379
0.770688	0.003360
0.771671	0.003341
0.772654	0.003322
0.773637	0.003303
0.774620	0.003284
0.775602	0.003266
0.776585	0.003247
0.777568	0.003229
0.778551	0.003210
0.779533	0.003192
0.780516	0.003174
0.781499	0.003155
0.782482	0.003137
0.783465	0.003119
0.784447	0.003101
0.785430	0.003083
0.786413	0.003065
0.787396	0.003048
0.788378	0.003030
0.789361	0.003012
0.790344	0.002995
0.791327	0.002977
0.792310	0.002960
0.793292	0.002943
0.794275	0.002925
0.795258	0.002908
0.796241	0.002891
0.797223	0.002874
0.798206	0.002857
0.799189	0.002840
0.800172	0.002823
0.801155	0.002807
0.802137	0.002790
0.803120	0.002773
0.804103	0.002757
0.805086	0.002740
0.806068	0.002724
0.807051	0.002707
0.808034	0.002691
0.809017	0.002675
0.809999	0.002659
0.810982	0.002643
0.811965	0.002627
0.812948	0.002611
0.813931	0.002595
0.814913	0.002579
0.815896	0.002564
0.816879	0.002548
0.817862	0.002532
0.818844	0.002517
0.819827	0.002502
0.820810	0.002486
0.821793	0.002471
0.822776	0.002456
0.823758	0.002441
0.824741	0.002425
0.825724	0.002410
0.826707	0.002396
0.827689	0.002381
0.828672	0.002366
0.829655	0.002351
0.830638	0.002336
0.831621	0.002322
0.832603	0.002307
0.833586	0.002293
0.834569	0.002278
0.835552	0.002264
0.836534	0.002250
0.837517	0.002236
0.838500	0.002221
0.839483	0.002207
0.840466	0.002193
0.841448	0.002179
0.842431	0.002165
0.843414	0.002152
0.844397	0.002138
0.845379	0.002124
0.846362	0.002111
0.847345	0.002097
0.848328	0.002083
0.849311	0.002070
0.850293	0.002057
0.851276	0.002043
0.852259	0.002030
0.853242	0.002017
0.854224	0.002004
0.855207	0.001991
0.856190	0.001978
0.857173	0.001965
0.858155	0.001952
0.859138	0.001939
0.860121	0.001926
0.861104	0.001914
0.862087	0.001901
0.863069	0.001888
0.864052	0.001876
0.865035	0.001863
0.866018	0.001851
0.867000	0.001839
0.867983	0.001826
0.868966	0.001814
0.869949	0.001802
0.870932	0.001790
0.871914	0.001778
0.872897	0.001766
0.873880	0.001754
0.874863	0.001742
0.875845	0.001730
0.876828	0.001718
0.877811	0.001706
0.878794	0.001695
0.879777	0.001683
0.880759	0.001672
0.881742	0.001660
0.882725	0.001649
0.883708	0.001637
0.884690	0.001626
0.885673	0.001615
0.886656	0.001603
0.887639	0.001592
0.888622	0.001581
0.889604	0.001570
0.890587	0.001559
0.891570	0.001548
0.892553	0.001537
0.893535	0.001526
0.894518	0.001516
0.895501	0.001505
0.896484	0.001494
0.897467	0.001483
0.898449	0.001473
0.899432	0.001462
0.900415	0.001452
0.901398	0.001441
0.902380	0.001431
0.903363	0.001420
0.904346	0.001410
0.905329	0.001400
0.906311	0.001390
0.907294	0.001380
0.908277	0.001369
0.909260	0.001359
0.910243	0.001349
0.911225	0.001339
0.912208	0.001329
0.913191	0.001320
0.914174	0.001310
0.915156	0.001300
0.916139	0.001290
0.917122	0.001280
0.918105	0.001271
0.919088	0.001261
0.920070	0.001252
0.921053	0.001242
0.922036	0.001233
0.923019	0.001223
0.924001	0.001214
0.924984	0.001204
0.925967	0.001195
0.926950	0.001186
0.927933	0.001177
0.928915	0.001168
0.929898	0.001158
0.930881	0.001149
0.931864	0.001140
0.932846	0.001131
0.933829	0.001122
0.934812	0.001113
0.935795	0.001104
0.936778	0.001096
0.937760	0.001087
0.938743	0.001078
0.939726	0.001069
0.940709	0.001061
0.941691	0.001052
0.942674	0.001043
0.943657	0.001035
0.944640	0.001026
0.945623	0.001018
0.946605	0.001009
0.947588	0.001001
0.948571	0.000993
0.949554	0.000984
0.950536	0.000976
0.951519	0.000968
0.952502	0.000959
0.953485	0.000951
0.954467	0.000943
0.955450	0.000935
0.956433	0.000927
0.957416	0.000919
0.958399	0.000911
0.959381	0.000903
0.960364	0.000895
0.961347	0.000887
0.962330	0.000879
0.963312	0.000871
0.964295	0.000863
0.965278	0.000855
0.966261	0.000848
0.967244	0.000840
0.968226	0.000832
0.969209	0.000825
0.970192	0.000817
0.971175	0.000809
0.972157	0.000802
0.973140	0.000794
0.974123	0.000787
0.975106	0.000779
0.976089	0.000772
0.977071	0.000764
0.978054	0.000757
0.979037	0.000750
0.980020	0.000742
0.981002	0.000735
0.981985	0.000728
0.982968	0.000721
0.983951	0.000713
0.984934	0.000706
0.985916	0.000699
0.986899	0.000692
0.987882	0.000685
0.988865	0.000678
0.989847	0.000671
0.990830	0.000664
0.991813	0.000657
0.992796	0.000650
0.993779	0.000643
0.994761	0.000636
0.995744	0.000629
0.996727	0.000622
0.997710	0.000615
0.998692	0.000608
0.999675	0.000601
1.000658	0.000595
1.001641	0.000588
1.002624	0.000581
1.003606	0.000574
1.004589	0.000568
1.005572	0.000561
1.006555	0.000554
1.007537	0.000548
1.008520	0.000541
1.009503	0.000535
1.010486	0.000528
1.011468	0.000521
1.012451	0.000515
1.013434	0.000508
1.014417	0.000502
1.015400	0.000496
1.016382	0.000489
1.017365	0.000483
1.018348	0.000476
1.019331	0.000470
1.020313	0.000464
1.021296	0.000457
1.022279	0.000451
1.023262	0.000445
1.024245	0.000438
1.025227	0.000432
1.026210	0.000426
1.027193	0.000419
1.028176	0.000413
1.029158	0.000407
1.030141	0.000401
1.031124	0.000395
1.032107	0.000389
1.033090	0.000382
1.034072	0.000376
1.035055	0.000370
1.036038	0.000364
1.037021	0.000358
1.038003	0.000352
1.038986	0.000346
1.039969	0.000340
1.040952	0.000334
1.041935	0.000328
1.042917	0.000322
1.043900	0.000316
1.044883	0.000310
1.045866	0.000304
1.046848	0.000298
1.047831	0.000292
1.048814	0.000286
1.049797	0.000280
1.050780	0.000274
1.051762	0.000268
1.052745	0.000262
1.053728	0.000257
1.054711	0.000251
1.055693	0.000245
1.056676	0.000239
1.057659	0.000233
1.058642	0.000227
1.059624	0.000222
1.060607	0.000216
1.061590	0.000210
1.062573	0.000204
1.063556	0.000198
1.064538	0.000193
1.065521	0.000187
1.066504	0.000181
1.067487	0.000175
1.068469	0.000170
1.069452	0.000164
1.070435	0.000158
1.071418	0.000153
1.072401	0.000147
1.073383	0.000141
1.074366	0.000135
1.075349	0.000130
1.076332	0.000124
1.077314	0.000118
1.078297	0.000113
1.079280	0.000107
1.080263	0.000101
1.081246	0.000096
1.082228	0.000090
1.083211	0.000084
1.084194	0.000079
1.085177	0.000073
1.086159	0.000068
1.087142	0.000062
1.088125	0.000056
1.089108	0.000051
1.090091	0.000045
1.091073	0.000039
1.092056	0.000034
1.093039	0.000028
1.094022	0.000022
1.095004	0.000017
1.095987	0.000011
1.096970	0.000006
1.097945	0.000008
1.098920	0.000011
1.099894	0.000014
1.100869	0.000017
1.101844	0.000020
1.102819	0.000022
1.103794	0.000025
1.104768	0.000028
1.105743	0.000031
1.106718	0.000034
1.107693	0.000037
1.108667	0.000039
1.109642	0.000042
1.110617	0.000045
1.111592	0.000048
1.112567	0.000051
1.113541	0.000054
1.114516	0.000056
1.115491	0.000059
1.116466	0.000062
1.117441	0.000065
1.118415	0.000068
1.119390	0.000071
1.120365	0.000074
1.121340	0.000077
1.122315	0.000079
1.123289	0.000082
1.124264	0.000085
1.125239	0.000088
1.126214	0.000091
1.127189	0.000094
1.128163	0.000097
1.129138	0.000100
1.130113	0.000102
1.131088	0.000105
1.132062	0.000108
1.133037	0.000111
1.134012	0.000114
1.134987	0.000117
1.135962	0.000120
1.136936	0.000123
1.137911	0.000126
1.138886	0.000128
1.139861	0.000131
1.140836	0.000134
1.141810	0.000137
1.142785	0.000140
1.143760	0.000143
1.144735	0.000146
1.145710	0.000149
1.146684	0.000152
1.147659	0.000155
1.148634	0.000157
1.149609	0.000160
1.150584	0.000163
1.151558	0.000166
1.152533	0.000169
1.153508	0.000172
1.154483	0.000175
1.155457	0.000178
1.156432	0.000181
1.157407	0.000184
1.158382	0.000186
1.159357	0.000189
1.160331	0.000192
1.161306	0.000195
1.162281	0.000198
1.163256	0.000201
1.164231	0.000204
1.165205	0.000207
1.166180	0.000209
1.167155	0.000212
1.168130	0.000215
1.169105	0.000218
1.170079	0.000221
1.171054	0.000224
1.172029	0.000227
1.173004	0.000229
1.173979	0.000232
1.174953	0.000235
1.175928	0.000238
1.176903	0.000241
1.177878	0.000244
1.178852	0.000247
1.179827	0.000249
1.180802	0.000252
1.181777	0.000255
1.182752	0.000258
1.183726	0.000261
1.184701	0.000264
1.185676	0.000266
1.186651	0.000269
1.187626	0.000272
1.188600	0.000275
1.189575	0.000278
1.190550	0.000280
1.191525	0.000283
1.192500	0.000286
1.193474	0.000289
1.194449	0.000291
1.195424	0.000294
1.196399	0.000297
1.197374	0.000300
1.198348	0.000302
1.199323	0.000305
1.200298	0.000308
1.201273	0.000311
1.202247	0.000313
1.203222	0.000316
1.204197	0.000319
1.205172	0.000322
1.206147	0.000324
1.207121	0.000327
1.208096	0.000330
1.209071	0.000332
1.210046	0.000335
1.211021	0.000338
1.211995	0.000340
1.212970	0.000343
1.213945	0.000346
1.214920	0.000348
1.215895	0.000351
1.216869	0.000354
1.217844	0.000356
1.218819	0.000359
1.219794	0.000361
1.220769	0.000364
1.221743	0.000367
1.222718	0.000369
1.223693	0.000372
1.224668	0.000374
1.225643	0.000377
1.226617	0.000379
1.227592	0.000382
1.228567	0.000385
1.229542	0.000387
1.230516	0.000390
1.231491	0.000392
1.232466	0.000395
1.233441	0.000397
1.234416	0.000400
1.235390	0.000402
1.236365	0.000404
1.237340	0.000407
1.238315	0.000409
1.239290	0.000412
1.240264	0.000414
1.241239	0.000417
1.242214	0.000419
1.243189	0.000421
1.244164	0.000424
1.245138	0.000426
1.246113	0.000429
1.247088	0.000431
1.248063	0.000433
1.249038	0.000436
1.250012	0.000438
1.250987	0.000440
1.251962	0.000442
1.252937	0.000445
1.253911	0.000447
1.254886	0.000449
1.255861	0.000452
1.256836	0.000454
1.257811	0.000456
1.258785	0.000458
1.259760	0.000460
1.260735	0.000463
1.261710	0.000465
1.262685	0.000467
1.263659	0.000469
1.264634	0.000471
1.265609	0.000473
1.266584	0.000476
1.267559	0.000478
1.268533	0.000480
1.269508	0.000482
1.270483	0.000484
1.271458	0.000486
1.272433	0.000488
1.273407	0.000490
1.274382	0.000492
1.275357	0.000494
1.276332	0.000496
1.277306	0.000498
1.278281	0.000500
1.279256	0.000502
1.280231	0.000504
1.281206	0.000506
1.282180	0.000508
1.283155	0.000509
1.284130	0.000511
1.285105	0.000513
1.286080	0.000515
1.287054	0.000517
1.288029	0.000519
1.289004	0.000521
1.289979	0.000522
1.290954	0.000524
1.291928	0.000526
1.292903	0.000528
1.293878	0.000529
1.294853	0.000531
1.295828	0.000533
1.296802	0.000534
1.297777	0.000536
1.298752	0.000538
1.299727	0.000539
1.300701	0.000541
1.301676	0.000542
1.302651	0.000544
1.303626	0.000546
1.304601	0.000547
1.305575	0.000549
1.306550	0.000550
1.307525	0.000552
1.308500	0.000553
1.309475	0.000555
1.310449	0.000556
1.311424	0.000557
1.312399	0.000559
1.313374	0.000560
1.314349	0.000562
1.315323	0.000563
1.316298	0.000564
1.317273	0.000566
1.318248	0.000567
1.319223	0.000568
1.320197	0.000569
1.321172	0.000571
1.322147	0.000572
1.323122	0.000573
1.324096	0.000574
1.325071	0.000576
1.326046	0.000577
1.327021	0.000578
1.327996	0.000579
1.328970	0.000580
1.329945	0.000581
1.330920	0.000582
1.331895	0.000583
1.332870	0.000584
1.333844	0.000585
1.334819	0.000586
1.335794	0.000587
1.336769	0.000588
1.337744	0.000589
1.338718	0.000590
1.339693	0.000591
1.340668	0.000592
1.341643	0.000592
1.342618	0.000593
1.343592	0.000594
1.344567	0.000595
1.345542	0.000596
1.346517	0.000596
1.347492	0.000597
1.348466	0.000598
1.349441	0.000598
1.350416	0.000599
1.351391	0.000600
1.352365	0.000600
1.353340	0.000601
1.354315	0.000601
1.355290	0.000602
1.356265	0.000602
1.357239	0.000603
1.358214	0.000603
1.359189	0.000604
1.360164	0.000604
1.361139	0.000605
1.362113	0.000605
1.363088	0.000606
1.364063	0.000606
1.365038	0.000606
1.366013	0.000606
1.366987	0.000607
1.367962	0.000607
1.368937	0.000607
1.369912	0.000607
1.370887	0.000608
1.371861	0.000608
1.372836	0.000608
1.373811	0.000608
1.374786	0.000608
1.375760	0.000608
1.376735	0.000608
1.377710	0.000608
1.378685	0.000608
1.379660	0.000608
1.380634	0.000608
1.381609	0.000608
1.382584	0.000608
1.383559	0.000608
1.384534	0.000608
1.385508	0.000608
1.386483	0.000607
1.387458	0.000607
1.388433	0.000607
1.389408	0.000607
1.390382	0.000606
1.391357	0.000606
1.392332	0.000606
1.393307	0.000605
1.394282	0.000605
1.395256	0.000605
1.396231	0.000604
1.397206	0.000604
1.398181	0.000603
1.399155	0.000603
1.400130	0.000602
1.401105	0.000602
1.402080	0.000601
1.403055	0.000601
1.404029	0.000600
1.405004	0.000599
1.405979	0.000599
1.406954	0.000598
1.407929	0.000597
1.408903	0.000596
1.409878	0.000596
1.410853	0.000595
1.411828	0.000594
1.412803	0.000593
1.413777	0.000592
1.414752	0.000591
1.415727	0.000590
1.416702	0.000589
1.417677	0.000588
1.418651	0.000587
1.419626	0.000586
1.420601	0.000585
1.421576	0.000584
1.422550	0.000583
1.423525	0.000582
1.424500	0.000581
1.425475	0.000580
1.426450	0.000578
1.427424	0.000577
1.428399	0.000576
1.429374	0.000575
1.430349	0.000573
1.431324	0.000572
1.432298	0.000571
1.433273	0.000569
1.434248	0.000568
1.435223	0.000566
1.436198	0.000565
1.437172	0.000563
1.438147	0.000562
1.439122	0.000560
1.440097	0.000559
1.441072	0.000557
1.442046	0.000555
1.443021	0.000554
1.443996	0.000552
1.444971	0.000550
1.445946	0.000549
1.446920	0.000547
1.447895	0.000545
1.448870	0.000543
1.449845	0.000541
1.450819	0.000539
1.451794	0.000538
1.452769	0.000536
1.453744	0.000534
1.454719	0.000532
1.455693	0.000530
1.456668	0.000528
1.457643	0.000526
1.458618	0.000523
1.459593	0.000521
1.460567	0.000519
1.461542	0.000517
1.462517	0.000515
1.463492	0.000513
1.464467	0.000510
1.465441	0.000508
1.466416	0.000506
1.467391	0.000503
1.468366	0.000501
1.469341	0.000499
1.470315	0.000496
1.471290	0.000494
1.472265	0.000491
1.473240	0.000489
1.474214	0.000486
1.475189	0.000484
1.476164	0.000481
1.477139	0.000478
1.478114	0.000476
1.479088	0.000473
1.480063	0.000470
1.481038	0.000468
1.482013	0.000465
1.482988	0.000462
1.483962	0.000459
1.484937	0.000457
1.485912	0.000454
1.486887	0.000451
1.487862	0.000448
1.488836	0.000445
1.489811	0.000442
1.490786	0.000439
1.491761	0.000436
1.492736	0.000433
1.493710	0.000430
1.494685	0.000427
1.495660	0.000424
1.496635	0.000420
1.497609	0.000417
1.498584	0.000414
1.499559	0.000411
1.500534	0.000407
1.501509	0.000404
1.502483	0.000401
1.503458	0.000397
1.504433	0.000394
1.505408	0.000391
1.506383	0.000387
1.507357	0.000384
1.508332	0.000380
1.509307	0.000377
1.510282	0.000373
1.511257	0.000369
1.512231	0.000366
1.513206	0.000362
1.514181	0.000358
1.515156	0.000355
1.516131	0.000351
1.517105	0.000347
1.518080	0.000343
1.519055	0.000340
1.520030	0.000336
1.521004	0.000332
1.521979	0.000328
1.522954	0.000324
1.523929	0.000320
1.524904	0.000316
1.525878	0.000312
1.526853	0.000308
1.527828	0.000304
1.528803	0.000300
1.529778	0.000295
1.530752	0.000291
1.531727	0.000287
1.532702	0.000283
1.533677	0.000279
1.534652	0.000274
1.535626	0.000270
1.536601	0.000266
1.537576	0.000261
1.538551	0.000257
1.539526	0.000252
1.540500	0.000248
1.541475	0.000243
1.542450	0.000239
1.543425	0.000234
1.544399	0.000229
1.545374	0.000225
1.546349	0.000220
1.547324	0.000215
1.548299	0.000210
1.549273	0.000206
1.550248	0.000201
1.551223	0.000196
1.552198	0.000191
1.553173	0.000186
1.554147	0.000181
1.555122	0.000176
1.556097	0.000171
1.557072	0.000166
1.558047	0.000161
1.559021	0.000156
1.559996	0.000150
1.560971	0.000145
1.561946	0.000140
1.562921	0.000135
1.563895	0.000129
1.564870	0.000124
1.565845	0.000118
1.566820	0.000113
1.567795	0.000107
1.568769	0.000102
1.569744	0.000096
1.570719	0.000091
1.571694	0.000085
1.572668	0.000079
1.573643	0.000073
1.574618	0.000068
1.575593	0.000062
1.576568	0.000056
1.577542	0.000050
1.578517	0.000044
1.579492	0.000038
1.580467	0.000031
1.581442	0.000025
1.582416	0.000019
1.583391	0.000013
1.584366	0.000006
1.585349	0.000013
1.586332	0.000019
1.587314	0.000026
1.588297	0.000032
1.589280	0.000039
1.590263	0.000045
1.591245	0.000052
1.592228	0.000058
1.593211	0.000065
1.594194	0.000071
1.595176	0.000078
1.596159	0.000084
1.597142	0.000091
1.598125	0.000098
1.599108	0.000104
1.600090	0.000111
1.601073	0.000117
1.602056	0.000124
1.603039	0.000130
1.604021	0.000137
1.605004	0.000143
1.605987	0.000150
1.606970	0.000157
1.607953	0.000163
1.608935	0.000170
1.609918	0.000176
1.610901	0.000183
1.611884	0.000190
1.612866	0.000196
1.613849	0.000203
1.614832	0.000210
1.615815	0.000216
1.616798	0.000223
1.617780	0.000230
1.618763	0.000236
1.619746	0.000243
1.620729	0.000250
1.621711	0.000257
1.622694	0.000263
1.623677	0.000270
1.624660	0.000277
1.625643	0.000284
1.626625	0.000291
1.627608	0.000297
1.628591	0.000304
1.629574	0.000311
1.630556	0.000318
1.631539	0.000325
1.632522	0.000332
1.633505	0.000339
1.634488	0.000346
1.635470	0.000353
1.636453	0.000360
1.637436	0.000367
1.638419	0.000374
1.639401	0.000381
1.640384	0.000388
1.641367	0.000395
1.642350	0.000402
1.643333	0.000409
1.644315	0.000417
1.645298	0.000424
1.646281	0.000431
1.647264	0.000438
1.648246	0.000446
1.649229	0.000453
1.650212	0.000460
1.651195	0.000467
1.652177	0.000475
1.653160	0.000482
1.654143	0.000490
1.655126	0.000497
1.656109	0.000505
1.657091	0.000512
1.658074	0.000520
1.659057	0.000527
1.660040	0.000535
1.661022	0.000543
1.662005	0.000550
1.662988	0.000558
1.663971	0.000566
1.664954	0.000573
1.665936	0.000581
1.666919	0.000589
1.667902	0.000597
1.668885	0.000605
1.669867	0.000613
1.670850	0.000621
1.671833	0.000629
1.672816	0.000637
1.673799	0.000645
1.674781	0.000653
1.675764	0.000661
1.676747	0.000669
1.677730	0.000677
1.678712	0.000686
1.679695	0.000694
1.680678	0.000702
1.681661	0.000711
1.682644	0.000719
1.683626	0.000727
1.684609	0.000736
1.685592	0.000745
1.686575	0.000753
1.687557	0.000762
1.688540	0.000770
1.689523	0.000779
1.690506	0.000788
1.691489	0.000797
1.692471	0.000806
1.693454	0.000814
1.694437	0.000823
1.695420	0.000832
1.696402	0.000841
1.697385	0.000851
1.698368	0.000860
1.699351	0.000869
1.700333	0.000878
1.701316	0.000887
1.702299	0.000897
1.703282	0.000906
1.704265	0.000916
1.705247	0.000925
1.706230	0.000935
1.707213	0.000944
1.708196	0.000954
1.709178	0.000964
1.710161	0.000973
1.711144	0.000983
1.712127	0.000993
1.713110	0.001003
1.714092	0.001013
1.715075	0.001023
1.716058	0.001033
1.717041	0.001044
1.718023	0.001054
1.719006	0.001064
1.719989	0.001074
1.720972	0.001085
1.721955	0.001095
1.722937	0.001106
1.723920	0.001117
1.724903	0.001127
1.725886	0.001138
1.726868	0.001149
1.727851	0.001160
1.728834	0.001171
1.729817	0.001182
1.730800	0.001193
1.731782	0.001204
1.732765	0.001215
1.733748	0.001227
1.734731	0.001238
1.735713	0.001250
1.736696	0.001261
1.737679	0.001273
1.738662	0.001285
1.739645	0.001296
1.740627	0.001308
1.741610	0.001320
1.742593	0.001332
1.743576	0.001344
1.744558	0.001357
1.745541	0.001369
1.746524	0.001381
1.747507	0.001394
1.748489	0.001406
1.749472	0.001419
1.750455	0.001432
1.751438	0.001444
1.752421	0.001457
1.753403	0.001470
1.754386	0.001483
1.755369	0.001496
1.756352	0.001510
1.757334	0.001523
1.758317	0.001536
1.759300	0.001550
1.760283	0.001564
1.761266	0.001577
1.762248	0.001591
1.763231	0.001605
1.764214	0.001619
1.765197	0.001633
1.766179	0.001647
1.767162	0.001662
1.768145	0.001676
1.769128	0.001691
1.770111	0.001705
1.771093	0.001720
1.772076	0.001735
1.773059	0.001750
1.774042	0.001765
1.775024	0.001780
1.776007	0.001796
1.776990	0.001811
1.777973	0.001826
1.778956	0.001842
1.779938	0.001858
1.780921	0.001874
1.781904	0.001890
1.782887	0.001906
1.783869	0.001922
1.784852	0.001939
1.785835	0.001955
1.786818	0.001972
1.787801	0.001988
1.788783	0.002005
1.789766	0.002022
1.790749	0.002040
1.791732	0.002057
1.792714	0.002074
1.793697	0.002092
1.794680	0.002110
1.795663	0.002127
1.796645	0.002145
1.797628	0.002163
1.798611	0.002182
1.799594	0.002200
1.800577	0.002219
1.801559	0.002237
1.802542	0.002256
1.803525	0.002275
1.804508	0.002294
1.805490	0.002314
1.806473	0.002333
1.807456	0.002353
1.808439	0.002372
1.809422	0.002392
1.810404	0.002413
1.811387	0.002433
1.812370	0.002453
1.813353	0.002474
1.814335	0.002495
1.815318	0.002515
1.816301	0.002537
1.817284	0.002558
1.818267	0.002579
1.819249	0.002601
1.820232	0.002623
1.821215	0.002645
1.822198	0.002667
1.823180	0.002689
1.824163	0.002712
1.825146	0.002735
1.826129	0.002758
1.827112	0.002781
1.828094	0.002804
1.829077	0.002827
1.830060	0.002851
1.831043	0.002875
1.832025	0.002899
1.833008	0.002924
1.833991	0.002948
1.834974	0.002973
1.835957	0.002998
1.836939	0.003023
1.837922	0.003048
1.838905	0.003074
1.839888	0.003100
1.840870	0.003126
1.841853	0.003152
1.842836	0.003179
1.843819	0.003205
1.844801	0.003232
1.845784	0.003259
1.846767	0.003287
1.847750	0.003315
1.848733	0.003343
1.849715	0.003371
1.850698	0.003399
1.851681	0.003428
1.852664	0.003457
1.853646	0.003486
1.854629	0.003515
1.855612	0.003545
1.856595	0.003575
1.857578	0.003605
1.858560	0.003636
1.859543	0.003667
1.860526	0.003698
1.861509	0.003729
1.862491	0.003761
1.863474	0.003793
1.864457	0.003825
1.865440	0.003858
1.866423	0.003890
1.867405	0.003923
1.868388	0.003957
1.869371	0.003991
1.870354	0.004025
1.871336	0.004059
1.872319	0.004094
1.873302	0.004129
1.874285	0.004164
1.875268	0.004200
1.876250	0.004236
1.877233	0.004272
1.878216	0.004309
1.879199	0.004346
1.880181	0.004383
1.881164	0.004421
1.882147	0.004459
1.883130	0.004497
1.884113	0.004536
1.885095	0.004575
1.886078	0.004615
1.887061	0.004655
1.888044	0.004695
1.889026	0.004736
1.890009	0.004777
1.890992	0.004818
1.891975	0.004860
1.892958	0.004902
1.893940	0.004945
1.894923	0.004988
1.895906	0.005032
1.896889	0.005076
1.897871	0.005120
1.898854	0.005165
1.899837	0.005210
1.900820	0.005256
1.901802	0.005302
1.902785	0.005349
1.903768	0.005396
1.904751	0.005443
1.905734	0.005492
1.906716	0.005540
1.907699	0.005589
1.908682	0.005639
1.909665	0.005689
1.910647	0.005739
1.911630	0.005790
1.912613	0.005842
1.913596	0.005894
1.914579	0.005946
1.915561	0.005999
1.916544	0.006053
1.917527	0.006107
1.918510	0.006162
1.919492	0.006217
1.920475	0.006273
1.921458	0.006330
1.922441	0.006387
1.923424	0.006445
1.924406	0.006503
1.925389	0.006562
1.926372	0.006621
1.927355	0.006682
1.928337	0.006742
1.929320	0.006804
1.930303	0.006866
1.931286	0.006929
1.932269	0.006992
1.933251	0.007056
1.934234	0.007121
1.935217	0.007186
1.936200	0.007252
1.937182	0.007319
1.938165	0.007387
1.939148	0.007455
1.940131	0.007524
1.941114	0.007594
1.942096	0.007665
1.943079	0.007736
1.944062	0.007808
1.945045	0.007881
1.946027	0.007955
1.947010	0.008030
1.947993	0.008105
1.948976	0.008181
1.949958	0.008258
1.950941	0.008336
1.951924	0.008415
1.952907	0.008495
1.953890	0.008576
1.954872	0.008657
1.955855	0.008740
1.956838	0.008823
1.957821	0.008907
1.958803	0.008993
1.959786	0.009079
1.960769	0.009166
1.961752	0.009255
1.962735	0.009344
1.963717	0.009434
1.964700	0.009526
1.965683	0.009618
1.966666	0.009712
1.967648	0.009806
1.968631	0.009902
1.969614	0.009999
1.970597	0.010097
1.971580	0.010196
1.972562	0.010297
1.973545	0.010398
1.974528	0.010501
1.975511	0.010605
1.976493	0.010711
1.977476	0.010817
1.978459	0.010925
1.979442	0.011034
1.980425	0.011145
1.981407	0.011257
1.982390	0.011370
1.983373	0.011484
1.984356	0.011600
1.985338	0.011718
1.986321	0.011837
1.987304	0.011957
1.988287	0.012079
1.989270	0.012203
1.990252	0.012328
1.991235	0.012454
1.992218	0.012582
1.993201	0.012712
1.994183	0.012843
1.995166	0.012976
1.996149	0.013111
1.997132	0.013248
1.998114	0.013386
1.999097	0.013526
2.000080	0.013668
2.001063	0.013812
2.002046	0.013957
2.003028	0.014105
2.004011	0.014254
2.004994	0.014405
2.005977	0.014559
2.006959	0.014714
2.007942	0.014872
2.008925	0.015031
2.009908	0.015193
2.010891	0.015356
2.011873	0.015522
2.012856	0.015691
2.013839	0.015861
2.014822	0.016034
2.015804	0.016209
2.016787	0.016386
2.017770	0.016566
2.018753	0.016748
2.019736	0.016933
2.020718	0.017121
2.021701	0.017310
2.022684	0.017503
2.023667	0.017698
2.024649	0.017896
2.025632	0.018096
2.026615	0.018300
2.027598	0.018506
2.028581	0.018715
2.029563	0.018926
2.030546	0.019141
2.031529	0.019359
2.032512	0.019580
2.033494	0.019804
2.034477	0.020031
2.035460	0.020261
2.036443	0.020495
2.037426	0.020732
2.038408	0.020972
2.039391	0.021215
2.040374	0.021462
2.041357	0.021712
2.042339	0.021966
2.043322	0.022223
2.044305	0.022484
2.045288	0.022749
2.046270	0.023017
2.047253	0.023289
2.048236	0.023565
2.049219	0.023844
2.050202	0.024128
2.051184	0.024415
2.052167	0.024705
2.053150	0.025000
2.054133	0.025300
2.055115	0.025603
2.056098	0.025910
2.057081	0.026221
2.058064	0.026536
2.059047	0.026856
2.060029	0.027179
2.061012	0.027507
2.061995	0.027838
2.062978	0.028174
2.063960	0.028514
2.064943	0.028858
2.065926	0.029206
2.066909	0.029558
2.067892	0.029914
2.068874	0.030274
2.069857	0.030639
2.070840	0.031006
2.071823	0.031378
2.072805	0.031754
2.073788	0.032133
2.074771	0.032516
2.075754	0.032902
2.076737	0.033292
2.077719	0.033685
2.078702	0.034081
2.079685	0.034480
2.080668	0.034882
2.081650	0.035287
2.082633	0.035694
2.083616	0.036104
2.084599	0.036516
2.085582	0.036930
2.086564	0.037345
2.087547	0.037763
2.088530	0.038182
2.089513	0.038602
2.090495	0.039023
2.091478	0.039445
2.092461	0.039868
2.093444	0.040291
2.094426	0.040714
2.095409	0.041138
2.096392	0.041561
2.097375	0.041983
2.098358	0.042406
2.099340	0.042827
2.100323	0.043247
2.101306	0.043666
2.102289	0.044084
2.103271	0.044501
2.104254	0.044915
2.105237	0.045328
2.106220	0.045739
2.107203	0.046148
2.108185	0.046555
2.109168	0.046960
2.110151	0.047362
2.111134	0.047762
2.112116	0.048159
2.113099	0.048553
2.114082	0.048945
2.115065	0.049334
2.116048	0.049720
2.117030	0.050103
2.118013	0.050483
2.118996	0.050860
2.119979	0.051234
2.120961	0.051605
2.121944	0.051973
2.122927	0.052337
2.123910	0.052699
2.124893	0.053057
2.125875	0.053412
2.126858	0.053764
2.127841	0.054112
2.128824	0.054457
2.129806	0.054799
2.130789	0.055137
2.131772	0.055473
2.132755	0.055805
2.133738	0.056134
2.134720	0.056460
2.135703	0.056782
2.136686	0.057102
2.137669	0.057419
2.138651	0.057732
2.139634	0.058042
2.140617	0.058349
2.141600	0.058653
2.142583	0.058954
2.143565	0.059252
2.144548	0.059547
2.145531	0.059840
2.146514	0.060130
2.147496	0.060416
2.148479	0.060700
2.149462	0.060980
2.150445	0.061256
2.151427	0.061529
2.152410	0.061799
2.153393	0.062067
2.154376	0.062331
2.155359	0.062593
2.156341	0.062853
2.157324	0.063111
2.158307	0.063367
2.159290	0.063621
2.160272	0.063871
2.161255	0.064119
2.162238	0.064363
2.163221	0.064603
2.164204	0.064840
2.165186	0.065074
2.166169	0.065304
2.167152	0.065531
2.168135	0.065755
2.169117	0.065977
2.170100	0.066196
2.171083	0.066413
2.172066	0.066628
2.173049	0.066841
2.174031	0.067053
2.175014	0.067264
2.175997	0.067474
2.176980	0.067683
2.177962	0.067889
2.178945	0.068091
2.179928	0.068290
2.180911	0.068485
2.181894	0.068677
2.182876	0.068865
2.183859	0.069049
2.184842	0.069231
2.185825	0.069409
2.186807	0.069584
2.187790	0.069757
2.188773	0.069927
2.189756	0.070095
2.190739	0.070260
2.191721	0.070423
2.192704	0.070583
2.193687	0.070742
2.194670	0.070899
2.195652	0.071055
2.196635	0.071209
2.197618	0.071363
2.198601	0.071517
2.199583	0.071670
2.200566	0.071823
2.201549	0.071974
2.202532	0.072122
2.203515	0.072265
2.204497	0.072405
2.205480	0.072541
2.206463	0.072673
2.207446	0.072802
2.208428	0.072928
2.209411	0.073050
2.210394	0.073170
2.211377	0.073287
2.212360	0.073402
2.213342	0.073514
2.214325	0.073623
2.215308	0.073730
2.216291	0.073834
2.217273	0.073936
2.218256	0.074036
2.219239	0.074133
2.220222	0.074228
2.221205	0.074320
2.222187	0.074410
2.223170	0.074498
2.224153	0.074584
2.225136	0.074668
2.226118	0.074749
2.227101	0.074829
2.228084	0.074907
2.229067	0.074982
2.230050	0.075057
2.231032	0.075130
2.232015	0.075202
2.232998	0.075275
2.233981	0.075348
2.234963	0.075422
2.235946	0.075498
2.236929	0.075571
2.237912	0.075640
2.238895	0.075703
2.239877	0.075762
2.240860	0.075817
2.241843	0.075869
2.242826	0.075917
2.243808	0.075962
2.244791	0.076005
2.245774	0.076044
2.246757	0.076081
2.247739	0.076116
2.248722	0.076148
2.249705	0.076177
2.250688	0.076204
2.251671	0.076228
2.252653	0.076250
2.253636	0.076269
2.254619	0.076287
2.255602	0.076301
2.256584	0.076314
2.257567	0.076324
2.258550	0.076332
2.259533	0.076337
2.260516	0.076340
2.261498	0.076341
2.262481	0.076339
2.263464	0.076335
2.264447	0.076329
2.265429	0.076320
2.266412	0.076310
2.267395	0.076296
2.268378	0.076281
2.269361	0.076263
2.270343	0.076243
2.271326	0.076221
2.272309	0.076196
2.273292	0.076169
2.274274	0.076140
2.275257	0.076109
2.276240	0.076075
2.277223	0.076039
2.278206	0.076000
2.279188	0.075960
2.280171	0.075917
2.281154	0.075872
2.282137	0.075825
2.283119	0.075775
2.284102	0.075724
2.285085	0.075670
2.286068	0.075614
2.287051	0.075557
2.288033	0.075498
2.289016	0.075439
2.289999	0.075379
2.290982	0.075321
2.291964	0.075268
2.292947	0.075221
2.293930	0.075166
2.294913	0.075103
2.295895	0.075033
2.296878	0.074959
2.297861	0.074880
2.298844	0.074798
2.299827	0.074712
2.300809	0.074624
2.301792	0.074533
2.302775	0.074438
2.303758	0.074341
2.304740	0.074242
2.305723	0.074139
2.306706	0.074034
2.307689	0.073926
2.308672	0.073816
2.309654	0.073703
2.310637	0.073588
2.311620	0.073470
2.312603	0.073349
2.313585	0.073225
2.314568	0.073100
2.315551	0.072971
2.316534	0.072840
2.317517	0.072706
2.318499	0.072570
2.319482	0.072431
2.320465	0.072289
2.321448	0.072145
2.322430	0.071998
2.323413	0.071849
2.324396	0.071697
2.325379	0.071542
2.326362	0.071385
2.327344	0.071225
2.328327	0.071062
2.329310	0.070897
2.330293	0.070729
2.331275	0.070558
2.332258	0.070385
2.333241	0.070209
2.334224	0.070030
2.335207	0.069849
2.336189	0.069664
2.337172	0.069477
2.338155	0.069288
2.339138	0.069095
2.340120	0.068900
2.341103	0.068702
2.342086	0.068501
2.343069	0.068297
2.344051	0.068091
2.345034	0.067882
2.346017	0.067669
2.347000	0.067454
2.347983	0.067237
2.348965	0.067016
2.349948	0.066792
2.350931	0.066566
2.351914	0.066336
2.352896	0.066104
2.353879	0.065869
2.354862	0.065630
2.355845	0.065389
2.356828	0.065145
2.357810	0.064898
2.358793	0.064647
2.359776	0.064394
2.360759	0.064138
2.361741	0.063878
2.362724	0.063616
2.363707	0.063350
2.364690	0.063082
2.365673	0.062810
2.366655	0.062535
2.367638	0.062257
2.368621	0.061975
2.369604	0.061691
2.370586	0.061403
2.371569	0.061112
2.372552	0.060818
2.373535	0.060520
2.374518	0.060220
2.375500	0.059916
2.376483	0.059608
2.377466	0.059297
2.378449	0.058983
2.379431	0.058666
2.380414	0.058345
2.381397	0.058020
2.382380	0.057692
2.383363	0.057361
2.384345	0.057026
2.385328	0.056688
2.386311	0.056346
2.387294	0.056000
2.388276	0.055651
2.389259	0.055298
2.390242	0.054941
2.391225	0.054581
2.392208	0.054217
2.393190	0.053850
2.394173	0.053478
2.395156	0.053103
2.396139	0.052724
2.397121	0.052341
2.398104	0.051955
2.399087	0.051564
2.400070	0.051170
2.401052	0.050771
2.402035	0.050369
2.403018	0.049962
2.404001	0.049552
2.404984	0.049137
2.405966	0.048719
2.406949	0.048297
2.407932	0.047871
2.408915	0.047442
2.409897	0.047012
2.410880	0.046586
2.411863	0.046178
2.412846	0.045746
2.413829	0.045302
2.414811	0.044849
2.415794	0.044390
2.416777	0.043925
2.417760	0.043454
2.418742	0.042979
2.419725	0.042498
2.420708	0.042011
2.421691	0.041520
2.422674	0.041023
2.423656	0.040521
2.424639	0.040013
2.425622	0.039499
2.426605	0.038980
2.427587	0.038455
2.428570	0.037923
2.429553	0.037384
2.430536	0.036835
2.431519	0.036273
2.432501	0.035687
2.433484	0.035117
2.434467	0.034549
2.435450	0.033979
2.436432	0.033403
2.437415	0.032822
2.438398	0.032236
2.439381	0.031643
2.440364	0.031044
2.441346	0.030438
2.442329	0.029826
2.443312	0.029207
2.444295	0.028580
2.445277	0.027947
2.446260	0.027306
2.447243	0.026657
2.448226	0.026000
2.449208	0.025334
2.450191	0.024659
2.451174	0.023975
2.452157	0.023280
2.453140	0.022573
2.454122	0.021852
2.455105	0.021115
2.456088	0.020361
2.457071	0.019605
2.458053	0.018845
2.459036	0.018082
2.460019	0.017323
2.461002	0.016572
2.461985	0.015832
2.462967	0.015105
2.463950	0.014390
2.464933	0.013687
2.465916	0.012996
2.466898	0.012316
2.467881	0.011647
2.468864	0.010986
2.469847	0.010334
2.470830	0.009690
2.471812	0.009053
2.472795	0.008423
2.473778	0.007798
2.474761	0.007179
2.475743	0.006565
2.476726	0.005955
2.477709	0.005349
2.478692	0.004746
2.479675	0.004147
2.480657	0.003550
2.481640	0.002955
2.482623	0.002362
2.483606	0.001770
2.484588	0.001179
2.485571	0.000590
2.486554	0.000000
2.487537	0.000000
2.488520	0.000000
2.489502	0.000000
2.490485	0.000000
2.491468	0.000000
2.492451	0.000000
2.493433	0.000000
2.494416	0.000000
2.495399	0.000000
2.496382	0.000000
2.497364	0.000000
2.498347	0.000000
2.499330	0.000000
2.500313	0.000000
2.501296	0.000000
2.502278	0.000000
2.503261	0.000000
2.504244	0.000000
2.505227	0.000000
2.506209	0.000000
2.507192	0.000000
2.508175	0.000000
2.509158	0.000000
2.510141	0.000000
2.511123	0.000000
2.512106	0.000000
2.513089	0.000000
2.514072	0.000000
2.515054	0.000000
2.516037	0.000000
2.517020	0.000000
2.518003	0.000000
2.518986	0.000000
2.519968	0.000000
2.520951	0.000000
2.521934	0.000000
2.522917	0.000000
2.523899	0.000000
2.524882	0.000000
2.525865	0.000000
2.526848	0.000000
2.527831	0.000000
2.528813	0.000000
2.529796	0.000000
2.530779	0.000000
2.531762	0.000000
2.532744	0.000000
2.533727	0.000000
2.534710	0.000000
2.535693	0.000000
2.536676	0.000000
2.537658	0.000000
2.538641	0.000000
2.539624	0.000000
2.540607	0.000000
2.541589	0.000000
2.542572	0.000000
2.543555	0.000000
2.544538	0.000000
2.545520	0.000000
2.546503	0.000000
2.547486	0.000000
2.548469	0.000000
2.549452	0.000000
2.550434	0.000000
2.551417	0.000000
2.552400	0.000000
2.553383	0.000000
2.554365	0.000000
2.555348	0.000000
2.556331	0.000000
2.557314	0.000000
2.558297	0.000000
2.559279	0.000000
2.560262	0.000000
2.561245	0.000000
2.562228	0.000000
2.563210	0.000000
2.564193	0.000000
2.565176	0.000000
2.566159	0.000000
2.567142	0.000000
2.568124	0.000000
2.569107	0.000000
2.570090	0.000000
2.571073	0.000000
2.572055	0.000000
2.573038	0.000000
2.574021	0.000000
2.575004	0.000000
2.575987	0.000000
2.576969	0.000000
2.577952	0.000000
2.578935	0.000000
2.579918	0.000000
2.580900	0.000000
2.581883	0.000000
2.582866	0.000000
2.583849	0.000000
2.584832	0.000000
2.585814	0.000000
2.586797	0.000000
2.587780	0.000000
2.588763	0.000000
2.589745	0.000000
2.590728	0.000000
2.591711	0.000000
2.592694	0.000000
2.593676	0.000000
2.594659	0.000000
2.595642	0.000000
2.596625	0.000000
2.597608	0.000000
2.598590	0.000000
2.599573	0.000000
2.600556	0.000000
2.601539	0.000000
2.602521	0.000000
2.603504	0.000000
2.604487	0.000000
2.605470	0.000000
2.606453	0.000000
2.607435	0.000000
2.608418	0.000000
2.609401	0.000000
2.610384	0.000000
2.611366	0.000000
2.612349	0.000000
2.613332	0.000000
2.614315	0.000000
2.615298	0.000000
2.616280	0.000000
2.617263	0.000000
2.618246	0.000000
2.619229	0.000000
2.620211	0.000000
2.621194	0.000000
2.622177	0.000000
2.623160	0.000000
2.624143	0.000000
2.625125	0.000000
2.626108	0.000000
2.627091	0.000000
2.628074	0.000000
2.629056	0.000000
2.630039	0.000000
2.631022	0.000000
2.632005	0.000000
2.632988	0.000000
2.633970	0.000000
2.634953	0.000000
2.635936	0.000000
2.636919	0.000000
2.637901	0.000000
2.638884	0.000000
2.639867	0.000000
2.640850	0.000000
2.641833	0.000000
2.642815	0.000000
2.643798	0.000000
2.644781	0.000000
2.645764	0.000000
2.646746	0.000000
2.647729	0.000000
2.648712	0.000000
2.649695	0.000000
2.650677	0.000000
2.651660	0.000000
2.652643	0.000000
2.653626	0.000000
2.654609	0.000000
2.655591	0.000000
2.656574	0.000000
2.657557	0.000000
2.658540	0.000000
2.659522	0.000000
2.660505	0.000000
2.661488	0.000000
2.662471	0.000000
2.663454	0.000000
2.664436	0.000000
2.665419	0.000000
2.666402	0.000000
2.667385	0.000000
2.668367	0.000000
2.669350	0.000000
2.670333	0.000000
2.671316	0.000000
2.672299	0.000000
2.673281	0.000000
2.674264	0.000000
2.675247	0.000000
2.676230	0.000000
2.677212	0.000000
2.678195	0.000000
2.679178	0.000590
2.680161	0.001179
2.681144	0.001770
2.682126	0.002362
2.683109	0.002955
2.684092	0.003550
2.685075	0.004147
2.686057	0.004746
2.687040	0.005349
2.688023	0.005955
2.689006	0.006565
2.689989	0.007179
2.690971	0.007798
2.691954	0.008423
2.692937	0.009053
2.693920	0.009690
2.694902	0.010334
2.695885	0.010986
2.696868	0.011647
2.697851	0.012316
2.698833	0.012996
2.699816	0.013687
2.700799	0.014390
2.701782	0.015105
2.702765	0.015832
2.703747	0.016572
2.704730	0.017323
2.705713	0.018082
2.706696	0.018845
2.707678	0.019605
2.708661	0.020361
2.709644	0.021115
2.710627	0.021852
2.711610	0.022573
2.712592	0.023280
2.713575	0.023975
2.714558	0.024659
2.715541	0.025334
2.716523	0.026000
2.717506	0.026657
2.718489	0.027306
2.719472	0.027947
2.720455	0.028580
2.721437	0.029207
2.722420	0.029826
2.723403	0.030438
2.724386	0.031044
2.725368	0.031643
2.726351	0.032236
2.727334	0.032822
2.728317	0.033403
2.729300	0.033979
2.730282	0.034549
2.731265	0.035117
2.732248	0.035687
2.733231	0.036273
2.734213	0.036835
2.735196	0.037384
2.736179	0.037923
2.737162	0.038455
2.738145	0.038980
2.739127	0.039499
2.740110	0.040013
2.741093	0.040521
2.742076	0.041023
2.743058	0.041520
2.744041	0.042011
2.745024	0.042498
2.746007	0.042979
2.746989	0.043454
2.747972	0.043925
2.748955	0.044390
2.749938	0.044849
2.750921	0.045302
2.751903	0.045746
2.752886	0.046178
2.753869	0.046586
2.754852	0.047012
2.755834	0.047442
2.756817	0.047871
2.757800	0.048297
2.758783	0.048719
2.759766	0.049137
2.760748	0.049552
2.761731	0.049962
2.762714	0.050369
2.763697	0.050771
2.764679	0.051170
2.765662	0.051564
2.766645	0.051955
2.767628	0.052341
2.768611	0.052724
2.769593	0.053103
2.770576	0.053478
2.771559	0.053850
2.772542	0.054217
2.773524	0.054581
2.774507	0.054941
2.775490	0.055298
2.776473	0.055651
2.777456	0.056000
2.778438	0.056346
2.779421	0.056688
2.780404	0.057026
2.781387	0.057361
2.782369	0.057692
2.783352	0.058020
2.784335	0.058345
2.785318	0.058666
2.786301	0.058983
2.787283	0.059297
2.788266	0.059608
2.789249	0.059916
2.790232	0.060220
2.791214	0.060520
2.792197	0.060818
2.793180	0.061112
2.794163	0.061403
2.795145	0.061691
2.796128	0.061975
2.797111	0.062257
2.798094	0.062535
2.799077	0.062810
2.800059	0.063082
2.801042	0.063350
2.802025	0.063616
2.803008	0.063878
2.803990	0.064138
2.804973	0.064394
2.805956	0.064647
2.806939	0.064898
2.807922	0.065145
2.808904	0.065389
2.809887	0.065630
2.810870	0.065869
2.811853	0.066104
2.812835	0.066336
2.813818	0.066566
2.814801	0.066792
2.815784	0.067016
2.816767	0.067237
2.817749	0.067454
2.818732	0.067669
2.819715	0.067882
2.820698	0.068091
2.821680	0.068297
2.822663	0.068501
2.823646	0.068702
2.824629	0.068900
2.825612	0.069095
2.826594	0.069288
2.827577	0.069477
2.828560	0.069664
2.829543	0.069849
2.830525	0.070030
2.831508	0.070209
2.832491	0.070385
2.833474	0.070558
2.834457	0.070729
2.835439	0.070897
2.836422	0.071062
2.837405	0.071225
2.838388	0.071385
2.839370	0.071542
2.840353	0.071697
2.841336	0.071849
2.842319	0.071998
2.843301	0.072145
2.844284	0.072289
2.845267	0.072431
2.846250	0.072570
2.847233	0.072706
2.848215	0.072840
2.849198	0.072971
2.850181	0.073100
2.851164	0.073225
2.852146	0.073349
2.853129	0.073470
2.854112	0.073588
2.855095	0.073703
2.856078	0.073816
2.857060	0.073926
2.858043	0.074034
2.859026	0.074139
2.860009	0.074242
2.860991	0.074341
2.861974	0.074438
2.862957	0.074533
2.863940	0.074624
2.864923	0.074712
2.865905	0.074798
2.866888	0.074880
2.867871	0.074959
2.868854	0.075033
2.869836	0.075103
2.870819	0.075166
2.871802	0.075221
2.872785	0.075268
2.873768	0.075321
2.874750	0.075379
2.875733	0.075439
2.876716	0.075498
2.877699	0.075557
2.878681	0.075614
2.879664	0.075670
2.880647	0.075724
2.881630	0.075775
2.882613	0.075825
2.883595	0.075872
2.884578	0.075917
2.885561	0.075960
2.886544	0.076000
2.887526	0.076039
2.888509	0.076075
2.889492	0.076109
2.890475	0.076140
2.891458	0.076169
2.892440	0.076196
2.893423	0.076221
2.894406	0.076243
2.895389	0.076263
2.896371	0.076281
2.897354	0.076296
2.898337	0.076310
2.899320	0.076320
2.900302	0.076329
2.901285	0.076335
2.902268	0.076339
2.903251	0.076341
2.904234	0.076340
2.905216	0.076337
2.906199	0.076332
2.907182	0.076324
2.908165	0.076314
2.909147	0.076301
2.910130	0.076287
2.911113	0.076269
2.912096	0.076250
2.913079	0.076228
2.914061	0.076204
2.915044	0.076177
2.916027	0.076148
2.917010	0.076116
2.917992	0.076081
2.918975	0.076044
2.919958	0.076005
2.920941	0.075962
2.921924	0.075917
2.922906	0.075869
2.923889	0.075817
2.924872	0.075762
2.925855	0.075703
2.926837	0.075640
2.927820	0.075571
2.928803	0.075498
2.929786	0.075422
2.930769	0.075348
2.931751	0.075275
2.932734	0.075202
2.933717	0.075130
2.934700	0.075057
2.935682	0.074982
2.936665	0.074907
2.937648	0.074829
2.938631	0.074749
2.939614	0.074668
2.940596	0.074584
2.941579	0.074498
2.942562	0.074410
2.943545	0.074320
2.944527	0.074228
2.945510	0.074133
2.946493	0.074036
2.947476	0.073936
2.948458	0.073834
2.949441	0.073730
2.950424	0.073623
2.951407	0.073514
2.952390	0.073402
2.953372	0.073287
2.954355	0.073170
2.955338	0.073050
2.956321	0.072928
2.957303	0.072802
2.958286	0.072673
2.959269	0.072541
2.960252	0.072405
2.961235	0.072265
2.962217	0.072122
2.963200	0.071974
2.964183	0.071823
2.965166	0.071670
2.966148	0.071517
2.967131	0.071363
2.968114	0.071209
2.969097	0.071055
2.970080	0.070899
2.971062	0.070742
2.972045	0.070583
2.973028	0.070423
2.974011	0.070260
2.974993	0.070095
2.975976	0.069927
2.976959	0.069757
2.977942	0.069584
2.978925	0.069409
2.979907	0.069231
2.980890	0.069049
2.981873	0.068865
2.982856	0.068677
2.983838	0.068485
2.984821	0.068290
2.985804	0.068091
2.986787	0.067889
2.987770	0.067683
2.988752	0.067474
2.989735	0.067264
2.990718	0.067053
2.991701	0.066841
2.992683	0.066628
2.993666	0.066413
2.994649	0.066196
2.995632	0.065977
2.996614	0.065755
2.997597	0.065531
2.998580	0.065304
2.999563	0.065074
3.000546	0.064840
3.001528	0.064603
3.002511	0.064363
3.003494	0.064119
3.004477	0.063871
3.005459	0.063621
3.006442	0.063367
3.007425	0.063111
3.008408	0.062853
3.009391	0.062593
3.010373	0.062331
3.011356	0.062067
3.012339	0.061799
3.013322	0.061529
3.014304	0.061256
3.015287	0.060980
3.016270	0.060700
3.017253	0.060416
3.018236	0.060130
3.019218	0.059840
3.020201	0.059547
3.021184	0.059252
3.022167	0.058954
3.023149	0.058653
3.024132	0.058349
3.025115	0.058042
3.026098	0.057732
3.027081	0.057419
3.028063	0.057102
3.029046	0.056782
3.030029	0.056460
3.031012	0.056134
3.031994	0.055805
3.032977	0.055473
3.033960	0.055137
3.034943	0.054799
3.035926	0.054457
3.036908	0.054112
3.037891	0.053764
3.038874	0.053412
3.039857	0.053057
3.040839	0.052699
3.041822	0.052337
3.042805	0.051973
3.043788	0.051605
3.044770	0.051234
3.045753	0.050860
3.046736	0.050483
3.047719	0.050103
3.048702	0.049720
3.049684	0.049334
3.050667	0.048945
3.051650	0.048553
3.052633	0.048159
3.053615	0.047762
3.054598	0.047362
3.055581	0.046960
3.056564	0.046555
3.057547	0.046148
3.058529	0.045739
3.059512	0.045328
3.060495	0.044915
3.061478	0.044501
3.062460	0.044084
3.063443	0.043666
3.064426	0.043247
3.065409	0.042827
3.066392	0.042406
3.067374	0.041983
3.068357	0.041561
3.069340	0.041138
3.070323	0.040714
3.071305	0.040291
3.072288	0.039868
3.073271	0.039445
3.074254	0.039023
3.075237	0.038602
3.076219	0.038182
3.077202	0.037763
3.078185	0.037345
3.079168	0.036930
3.080150	0.036516
3.081133	0.036104
3.082116	0.035694
3.083099	0.035287
3.084082	0.034882
3.085064	0.034480
3.086047	0.034081
3.087030	0.033685
3.088013	0.033292
3.088995	0.032902
3.089978	0.032516
3.090961	0.032133
3.091944	0.031754
3.092926	0.031378
3.093909	0.031006
3.094892	0.030639
3.095875	0.030274
3.096858	0.029914
3.097840	0.029558
3.098823	0.029206
3.099806	0.028858
3.100789	0.028514
3.101771	0.028174
3.102754	0.027838
3.103737	0.027507
3.104720	0.027179
3.105703	0.026856
3.106685	0.026536
3.107668	0.026221
3.108651	0.025910
3.109634	0.025603
3.110616	0.025300
3.111599	0.025000
3.112582	0.024705
3.113565	0.024415
3.114548	0.024128
3.115530	0.023844
3.116513	0.023565
3.117496	0.023289
3.118479	0.023017
3.119461	0.022749
3.120444	0.022484
3.121427	0.022223
3.122410	0.021966
3.123393	0.021712
3.124375	0.021462
3.125358	0.021215
3.126341	0.020972
3.127324	0.020732
3.128306	0.020495
3.129289	0.020261
3.130272	0.020031
3.131255	0.019804
3.132238	0.019580
3.133220	0.019359
3.134203	0.019141
3.135186	0.018926
3.136169	0.018715
3.137151	0.018506
3.138134	0.018300
3.139117	0.018096
3.140100	0.017896
3.141083	0.017698
3.142065	0.017503
3.143048	0.017310
3.144031	0.017121
3.145014	0.016933
3.145996	0.016748
3.146979	0.016566
3.147962	0.016386
3.148945	0.016209
3.149927	0.016034
3.150910	0.015861
3.151893	0.015691
3.152876	0.015522
3.153859	0.015356
3.154841	0.015193
3.155824	0.015031
3.156807	0.014872
3.157790	0.014714
3.158772	0.014559
3.159755	0.014405
3.160738	0.014254
3.161721	0.014105
3.162704	0.013957
3.163686	0.013812
3.164669	0.013668
3.165652	0.013526
3.166635	0.013386
3.167617	0.013248
3.168600	0.013111
3.169583	0.012976
3.170566	0.012843
3.171549	0.012712
3.172531	0.012582
3.173514	0.012454
3.174497	0.012328
3.175480	0.012203
3.176462	0.012079
3.177445	0.011957
3.178428	0.011837
3.179411	0.011718
3.180394	0.011600
3.181376	0.011484
3.182359	0.011370
3.183342	0.011257
3.184325	0.011145
3.185307	0.011034
3.186290	0.010925
3.187273	0.010817
3.188256	0.010711
3.189239	0.010605
3.190221	0.010501
3.191204	0.010398
3.192187	0.010297
3.193170	0.010196
3.194152	0.010097
3.195135	0.009999
3.196118	0.009902
3.197101	0.009806
3.198083	0.009712
3.199066	0.009618
3.200049	0.009526
3.201032	0.009434
3.202015	0.009344
3.202997	0.009255
3.203980	0.009166
3.204963	0.009079
3.205946	0.008993
3.206928	0.008907
3.207911	0.008823
3.208894	0.008740
3.209877	0.008657
3.210860	0.008576
3.211842	0.008495
3.212825	0.008415
3.213808	0.008336
3.214791	0.008258
3.215773	0.008181
3.216756	0.008105
3.217739	0.008030
3.218722	0.007955
3.219705	0.007881
3.220687	0.007808
3.221670	0.007736
3.222653	0.007665
3.223636	0.007594
3.224618	0.007524
3.225601	0.007455
3.226584	0.007387
3.227567	0.007319
3.228550	0.007252
3.229532	0.007186
3.230515	0.007121
3.231498	0.007056
3.232481	0.006992
3.233463	0.006929
3.234446	0.006866
3.235429	0.006804
3.236412	0.006742
3.237395	0.006682
3.238377	0.006621
3.239360	0.006562
3.240343	0.006503
3.241326	0.006445
3.242308	0.006387
3.243291	0.006330
3.244274	0.006273
3.245257	0.006217
3.246239	0.006162
3.247222	0.006107
3.248205	0.006053
3.249188	0.005999
3.250171	0.005946
3.251153	0.005894
3.252136	0.005842
3.253119	0.005790
3.254102	0.005739
3.255084	0.005689
3.256067	0.005639
3.257050	0.005589
3.258033	0.005540
3.259016	0.005492
3.259998	0.005443
3.260981	0.005396
3.261964	0.005349
3.262947	0.005302
3.263929	0.005256
3.264912	0.005210
3.265895	0.005165
3.266878	0.005120
3.267861	0.005076
3.268843	0.005032
3.269826	0.004988
3.270809	0.004945
3.271792	0.004902
3.272774	0.004860
3.273757	0.004818
3.274740	0.004777
3.275723	0.004736
3.276706	0.004695
3.277688	0.004655
3.278671	0.004615
3.279654	0.004575
3.280637	0.004536
3.281619	0.004497
3.282602	0.004459
3.283585	0.004421
3.284568	0.004383
3.285551	0.004346
3.286533	0.004309
3.287516	0.004272
3.288499	0.004236
3.289482	0.004200
3.290464	0.004164
3.291447	0.004129
3.292430	0.004094
3.293413	0.004059
3.294395	0.004025
3.295378	0.003991
3.296361	0.003957
3.297344	0.003923
3.298327	0.003890
3.299309	0.003858
3.300292	0.003825
3.301275	0.003793
3.302258	0.003761
3.303240	0.003729
3.304223	0.003698
3.305206	0.003667
3.306189	0.003636
3.307172	0.003605
3.308154	0.003575
3.309137	0.003545
3.310120	0.003515
3.311103	0.003486
3.312085	0.003457
3.313068	0.003428
3.314051	0.003399
3.315034	0.003371
3.316017	0.003343
3.316999	0.003315
3.317982	0.003287
3.318965	0.003259
3.319948	0.003232
3.320930	0.003205
3.321913	0.003179
3.322896	0.003152
3.323879	0.003126
3.324862	0.003100
3.325844	0.003074
3.326827	0.003048
3.327810	0.003023
3.328793	0.002998
3.329775	0.002973
3.330758	0.002948
3.331741	0.002924
3.332724	0.002899
3.333707	0.002875
3.334689	0.002851
3.335672	0.002827
3.336655	0.002804
3.337638	0.002781
3.338620	0.002758
3.339603	0.002735
3.340586	0.002712
3.341569	0.002689
3.342551	0.002667
3.343534	0.002645
3.344517	0.002623
3.345500	0.002601
3.346483	0.002579
3.347465	0.002558
3.348448	0.002537
3.349431	0.002515
3.350414	0.002495
3.351396	0.002474
3.352379	0.002453
3.353362	0.002433
3.354345	0.002413
3.355328	0.002392
3.356310	0.002372
3.357293	0.002353
3.358276	0.002333
3.359259	0.002314
3.360241	0.002294
3.361224	0.002275
3.362207	0.002256
3.363190	0.002237
3.364173	0.002219
3.365155	0.002200
3.366138	0.002182
3.367121	0.002163
3.368104	0.002145
3.369086	0.002127
3.370069	0.002110
3.371052	0.002092
3.372035	0.002074
3.373018	0.002057
3.374000	0.002040
3.374983	0.002022
3.375966	0.002005
3.376949	0.001988
3.377931	0.001972
3.378914	0.001955
3.379897	0.001939
3.380880	0.001922
3.381863	0.001906
3.382845	0.001890
3.383828	0.001874
3.384811	0.001858
3.385794	0.001842
3.386776	0.001826
3.387759	0.001811
3.388742	0.001796
3.389725	0.001780
3.390708	0.001765
3.391690	0.001750
3.392673	0.001735
3.393656	0.001720
3.394639	0.001705
3.395621	0.001691
3.396604	0.001676
3.397587	0.001662
3.398570	0.001647
3.399552	0.001633
3.400535	0.001619
3.401518	0.001605
3.402501	0.001591
3.403484	0.001577
3.404466	0.001564
3.405449	0.001550
3.406432	0.001536
3.407415	0.001523
3.408397	0.001510
3.409380	0.001496
3.410363	0.001483
3.411346	0.001470
3.412329	0.001457
3.413311	0.001444
3.414294	0.001432
3.415277	0.001419
3.416260	0.001406
3.417242	0.001394
3.418225	0.001381
3.419208	0.001369
3.420191	0.001357
3.421174	0.001344
3.422156	0.001332
3.423139	0.001320
3.424122	0.001308
3.425105	0.001296
3.426087	0.001285
3.427070	0.001273
3.428053	0.001261
3.429036	0.001250
3.430019	0.001238
3.431001	0.001227
3.431984	0.001215
3.432967	0.001204
3.433950	0.001193
3.434932	0.001182
3.435915	0.001171
3.436898	0.001160
3.437881	0.001149
3.438864	0.001138
3.439846	0.001127
3.440829	0.001117
3.441812	0.001106
3.442795	0.001095
3.443777	0.001085
3.444760	0.001074
3.445743	0.001064
3.446726	0.001054
3.447708	0.001044
3.448691	0.001033
3.449674	0.001023
3.450657	0.001013
3.451640	0.001003
3.452622	0.000993
3.453605	0.000983
3.454588	0.000973
3.455571	0.000964
3.456553	0.000954
3.457536	0.000944
3.458519	0.000935
3.459502	0.000925
3.460485	0.000916
3.461467	0.000906
3.462450	0.000897
3.463433	0.000887
3.464416	0.000878
3.465398	0.000869
3.466381	0.000860
3.467364	0.000851
3.468347	0.000841
3.469330	0.000832
3.470312	0.000823
3.471295	0.000814
3.472278	0.000806
3.473261	0.000797
3.474243	0.000788
3.475226	0.000779
3.476209	0.000770
3.477192	0.000762
3.478175	0.000753
3.479157	0.000745
3.480140	0.000736
3.481123	0.000727
3.482106	0.000719
3.483088	0.000711
3.484071	0.000702
3.485054	0.000694
3.486037	0.000686
3.487020	0.000677
3.488002	0.000669
3.488985	0.000661
3.489968	0.000653
3.490951	0.000645
3.491933	0.000637
3.492916	0.000629
3.493899	0.000621
3.494882	0.000613
3.495864	0.000605
3.496847	0.000597
3.497830	0.000589
3.498813	0.000581
3.499796	0.000573
3.500778	0.000566
3.501761	0.000558
3.502744	0.000550
3.503727	0.000543
3.504709	0.000535
3.505692	0.000527
3.506675	0.000520
3.507658	0.000512
3.508641	0.000505
3.509623	0.000497
3.510606	0.000490
3.511589	0.000482
3.512572	0.000475
3.513554	0.000467
3.514537	0.000460
3.515520	0.000453
3.516503	0.000446
3.517486	0.000438
3.518468	0.000431
3.519451	0.000424
3.520434	0.000417
3.521417	0.000409
3.522399	0.000402
3.523382	0.000395
3.524365	0.000388
3.525348	0.000381
3.526331	0.000374
3.527313	0.000367
3.528296	0.000360
3.529279	0.000353
3.530262	0.000346
3.531244	0.000339
3.532227	0.000332
3.533210	0.000325
3.534193	0.000318
3.535176	0.000311
3.536158	0.000304
3.537141	0.000297
3.538124	0.000291
3.539107	0.000284
3.540089	0.000277
3.541072	0.000270
3.542055	0.000263
3.543038	0.000257
3.544020	0.000250
3.545003	0.000243
3.545986	0.000236
3.546969	0.000230
3.547952	0.000223
3.548934	0.000216
3.549917	0.000210
3.550900	0.000203
3.551883	0.000196
3.552865	0.000190
3.553848	0.000183
3.554831	0.000176
3.555814	0.000170
3.556797	0.000163
3.557779	0.000157
3.558762	0.000150
3.559745	0.000143
3.560728	0.000137
3.561710	0.000130
3.562693	0.000124
3.563676	0.000117
3.564659	0.000111
3.565642	0.000104
3.566624	0.000098
3.567607	0.000091
3.568590	0.000084
3.569573	0.000078
3.570555	0.000071
3.571538	0.000065
3.572521	0.000058
3.573504	0.000052
3.574487	0.000045
3.575469	0.000039
3.576452	0.000032
3.577435	0.000026
3.578418	0.000019
3.579400	0.000013
3.580375	0.000006
3.581350	0.000013
3.582325	0.000019
3.583300	0.000025
3.584274	0.000031
3.585249	0.000038
3.586224	0.000044
3.587199	0.000050
3.588174	0.000056
3.589148	0.000062
3.590123	0.000068
3.591098	0.000073
3.592073	0.000079
3.593048	0.000085
3.594022	0.000091
3.594997	0.000096
3.595972	0.000102
3.596947	0.000107
3.597921	0.000113
3.598896	0.000118
3.599871	0.000124
3.600846	0.000129
3.601821	0.000135
3.602795	0.000140
3.603770	0.000145
3.604745	0.000150
3.605720	0.000156
3.606695	0.000161
3.607669	0.000166
3.608644	0.000171
3.609619	0.000176
3.610594	0.000181
3.611569	0.000186
3.612543	0.000191
3.613518	0.000196
3.614493	0.000201
3.615468	0.000206
3.616443	0.000210
3.617417	0.000215
3.618392	0.000220
3.619367	0.000225
3.620342	0.000229
3.621316	0.000234
3.622291	0.000239
3.623266	0.000243
3.624241	0.000248
3.625216	0.000252
3.626190	0.000257
3.627165	0.000261
3.628140	0.000266
3.629115	0.000270
3.630090	0.000274
3.631064	0.000279
3.632039	0.000283
3.633014	0.000287
3.633989	0.000291
3.634964	0.000295
3.635938	0.000300
3.636913	0.000304
3.637888	0.000308
3.638863	0.000312
3.639838	0.000316
3.640812	0.000320
3.641787	0.000324
3.642762	0.000328
3.643737	0.000332
3.644711	0.000336
3.645686	0.000340
3.646661	0.000343
3.647636	0.000347
3.648611	0.000351
3.649585	0.000355
3.650560	0.000358
3.651535	0.000362
3.652510	0.000366
3.653485	0.000369
3.654459	0.000373
3.655434	0.000377
3.656409	0.000380
3.657384	0.000384
3.658359	0.000387
3.659333	0.000391
3.660308	0.000394
3.661283	0.000397
3.662258	0.000401
3.663233	0.000404
3.664207	0.000407
3.665182	0.000411
3.666157	0.000414
3.667132	0.000417
3.668106	0.000420
3.669081	0.000424
3.670056	0.000427
3.671031	0.000430
3.672006	0.000433
3.672980	0.000436
3.673955	0.000439
3.674930	0.000442
3.675905	0.000445
3.676880	0.000448
3.677854	0.000451
3.678829	0.000454
3.679804	0.000457
3.680779	0.000459
3.681754	0.000462
3.682728	0.000465
3.683703	0.000468
3.684678	0.000470
3.685653	0.000473
3.686628	0.000476
3.687602	0.000478
3.688577	0.000481
3.689552	0.000484
3.690527	0.000486
3.691501	0.000489
3.692476	0.000491
3.693451	0.000494
3.694426	0.000496
3.695401	0.000499
3.696375	0.000501
3.697350	0.000503
3.698325	0.000506
3.699300	0.000508
3.700275	0.000510
3.701249	0.000513
3.702224	0.000515
3.703199	0.000517
3.704174	0.000519
3.705149	0.000521
3.706123	0.000523
3.707098	0.000526
3.708073	0.000528
3.709048	0.000530
3.710023	0.000532
3.710997	0.000534
3.711972	0.000536
3.712947	0.000538
3.713922	0.000539
3.714897	0.000541
3.715871	0.000543
3.716846	0.000545
3.717821	0.000547
3.718796	0.000549
3.719770	0.000550
3.720745	0.000552
3.721720	0.000554
3.722695	0.000555
3.723670	0.000557
3.724644	0.000559
3.725619	0.000560
3.726594	0.000562
3.727569	0.000563
3.728544	0.000565
3.729518	0.000566
3.730493	0.000568
3.731468	0.000569
3.732443	0.000571
3.733418	0.000572
3.734392	0.000573
3.735367	0.000575
3.736342	0.000576
3.737317	0.000577
3.738292	0.000578
3.739266	0.000580
3.740241	0.000581
3.741216	0.000582
3.742191	0.000583
3.743165	0.000584
3.744140	0.000585
3.745115	0.000586
3.746090	0.000587
3.747065	0.000588
3.748039	0.000589
3.749014	0.000590
3.749989	0.000591
3.750964	0.000592
3.751939	0.000593
3.752913	0.000594
3.753888	0.000595
3.754863	0.000596
3.755838	0.000596
3.756813	0.000597
3.757787	0.000598
3.758762	0.000599
3.759737	0.000599
3.760712	0.000600
3.761687	0.000601
3.762661	0.000601
3.763636	0.000602
3.764611	0.000602
3.765586	0.000603
3.766560	0.000603
3.767535	0.000604
3.768510	0.000604
3.769485	0.000605
3.770460	0.000605
3.771434	0.000605
3.772409	0.000606
3.773384	0.000606
3.774359	0.000606
3.775334	0.000607
3.776308	0.000607
3.777283	0.000607
3.778258	0.000607
3.779233	0.000608
3.780208	0.000608
3.781182	0.000608
3.782157	0.000608
3.783132	0.000608
3.784107	0.000608
3.785082	0.000608
3.786056	0.000608
3.787031	0.000608
3.788006	0.000608
3.788981	0.000608
3.789955	0.000608
3.790930	0.000608
3.791905	0.000608
3.792880	0.000608
3.793855	0.000608
3.794829	0.000607
3.795804	0.000607
3.796779	0.000607
3.797754	0.000607
3.798729	0.000606
3.799703	0.000606
3.800678	0.000606
3.801653	0.000606
3.802628	0.000605
3.803603	0.000605
3.804577	0.000604
3.805552	0.000604
3.806527	0.000603
3.807502	0.000603
3.808477	0.000602
3.809451	0.000602
3.810426	0.000601
3.811401	0.000601
3.812376	0.000600
3.813350	0.000600
3.814325	0.000599
3.815300	0.000598
3.816275	0.000598
3.817250	0.000597
3.818224	0.000596
3.819199	0.000596
3.820174	0.000595
3.821149	0.000594
3.822124	0.000593
3.823098	0.000592
3.824073	0.000592
3.825048	0.000591
3.826023	0.000590
3.826998	0.000589
3.827972	0.000588
3.828947	0.000587
3.829922	0.000586
3.830897	0.000585
3.831872	0.000584
3.832846	0.000583
3.833821	0.000582
3.834796	0.000581
3.835771	0.000580
3.836746	0.000579
3.837720	0.000578
3.838695	0.000577
3.839670	0.000576
3.840645	0.000574
3.841619	0.000573
3.842594	0.000572
3.843569	0.000571
3.844544	0.000569
3.845519	0.000568
3.846493	0.000567
3.847468	0.000566
3.848443	0.000564
3.849418	0.000563
3.850393	0.000562
3.851367	0.000560
3.852342	0.000559
3.853317	0.000557
3.854292	0.000556
3.855267	0.000555
3.856241	0.000553
3.857216	0.000552
3.858191	0.000550
3.859166	0.000549
3.860141	0.000547
3.861115	0.000546
3.862090	0.000544
3.863065	0.000542
3.864040	0.000541
3.865014	0.000539
3.865989	0.000538
3.866964	0.000536
3.867939	0.000534
3.868914	0.000533
3.869888	0.000531
3.870863	0.000529
3.871838	0.000528
3.872813	0.000526
3.873788	0.000524
3.874762	0.000522
3.875737	0.000521
3.876712	0.000519
3.877687	0.000517
3.878662	0.000515
3.879636	0.000513
3.880611	0.000511
3.881586	0.000509
3.882561	0.000508
3.883536	0.000506
3.884510	0.000504
3.885485	0.000502
3.886460	0.000500
3.887435	0.000498
3.888409	0.000496
3.889384	0.000494
3.890359	0.000492
3.891334	0.000490
3.892309	0.000488
3.893283	0.000486
3.894258	0.000484
3.895233	0.000482
3.896208	0.000480
3.897183	0.000478
3.898157	0.000476
3.899132	0.000473
3.900107	0.000471
3.901082	0.000469
3.902057	0.000467
3.903031	0.000465
3.904006	0.000463
3.904981	0.000460
3.905956	0.000458
3.906931	0.000456
3.907905	0.000454
3.908880	0.000452
3.909855	0.000449
3.910830	0.000447
3.911804	0.000445
3.912779	0.000442
3.913754	0.000440
3.914729	0.000438
3.915704	0.000436
3.916678	0.000433
3.917653	0.000431
3.918628	0.000429
3.919603	0.000426
3.920578	0.000424
3.921552	0.000421
3.922527	0.000419
3.923502	0.000417
3.924477	0.000414
3.925452	0.000412
3.926426	0.000409
3.927401	0.000407
3.928376	0.000404
3.929351	0.000402
3.930326	0.000400
3.931300	0.000397
3.932275	0.000395
3.933250	0.000392
3.934225	0.000390
3.935200	0.000387
3.936174	0.000385
3.937149	0.000382
3.938124	0.000379
3.939099	0.000377
3.940073	0.000374
3.941048	0.000372
3.942023	0.000369
3.942998	0.000367
3.943973	0.000364
3.944947	0.000361
3.945922	0.000359
3.946897	0.000356
3.947872	0.000354
3.948847	0.000351
3.949821	0.000348
3.950796	0.000346
3.951771	0.000343
3.952746	0.000340
3.953721	0.000338
3.954695	0.000335
3.955670	0.000332
3.956645	0.000330
3.957620	0.000327
3.958595	0.000324
3.959569	0.000322
3.960544	0.000319
3.961519	0.000316
3.962494	0.000313
3.963468	0.000311
3.964443	0.000308
3.965418	0.000305
3.966393	0.000302
3.967368	0.000300
3.968342	0.000297
3.969317	0.000294
3.970292	0.000291
3.971267	0.000289
3.972242	0.000286
3.973216	0.000283
3.974191	0.000280
3.975166	0.000278
3.976141	0.000275
3.977116	0.000272
3.978090	0.000269
3.979065	0.000266
3.980040	0.000264
3.981015	0.000261
3.981990	0.000258
3.982964	0.000255
3.983939	0.000252
3.984914	0.000249
3.985889	0.000247
3.986863	0.000244
3.987838	0.000241
3.988813	0.000238
3.989788	0.000235
3.990763	0.000232
3.991737	0.000229
3.992712	0.000227
3.993687	0.000224
3.994662	0.000221
3.995637	0.000218
3.996611	0.000215
3.997586	0.000212
3.998561	0.000209
3.999536	0.000207
4.000511	0.000204
4.001485	0.000201
4.002460	0.000198
4.003435	0.000195
4.004410	0.000192
4.005385	0.000189
4.006359	0.000186
4.007334	0.000184
4.008309	0.000181
4.009284	0.000178
4.010258	0.000175
4.011233	0.000172
4.012208	0.000169
4.013183	0.000166
4.014158	0.000163
4.015132	0.000160
4.016107	0.000157
4.017082	0.000155
4.018057	0.000152
4.019032	0.000149
4.020006	0.000146
4.020981	0.000143
4.021956	0.000140
4.022931	0.000137
4.023906	0.000134
4.024880	0.000131
4.025855	0.000128
4.026830	0.000126
4.027805	0.000123
4.028780	0.000120
4.029754	0.000117
4.030729	0.000114
4.031704	0.000111
4.032679	0.000108
4.033653	0.000105
4.034628	0.000102
4.035603	0.000100
4.036578	0.000097
4.037553	0.000094
4.038527	0.000091
4.039502	0.000088
4.040477	0.000085
4.041452	0.000082
4.042427	0.000079
4.043401	0.000077
4.044376	0.000074
4.045351	0.000071
4.046326	0.000068
4.047301	0.000065
4.048275	0.000062
4.049250	0.000059
4.050225	0.000056
4.051200	0.000054
4.052175	0.000051
4.053149	0.000048
4.054124	0.000045
4.055099	0.000042
4.056074	0.000039
4.057049	0.000037
4.058023	0.000034
4.058998	0.000031
4.059973	0.000028
4.060948	0.000025
4.061922	0.000022
4.062897	0.000020
4.063872	0.000017
4.064847	0.000014
4.065822	0.000011
4.066796	0.000008
4.067779	0.000006
4.068762	0.000011
4.069745	0.000017
4.070728	0.000022
4.071710	0.000028
4.072693	0.000034
4.073676	0.000039
4.074659	0.000045
4.075641	0.000051
4.076624	0.000056
4.077607	0.000062
4.078590	0.000068
4.079573	0.000073
4.080555	0.000079
4.081538	0.000084
4.082521	0.000090
4.083504	0.000096
4.084486	0.000101
4.085469	0.000107
4.086452	0.000113
4.087435	0.000118
4.088417	0.000124
4.089400	0.000130
4.090383	0.000135
4.091366	0.000141
4.092349	0.000147
4.093331	0.000153
4.094314	0.000158
4.095297	0.000164
4.096280	0.000170
4.097262	0.000175
4.098245	0.000181
4.099228	0.000187
4.100211	0.000193
4.101194	0.000198
4.102176	0.000204
4.103159	0.000210
4.104142	0.000216
4.105125	0.000222
4.106107	0.000227
4.107090	0.000233
4.108073	0.000239
4.109056	0.000245
4.110039	0.000251
4.111021	0.000257
4.112004	0.000262
4.112987	0.000268
4.113970	0.000274
4.114952	0.000280
4.115935	0.000286
4.116918	0.000292
4.117901	0.000298
4.118884	0.000304
4.119866	0.000310
4.120849	0.000316
4.121832	0.000322
4.122815	0.000328
4.123797	0.000334
4.124780	0.000340
4.125763	0.000346
4.126746	0.000352
4.127729	0.000358
4.128711	0.000364
4.129694	0.000370
4.130677	0.000376
4.131660	0.000382
4.132642	0.000389
4.133625	0.000395
4.134608	0.000401
4.135591	0.000407
4.136573	0.000413
4.137556	0.000419
4.138539	0.000426
4.139522	0.000432
4.140505	0.000438
4.141487	0.000445
4.142470	0.000451
4.143453	0.000457
4.144436	0.000464
4.145418	0.000470
4.146401	0.000476
4.147384	0.000483
4.148367	0.000489
4.149350	0.000496
4.150332	0.000502
4.151315	0.000508
4.152298	0.000515
4.153281	0.000521
4.154263	0.000528
4.155246	0.000535
4.156229	0.000541
4.157212	0.000548
4.158195	0.000554
4.159177	0.000561
4.160160	0.000568
4.161143	0.000574
4.162126	0.000581
4.163108	0.000588
4.164091	0.000595
4.165074	0.000601
4.166057	0.000608
4.167040	0.000615
4.168022	0.000622
4.169005	0.000629
4.169988	0.000636
4.170971	0.000643
4.171953	0.000650
4.172936	0.000657
4.173919	0.000664
4.174902	0.000671
4.175885	0.000678
4.176867	0.000685
4.177850	0.000692
4.178833	0.000699
4.179816	0.000706
4.180798	0.000713
4.181781	0.000721
4.182764	0.000728
4.183747	0.000735
4.184729	0.000742
4.185712	0.000750
4.186695	0.000757
4.187678	0.000764
4.188661	0.000772
4.189643	0.000779
4.190626	0.000787
4.191609	0.000794
4.192592	0.000802
4.193574	0.000809
4.194557	0.000817
4.195540	0.000825
4.196523	0.000832
4.197506	0.000840
4.198488	0.000848
4.199471	0.000855
4.200454	0.000863
4.201437	0.000871
4.202419	0.000879
4.203402	0.000887
4.204385	0.000895
4.205368	0.000903
4.206351	0.000911
4.207333	0.000919
4.208316	0.000927
4.209299	0.000935
4.210282	0.000943
4.211264	0.000951
4.212247	0.000959
4.213230	0.000968
4.214213	0.000976
4.215196	0.000984
4.216178	0.000993
4.217161	0.001001
4.218144	0.001009
4.219127	0.001018
4.220109	0.001026
4.221092	0.001035
4.222075	0.001043
4.223058	0.001052
4.224041	0.001061
4.225023	0.001069
4.226006	0.001078
4.226989	0.001087
4.227972	0.001096
4.228954	0.001104
4.229937	0.001113
4.230920	0.001122
4.231903	0.001131
4.232885	0.001140
4.233868	0.001149
4.234851	0.001158
4.235834	0.001168
4.236817	0.001177
4.237799	0.001186
4.238782	0.001195
4.239765	0.001204
4.240748	0.001214
4.241730	0.001223
4.242713	0.001233
4.243696	0.001242
4.244679	0.001252
4.245662	0.001261
4.246644	0.001271
4.247627	0.001280
4.248610	0.001290
4.249593	0.001300
4.250575	0.001310
4.251558	0.001320
4.252541	0.001329
4.253524	0.001339
4.254507	0.001349
4.255489	0.001359
4.256472	0.001369
4.257455	0.001380
4.258438	0.001390
4.259420	0.001400
4.260403	0.001410
4.261386	0.001420
4.262369	0.001431
4.263352	0.001441
4.264334	0.001452
4.265317	0.001462
4.266300	0.001473
4.267283	0.001483
4.268265	0.001494
4.269248	0.001505
4.270231	0.001516
4.271214	0.001526
4.272197	0.001537
4.273179	0.001548
4.274162	0.001559
4.275145	0.001570
4.276128	0.001581
4.277110	0.001592
4.278093	0.001603
4.279076	0.001615
4.280059	0.001626
4.281042	0.001637
4.282024	0.001649
4.283007	0.001660
4.283990	0.001672
4.284973	0.001683
4.285955	0.001695
4.286938	0.001706
4.287921	0.001718
4.288904	0.001730
4.289886	0.001742
4.290869	0.001754
4.291852	0.001766
4.292835	0.001778
4.293818	0.001790
4.294800	0.001802
4.295783	0.001814
4.296766	0.001826
4.297749	0.001839
4.298731	0.001851
4.299714	0.001863
4.300697	0.001876
4.301680	0.001888
4.302663	0.001901
4.303645	0.001914
4.304628	0.001926
4.305611	0.001939
4.306594	0.001952
4.307576	0.001965
4.308559	0.001978
4.309542	0.001991
4.310525	0.002004
4.311508	0.002017
4.312490	0.002030
4.313473	0.002043
4.314456	0.002057
4.315439	0.002070
4.316421	0.002083
4.317404	0.002097
4.318387	0.002111
4.319370	0.002124
4.320353	0.002138
4.321335	0.002152
4.322318	0.002165
4.323301	0.002179
4.324284	0.002193
4.325266	0.002207
4.326249	0.002221
4.327232	0.002236
4.328215	0.002250
4.329198	0.002264
4.330180	0.002278
4.331163	0.002293
4.332146	0.002307
4.333129	0.002322
4.334111	0.002336
4.335094	0.002351
4.336077	0.002366
4.337060	0.002381
4.338042	0.002396
4.339025	0.002410
4.340008	0.002425
4.340991	0.002441
4.341974	0.002456
4.342956	0.002471
4.343939	0.002486
4.344922	0.002502
4.345905	0.002517
4.346887	0.002532
4.347870	0.002548
4.348853	0.002564
4.349836	0.002579
4.350819	0.002595
4.351801	0.002611
4.352784	0.002627
4.353767	0.002643
4.354750	0.002659
4.355732	0.002675
4.356715	0.002691
4.357698	0.002707
4.358681	0.002724
4.359664	0.002740
4.360646	0.002757
4.361629	0.002773
4.362612	0.002790
4.363595	0.002807
4.364577	0.002823
4.365560	0.002840
4.366543	0.002857
4.367526	0.002874
4.368509	0.002891
4.369491	0.002908
4.370474	0.002925
4.371457	0.002943
4.372440	0.002960
4.373422	0.002977
4.374405	0.002995
4.375388	0.003012
4.376371	0.003030
4.377354	0.003048
4.378336	0.003065
4.379319	0.003083
4.380302	0.003101
4.381285	0.003119
4.382267	0.003137
4.383250	0.003155
4.384233	0.003174
4.385216	0.003192
4.386198	0.003210
4.387181	0.003229
4.388164	0.003247
4.389147	0.003266
4.390130	0.003284
4.391112	0.003303
4.392095	0.003322
4.393078	0.003341
4.394061	0.003360
4.395043	0.003379
4.396026	0.003398
4.397009	0.003417
4.397992	0.003436
4.398975	0.003456
4.399957	0.003475
4.400940	0.003495
4.401923	0.003514
4.402906	0.003534
4.403888	0.003553
4.404871	0.003573
4.405854	0.003593
4.406837	0.003613
4.407820	0.003633
4.408802	0.003653
4.409785	0.003673
4.410768	0.003693
4.411751	0.003714
4.412733	0.003734
4.413716	0.003754
4.414699	0.003775
4.415682	0.003795
4.416665	0.003816
4.417647	0.003837
4.418630	0.003857
4.419613	0.003878
4.420596	0.003899
4.421578	0.003920
4.422561	0.003941
4.423544	0.003963
4.424527	0.003984
4.425510	0.004005
4.426492	0.004026
4.427475	0.004048
4.428458	0.004069
4.429441	0.004091
4.430423	0.004113
4.431406	0.004134
4.432389	0.004156
4.433372	0.004178
4.434354	0.004200
4.435337	0.004222
4.436320	0.004244
4.437303	0.004266
4.438286	0.004288
4.439268	0.004310
4.440251	0.004333
4.441234	0.004355
4.442217	0.004378
4.443199	0.004400
4.444182	0.004423
4.445165	0.004446
4.446148	0.004468
4.447131	0.004491
4.448113	0.004514
4.449096	0.004537
4.450079	0.004560
4.451062	0.004583
4.452044	0.004606
4.453027	0.004629
4.454010	0.004653
4.454993	0.004676
4.455976	0.004699
4.456958	0.004723
4.457941	0.004746
4.458924	0.004770
4.459907	0.004794
4.460889	0.004817
4.461872	0.004841
4.462855	0.004865
4.463838	0.004889
4.464821	0.004913
4.465803	0.004937
4.466786	0.004961
4.467769	0.004985
4.468752	0.005009
4.469734	0.005033
4.470717	0.005058
4.471700	0.005082
4.472683	0.005106
4.473666	0.005131
4.474648	0.005155
4.475631	0.005180
4.476614	0.005205
4.477597	0.005229
4.478579	0.005254
4.479562	0.005279
4.480545	0.005304
4.481528	0.005328
4.482510	0.005353
4.483493	0.005378
4.484476	0.005403
4.485459	0.005428
4.486442	0.005454
4.487424	0.005479
4.488407	0.005504
4.489390	0.005529
4.490373	0.005555
4.491355	0.005580
4.492338	0.005605
4.493321	0.005631
4.494304	0.005656
4.495287	0.005682
4.496269	0.005707
4.497252	0.005733
4.498235	0.005759
4.499218	0.005784
4.500200	0.005810
4.501183	0.005836
4.502166	0.005862
4.503149	0.005887
4.504132	0.005913
4.505114	0.005939
4.506097	0.005965
4.507080	0.005991
4.508063	0.006017
4.509045	0.006043
4.510028	0.006069
4.511011	0.006095
4.511994	0.006121
4.512977	0.006147
4.513959	0.006174
4.514942	0.006200
4.515925	0.006226
4.516908	0.006252
4.517890	0.006279
4.518873	0.006305
4.519856	0.006331
4.520839	0.006357
4.521822	0.006384
4.522804	0.006410
4.523787	0.006436
4.524770	0.006463
4.525753	0.006489
4.526735	0.006516
4.527718	0.006542
4.528701	0.006569
4.529684	0.006595
4.530667	0.006621
4.531649	0.006648
4.532632	0.006674
4.533615	0.006701
4.534598	0.006727
4.535580	0.006754
4.536563	0.006780
4.537546	0.006807
4.538529	0.006833
4.539511	0.006860
4.540494	0.006886
4.541477	0.006913
4.542460	0.006939
4.543443	0.006966
4.544425	0.006992
4.545408	0.007018
4.546391	0.007045
4.547374	0.007071
4.548356	0.007098
4.549339	0.007124
4.550322	0.007150
4.551305	0.007177
4.552288	0.007203
4.553270	0.007229
4.554253	0.007256
4.555236	0.007282
4.556219	0.007308
4.557201	0.007335
4.558184	0.007361
4.559167	0.007387
4.560150	0.007413
4.561133	0.007439
4.562115	0.007465
4.563098	0.007491
4.564081	0.007517
4.565064	0.007543
4.566046	0.007569
4.567029	0.007595
4.568012	0.007621
4.568995	0.007647
4.569978	0.007673
4.570960	0.007699
4.571943	0.007724
4.572926	0.007750
4.573909	0.007776
4.574891	0.007801
4.575874	0.007827
4.576857	0.007852
4.577840	0.007878
4.578823	0.007903
4.579805	0.007928
4.580788	0.007953
4.581771	0.007979
4.582754	0.008004
4.583736	0.008029
4.584719	0.008054
4.585702	0.008079
4.586685	0.008104
4.587667	0.008128
4.588650	0.008153
4.589633	0.008178
4.590616	0.008202
4.591599	0.008227
4.592581	0.008251
4.593564	0.008276
4.594547	0.008300
4.595530	0.008324
4.596512	0.008348
4.597495	0.008372
4.598478	0.008396
4.599461	0.008420
4.600444	0.008444
4.601426	0.008467
4.602409	0.008491
4.603392	0.008515
4.604375	0.008538
4.605357	0.008561
4.606340	0.008584
4.607323	0.008607
4.608306	0.008630
4.609289	0.008653
4.610271	0.008676
4.611254	0.008699
4.612237	0.008721
4.613220	0.008744
4.614202	0.008766
4.615185	0.008788
4.616168	0.008811
4.617151	0.008833
4.618134	0.008855
4.619116	0.008876
4.620099	0.008898
4.621082	0.008920
4.622065	0.008941
4.623047	0.008962
4.624030	0.008983
4.625013	0.009004
4.625996	0.009025
4.626979	0.009046
4.627961	0.009067
4.628944	0.009087
4.629927	0.009108
4.630910	0.009128
4.631892	0.009148
4.632875	0.009168
4.633858	0.009188
4.634841	0.009208
4.635823	0.009227
4.636806	0.009247
4.637789	0.009266
4.638772	0.009285
4.639755	0.009304
4.640737	0.009323
4.641720	0.009341
4.642703	0.009360
4.643686	0.009378
4.644668	0.009397
4.645651	0.009415
4.646634	0.009433
4.647617	0.009450
4.648600	0.009468
4.649582	0.009485
4.650565	0.009503
4.651548	0.009520
4.652531	0.009537
4.653513	0.009553
4.654496	0.009570
4.655479	0.009587
4.656462	0.009603
4.657445	0.009619
4.658427	0.009635
4.659410	0.009651
4.660393	0.009666
4.661376	0.009682
4.662358	0.009697
4.663341	0.009712
4.664324	0.009727
4.665307	0.009742
4.666290	0.009757
4.667272	0.009771
4.668255	0.009785
4.669238	0.009800
4.670221	0.009813
4.671203	0.009827
4.672186	0.009841
4.673169	0.009854
4.674152	0.009867
4.675135	0.009881
4.676117	0.009893
4.677100	0.009906
4.678083	0.009919
4.679066	0.009931
4.680048	0.009943
4.681031	0.009955
4.682014	0.009967
4.682997	0.009979
4.683979	0.009991
4.684962	0.010002
4.685945	0.010013
4.686928	0.010024
4.687911	0.010035
4.688893	0.010046
4.689876	0.010057
4.690859	0.010067
4.691842	0.010077
4.692824	0.010087
4.693807	0.010097
4.694790	0.010107
4.695773	0.010117
4.696756	0.010127
4.697738	0.010136
4.698721	0.010145
4.699704	0.010155
4.700687	0.010164
4.701669	0.010173
4.702652	0.010181
4.703635	0.010190
4.704618	0.010199
4.705601	0.010207
4.706583	0.010216
4.707566	0.010224
4.708549	0.010232
4.709532	0.010240
4.710514	0.010248
4.711497	0.010256
4.712480	0.010264
4.713463	0.010272
4.714446	0.010280
4.715428	0.010288
4.716411	0.010296
4.717394	0.010304
4.718377	0.010312
4.719359	0.010320
4.720342	0.010328
4.721325	0.010336
4.722308	0.010344
4.723291	0.010352
4.724273	0.010361
4.725256	0.010369
4.726239	0.010378
4.727222	0.010386
4.728204	0.010395
4.729187	0.010405
4.730170	0.010414
4.731153	0.010424
4.732135	0.010434
4.733118	0.010444
4.734101	0.010455
4.735084	0.010466
4.736067	0.010478
4.737049	0.010490
4.738032	0.010503
4.739015	0.010516
4.739998	0.010531
4.740980	0.010545
4.741963	0.010561
4.742946	0.010578
4.743929	0.010595
4.744912	0.010614
4.745894	0.010634
4.746877	0.010655
4.747860	0.010678
4.748843	0.010703
4.749825	0.010729
4.750808	0.010757
4.751791	0.010787
4.752774	0.010820
4.753757	0.010855
4.754739	0.010893
4.755722	0.010935
4.756705	0.010980
4.757688	0.011030
4.758670	0.011084
4.759653	0.011143
4.760636	0.011209
4.761619	0.011281
4.762602	0.011361
4.763584	0.011451
4.764567	0.011551
4.765550	0.011664
4.766533	0.011791
4.767515	0.011936
4.768498	0.012103
4.769481	0.012296
4.770464	0.012523
4.771447	0.012791
4.772429	0.013116
4.773412	0.013514
4.774395	0.014016
4.775378	0.014668
4.776360	0.015547
4.777343	0.016787
4.778326	0.018628
4.779309	0.021467
4.780292	0.025743
4.781274	0.030399
4.782249	0.030177
4.783224	0.024460
4.784199	0.019364
4.785173	0.015890
4.786148	0.013547
4.787123	0.011897
4.788098	0.010674
4.789073	0.009725
4.790047	0.008961
4.791022	0.008327
4.791997	0.007788
4.792972	0.007323
4.793947	0.006915
4.794921	0.006552
4.795896	0.006227
4.796871	0.005932
4.797846	0.005664
4.798821	0.005418
4.799795	0.005191
4.800770	0.004980
4.801745	0.004784
4.802720	0.004601
4.803694	0.004430
4.804669	0.004268
4.805644	0.004116
4.806619	0.003972
4.807594	0.003836
4.808568	0.003706
4.809543	0.003583
4.810518	0.003466
4.811493	0.003354
4.812468	0.003247
4.813442	0.003144
4.814417	0.003046
4.815392	0.002951
4.816367	0.002861
4.817342	0.002773
4.818316	0.002689
4.819291	0.002608
4.820266	0.002529
4.821241	0.002454
4.822216	0.002381
4.823190	0.002310
4.824165	0.002241
4.825140	0.002175
4.826115	0.002110
4.827090	0.002047
4.828064	0.001986
4.829039	0.001927
4.830014	0.001870
4.830989	0.001814
4.831963	0.001759
4.832938	0.001706
4.833913	0.001654
4.834888	0.001603
4.835863	0.001554
4.836837	0.001506
4.837812	0.001459
4.838787	0.001412
4.839762	0.001367
4.840737	0.001323
4.841711	0.001280
4.842686	0.001238
4.843661	0.001196
4.844636	0.001155
4.845611	0.001115
4.846585	0.001076
4.847560	0.001037
4.848535	0.000999
4.849510	0.000962
4.850485	0.000925
4.851459	0.000889
4.852434	0.000854
4.853409	0.000819
4.854384	0.000784
4.855358	0.000750
4.856333	0.000717
4.857308	0.000684
4.858283	0.000651
4.859258	0.000619
4.860232	0.000587
4.861207	0.000555
4.862182	0.000524
4.863157	0.000493
4.864132	0.000462
4.865106	0.000432
4.866081	0.000402
4.867056	0.000372
4.868031	0.000343
4.869006	0.000313
4.869980	0.000284
4.870955	0.000255
4.871930	0.000226
4.872905	0.000198
4.873880	0.000169
4.874854	0.000141
4.875829	0.000112
4.876804	0.000084
4.877779	0.000056
4.878761	0.000014
4.879744	0.000028
4.880727	0.000042
4.881710	0.000056
4.882693	0.000070
4.883675	0.000084
4.884658	0.000098
4.885641	0.000112
4.886624	0.000126
4.887606	0.000140
4.888589	0.000154
4.889572	0.000167
4.890555	0.000181
4.891538	0.000194
4.892520	0.000208
4.893503	0.000221
4.894486	0.000234
4.895469	0.000247
4.896451	0.000260
4.897434	0.000273
4.898417	0.000285
4.899400	0.000298
4.900383	0.000310
4.901365	0.000323
4.902348	0.000335
4.903331	0.000347
4.904314	0.000358
4.905296	0.000370
4.906279	0.000381
4.907262	0.000393
4.908245	0.000404
4.909228	0.000415
4.910210	0.000426
4.911193	0.000436
4.912176	0.000446
4.913159	0.000457
4.914141	0.000467
4.915124	0.000476
4.916107	0.000486
4.917090	0.000495
4.918072	0.000504
4.919055	0.000513
4.920038	0.000522
4.921021	0.000531
4.922004	0.000539
4.922986	0.000547
4.923969	0.000555
4.924952	0.000563
4.925935	0.000570
4.926917	0.000577
4.927900	0.000584
4.928883	0.000591
4.929866	0.000598
4.930849	0.000604
4.931831	0.000610
4.932814	0.000616
4.933797	0.000622
4.934780	0.000627
4.935762	0.000633
4.936745	0.000638
4.937728	0.000642
4.938711	0.000647
4.939694	0.000651
4.940676	0.000656
4.941659	0.000660
4.942642	0.000663
4.943625	0.000667
4.944607	0.000670
4.945590	0.000673
4.946573	0.000676
4.947556	0.000679
4.948539	0.000682
4.949521	0.000684
4.950504	0.000686
4.951487	0.000688
4.952470	0.000690
4.953452	0.000691
4.954435	0.000692
4.955418	0.000693
4.956401	0.000694
4.957384	0.000695
4.958366	0.000696
4.959349	0.000696
4.960332	0.000696
4.961315	0.000696
4.962297	0.000696
4.963280	0.000696
4.964263	0.000695
4.965246	0.000694
4.966228	0.000693
4.967211	0.000692
4.968194	0.000691
4.969177	0.000690
4.970160	0.000688
4.971142	0.000686
4.972125	0.000684
4.973108	0.000682
4.974091	0.000680
4.975073	0.000678
4.976056	0.000675
4.977039	0.000672
4.978022	0.000669
4.979005	0.000666
4.979987	0.000663
4.980970	0.000660
4.981953	0.000657
4.982936	0.000653
4.983918	0.000649
4.984901	0.000645
4.985884	0.000641
4.986867	0.000637
4.987850	0.000633
4.988832	0.000629
4.989815	0.000624
4.990798	0.000619
4.991781	0.000615
4.992763	0.000610
4.993746	0.000605
4.994729	0.000600
4.995712	0.000594
4.996695	0.000589
4.997677	0.000584
4.998660	0.000578
4.999643	0.000572
5.000626	0.000566
5.001608	0.000560
5.002591	0.000554
5.003574	0.000548
5.004557	0.000542
5.005540	0.000536
5.006522	0.000529
5.007505	0.000523
5.008488	0.000516
5.009471	0.000510
5.010453	0.000503
5.011436	0.000496
5.012419	0.000489
5.013402	0.000482
5.014384	0.000475
5.015367	0.000468
5.016350	0.000460
5.017333	0.000453
5.018316	0.000445
5.019298	0.000438
5.020281	0.000430
5.021264	0.000423
5.022247	0.000415
5.023229	0.000407
5.024212	0.000399
5.025195	0.000391
5.026178	0.000383
5.027161	0.000375
5.028143	0.000367
5.029126	0.000359
5.030109	0.000351
5.031092	0.000342
5.032074	0.000334
5.033057	0.000326
5.034040	0.000317
5.035023	0.000309
5.036006	0.000300
5.036988	0.000291
5.037971	0.000283
5.038954	0.000274
5.039937	0.000265
5.040919	0.000257
5.041902	0.000248
5.042885	0.000239
5.043868	0.000230
5.044851	0.000221
5.045833	0.000212
5.046816	0.000203
5.047799	0.000194
5.048782	0.000185
5.049764	0.000176
5.050747	0.000167
5.051730	0.000158
5.052713	0.000149
5.053696	0.000139
5.054678	0.000130
5.055661	0.000121
5.056644	0.000112
5.057627	0.000103
5.058609	0.000093
5.059592	0.000084
5.060575	0.000075
5.061558	0.000065
5.062540	0.000056
5.063523	0.000047
5.064506	0.000037
5.065489	0.000028
5.066472	0.000019
5.067454	0.000009
5.068437	-0.000000
5.069420	0.000000
5.070403	0.000000
5.071385	-0.000000
5.072368	-0.000000
5.073351	0.000000
5.074334	0.000000
5.075317	-0.000000
5.076299	-0.000000
5.077282	0.000000
5.078265	0.000000
5.079248	-0.000000
5.080230	-0.000000
5.081213	0.000000
5.082196	0.000000
5.083179	-0.000000
5.084162	0.000000
5.085144	-0.000000
5.086127	-0.000000
5.087110	0.000000
5.088093	-0.000000
5.089075	-0.000000
5.090058	0.000000
5.091041	-0.000000
5.092024	0.000000
5.093007	-0.000000
5.093989	0.000000
5.094972	-0.000000
5.095955	0.000000
5.096938	-0.000000
5.097920	-0.000000
5.098903	-0.000000
5.099886	-0.000000
5.100869	-0.000000
5.101852	0.000000
5.102834	0.000000
5.103817	-0.000000
5.104800	0.000000
5.105783	-0.000000
5.106765	-0.000000
5.107748	-0.000000
5.108731	-0.000000
5.109714	-0.000000
5.110697	0.000000
5.111679	0.000000
5.112662	0.000000
5.113645	-0.000000
5.114628	0.000000
5.115610	0.000000
5.116593	-0.000000
5.117576	-0.000000
5.118559	-0.000000
5.119541	-0.000000
5.120524	0.000000
5.121507	-0.000000
5.122490	-0.000000
5.123473	0.000000
5.124455	0.000000
5.125438	-0.000000
5.126421	0.000000
5.127404	0.000000
5.128386	0.000000
5.129369	0.000000
5.130352	0.000000
5.131335	0.000000
5.132318	-0.000000
5.133300	-0.000000
5.134283	0.000000
5.135266	0.000000
5.136249	0.000000
5.137231	0.000000
5.138214	0.000000
5.139197	-0.000000
5.140180	-0.000000
5.141163	-0.000000
5.142145	-0.000000
5.143128	0.000000
5.144111	-0.000000
5.145094	0.000000
5.146076	-0.000000
5.147059	-0.000000
5.148042	-0.000000
5.149025	0.000000
5.150008	-0.000000
5.150990	-0.000000
5.151973	0.000000
5.152956	0.000000
5.153939	0.000000
5.154921	-0.000000
5.155904	-0.000000
5.156887	0.000000
5.157870	0.000000
5.158853	0.000000
5.159835	-0.000000
5.160818	-0.000000
5.161801	-0.000000
5.162784	-0.000000
5.163766	0.000000
