0.000983	0.000000
0.001966	0.000000
0.002948	-0.000000
0.003931	0.000000
0.004914	0.000000
0.005897	-0.000000
0.006879	0.000000
0.007862	-0.000000
0.008845	0.000000
0.009828	0.000000
0.010811	0.000000
0.011793	0.000000
0.012776	-0.000000
0.013759	-0.000000
0.014742	0.000000
0.015724	-0.000000
0.016707	0.000000
0.017690	0.000000
0.018673	0.000000
0.019656	-0.000000
0.020638	-0.000000
0.021621	-0.000000
0.022604	-0.000000
0.023587	-0.000000
0.024569	-0.000000
0.025552	-0.000000
0.026535	0.000000
0.027518	0.000000
0.028500	0.000000
0.029483	0.000000
0.030466	-0.000000
0.031449	-0.000000
0.032432	-0.000000
0.033414	0.000000
0.034397	-0.000000
0.035380	-0.000000
0.036363	-0.000000
0.037345	0.000000
0.038328	0.000000
0.039311	0.000000
0.040294	-0.000000
0.041277	-0.000000
0.042259	-0.000000
0.043242	-0.000000
0.044225	0.000000
0.045208	-0.000000
0.046190	0.000000
0.047173	-0.000000
0.048156	0.000000
0.049139	0.000000
0.050122	0.000000
0.051104	0.000000
0.052087	0.000000
0.053070	0.000000
0.054053	-0.000000
0.055035	-0.000000
0.056018	0.000000
0.057001	-0.000000
0.057984	-0.000000
0.058967	0.000000
0.059949	-0.000000
0.060932	0.000000
0.061915	0.000000
0.062898	0.000000
0.063880	-0.000000
0.064863	0.000000
0.065846	-0.000000
0.066829	0.000000
0.067812	-0.000000
0.068794	-0.000000
0.069777	0.000000
0.070760	0.000000
0.071743	0.000000
0.072725	-0.000000
0.073708	-0.000000
0.074691	-0.000000
0.075674	-0.000000
0.076656	0.000000
0.077639	-0.000000
0.078622	0.000000
0.079605	-0.000000
0.080588	0.000000
0.081570	-0.000000
0.082553	-0.000000
0.083536	0.000000
0.084519	-0.000000
0.085501	0.000000
0.086484	-0.000000
0.087467	0.000000
0.088450	0.000000
0.089433	-0.000000
0.090415	-0.000000
0.091398	-0.000000
0.092381	0.000000
0.093364	-0.000000
0.094346	-0.000000
0.095329	-0.000000
0.096312	-0.000000
0.097295	0.000000
0.098278	0.000000
0.099260	-0.000000
0.100243	0.000000
0.101226	0.000000
0.102209	-0.000000
0.103191	-0.000000
0.104174	0.000000
0.105157	0.000000
0.106140	0.000000
0.107123	-0.000000
0.108105	0.000000
0.109088	-0.000000
0.110071	0.000000
0.111054	-0.000000
0.112036	-0.000000
0.113019	-0.000000
0.114002	-0.000000
0.114985	0.000000
0.115968	-0.000000
0.116950	0.000000
0.117933	-0.000000
0.118916	-0.000000
0.119899	-0.000000
0.120881	0.000000
0.121864	-0.000000
0.122847	0.000000
0.123830	0.000000
0.124812	-0.000000
0.125795	0.000000
0.126778	0.000000
0.127761	0.000000
0.128744	0.000000
0.129726	-0.000000
0.130709	-0.000000
0.131692	0.000000
0.132675	-0.000000
0.133657	0.000000
0.134640	0.000000
0.135623	0.000000
0.136606	-0.000000
0.137589	-0.000000
0.138571	-0.000000
0.139554	-0.000000
0.140537	0.000000
0.141520	0.000000
0.142502	-0.000000
0.143485	0.000000
0.144468	-0.000000
0.145451	0.000000
0.146434	0.000000
0.147416	-0.000000
0.148399	-0.000000
0.149382	-0.000000
0.150365	-0.000000
0.151347	0.000000
0.152330	0.000000
0.153313	-0.000000
0.154296	-0.000000
0.155279	0.000000
0.156261	0.000000
0.157244	-0.000000
0.158227	0.000000
0.159210	0.000000
0.160192	-0.000000
0.161175	0.000000
0.162158	-0.000000
0.163141	0.000000
0.164124	-0.000000
0.165106	0.000000
0.166089	0.000000
0.167072	0.000000
0.168055	-0.000000
0.169037	-0.000000
0.170020	0.000000
0.171003	-0.000000
0.171986	0.000000
0.172969	0.000000
0.173951	0.000000
0.174934	-0.000000
0.175917	-0.000000
0.176900	-0.000000
0.177882	-0.000000
0.178865	-0.000000
0.179848	-0.000000
0.180831	-0.000000
0.181813	0.000000
0.182796	-0.000000
0.183779	0.000000
0.184762	-0.000000
0.185745	-0.000000
0.186727	-0.000000
0.187710	0.000000
0.188693	0.000000
0.189676	-0.000000
0.190658	-0.000000
0.191641	-0.000000
0.192624	0.000000
0.193607	-0.000000
0.194590	0.000000
0.195572	0.000000
0.196555	-0.000000
0.197538	0.000000
0.198521	-0.000000
0.199503	0.000000
0.200486	-0.000000
0.201469	-0.000000
0.202452	0.000000
0.203435	-0.000000
0.204417	0.000000
0.205400	0.000000
0.206383	-0.000000
0.207366	0.000000
0.208348	0.000000
0.209331	0.000000
0.210314	-0.000000
0.211297	-0.000000
0.212280	0.000000
0.213262	0.000000
0.214245	0.000000
0.215228	0.000000
0.216211	0.000000
0.217193	-0.000000
0.218176	-0.000000
0.219159	0.000000
0.220142	0.000000
0.221125	-0.000000
0.222107	0.000000
0.223090	0.000000
0.224073	0.000000
0.225056	0.000000
0.226038	0.000000
0.227021	0.000000
0.228004	-0.000000
0.228987	-0.000000
0.229969	-0.000000
0.230952	-0.000000
0.231935	-0.000000
0.232918	-0.000000
0.233901	-0.000000
0.234883	-0.000000
0.235866	-0.000000
0.236849	0.000000
0.237832	0.000000
0.238814	-0.000000
0.239797	0.000000
0.240780	-0.000000
0.241763	0.000000
0.242746	0.000000
0.243728	-0.000000
0.244711	0.000000
0.245694	-0.000000
0.246677	0.000000
0.247659	-0.000000
0.248642	-0.000000
0.249625	-0.000000
0.250608	0.000000
0.251591	-0.000000
0.252573	-0.000000
0.253556	-0.000000
0.254539	-0.000000
0.255522	0.000000
0.256504	-0.000000
0.257487	-0.000000
0.258470	0.000000
0.259453	0.000000
0.260436	0.000000
0.261418	0.000000
0.262401	0.000000
0.263384	0.000000
0.264367	0.000000
0.265349	-0.000000
0.266332	-0.000000
0.267315	-0.000000
0.268298	0.000000
0.269281	0.000000
0.270263	0.000000
0.271246	-0.000000
0.272229	-0.000000
0.273212	0.000000
0.274194	0.000000
0.275177	-0.000000
0.276160	-0.000000
0.277143	0.000000
0.278125	0.000000
0.279108	0.000000
0.280091	0.000000
0.281074	-0.000000
0.282057	-0.000000
0.283039	-0.000000
0.284022	-0.000000
0.285005	0.000000
0.285988	-0.000000
0.286962	-0.000000
0.287937	-0.000000
0.288912	0.000000
0.289887	0.000000
0.290862	-0.000000
0.291836	0.000000
0.292811	-0.000000
0.293786	0.000000
0.294761	0.000000
0.295736	0.000000
0.296710	0.000000
0.297685	-0.000000
0.298660	-0.000000
0.299635	0.000000
0.300610	-0.000000
0.301584	-0.000000
0.302559	0.000000
0.303534	0.000000
0.304509	-0.000000
0.305484	-0.000000
0.306458	-0.000000
0.307433	-0.000000
0.308408	0.000000
0.309383	-0.000000
0.310357	0.000000
0.311332	0.000000
0.312307	0.000000
0.313282	-0.000000
0.314257	0.000000
0.315231	-0.000000
0.316206	0.000000
0.317181	-0.000000
0.318156	-0.000000
0.319131	0.000000
0.320105	0.000000
0.321080	-0.000000
0.322055	-0.000000
0.323030	0.000000
0.324005	0.000000
0.324979	-0.000000
0.325954	0.000000
0.326929	0.000000
0.327904	0.000000
0.328879	0.000000
0.329853	-0.000000
0.330828	-0.000000
0.331803	0.000000
0.332778	0.000000
0.333753	-0.000000
0.334727	0.000000
0.335702	-0.000000
0.336677	0.000000
0.337652	-0.000000
0.338626	0.000000
0.339601	-0.000000
0.340576	-0.000000
0.341551	0.000000
0.342526	0.000000
0.343500	0.000000
0.344475	-0.000000
0.345450	0.000000
0.346425	0.000000
0.347400	-0.000000
0.348374	0.000000
0.349349	0.000000
0.350324	0.000000
0.351299	0.000000
0.352274	-0.000000
0.353248	0.000000
0.354223	0.000000
0.355198	0.000000
0.356173	0.000000
0.357148	-0.000000
0.358122	0.000000
0.359097	0.000000
0.360072	-0.000000
0.361047	0.000000
0.362021	0.000000
0.362996	0.000000
0.363971	-0.000000
0.364946	-0.000000
0.365921	-0.000000
0.366895	-0.000000
0.367870	0.000000
0.368845	0.000000
0.369820	-0.000000
0.370795	0.000000
0.371769	0.000000
0.372744	-0.000000
0.373719	0.000000
0.374694	0.000000
0.375669	0.000000
0.376643	-0.000000
0.377618	-0.000000
0.378593	0.000000
0.379568	0.000000
0.380543	-0.000000
0.381517	0.000000
0.382492	0.000000
0.383475	0.000000
0.384458	-0.000000
0.385440	-0.000000
0.386423	-0.000000
0.387406	0.000000
0.388389	0.000000
0.389372	0.000000
0.390354	0.000000
0.391337	0.000000
0.392320	-0.000000
0.393303	-0.000000
0.394285	-0.000000
0.395268	-0.000000
0.396251	-0.000000
0.397234	0.000000
0.398217	-0.000000
0.399199	-0.000000
0.400182	0.000000
0.401165	0.000000
0.402148	-0.000000
0.403130	0.000000
0.404113	0.000000
0.405096	0.000000
0.406079	0.000000
0.407061	0.000000
0.408044	-0.000000
0.409027	0.000000
0.410010	-0.000000
0.410993	-0.000000
0.411975	0.000000
0.412958	0.000000
0.413941	0.000000
0.414924	-0.000000
0.415906	-0.000000
0.416889	0.000000
0.417872	-0.000000
0.418855	0.000000
0.419838	0.000000
0.420820	-0.000000
0.421803	0.000000
0.422786	-0.000000
0.423769	0.000000
0.424751	0.000000
0.425734	-0.000000
0.426717	0.000000
0.427700	-0.000000
0.428683	0.000000
0.429665	-0.000000
0.430648	0.000000
0.431631	-0.000000
0.432614	-0.000000
0.433596	0.000000
0.434579	0.000000
0.435562	0.000000
0.436545	0.000000
0.437528	0.000000
0.438510	0.000000
0.439493	0.000000
0.440476	-0.000000
0.441459	0.000000
0.442441	-0.000000
0.443424	0.000000
0.444407	0.000000
0.445390	0.000000
0.446373	0.000000
0.447355	-0.000000
0.448338	0.000000
0.449321	-0.000000
0.450304	0.000000
0.451286	-0.000000
0.452269	-0.000000
0.453252	-0.000000
0.454235	-0.000000
0.455217	-0.000000
0.456200	0.000000
0.457183	0.000000
0.458166	0.000000
0.459149	-0.000000
0.460131	-0.000000
0.461114	0.000000
0.462097	0.000000
0.463080	-0.000000
0.464062	-0.000000
0.465045	0.000000
0.466028	0.000000
0.467011	0.000000
0.467994	0.000000
0.468976	-0.000000
0.469959	0.000000
0.470942	0.000000
0.471925	-0.000000
0.472907	-0.000000
0.473890	-0.000000
0.474873	-0.000000
0.475856	-0.000000
0.476839	0.000000
0.477821	-0.000000
0.478804	-0.000000
0.479787	0.000000
0.480770	0.000000
0.481752	0.000000
0.482735	0.000000
0.483718	-0.000000
0.484701	-0.000000
0.485684	-0.000000
0.486666	-0.000000
0.487649	-0.000000
0.488632	0.000000
0.489615	0.000000
0.490597	-0.000000
0.491580	0.000000
0.492563	-0.000000
0.493546	0.000000
0.494529	0.000000
0.495511	-0.000000
0.496494	0.000000
0.497477	-0.000000
0.498460	0.000000
0.499442	0.000000
0.500425	-0.000000
0.501408	0.000000
0.502391	0.000000
0.503374	-0.000000
0.504356	-0.000000
0.505339	-0.000000
0.506322	-0.000000
0.507305	0.000000
0.508287	0.000000
0.509270	-0.000000
0.510253	0.000000
0.511236	0.000000
0.512218	-0.000000
0.513201	-0.000000
0.514184	0.000000
0.515167	-0.000000
0.516150	-0.000000
0.517132	0.000000
0.518115	-0.000000
0.519098	-0.000000
0.520081	0.000000
0.521063	0.000000
0.522046	0.000000
0.523029	-0.000000
0.524012	-0.000000
0.524995	-0.000000
0.525977	-0.000000
0.526960	0.000000
0.527943	-0.000000
0.528926	-0.000000
0.529908	-0.000000
0.530891	-0.000000
0.531874	-0.000000
0.532857	0.000000
0.533840	0.000000
0.534822	-0.000000
0.535805	-0.000000
0.536788	0.000000
0.537771	0.000000
0.538753	-0.000000
0.539736	-0.000000
0.540719	-0.000000
0.541702	-0.000000
0.542685	-0.000000
0.543667	-0.000000
0.544650	-0.000000
0.545633	-0.000000
0.546616	-0.000000
0.547598	-0.000000
0.548581	0.000000
0.549564	0.000031
0.550547	0.000063
0.551530	0.000094
0.552512	0.000126
0.553495	0.000157
0.554478	0.000188
0.555461	0.000220
0.556443	0.000251
0.557426	0.000283
0.558409	0.000314
0.559392	0.000345
0.560374	0.000377
0.561357	0.000408
0.562340	0.000439
0.563323	0.000470
0.564306	0.000502
0.565288	0.000533
0.566271	0.000564
0.567254	0.000595
0.568237	0.000626
0.569219	0.000657
0.570202	0.000688
0.571185	0.000719
0.572168	0.000750
0.573151	0.000781
0.574133	0.000812
0.575116	0.000842
0.576099	0.000873
0.577082	0.000904
0.578064	0.000935
0.579047	0.000965
0.580030	0.000996
0.581013	0.001026
0.581996	0.001057
0.582978	0.001087
0.583961	0.001117
0.584944	0.001147
0.585927	0.001178
0.586909	0.001208
0.587892	0.001238
0.588875	0.001268
0.589858	0.001297
0.590841	0.001327
0.591823	0.001357
0.592806	0.001387
0.593789	0.001416
0.594772	0.001446
0.595754	0.001475
0.596737	0.001504
0.597720	0.001534
0.598703	0.001563
0.599686	0.001592
0.600668	0.001621
0.601651	0.001650
0.602634	0.001678
0.603617	0.001707
0.604599	0.001736
0.605582	0.001764
0.606565	0.001792
0.607548	0.001821
0.608530	0.001849
0.609513	0.001877
0.610496	0.001905
0.611479	0.001933
0.612462	0.001960
0.613444	0.001988
0.614427	0.002016
0.615410	0.002043
0.616393	0.002070
0.617375	0.002097
0.618358	0.002125
0.619341	0.002151
0.620324	0.002178
0.621307	0.002205
0.622289	0.002232
0.623272	0.002258
0.624255	0.002284
0.625238	0.002310
0.626220	0.002336
0.627203	0.002362
0.628186	0.002388
0.629169	0.002414
0.630152	0.002439
0.631134	0.002465
0.632117	0.002490
0.633100	0.002515
0.634083	0.002540
0.635065	0.002565
0.636048	0.002590
0.637031	0.002614
0.638014	0.002639
0.638997	0.002663
0.639979	0.002687
0.640962	0.002711
0.641945	0.002735
0.642928	0.002758
0.643910	0.002782
0.644893	0.002805
0.645876	0.002828
0.646859	0.002851
0.647842	0.002874
0.648824	0.002897
0.649807	0.002920
0.650790	0.002942
0.651773	0.002964
0.652755	0.002986
0.653738	0.003008
0.654721	0.003030
0.655704	0.003052
0.656686	0.003073
0.657669	0.003094
0.658652	0.003116
0.659635	0.003137
0.660618	0.003157
0.661600	0.003178
0.662583	0.003198
0.663566	0.003219
0.664549	0.003239
0.665531	0.003259
0.666514	0.003278
0.667497	0.003298
0.668480	0.003317
0.669463	0.003337
0.670445	0.003356
0.671428	0.003375
0.672411	0.003393
0.673394	0.003412
0.674376	0.003430
0.675359	0.003448
0.676342	0.003466
0.677325	0.003484
0.678308	0.003502
0.679290	0.003519
0.680273	0.003536
0.681256	0.003553
0.682239	0.003570
0.683221	0.003587
0.684204	0.003604
0.685187	0.003620
0.686170	0.003636
0.687153	0.003652
0.688135	0.003668
0.689118	0.003683
0.690101	0.003699
0.691084	0.003714
0.692066	0.003729
0.693049	0.003744
0.694032	0.003759
0.695015	0.003773
0.695998	0.003787
0.696980	0.003802
0.697963	0.003815
0.698946	0.003829
0.699929	0.003843
0.700911	0.003856
0.701894	0.003869
0.702877	0.003882
0.703860	0.003895
0.704842	0.003908
0.705825	0.003920
0.706808	0.003932
0.707791	0.003944
0.708774	0.003956
0.709756	0.003968
0.710739	0.003979
0.711722	0.003990
0.712705	0.004001
0.713687	0.004012
0.714670	0.004023
0.715653	0.004033
0.716636	0.004044
0.717619	0.004054
0.718601	0.004064
0.719584	0.004073
0.720567	0.004083
0.721550	0.004092
0.722532	0.004101
0.723515	0.004110
0.724498	0.004119
0.725481	0.004128
0.726464	0.004136
0.727446	0.004144
0.728429	0.004152
0.729412	0.004160
0.730395	0.004168
0.731377	0.004175
0.732360	0.004182
0.733343	0.004189
0.734326	0.004196
0.735309	0.004203
0.736291	0.004209
0.737274	0.004216
0.738257	0.004222
0.739240	0.004228
0.740222	0.004233
0.741205	0.004239
0.742188	0.004244
0.743171	0.004250
0.744154	0.004255
0.745136	0.004259
0.746119	0.004264
0.747102	0.004268
0.748085	0.004273
0.749067	0.004277
0.750050	0.004281
0.751033	0.004284
0.752016	0.004288
0.752999	0.004291
0.753981	0.004295
0.754964	0.004298
0.755947	0.004300
0.756930	0.004303
0.757912	0.004305
0.758895	0.004308
0.759878	0.004310
0.760861	0.004312
0.761843	0.004314
0.762826	0.004315
0.763809	0.004317
0.764792	0.004318
0.765775	0.004319
0.766757	0.004320
0.767740	0.004320
0.768723	0.004321
0.769706	0.004321
0.770688	0.004322
0.771671	0.004322
0.772654	0.004321
0.773637	0.004321
0.774620	0.004321
0.775602	0.004320
0.776585	0.004319
0.777568	0.004318
0.778551	0.004317
0.779533	0.004316
0.780516	0.004314
0.781499	0.004313
0.782482	0.004311
0.783465	0.004309
0.784447	0.004307
0.785430	0.004305
0.786413	0.004302
0.787396	0.004300
0.788378	0.004297
0.789361	0.004294
0.790344	0.004291
0.791327	0.004288
0.792310	0.004285
0.793292	0.004281
0.794275	0.004278
0.795258	0.004274
0.796241	0.004270
0.797223	0.004266
0.798206	0.004262
0.799189	0.004257
0.800172	0.004253
0.801155	0.004248
0.802137	0.004243
0.803120	0.004238
0.804103	0.004233
0.805086	0.004228
0.806068	0.004223
0.807051	0.004217
0.808034	0.004212
0.809017	0.004206
0.809999	0.004200
0.810982	0.004194
0.811965	0.004188
0.812948	0.004181
0.813931	0.004175
0.814913	0.004168
0.815896	0.004162
0.816879	0.004155
0.817862	0.004148
0.818844	0.004141
0.819827	0.004134
0.820810	0.004126
0.821793	0.004119
0.822776	0.004111
0.823758	0.004104
0.824741	0.004096
0.825724	0.004088
0.826707	0.004080
0.827689	0.004071
0.828672	0.004063
0.829655	0.004055
0.830638	0.004046
0.831621	0.004038
0.832603	0.004029
0.833586	0.004020
0.834569	0.004011
0.835552	0.004002
0.836534	0.003993
0.837517	0.003983
0.838500	0.003974
0.839483	0.003964
0.840466	0.003955
0.841448	0.003945
0.842431	0.003935
0.843414	0.003925
0.844397	0.003915
0.845379	0.003905
0.846362	0.003895
0.847345	0.003885
0.848328	0.003874
0.849311	0.003864
0.850293	0.003853
0.851276	0.003842
0.852259	0.003831
0.853242	0.003821
0.854224	0.003810
0.855207	0.003798
0.856190	0.003787
0.857173	0.003776
0.858155	0.003765
0.859138	0.003753
0.860121	0.003742
0.861104	0.003730
0.862087	0.003718
0.863069	0.003707
0.864052	0.003695
0.865035	0.003683
0.866018	0.003671
0.867000	0.003659
0.867983	0.003647
0.868966	0.003634
0.869949	0.003622
0.870932	0.003610
0.871914	0.003597
0.872897	0.003585
0.873880	0.003572
0.874863	0.003559
0.875845	0.003546
0.876828	0.003534
0.877811	0.003521
0.878794	0.003508
0.879777	0.003495
0.880759	0.003482
0.881742	0.003468
0.882725	0.003455
0.883708	0.003442
0.884690	0.003428
0.885673	0.003415
0.886656	0.003402
0.887639	0.003388
0.888622	0.003374
0.889604	0.003361
0.890587	0.003347
0.891570	0.003333
0.892553	0.003319
0.893535	0.003306
0.894518	0.003292
0.895501	0.003278
0.896484	0.003264
0.897467	0.003249
0.898449	0.003235
0.899432	0.003221
0.900415	0.003207
0.901398	0.003192
0.902380	0.003178
0.903363	0.003164
0.904346	0.003149
0.905329	0.003135
0.906311	0.003120
0.907294	0.003106
0.908277	0.003091
0.909260	0.003076
0.910243	0.003062
0.911225	0.003047
0.912208	0.003032
0.913191	0.003017
0.914174	0.003002
0.915156	0.002988
0.916139	0.002973
0.917122	0.002958
0.918105	0.002943
0.919088	0.002928
0.920070	0.002912
0.921053	0.002897
0.922036	0.002882
0.923019	0.002867
0.924001	0.002852
0.924984	0.002836
0.925967	0.002821
0.926950	0.002806
0.927933	0.002790
0.928915	0.002775
0.929898	0.002760
0.930881	0.002744
0.931864	0.002729
0.932846	0.002713
0.933829	0.002698
0.934812	0.002682
0.935795	0.002667
0.936778	0.002651
0.937760	0.002635
0.938743	0.002620
0.939726	0.002604
0.940709	0.002588
0.941691	0.002573
0.942674	0.002557
0.943657	0.002541
0.944640	0.002525
0.945623	0.002510
0.946605	0.002494
0.947588	0.002478
0.948571	0.002462
0.949554	0.002446
0.950536	0.002430
0.951519	0.002415
0.952502	0.002399
0.953485	0.002383
0.954467	0.002367
0.955450	0.002351
0.956433	0.002335
0.957416	0.002319
0.958399	0.002303
0.959381	0.002287
0.960364	0.002271
0.961347	0.002255
0.962330	0.002239
0.963312	0.002223
0.964295	0.002206
0.965278	0.002190
0.966261	0.002174
0.967244	0.002158
0.968226	0.002142
0.969209	0.002126
0.970192	0.002110
0.971175	0.002094
0.972157	0.002077
0.973140	0.002061
0.974123	0.002045
0.975106	0.002029
0.976089	0.002013
0.977071	0.001996
0.978054	0.001980
0.979037	0.001964
0.980020	0.001948
0.981002	0.001931
0.981985	0.001915
0.982968	0.001899
0.983951	0.001883
0.984934	0.001867
0.985916	0.001850
0.986899	0.001834
0.987882	0.001818
0.988865	0.001801
0.989847	0.001785
0.990830	0.001769
0.991813	0.001753
0.992796	0.001736
0.993779	0.001720
0.994761	0.001704
0.995744	0.001687
0.996727	0.001671
0.997710	0.001655
0.998692	0.001639
0.999675	0.001622
1.000658	0.001606
1.001641	0.001590
1.002624	0.001573
1.003606	0.001557
1.004589	0.001541
1.005572	0.001524
1.006555	0.001508
1.007537	0.001492
1.008520	0.001476
1.009503	0.001459
1.010486	0.001443
1.011468	0.001427
1.012451	0.001410
1.013434	0.001394
1.014417	0.001378
1.015400	0.001361
1.016382	0.001345
1.017365	0.001329
1.018348	0.001313
1.019331	0.001296
1.020313	0.001280
1.021296	0.001264
1.022279	0.001247
1.023262	0.001231
1.024245	0.001215
1.025227	0.001199
1.026210	0.001182
1.027193	0.001166
1.028176	0.001150
1.029158	0.001133
1.030141	0.001117
1.031124	0.001101
1.032107	0.001085
1.033090	0.001068
1.034072	0.001052
1.035055	0.001036
1.036038	0.001020
1.037021	0.001003
1.038003	0.000987
1.038986	0.000971
1.039969	0.000955
1.040952	0.000938
1.041935	0.000922
1.042917	0.000906
1.043900	0.000890
1.044883	0.000873
1.045866	0.000857
1.046848	0.000841
1.047831	0.000825
1.048814	0.000808
1.049797	0.000792
1.050780	0.000776
1.051762	0.000760
1.052745	0.000744
1.053728	0.000727
1.054711	0.000711
1.055693	0.000695
1.056676	0.000679
1.057659	0.000662
1.058642	0.000646
1.059624	0.000630
1.060607	0.000614
1.061590	0.000598
1.062573	0.000582
1.063556	0.000565
1.064538	0.000549
1.065521	0.000533
1.066504	0.000517
1.067487	0.000501
1.068469	0.000484
1.069452	0.000468
1.070435	0.000452
1.071418	0.000436
1.072401	0.000420
1.073383	0.000404
1.074366	0.000387
1.075349	0.000371
1.076332	0.000355
1.077314	0.000339
1.078297	0.000323
1.079280	0.000307
1.080263	0.000291
1.081246	0.000274
1.082228	0.000258
1.083211	0.000242
1.084194	0.000226
1.085177	0.000210
1.086159	0.000194
1.087142	0.000177
1.088125	0.000161
1.089108	0.000145
1.090091	0.000129
1.091073	0.000113
1.092056	0.000097
1.093039	0.000081
1.094022	0.000065
1.095004	0.000048
1.095987	0.000032
1.096970	0.000016
1.097945	0.000024
1.098920	0.000032
1.099894	0.000040
1.100869	0.000048
1.101844	0.000056
1.102819	0.000064
1.103794	0.000072
1.104768	0.000081
1.105743	0.000089
1.106718	0.000097
1.107693	0.000105
1.108667	0.000113
1.109642	0.000121
1.110617	0.000130
1.111592	0.000138
1.112567	0.000146
1.113541	0.000154
1.114516	0.000163
1.115491	0.000171
1.116466	0.000179
1.117441	0.000187
1.118415	0.000196
1.119390	0.000204
1.120365	0.000212
1.121340	0.000221
1.122315	0.000229
1.123289	0.000237
1.124264	0.000246
1.125239	0.000254
1.126214	0.000263
1.127189	0.000271
1.128163	0.000279
1.129138	0.000288
1.130113	0.000296
1.131088	0.000305
1.132062	0.000313
1.133037	0.000322
1.134012	0.000330
1.134987	0.000339
1.135962	0.000348
1.136936	0.000356
1.137911	0.000365
1.138886	0.000373
1.139861	0.000382
1.140836	0.000391
1.141810	0.000399
1.142785	0.000408
1.143760	0.000417
1.144735	0.000425
1.145710	0.000434
1.146684	0.000443
1.147659	0.000451
1.148634	0.000460
1.149609	0.000469
1.150584	0.000478
1.151558	0.000487
1.152533	0.000495
1.153508	0.000504
1.154483	0.000513
1.155457	0.000522
1.156432	0.000531
1.157407	0.000540
1.158382	0.000549
1.159357	0.000557
1.160331	0.000566
1.161306	0.000575
1.162281	0.000584
1.163256	0.000593
1.164231	0.000602
1.165205	0.000611
1.166180	0.000620
1.167155	0.000629
1.168130	0.000638
1.169105	0.000647
1.170079	0.000656
1.171054	0.000666
1.172029	0.000675
1.173004	0.000684
1.173979	0.000693
1.174953	0.000702
1.175928	0.000711
1.176903	0.000720
1.177878	0.000730
1.178852	0.000739
1.179827	0.000748
1.180802	0.000757
1.181777	0.000767
1.182752	0.000776
1.183726	0.000785
1.184701	0.000794
1.185676	0.000804
1.186651	0.000813
1.187626	0.000822
1.188600	0.000832
1.189575	0.000841
1.190550	0.000851
1.191525	0.000860
1.192500	0.000869
1.193474	0.000879
1.194449	0.000888
1.195424	0.000898
1.196399	0.000907
1.197374	0.000917
1.198348	0.000926
1.199323	0.000936
1.200298	0.000945
1.201273	0.000955
1.202247	0.000964
1.203222	0.000974
1.204197	0.000984
1.205172	0.000993
1.206147	0.001003
1.207121	0.001012
1.208096	0.001022
1.209071	0.001032
1.210046	0.001041
1.211021	0.001051
1.211995	0.001061
1.212970	0.001070
1.213945	0.001080
1.214920	0.001090
1.215895	0.001100
1.216869	0.001109
1.217844	0.001119
1.218819	0.001129
1.219794	0.001139
1.220769	0.001148
1.221743	0.001158
1.222718	0.001168
1.223693	0.001178
1.224668	0.001188
1.225643	0.001198
1.226617	0.001207
1.227592	0.001217
1.228567	0.001227
1.229542	0.001237
1.230516	0.001247
1.231491	0.001257
1.232466	0.001267
1.233441	0.001277
1.234416	0.001287
1.235390	0.001297
1.236365	0.001306
1.237340	0.001316
1.238315	0.001326
1.239290	0.001336
1.240264	0.001346
1.241239	0.001356
1.242214	0.001366
1.243189	0.001376
1.244164	0.001386
1.245138	0.001396
1.246113	0.001406
1.247088	0.001416
1.248063	0.001426
1.249038	0.001437
1.250012	0.001447
1.250987	0.001457
1.251962	0.001467
1.252937	0.001477
1.253911	0.001487
1.254886	0.001497
1.255861	0.001507
1.256836	0.001517
1.257811	0.001527
1.258785	0.001537
1.259760	0.001547
1.260735	0.001557
1.261710	0.001567
1.262685	0.001577
1.263659	0.001588
1.264634	0.001598
1.265609	0.001608
1.266584	0.001618
1.267559	0.001628
1.268533	0.001638
1.269508	0.001648
1.270483	0.001658
1.271458	0.001668
1.272433	0.001678
1.273407	0.001688
1.274382	0.001698
1.275357	0.001708
1.276332	0.001718
1.277306	0.001729
1.278281	0.001739
1.279256	0.001749
1.280231	0.001759
1.281206	0.001769
1.282180	0.001779
1.283155	0.001789
1.284130	0.001799
1.285105	0.001809
1.286080	0.001819
1.287054	0.001829
1.288029	0.001839
1.289004	0.001848
1.289979	0.001858
1.290954	0.001868
1.291928	0.001878
1.292903	0.001888
1.293878	0.001898
1.294853	0.001908
1.295828	0.001918
1.296802	0.001928
1.297777	0.001937
1.298752	0.001947
1.299727	0.001957
1.300701	0.001967
1.301676	0.001977
1.302651	0.001986
1.303626	0.001996
1.304601	0.002006
1.305575	0.002015
1.306550	0.002025
1.307525	0.002035
1.308500	0.002044
1.309475	0.002054
1.310449	0.002063
1.311424	0.002073
1.312399	0.002082
1.313374	0.002092
1.314349	0.002101
1.315323	0.002111
1.316298	0.002120
1.317273	0.002130
1.318248	0.002139
1.319223	0.002148
1.320197	0.002157
1.321172	0.002167
1.322147	0.002176
1.323122	0.002185
1.324096	0.002194
1.325071	0.002203
1.326046	0.002212
1.327021	0.002221
1.327996	0.002230
1.328970	0.002239
1.329945	0.002248
1.330920	0.002257
1.331895	0.002266
1.332870	0.002275
1.333844	0.002284
1.334819	0.002292
1.335794	0.002301
1.336769	0.002310
1.337744	0.002318
1.338718	0.002327
1.339693	0.002335
1.340668	0.002344
1.341643	0.002352
1.342618	0.002360
1.343592	0.002369
1.344567	0.002377
1.345542	0.002385
1.346517	0.002393
1.347492	0.002401
1.348466	0.002409
1.349441	0.002417
1.350416	0.002425
1.351391	0.002433
1.352365	0.002440
1.353340	0.002448
1.354315	0.002456
1.355290	0.002463
1.356265	0.002471
1.357239	0.002478
1.358214	0.002486
1.359189	0.002493
1.360164	0.002500
1.361139	0.002507
1.362113	0.002514
1.363088	0.002522
1.364063	0.002528
1.365038	0.002535
1.366013	0.002542
1.366987	0.002549
1.367962	0.002556
1.368937	0.002562
1.369912	0.002569
1.370887	0.002575
1.371861	0.002581
1.372836	0.002588
1.373811	0.002594
1.374786	0.002600
1.375760	0.002606
1.376735	0.002612
1.377710	0.002617
1.378685	0.002623
1.379660	0.002629
1.380634	0.002634
1.381609	0.002640
1.382584	0.002645
1.383559	0.002650
1.384534	0.002655
1.385508	0.002661
1.386483	0.002665
1.387458	0.002670
1.388433	0.002675
1.389408	0.002680
1.390382	0.002684
1.391357	0.002689
1.392332	0.002693
1.393307	0.002697
1.394282	0.002701
1.395256	0.002705
1.396231	0.002709
1.397206	0.002713
1.398181	0.002717
1.399155	0.002720
1.400130	0.002724
1.401105	0.002727
1.402080	0.002730
1.403055	0.002733
1.404029	0.002736
1.405004	0.002739
1.405979	0.002742
1.406954	0.002744
1.407929	0.002747
1.408903	0.002749
1.409878	0.002751
1.410853	0.002753
1.411828	0.002755
1.412803	0.002757
1.413777	0.002759
1.414752	0.002760
1.415727	0.002761
1.416702	0.002763
1.417677	0.002764
1.418651	0.002765
1.419626	0.002765
1.420601	0.002766
1.421576	0.002767
1.422550	0.002767
1.423525	0.002767
1.424500	0.002767
1.425475	0.002767
1.426450	0.002767
1.427424	0.002767
1.428399	0.002766
1.429374	0.002765
1.430349	0.002765
1.431324	0.002764
1.432298	0.002763
1.433273	0.002761
1.434248	0.002760
1.435223	0.002758
1.436198	0.002756
1.437172	0.002754
1.438147	0.002752
1.439122	0.002750
1.440097	0.002747
1.441072	0.002745
1.442046	0.002742
1.443021	0.002739
1.443996	0.002736
1.444971	0.002732
1.445946	0.002729
1.446920	0.002725
1.447895	0.002721
1.448870	0.002717
1.449845	0.002713
1.450819	0.002709
1.451794	0.002704
1.452769	0.002699
1.453744	0.002694
1.454719	0.002689
1.455693	0.002684
1.456668	0.002678
1.457643	0.002673
1.458618	0.002667
1.459593	0.002661
1.460567	0.002654
1.461542	0.002648
1.462517	0.002641
1.463492	0.002634
1.464467	0.002627
1.465441	0.002620
1.466416	0.002613
1.467391	0.002605
1.468366	0.002597
1.469341	0.002589
1.470315	0.002581
1.471290	0.002572
1.472265	0.002564
1.473240	0.002555
1.474214	0.002546
1.475189	0.002537
1.476164	0.002527
1.477139	0.002517
1.478114	0.002507
1.479088	0.002497
1.480063	0.002487
1.481038	0.002477
1.482013	0.002466
1.482988	0.002455
1.483962	0.002444
1.484937	0.002432
1.485912	0.002421
1.486887	0.002409
1.487862	0.002397
1.488836	0.002385
1.489811	0.002372
1.490786	0.002359
1.491761	0.002346
1.492736	0.002333
1.493710	0.002320
1.494685	0.002306
1.495660	0.002293
1.496635	0.002279
1.497609	0.002264
1.498584	0.002250
1.499559	0.002235
1.500534	0.002220
1.501509	0.002205
1.502483	0.002190
1.503458	0.002174
1.504433	0.002158
1.505408	0.002142
1.506383	0.002126
1.507357	0.002109
1.508332	0.002093
1.509307	0.002076
1.510282	0.002059
1.511257	0.002041
1.512231	0.002023
1.513206	0.002006
1.514181	0.001987
1.515156	0.001969
1.516131	0.001951
1.517105	0.001932
1.518080	0.001913
1.519055	0.001893
1.520030	0.001874
1.521004	0.001854
1.521979	0.001834
1.522954	0.001814
1.523929	0.001793
1.524904	0.001773
1.525878	0.001752
1.526853	0.001731
1.527828	0.001709
1.528803	0.001688
1.529778	0.001666
1.530752	0.001643
1.531727	0.001621
1.532702	0.001599
1.533677	0.001576
1.534652	0.001553
1.535626	0.001529
1.536601	0.001506
1.537576	0.001482
1.538551	0.001458
1.539526	0.001434
1.540500	0.001409
1.541475	0.001384
1.542450	0.001359
1.543425	0.001334
1.544399	0.001308
1.545374	0.001283
1.546349	0.001257
1.547324	0.001230
1.548299	0.001204
1.549273	0.001177
1.550248	0.001150
1.551223	0.001123
1.552198	0.001095
1.553173	0.001068
1.554147	0.001040
1.555122	0.001011
1.556097	0.000983
1.557072	0.000954
1.558047	0.000925
1.559021	0.000896
1.559996	0.000866
1.560971	0.000836
1.561946	0.000806
1.562921	0.000776
1.563895	0.000745
1.564870	0.000714
1.565845	0.000683
1.566820	0.000652
1.567795	0.000620
1.568769	0.000588
1.569744	0.000556
1.570719	0.000523
1.571694	0.000491
1.572668	0.000457
1.573643	0.000424
1.574618	0.000390
1.575593	0.000356
1.576568	0.000322
1.577542	0.000288
1.578517	0.000253
1.579492	0.000218
1.580467	0.000182
1.581442	0.000146
1.582416	0.000110
1.583391	0.000074
1.584366	0.000037
1.585349	0.000075
1.586332	0.000113
1.587314	0.000150
1.588297	0.000188
1.589280	0.000225
1.590263	0.000263
1.591245	0.000301
1.592228	0.000338
1.593211	0.000376
1.594194	0.000414
1.595176	0.000452
1.596159	0.000490
1.597142	0.000528
1.598125	0.000565
1.599108	0.000604
1.600090	0.000642
1.601073	0.000680
1.602056	0.000718
1.603039	0.000756
1.604021	0.000795
1.605004	0.000833
1.605987	0.000872
1.606970	0.000911
1.607953	0.000949
1.608935	0.000988
1.609918	0.001027
1.610901	0.001066
1.611884	0.001105
1.612866	0.001145
1.613849	0.001184
1.614832	0.001224
1.615815	0.001264
1.616798	0.001303
1.617780	0.001343
1.618763	0.001384
1.619746	0.001424
1.620729	0.001464
1.621711	0.001505
1.622694	0.001546
1.623677	0.001587
1.624660	0.001628
1.625643	0.001669
1.626625	0.001711
1.627608	0.001752
1.628591	0.001794
1.629574	0.001836
1.630556	0.001879
1.631539	0.001921
1.632522	0.001964
1.633505	0.002007
1.634488	0.002050
1.635470	0.002093
1.636453	0.002137
1.637436	0.002181
1.638419	0.002225
1.639401	0.002269
1.640384	0.002314
1.641367	0.002359
1.642350	0.002404
1.643333	0.002450
1.644315	0.002495
1.645298	0.002541
1.646281	0.002588
1.647264	0.002634
1.648246	0.002681
1.649229	0.002728
1.650212	0.002776
1.651195	0.002824
1.652177	0.002872
1.653160	0.002921
1.654143	0.002970
1.655126	0.003019
1.656109	0.003068
1.657091	0.003118
1.658074	0.003169
1.659057	0.003219
1.660040	0.003271
1.661022	0.003322
1.662005	0.003374
1.662988	0.003426
1.663971	0.003479
1.664954	0.003532
1.665936	0.003586
1.666919	0.003640
1.667902	0.003694
1.668885	0.003749
1.669867	0.003805
1.670850	0.003860
1.671833	0.003917
1.672816	0.003974
1.673799	0.004031
1.674781	0.004089
1.675764	0.004147
1.676747	0.004206
1.677730	0.004265
1.678712	0.004325
1.679695	0.004386
1.680678	0.004447
1.681661	0.004509
1.682644	0.004571
1.683626	0.004634
1.684609	0.004697
1.685592	0.004761
1.686575	0.004826
1.687557	0.004891
1.688540	0.004957
1.689523	0.005024
1.690506	0.005091
1.691489	0.005159
1.692471	0.005228
1.693454	0.005297
1.694437	0.005367
1.695420	0.005438
1.696402	0.005509
1.697385	0.005582
1.698368	0.005655
1.699351	0.005729
1.700333	0.005803
1.701316	0.005879
1.702299	0.005955
1.703282	0.006032
1.704265	0.006110
1.705247	0.006189
1.706230	0.006269
1.707213	0.006349
1.708196	0.006431
1.709178	0.006513
1.710161	0.006597
1.711144	0.006681
1.712127	0.006767
1.713110	0.006853
1.714092	0.006940
1.715075	0.007029
1.716058	0.007118
1.717041	0.007209
1.718023	0.007301
1.719006	0.007393
1.719989	0.007487
1.720972	0.007582
1.721955	0.007679
1.722937	0.007776
1.723920	0.007875
1.724903	0.007975
1.725886	0.008076
1.726868	0.008178
1.727851	0.008282
1.728834	0.008387
1.729817	0.008494
1.730800	0.008601
1.731782	0.008711
1.732765	0.008821
1.733748	0.008933
1.734731	0.009047
1.735713	0.009162
1.736696	0.009279
1.737679	0.009397
1.738662	0.009517
1.739645	0.009638
1.740627	0.009761
1.741610	0.009886
1.742593	0.010013
1.743576	0.010141
1.744558	0.010271
1.745541	0.010403
1.746524	0.010537
1.747507	0.010673
1.748489	0.010811
1.749472	0.010950
1.750455	0.011092
1.751438	0.011236
1.752421	0.011381
1.753403	0.011529
1.754386	0.011679
1.755369	0.011832
1.756352	0.011986
1.757334	0.012143
1.758317	0.012303
1.759300	0.012464
1.760283	0.012628
1.761266	0.012795
1.762248	0.012964
1.763231	0.013136
1.764214	0.013311
1.765197	0.013488
1.766179	0.013668
1.767162	0.013850
1.768145	0.014036
1.769128	0.014225
1.770111	0.014416
1.771093	0.014611
1.772076	0.014809
1.773059	0.015010
1.774042	0.015214
1.775024	0.015422
1.776007	0.015633
1.776990	0.015848
1.777973	0.016066
1.778956	0.016288
1.779938	0.016513
1.780921	0.016742
1.781904	0.016976
1.782887	0.017213
1.783869	0.017454
1.784852	0.017699
1.785835	0.017949
1.786818	0.018203
1.787801	0.018461
1.788783	0.018724
1.789766	0.018991
1.790749	0.019264
1.791732	0.019541
1.792714	0.019823
1.793697	0.020110
1.794680	0.020402
1.795663	0.020699
1.796645	0.021002
1.797628	0.021310
1.798611	0.021624
1.799594	0.021944
1.800577	0.022270
1.801559	0.022601
1.802542	0.022939
1.803525	0.023283
1.804508	0.023634
1.805490	0.023991
1.806473	0.024355
1.807456	0.024725
1.808439	0.025103
1.809422	0.025488
1.810404	0.025880
1.811387	0.026280
1.812370	0.026687
1.813353	0.027103
1.814335	0.027526
1.815318	0.027957
1.816301	0.028397
1.817284	0.028845
1.818267	0.029302
1.819249	0.029768
1.820232	0.030242
1.821215	0.030726
1.822198	0.031219
1.823180	0.031722
1.824163	0.032234
1.825146	0.032756
1.826129	0.033288
1.827112	0.033831
1.828094	0.034383
1.829077	0.034946
1.830060	0.035520
1.831043	0.036104
1.832025	0.036699
1.833008	0.037305
1.833991	0.037922
1.834974	0.038551
1.835957	0.039190
1.836939	0.039840
1.837922	0.040502
1.838905	0.041175
1.839888	0.041859
1.840870	0.042554
1.841853	0.043260
1.842836	0.043977
1.843819	0.044705
1.844801	0.045443
1.845784	0.046192
1.846767	0.046951
1.847750	0.047720
1.848733	0.048498
1.849715	0.049286
1.850698	0.050082
1.851681	0.050886
1.852664	0.051699
1.853646	0.052518
1.854629	0.053345
1.855612	0.054177
1.856595	0.055015
1.857578	0.055858
1.858560	0.056705
1.859543	0.057556
1.860526	0.058409
1.861509	0.059265
1.862491	0.060122
1.863474	0.060980
1.864457	0.061838
1.865440	0.062695
1.866423	0.063551
1.867405	0.064405
1.868388	0.065256
1.869371	0.066104
1.870354	0.066948
1.871336	0.067788
1.872319	0.068623
1.873302	0.069452
1.874285	0.070276
1.875268	0.071093
1.876250	0.071903
1.877233	0.072707
1.878216	0.073503
1.879199	0.074292
1.880181	0.075073
1.881164	0.075846
1.882147	0.076610
1.883130	0.077366
1.884113	0.078114
1.885095	0.078853
1.886078	0.079583
1.887061	0.080305
1.888044	0.081017
1.889026	0.081720
1.890009	0.082414
1.890992	0.083099
1.891975	0.083776
1.892958	0.084443
1.893940	0.085102
1.894923	0.085752
1.895906	0.086393
1.896889	0.087024
1.897871	0.087645
1.898854	0.088256
1.899837	0.088859
1.900820	0.089452
1.901802	0.090037
1.902785	0.090615
1.903768	0.091185
1.904751	0.091749
1.905734	0.092304
1.906716	0.092851
1.907699	0.093388
1.908682	0.093915
1.909665	0.094431
1.910647	0.094938
1.911630	0.095435
1.912613	0.095924
1.913596	0.096404
1.914579	0.096876
1.915561	0.097342
1.916544	0.097802
1.917527	0.098257
1.918510	0.098707
1.919492	0.099150
1.920475	0.099587
1.921458	0.100014
1.922441	0.100431
1.923424	0.100838
1.924406	0.101235
1.925389	0.101622
1.926372	0.101999
1.927355	0.102367
1.928337	0.102725
1.929320	0.103076
1.930303	0.103418
1.931286	0.103752
1.932269	0.104078
1.933251	0.104397
1.934234	0.104709
1.935217	0.105015
1.936200	0.105316
1.937182	0.105612
1.938165	0.105904
1.939148	0.106193
1.940131	0.106481
1.941114	0.106765
1.942096	0.107042
1.943079	0.107309
1.944062	0.107566
1.945045	0.107812
1.946027	0.108048
1.947010	0.108275
1.947993	0.108492
1.948976	0.108699
1.949958	0.108899
1.950941	0.109089
1.951924	0.109272
1.952907	0.109446
1.953890	0.109613
1.954872	0.109771
1.955855	0.109922
1.956838	0.110066
1.957821	0.110202
1.958803	0.110330
1.959786	0.110451
1.960769	0.110565
1.961752	0.110672
1.962735	0.110772
1.963717	0.110864
1.964700	0.110950
1.965683	0.111029
1.966666	0.111101
1.967648	0.111167
1.968631	0.111227
1.969614	0.111281
1.970597	0.111330
1.971580	0.111375
1.972562	0.111417
1.973545	0.111459
1.974528	0.111501
1.975511	0.111544
1.976493	0.111578
1.977476	0.111601
1.978459	0.111612
1.979442	0.111611
1.980425	0.111600
1.981407	0.111579
1.982390	0.111548
1.983373	0.111508
1.984356	0.111460
1.985338	0.111404
1.986321	0.111339
1.987304	0.111266
1.988287	0.111185
1.989270	0.111096
1.990252	0.111000
1.991235	0.110895
1.992218	0.110783
1.993201	0.110664
1.994183	0.110536
1.995166	0.110401
1.996149	0.110258
1.997132	0.110108
1.998114	0.109949
1.999097	0.109784
2.000080	0.109610
2.001063	0.109429
2.002046	0.109240
2.003028	0.109044
2.004011	0.108840
2.004994	0.108628
2.005977	0.108409
2.006959	0.108181
2.007942	0.107946
2.008925	0.107704
2.009908	0.107453
2.010891	0.107195
2.011873	0.106929
2.012856	0.106655
2.013839	0.106373
2.014822	0.106084
2.015804	0.105786
2.016787	0.105481
2.017770	0.105167
2.018753	0.104846
2.019736	0.104516
2.020718	0.104179
2.021701	0.103833
2.022684	0.103479
2.023667	0.103118
2.024649	0.102748
2.025632	0.102370
2.026615	0.101983
2.027598	0.101589
2.028581	0.101186
2.029563	0.100776
2.030546	0.100357
2.031529	0.099929
2.032512	0.099494
2.033494	0.099051
2.034477	0.098601
2.035460	0.098143
2.036443	0.097679
2.037426	0.097211
2.038408	0.096740
2.039391	0.096273
2.040374	0.095813
2.041357	0.095335
2.042339	0.094839
2.043322	0.094326
2.044305	0.093800
2.045288	0.093261
2.046270	0.092710
2.047253	0.092148
2.048236	0.091576
2.049219	0.090992
2.050202	0.090399
2.051184	0.089794
2.052167	0.089180
2.053150	0.088555
2.054133	0.087919
2.055115	0.087273
2.056098	0.086617
2.057081	0.085950
2.058064	0.085272
2.059047	0.084584
2.060029	0.083885
2.061012	0.083176
2.061995	0.082455
2.062978	0.081723
2.063960	0.080981
2.064943	0.080227
2.065926	0.079462
2.066909	0.078685
2.067892	0.077897
2.068874	0.077097
2.069857	0.076286
2.070840	0.075463
2.071823	0.074628
2.072805	0.073780
2.073788	0.072921
2.074771	0.072049
2.075754	0.071164
2.076737	0.070267
2.077719	0.069356
2.078702	0.068433
2.079685	0.067496
2.080668	0.066546
2.081650	0.065582
2.082633	0.064605
2.083616	0.063613
2.084599	0.062607
2.085582	0.061586
2.086564	0.060550
2.087547	0.059499
2.088530	0.058432
2.089513	0.057349
2.090495	0.056250
2.091478	0.055133
2.092461	0.053999
2.093444	0.052846
2.094426	0.051672
2.095409	0.050477
2.096392	0.049257
2.097375	0.048010
2.098358	0.046737
2.099340	0.045461
2.100323	0.044178
2.101306	0.042881
2.102289	0.041566
2.103271	0.040232
2.104254	0.038876
2.105237	0.037495
2.106220	0.036087
2.107203	0.034653
2.108185	0.033195
2.109168	0.031725
2.110151	0.030246
2.111134	0.028764
2.112116	0.027285
2.113099	0.025815
2.114082	0.024362
2.115065	0.022928
2.116048	0.021515
2.117030	0.020126
2.118013	0.018758
2.118996	0.017412
2.119979	0.016086
2.120961	0.014779
2.121944	0.013489
2.122927	0.012215
2.123910	0.010955
2.124893	0.009707
2.125875	0.008470
2.126858	0.007243
2.127841	0.006023
2.128824	0.004811
2.129806	0.003604
2.130789	0.002400
2.131772	0.001199
2.132755	0.000000
2.133738	0.000000
2.134720	0.000000
2.135703	0.000000
2.136686	0.000000
2.137669	0.000000
2.138651	0.000000
2.139634	0.000000
2.140617	0.000000
2.141600	0.000000
2.142583	0.000000
2.143565	0.000000
2.144548	0.000000
2.145531	0.000000
2.146514	0.000000
2.147496	0.000000
2.148479	0.000000
2.149462	0.000000
2.150445	0.000000
2.151427	0.000000
2.152410	0.000000
2.153393	0.000000
2.154376	0.000000
2.155359	0.000000
2.156341	0.000000
2.157324	0.000000
2.158307	0.000000
2.159290	0.000000
2.160272	0.000000
2.161255	0.000000
2.162238	0.000000
2.163221	0.000000
2.164204	0.000000
2.165186	0.000000
2.166169	0.000000
2.167152	0.000000
2.168135	0.000000
2.169117	0.000000
2.170100	0.000000
2.171083	0.000000
2.172066	0.000000
2.173049	0.000000
2.174031	0.000000
2.175014	0.000000
2.175997	0.000000
2.176980	0.000000
2.177962	0.000000
2.178945	0.000000
2.179928	0.000000
2.180911	0.000000
2.181894	0.000000
2.182876	0.000000
2.183859	0.000000
2.184842	0.000000
2.185825	0.000000
2.186807	0.000000
2.187790	0.000000
2.188773	0.000000
2.189756	0.000000
2.190739	0.000000
2.191721	0.000000
2.192704	0.000000
2.193687	0.000000
2.194670	0.000000
2.195652	0.000000
2.196635	0.000000
2.197618	0.000000
2.198601	0.000000
2.199583	0.000000
2.200566	0.000000
2.201549	0.000000
2.202532	0.000000
2.203515	0.000000
2.204497	0.000000
2.205480	0.000000
2.206463	0.000000
2.207446	0.000000
2.208428	0.000000
2.209411	0.000000
2.210394	0.000000
2.211377	0.000000
2.212360	0.000000
2.213342	0.000000
2.214325	0.000000
2.215308	0.000000
2.216291	0.000000
2.217273	0.000000
2.218256	0.000000
2.219239	0.000000
2.220222	0.000000
2.221205	0.000000
2.222187	0.000000
2.223170	0.000000
2.224153	0.000000
2.225136	0.000000
2.226118	0.000000
2.227101	0.000000
2.228084	0.000000
2.229067	0.000000
2.230050	0.000000
2.231032	0.000000
2.232015	0.000000
2.232998	0.000000
2.233981	0.000000
2.234963	0.000000
2.235946	0.000000
2.236929	0.000000
2.237912	0.000000
2.238895	0.000000
2.239877	0.000000
2.240860	0.000000
2.241843	0.000000
2.242826	0.000000
2.243808	0.000000
2.244791	0.000000
2.245774	0.000000
2.246757	0.000000
2.247739	0.000000
2.248722	0.000000
2.249705	0.000000
2.250688	0.000000
2.251671	0.000000
2.252653	0.000000
2.253636	0.000000
2.254619	0.000000
2.255602	0.000000
2.256584	0.000000
2.257567	0.000000
2.258550	0.000000
2.259533	0.000000
2.260516	0.000000
2.261498	0.000000
2.262481	0.000000
2.263464	0.000000
2.264447	0.000000
2.265429	0.000000
2.266412	0.000000
2.267395	0.000000
2.268378	0.000000
2.269361	0.000000
2.270343	0.000000
2.271326	0.000000
2.272309	0.000000
2.273292	0.000000
2.274274	0.000000
2.275257	0.000000
2.276240	0.000000
2.277223	0.000000
2.278206	0.000000
2.279188	0.000000
2.280171	0.000000
2.281154	0.000000
2.282137	0.000000
2.283119	0.000000
2.284102	0.000000
2.285085	0.000000
2.286068	0.000000
2.287051	0.000000
2.288033	0.000000
2.289016	0.000000
2.289999	0.000000
2.290982	0.000000
2.291964	0.000000
2.292947	0.000000
2.293930	0.000000
2.294913	0.000000
2.295895	0.000000
2.296878	0.000000
2.297861	0.000000
2.298844	0.000000
2.299827	0.000000
2.300809	-0.000000
2.301792	-0.000000
2.302775	0.000000
2.303758	0.000000
2.304740	0.000000
2.305723	0.000000
2.306706	-0.000000
2.307689	0.000000
2.308672	-0.000000
2.309654	0.000000
2.310637	-0.000000
2.311620	0.000000
2.312603	-0.000000
2.313585	0.000000
2.314568	0.000000
2.315551	0.000000
2.316534	0.000000
2.317517	-0.000000
2.318499	-0.000000
2.319482	0.000000
2.320465	0.000000
2.321448	0.000000
2.322430	0.000000
2.323413	0.000000
2.324396	0.000000
2.325379	0.000000
2.326362	0.000000
2.327344	0.000000
2.328327	-0.000000
2.329310	0.000000
2.330293	0.000000
2.331275	-0.000000
2.332258	-0.000000
2.333241	0.000000
2.334224	-0.000000
2.335207	-0.000000
2.336189	-0.000000
2.337172	-0.000000
2.338155	0.000000
2.339138	0.000000
2.340120	-0.000000
2.341103	0.000000
2.342086	-0.000000
2.343069	0.000000
2.344051	0.000000
2.345034	0.000000
2.346017	-0.000000
2.347000	0.000000
2.347983	0.000000
2.348965	0.000000
2.349948	0.000000
2.350931	-0.000000
2.351914	-0.000000
2.352896	-0.000000
2.353879	0.000000
2.354862	-0.000000
2.355845	0.000000
2.356828	-0.000000
2.357810	-0.000000
2.358793	0.000000
2.359776	0.000000
2.360759	-0.000000
2.361741	-0.000000
2.362724	-0.000000
2.363707	-0.000000
2.364690	-0.000000
2.365673	0.000000
2.366655	-0.000000
2.367638	0.000000
2.368621	0.000000
2.369604	-0.000000
2.370586	0.000000
2.371569	0.000000
2.372552	0.000000
2.373535	-0.000000
2.374518	0.000000
2.375500	0.000000
2.376483	-0.000000
2.377466	0.000000
2.378449	-0.000000
2.379431	-0.000000
2.380414	-0.000000
2.381397	0.000000
2.382380	0.000000
2.383363	0.000000
2.384345	-0.000000
2.385328	-0.000000
2.386311	0.000000
2.387294	0.000000
2.388276	0.000000
2.389259	0.000000
2.390242	-0.000000
2.391225	0.000000
2.392208	-0.000000
2.393190	-0.000000
2.394173	-0.000000
2.395156	0.000000
2.396139	0.000000
2.397121	0.000000
2.398104	0.000000
2.399087	-0.000000
2.400070	0.000000
2.401052	-0.000000
2.402035	-0.000000
2.403018	-0.000000
2.404001	-0.000000
2.404984	-0.000000
2.405966	0.000000
2.406949	0.000000
2.407932	0.000000
2.408915	-0.000000
2.409897	0.000000
2.410880	-0.000000
2.411863	-0.000000
2.412846	0.000000
2.413829	0.000000
2.414811	0.000000
2.415794	0.000000
2.416777	-0.000000
2.417760	-0.000000
2.418742	-0.000000
2.419725	0.000000
2.420708	0.000000
2.421691	0.000000
2.422674	0.000000
2.423656	0.000000
2.424639	0.000000
2.425622	0.000000
2.426605	0.000000
2.427587	0.000000
2.428570	-0.000000
2.429553	-0.000000
2.430536	-0.000000
2.431519	-0.000000
2.432501	0.000000
2.433484	-0.000000
2.434467	-0.000000
2.435450	0.000000
2.436432	-0.000000
2.437415	0.000000
2.438398	-0.000000
2.439381	0.000000
2.440364	0.000000
2.441346	-0.000000
2.442329	0.000000
2.443312	0.000000
2.444295	0.000000
2.445277	0.000000
2.446260	0.000000
2.447243	0.000000
2.448226	0.000000
2.449208	0.000000
2.450191	0.000000
2.451174	0.000000
2.452157	0.000000
2.453140	0.000000
2.454122	0.000000
2.455105	0.000000
2.456088	0.000000
2.457071	0.000000
2.458053	0.000000
2.459036	0.000000
2.460019	0.000000
2.461002	0.000000
2.461985	0.000000
2.462967	-0.000000
2.463950	-0.000000
2.464933	0.000000
2.465916	0.000000
2.466898	0.000000
2.467881	0.000000
2.468864	0.000000
2.469847	0.000000
2.470830	-0.000000
2.471812	0.000000
2.472795	0.000000
2.473778	-0.000000
2.474761	0.000000
2.475743	0.000000
2.476726	-0.000000
2.477709	-0.000000
2.478692	-0.000000
2.479675	-0.000000
2.480657	0.000000
2.481640	0.000000
2.482623	-0.000000
2.483606	-0.000000
2.484588	-0.000000
2.485571	0.000000
2.486554	-0.000000
2.487537	0.000000
2.488520	0.000000
2.489502	0.000000
2.490485	0.000000
2.491468	-0.000000
2.492451	0.000000
2.493433	0.000000
2.494416	-0.000000
2.495399	0.000000
2.496382	0.000000
2.497364	0.000000
2.498347	-0.000000
2.499330	0.000000
2.500313	-0.000000
2.501296	-0.000000
2.502278	0.000000
2.503261	-0.000000
2.504244	0.000000
2.505227	-0.000000
2.506209	0.000000
2.507192	0.000000
2.508175	0.000000
2.509158	-0.000000
2.510141	-0.000000
2.511123	0.000000
2.512106	0.000000
2.513089	-0.000000
2.514072	-0.000000
2.515054	0.000000
2.516037	-0.000000
2.517020	0.000000
2.518003	0.000000
2.518986	-0.000000
2.519968	0.000000
2.520951	-0.000000
2.521934	0.000000
2.522917	-0.000000
2.523899	-0.000000
2.524882	0.000000
2.525865	0.000000
2.526848	-0.000000
2.527831	-0.000000
2.528813	0.000000
2.529796	0.000000
2.530779	0.000000
2.531762	-0.000000
2.532744	0.000000
2.533727	0.000000
2.534710	-0.000000
2.535693	-0.000000
2.536676	-0.000000
2.537658	-0.000000
2.538641	0.000000
2.539624	0.000000
2.540607	0.000000
2.541589	0.000000
2.542572	0.000000
2.543555	-0.000000
2.544538	0.000000
2.545520	0.000000
2.546503	0.000000
2.547486	-0.000000
2.548469	0.000000
2.549452	0.000000
2.550434	-0.000000
2.551417	-0.000000
2.552400	0.000000
2.553383	0.000000
2.554365	0.000000
2.555348	0.000000
2.556331	0.000000
2.557314	0.000000
2.558297	0.000000
2.559279	0.000000
2.560262	-0.000000
2.561245	0.000000
2.562228	0.000000
2.563210	-0.000000
2.564193	-0.000000
2.565176	-0.000000
2.566159	-0.000000
2.567142	-0.000000
2.568124	0.000000
2.569107	0.000000
2.570090	-0.000000
2.571073	0.000000
2.572055	0.000000
2.573038	-0.000000
2.574021	-0.000000
2.575004	-0.000000
2.575987	0.000000
2.576969	0.000000
2.577952	0.000000
2.578935	-0.000000
2.579918	-0.000000
2.580900	0.000000
2.581883	-0.000000
2.582866	-0.000000
2.583849	0.000000
2.584832	-0.000000
2.585814	-0.000000
2.586797	0.000000
2.587780	0.000000
2.588763	0.000000
2.589745	-0.000000
2.590728	-0.000000
2.591711	-0.000000
2.592694	0.000000
2.593676	0.000000
2.594659	-0.000000
2.595642	0.000000
2.596625	0.000000
2.597608	-0.000000
2.598590	-0.000000
2.599573	-0.000000
2.600556	-0.000000
2.601539	-0.000000
2.602521	0.000000
2.603504	0.000000
2.604487	-0.000000
2.605470	0.000000
2.606453	0.000000
2.607435	0.000000
2.608418	0.000000
2.609401	0.000000
2.610384	0.000000
2.611366	0.000000
2.612349	0.000000
2.613332	-0.000000
2.614315	-0.000000
2.615298	0.000000
2.616280	0.000000
2.617263	-0.000000
2.618246	0.000000
2.619229	0.000000
2.620211	0.000000
2.621194	-0.000000
2.622177	0.000000
2.623160	0.000000
2.624143	0.000000
2.625125	0.000000
2.626108	0.000000
2.627091	-0.000000
2.628074	-0.000000
2.629056	-0.000000
2.630039	-0.000000
2.631022	0.000000
2.632005	0.000000
2.632988	-0.000000
2.633970	0.000000
2.634953	0.000000
2.635936	0.000000
2.636919	-0.000000
2.637901	-0.000000
2.638884	0.000000
2.639867	0.000000
2.640850	-0.000000
2.641833	-0.000000
2.642815	0.000000
2.643798	-0.000000
2.644781	0.000000
2.645764	-0.000000
2.646746	0.000000
2.647729	0.000000
2.648712	-0.000000
2.649695	0.000000
2.650677	-0.000000
2.651660	-0.000000
2.652643	0.000000
2.653626	0.000000
2.654609	-0.000000
2.655591	-0.000000
2.656574	0.000000
2.657557	0.000000
2.658540	0.000000
2.659522	-0.000000
2.660505	0.000000
2.661488	-0.000000
2.662471	0.000000
2.663454	-0.000000
2.664436	-0.000000
2.665419	0.000000
2.666402	-0.000000
2.667385	0.000000
2.668367	0.000000
2.669350	0.000000
2.670333	-0.000000
2.671316	0.000000
2.672299	0.000000
2.673281	-0.000000
2.674264	0.000000
2.675247	0.000000
2.676230	0.000000
2.677212	0.000000
2.678195	-0.000000
2.679178	0.000000
2.680161	-0.000000
2.681144	-0.000000
2.682126	-0.000000
2.683109	0.000000
2.684092	0.000000
2.685075	-0.000000
2.686057	-0.000000
2.687040	-0.000000
2.688023	-0.000000
2.689006	0.000000
2.689989	0.000000
2.690971	-0.000000
2.691954	0.000000
2.692937	0.000000
2.693920	-0.000000
2.694902	0.000000
2.695885	0.000000
2.696868	0.000000
2.697851	0.000000
2.698833	0.000000
2.699816	0.000000
2.700799	-0.000000
2.701782	-0.000000
2.702765	0.000000
2.703747	0.000000
2.704730	0.000000
2.705713	0.000000
2.706696	0.000000
2.707678	0.000000
2.708661	0.000000
2.709644	0.000000
2.710627	0.000000
2.711610	0.000000
2.712592	0.000000
2.713575	0.000000
2.714558	0.000000
2.715541	0.000000
2.716523	0.000000
2.717506	0.000000
2.718489	0.000000
2.719472	0.000000
2.720455	0.000000
2.721437	0.000000
2.722420	0.000000
2.723403	-0.000000
2.724386	0.000000
2.725368	0.000000
2.726351	-0.000000
2.727334	0.000000
2.728317	-0.000000
2.729300	0.000000
2.730282	-0.000000
2.731265	-0.000000
2.732248	0.000000
2.733231	-0.000000
2.734213	-0.000000
2.735196	-0.000000
2.736179	-0.000000
2.737162	0.000000
2.738145	0.000000
2.739127	0.000000
2.740110	0.000000
2.741093	0.000000
2.742076	0.000000
2.743058	0.000000
2.744041	0.000000
2.745024	0.000000
2.746007	-0.000000
2.746989	-0.000000
2.747972	-0.000000
2.748955	0.000000
2.749938	0.000000
2.750921	0.000000
2.751903	0.000000
2.752886	-0.000000
2.753869	-0.000000
2.754852	0.000000
2.755834	-0.000000
2.756817	0.000000
2.757800	0.000000
2.758783	0.000000
2.759766	-0.000000
2.760748	-0.000000
2.761731	-0.000000
2.762714	-0.000000
2.763697	-0.000000
2.764679	0.000000
2.765662	-0.000000
2.766645	0.000000
2.767628	0.000000
2.768611	0.000000
2.769593	0.000000
2.770576	-0.000000
2.771559	-0.000000
2.772542	-0.000000
2.773524	0.000000
2.774507	-0.000000
2.775490	0.000000
2.776473	0.000000
2.777456	0.000000
2.778438	0.000000
2.779421	-0.000000
2.780404	-0.000000
2.781387	0.000000
2.782369	0.000000
2.783352	0.000000
2.784335	-0.000000
2.785318	-0.000000
2.786301	-0.000000
2.787283	0.000000
2.788266	-0.000000
2.789249	0.000000
2.790232	0.000000
2.791214	-0.000000
2.792197	0.000000
2.793180	0.000000
2.794163	0.000000
2.795145	-0.000000
2.796128	0.000000
2.797111	0.000000
2.798094	-0.000000
2.799077	0.000000
2.800059	-0.000000
2.801042	-0.000000
2.802025	-0.000000
2.803008	-0.000000
2.803990	-0.000000
2.804973	0.000000
2.805956	0.000000
2.806939	-0.000000
2.807922	-0.000000
2.808904	0.000000
2.809887	-0.000000
2.810870	0.000000
2.811853	-0.000000
2.812835	-0.000000
2.813818	-0.000000
2.814801	0.000000
2.815784	0.000000
2.816767	0.000000
2.817749	0.000000
2.818732	-0.000000
2.819715	0.000000
2.820698	0.000000
2.821680	0.000000
2.822663	-0.000000
2.823646	0.000000
2.824629	-0.000000
2.825612	0.000000
2.826594	0.000000
2.827577	-0.000000
2.828560	-0.000000
2.829543	-0.000000
2.830525	-0.000000
2.831508	0.000000
2.832491	-0.000000
2.833474	-0.000000
2.834457	0.000000
2.835439	0.000000
2.836422	-0.000000
2.837405	0.000000
2.838388	0.000000
2.839370	0.000000
2.840353	0.000000
2.841336	0.000000
2.842319	0.000000
2.843301	0.000000
2.844284	0.000000
2.845267	0.000000
2.846250	-0.000000
2.847233	-0.000000
2.848215	0.000000
2.849198	0.000000
2.850181	0.000000
2.851164	0.000000
2.852146	-0.000000
2.853129	0.000000
2.854112	-0.000000
2.855095	0.000000
2.856078	-0.000000
2.857060	0.000000
2.858043	-0.000000
2.859026	0.000000
2.860009	0.000000
2.860991	0.000000
2.861974	0.000000
2.862957	-0.000000
2.863940	-0.000000
2.864923	0.000000
2.865905	0.000000
2.866888	0.000000
2.867871	0.000000
2.868854	0.000000
2.869836	0.000000
2.870819	0.000000
2.871802	0.000000
2.872785	0.000000
2.873768	0.000000
2.874750	0.000000
2.875733	0.000000
2.876716	0.000000
2.877699	0.000000
2.878681	0.000000
2.879664	0.000000
2.880647	0.000000
2.881630	0.000000
2.882613	0.000000
2.883595	0.000000
2.884578	0.000000
2.885561	0.000000
2.886544	0.000000
2.887526	0.000000
2.888509	0.000000
2.889492	0.000000
2.890475	0.000000
2.891458	0.000000
2.892440	0.000000
2.893423	0.000000
2.894406	0.000000
2.895389	0.000000
2.896371	0.000000
2.897354	0.000000
2.898337	0.000000
2.899320	0.000000
2.900302	0.000000
2.901285	0.000000
2.902268	0.000000
2.903251	0.000000
2.904234	0.000000
2.905216	0.000000
2.906199	0.000000
2.907182	0.000000
2.908165	0.000000
2.909147	0.000000
2.910130	0.000000
2.911113	0.000000
2.912096	0.000000
2.913079	0.000000
2.914061	0.000000
2.915044	0.000000
2.916027	0.000000
2.917010	0.000000
2.917992	0.000000
2.918975	0.000000
2.919958	0.000000
2.920941	0.000000
2.921924	0.000000
2.922906	0.000000
2.923889	0.000000
2.924872	0.000000
2.925855	0.000000
2.926837	0.000000
2.927820	0.000000
2.928803	0.000000
2.929786	0.000000
2.930769	0.000000
2.931751	0.000000
2.932734	0.000000
2.933717	0.000000
2.934700	0.000000
2.935682	0.000000
2.936665	0.000000
2.937648	0.000000
2.938631	0.000000
2.939614	0.000000
2.940596	0.000000
2.941579	0.000000
2.942562	0.000000
2.943545	0.000000
2.944527	0.000000
2.945510	0.000000
2.946493	0.000000
2.947476	0.000000
2.948458	0.000000
2.949441	0.000000
2.950424	0.000000
2.951407	0.000000
2.952390	0.000000
2.953372	0.000000
2.954355	0.000000
2.955338	0.000000
2.956321	0.000000
2.957303	0.000000
2.958286	0.000000
2.959269	0.000000
2.960252	0.000000
2.961235	0.000000
2.962217	0.000000
2.963200	0.000000
2.964183	0.000000
2.965166	0.000000
2.966148	0.000000
2.967131	0.000000
2.968114	0.000000
2.969097	0.000000
2.970080	0.000000
2.971062	0.000000
2.972045	0.000000
2.973028	0.000000
2.974011	0.000000
2.974993	0.000000
2.975976	0.000000
2.976959	0.000000
2.977942	0.000000
2.978925	0.000000
2.979907	0.000000
2.980890	0.000000
2.981873	0.000000
2.982856	0.000000
2.983838	0.000000
2.984821	0.000000
2.985804	0.000000
2.986787	0.000000
2.987770	0.000000
2.988752	0.000000
2.989735	0.000000
2.990718	0.000000
2.991701	0.000000
2.992683	0.000000
2.993666	0.000000
2.994649	0.000000
2.995632	0.000000
2.996614	0.000000
2.997597	0.000000
2.998580	0.000000
2.999563	0.000000
3.000546	0.000000
3.001528	0.000000
3.002511	0.000000
3.003494	0.000000
3.004477	0.000000
3.005459	0.000000
3.006442	0.000000
3.007425	0.000000
3.008408	0.000000
3.009391	0.000000
3.010373	0.000000
3.011356	0.000000
3.012339	0.000000
3.013322	0.000000
3.014304	0.000000
3.015287	0.000000
3.016270	0.000000
3.017253	0.000000
3.018236	0.000000
3.019218	0.000000
3.020201	0.000000
3.021184	0.000000
3.022167	0.000000
3.023149	0.000000
3.024132	0.000000
3.025115	0.000000
3.026098	0.000000
3.027081	0.000000
3.028063	0.000000
3.029046	0.000000
3.030029	0.000000
3.031012	0.000000
3.031994	0.000000
3.032977	0.001199
3.033960	0.002400
3.034943	0.003604
3.035926	0.004811
3.036908	0.006023
3.037891	0.007243
3.038874	0.008470
3.039857	0.009707
3.040839	0.010955
3.041822	0.012215
3.042805	0.013489
3.043788	0.014779
3.044770	0.016086
3.045753	0.017412
3.046736	0.018758
3.047719	0.020126
3.048702	0.021515
3.049684	0.022928
3.050667	0.024362
3.051650	0.025815
3.052633	0.027285
3.053615	0.028764
3.054598	0.030246
3.055581	0.031725
3.056564	0.033195
3.057547	0.034653
3.058529	0.036087
3.059512	0.037495
3.060495	0.038876
3.061478	0.040232
3.062460	0.041566
3.063443	0.042881
3.064426	0.044178
3.065409	0.045461
3.066392	0.046737
3.067374	0.048010
3.068357	0.049257
3.069340	0.050477
3.070323	0.051672
3.071305	0.052846
3.072288	0.053999
3.073271	0.055133
3.074254	0.056250
3.075237	0.057349
3.076219	0.058432
3.077202	0.059499
3.078185	0.060550
3.079168	0.061586
3.080150	0.062607
3.081133	0.063613
3.082116	0.064605
3.083099	0.065582
3.084082	0.066546
3.085064	0.067496
3.086047	0.068433
3.087030	0.069356
3.088013	0.070267
3.088995	0.071164
3.089978	0.072049
3.090961	0.072921
3.091944	0.073780
3.092926	0.074628
3.093909	0.075463
3.094892	0.076286
3.095875	0.077097
3.096858	0.077897
3.097840	0.078685
3.098823	0.079462
3.099806	0.080227
3.100789	0.080981
3.101771	0.081723
3.102754	0.082455
3.103737	0.083176
3.104720	0.083885
3.105703	0.084584
3.106685	0.085272
3.107668	0.085950
3.108651	0.086617
3.109634	0.087273
3.110616	0.087919
3.111599	0.088555
3.112582	0.089180
3.113565	0.089794
3.114548	0.090399
3.115530	0.090992
3.116513	0.091576
3.117496	0.092148
3.118479	0.092710
3.119461	0.093261
3.120444	0.093800
3.121427	0.094326
3.122410	0.094839
3.123393	0.095335
3.124375	0.095813
3.125358	0.096273
3.126341	0.096740
3.127324	0.097211
3.128306	0.097679
3.129289	0.098143
3.130272	0.098601
3.131255	0.099051
3.132238	0.099494
3.133220	0.099929
3.134203	0.100357
3.135186	0.100776
3.136169	0.101186
3.137151	0.101589
3.138134	0.101983
3.139117	0.102370
3.140100	0.102748
3.141083	0.103118
3.142065	0.103479
3.143048	0.103833
3.144031	0.104179
3.145014	0.104516
3.145996	0.104846
3.146979	0.105167
3.147962	0.105481
3.148945	0.105786
3.149927	0.106084
3.150910	0.106373
3.151893	0.106655
3.152876	0.106929
3.153859	0.107195
3.154841	0.107453
3.155824	0.107704
3.156807	0.107946
3.157790	0.108181
3.158772	0.108409
3.159755	0.108628
3.160738	0.108840
3.161721	0.109044
3.162704	0.109240
3.163686	0.109429
3.164669	0.109610
3.165652	0.109784
3.166635	0.109949
3.167617	0.110108
3.168600	0.110258
3.169583	0.110401
3.170566	0.110536
3.171549	0.110664
3.172531	0.110783
3.173514	0.110895
3.174497	0.111000
3.175480	0.111096
3.176462	0.111185
3.177445	0.111266
3.178428	0.111339
3.179411	0.111404
3.180394	0.111460
3.181376	0.111508
3.182359	0.111548
3.183342	0.111579
3.184325	0.111600
3.185307	0.111611
3.186290	0.111612
3.187273	0.111601
3.188256	0.111578
3.189239	0.111544
3.190221	0.111501
3.191204	0.111459
3.192187	0.111417
3.193170	0.111375
3.194152	0.111330
3.195135	0.111281
3.196118	0.111227
3.197101	0.111167
3.198083	0.111101
3.199066	0.111029
3.200049	0.110950
3.201032	0.110864
3.202015	0.110772
3.202997	0.110672
3.203980	0.110565
3.204963	0.110451
3.205946	0.110330
3.206928	0.110202
3.207911	0.110066
3.208894	0.109922
3.209877	0.109771
3.210860	0.109613
3.211842	0.109446
3.212825	0.109272
3.213808	0.109089
3.214791	0.108899
3.215773	0.108699
3.216756	0.108492
3.217739	0.108275
3.218722	0.108048
3.219705	0.107812
3.220687	0.107566
3.221670	0.107309
3.222653	0.107042
3.223636	0.106765
3.224618	0.106481
3.225601	0.106193
3.226584	0.105904
3.227567	0.105612
3.228550	0.105316
3.229532	0.105015
3.230515	0.104709
3.231498	0.104397
3.232481	0.104078
3.233463	0.103752
3.234446	0.103418
3.235429	0.103076
3.236412	0.102725
3.237395	0.102367
3.238377	0.101999
3.239360	0.101622
3.240343	0.101235
3.241326	0.100838
3.242308	0.100431
3.243291	0.100014
3.244274	0.099587
3.245257	0.099150
3.246239	0.098707
3.247222	0.098257
3.248205	0.097802
3.249188	0.097342
3.250171	0.096876
3.251153	0.096404
3.252136	0.095924
3.253119	0.095435
3.254102	0.094938
3.255084	0.094431
3.256067	0.093915
3.257050	0.093388
3.258033	0.092851
3.259016	0.092304
3.259998	0.091749
3.260981	0.091185
3.261964	0.090615
3.262947	0.090037
3.263929	0.089452
3.264912	0.088859
3.265895	0.088256
3.266878	0.087645
3.267861	0.087024
3.268843	0.086393
3.269826	0.085752
3.270809	0.085102
3.271792	0.084443
3.272774	0.083776
3.273757	0.083099
3.274740	0.082414
3.275723	0.081720
3.276706	0.081017
3.277688	0.080305
3.278671	0.079583
3.279654	0.078853
3.280637	0.078114
3.281619	0.077366
3.282602	0.076610
3.283585	0.075846
3.284568	0.075073
3.285551	0.074292
3.286533	0.073503
3.287516	0.072707
3.288499	0.071903
3.289482	0.071093
3.290464	0.070276
3.291447	0.069452
3.292430	0.068623
3.293413	0.067788
3.294395	0.066948
3.295378	0.066104
3.296361	0.065256
3.297344	0.064405
3.298327	0.063551
3.299309	0.062695
3.300292	0.061838
3.301275	0.060980
3.302258	0.060122
3.303240	0.059265
3.304223	0.058409
3.305206	0.057556
3.306189	0.056705
3.307172	0.055858
3.308154	0.055015
3.309137	0.054177
3.310120	0.053345
3.311103	0.052518
3.312085	0.051699
3.313068	0.050886
3.314051	0.050082
3.315034	0.049286
3.316017	0.048498
3.316999	0.047720
3.317982	0.046951
3.318965	0.046192
3.319948	0.045443
3.320930	0.044705
3.321913	0.043977
3.322896	0.043260
3.323879	0.042554
3.324862	0.041859
3.325844	0.041175
3.326827	0.040502
3.327810	0.039840
3.328793	0.039190
3.329775	0.038551
3.330758	0.037922
3.331741	0.037305
3.332724	0.036699
3.333707	0.036104
3.334689	0.035520
3.335672	0.034946
3.336655	0.034383
3.337638	0.033831
3.338620	0.033288
3.339603	0.032756
3.340586	0.032234
3.341569	0.031722
3.342551	0.031219
3.343534	0.030726
3.344517	0.030242
3.345500	0.029768
3.346483	0.029302
3.347465	0.028845
3.348448	0.028397
3.349431	0.027957
3.350414	0.027526
3.351396	0.027103
3.352379	0.026687
3.353362	0.026280
3.354345	0.025880
3.355328	0.025488
3.356310	0.025103
3.357293	0.024725
3.358276	0.024355
3.359259	0.023991
3.360241	0.023634
3.361224	0.023283
3.362207	0.022939
3.363190	0.022601
3.364173	0.022270
3.365155	0.021944
3.366138	0.021624
3.367121	0.021310
3.368104	0.021002
3.369086	0.020699
3.370069	0.020402
3.371052	0.020110
3.372035	0.019823
3.373018	0.019541
3.374000	0.019264
3.374983	0.018991
3.375966	0.018724
3.376949	0.018461
3.377931	0.018203
3.378914	0.017949
3.379897	0.017699
3.380880	0.017454
3.381863	0.017213
3.382845	0.016976
3.383828	0.016742
3.384811	0.016513
3.385794	0.016288
3.386776	0.016066
3.387759	0.015848
3.388742	0.015633
3.389725	0.015422
3.390708	0.015214
3.391690	0.015010
3.392673	0.014809
3.393656	0.014611
3.394639	0.014416
3.395621	0.014225
3.396604	0.014036
3.397587	0.013850
3.398570	0.013668
3.399552	0.013488
3.400535	0.013311
3.401518	0.013136
3.402501	0.012964
3.403484	0.012795
3.404466	0.012628
3.405449	0.012464
3.406432	0.012303
3.407415	0.012143
3.408397	0.011986
3.409380	0.011832
3.410363	0.011679
3.411346	0.011529
3.412329	0.011381
3.413311	0.011236
3.414294	0.011092
3.415277	0.010950
3.416260	0.010811
3.417242	0.010673
3.418225	0.010537
3.419208	0.010403
3.420191	0.010271
3.421174	0.010141
3.422156	0.010013
3.423139	0.009886
3.424122	0.009761
3.425105	0.009638
3.426087	0.009517
3.427070	0.009397
3.428053	0.009279
3.429036	0.009162
3.430019	0.009047
3.431001	0.008933
3.431984	0.008821
3.432967	0.008711
3.433950	0.008601
3.434932	0.008494
3.435915	0.008387
3.436898	0.008282
3.437881	0.008178
3.438864	0.008076
3.439846	0.007975
3.440829	0.007875
3.441812	0.007776
3.442795	0.007679
3.443777	0.007582
3.444760	0.007487
3.445743	0.007393
3.446726	0.007301
3.447708	0.007209
3.448691	0.007118
3.449674	0.007029
3.450657	0.006940
3.451640	0.006853
3.452622	0.006767
3.453605	0.006681
3.454588	0.006597
3.455571	0.006513
3.456553	0.006431
3.457536	0.006349
3.458519	0.006269
3.459502	0.006189
3.460485	0.006110
3.461467	0.006032
3.462450	0.005955
3.463433	0.005879
3.464416	0.005803
3.465398	0.005729
3.466381	0.005655
3.467364	0.005582
3.468347	0.005509
3.469330	0.005438
3.470312	0.005367
3.471295	0.005297
3.472278	0.005228
3.473261	0.005159
3.474243	0.005091
3.475226	0.005024
3.476209	0.004957
3.477192	0.004891
3.478175	0.004826
3.479157	0.004761
3.480140	0.004697
3.481123	0.004634
3.482106	0.004571
3.483088	0.004509
3.484071	0.004447
3.485054	0.004386
3.486037	0.004325
3.487020	0.004265
3.488002	0.004206
3.488985	0.004147
3.489968	0.004089
3.490951	0.004031
3.491933	0.003974
3.492916	0.003917
3.493899	0.003860
3.494882	0.003805
3.495864	0.003749
3.496847	0.003694
3.497830	0.003640
3.498813	0.003586
3.499796	0.003532
3.500778	0.003479
3.501761	0.003426
3.502744	0.003374
3.503727	0.003322
3.504709	0.003271
3.505692	0.003219
3.506675	0.003169
3.507658	0.003118
3.508641	0.003068
3.509623	0.003019
3.510606	0.002970
3.511589	0.002921
3.512572	0.002872
3.513554	0.002824
3.514537	0.002776
3.515520	0.002728
3.516503	0.002681
3.517486	0.002634
3.518468	0.002588
3.519451	0.002541
3.520434	0.002495
3.521417	0.002450
3.522399	0.002404
3.523382	0.002359
3.524365	0.002314
3.525348	0.002269
3.526331	0.002225
3.527313	0.002181
3.528296	0.002137
3.529279	0.002093
3.530262	0.002050
3.531244	0.002007
3.532227	0.001964
3.533210	0.001921
3.534193	0.001879
3.535176	0.001836
3.536158	0.001794
3.537141	0.001752
3.538124	0.001711
3.539107	0.001669
3.540089	0.001628
3.541072	0.001587
3.542055	0.001546
3.543038	0.001505
3.544020	0.001464
3.545003	0.001424
3.545986	0.001384
3.546969	0.001343
3.547952	0.001303
3.548934	0.001264
3.549917	0.001224
3.550900	0.001184
3.551883	0.001145
3.552865	0.001105
3.553848	0.001066
3.554831	0.001027
3.555814	0.000988
3.556797	0.000949
3.557779	0.000911
3.558762	0.000872
3.559745	0.000833
3.560728	0.000795
3.561710	0.000756
3.562693	0.000718
3.563676	0.000680
3.564659	0.000642
3.565642	0.000604
3.566624	0.000565
3.567607	0.000528
3.568590	0.000490
3.569573	0.000452
3.570555	0.000414
3.571538	0.000376
3.572521	0.000338
3.573504	0.000301
3.574487	0.000263
3.575469	0.000225
3.576452	0.000188
3.577435	0.000150
3.578418	0.000113
3.579400	0.000075
3.580375	0.000037
3.581350	0.000074
3.582325	0.000110
3.583300	0.000146
3.584274	0.000182
3.585249	0.000218
3.586224	0.000253
3.587199	0.000288
3.588174	0.000322
3.589148	0.000356
3.590123	0.000390
3.591098	0.000424
3.592073	0.000457
3.593048	0.000491
3.594022	0.000523
3.594997	0.000556
3.595972	0.000588
3.596947	0.000620
3.597921	0.000652
3.598896	0.000683
3.599871	0.000714
3.600846	0.000745
3.601821	0.000776
3.602795	0.000806
3.603770	0.000836
3.604745	0.000866
3.605720	0.000896
3.606695	0.000925
3.607669	0.000954
3.608644	0.000983
3.609619	0.001011
3.610594	0.001040
3.611569	0.001068
3.612543	0.001095
3.613518	0.001123
3.614493	0.001150
3.615468	0.001177
3.616443	0.001204
3.617417	0.001230
3.618392	0.001257
3.619367	0.001283
3.620342	0.001308
3.621316	0.001334
3.622291	0.001359
3.623266	0.001384
3.624241	0.001409
3.625216	0.001434
3.626190	0.001458
3.627165	0.001482
3.628140	0.001506
3.629115	0.001529
3.630090	0.001553
3.631064	0.001576
3.632039	0.001599
3.633014	0.001621
3.633989	0.001643
3.634964	0.001666
3.635938	0.001688
3.636913	0.001709
3.637888	0.001731
3.638863	0.001752
3.639838	0.001773
3.640812	0.001793
3.641787	0.001814
3.642762	0.001834
3.643737	0.001854
3.644711	0.001874
3.645686	0.001893
3.646661	0.001913
3.647636	0.001932
3.648611	0.001951
3.649585	0.001969
3.650560	0.001987
3.651535	0.002006
3.652510	0.002023
3.653485	0.002041
3.654459	0.002059
3.655434	0.002076
3.656409	0.002093
3.657384	0.002109
3.658359	0.002126
3.659333	0.002142
3.660308	0.002158
3.661283	0.002174
3.662258	0.002190
3.663233	0.002205
3.664207	0.002220
3.665182	0.002235
3.666157	0.002250
3.667132	0.002264
3.668106	0.002279
3.669081	0.002293
3.670056	0.002306
3.671031	0.002320
3.672006	0.002333
3.672980	0.002346
3.673955	0.002359
3.674930	0.002372
3.675905	0.002385
3.676880	0.002397
3.677854	0.002409
3.678829	0.002421
3.679804	0.002432
3.680779	0.002444
3.681754	0.002455
3.682728	0.002466
3.683703	0.002477
3.684678	0.002487
3.685653	0.002497
3.686628	0.002507
3.687602	0.002517
3.688577	0.002527
3.689552	0.002537
3.690527	0.002546
3.691501	0.002555
3.692476	0.002564
3.693451	0.002572
3.694426	0.002581
3.695401	0.002589
3.696375	0.002597
3.697350	0.002605
3.698325	0.002613
3.699300	0.002620
3.700275	0.002627
3.701249	0.002634
3.702224	0.002641
3.703199	0.002648
3.704174	0.002654
3.705149	0.002661
3.706123	0.002667
3.707098	0.002673
3.708073	0.002678
3.709048	0.002684
3.710023	0.002689
3.710997	0.002694
3.711972	0.002699
3.712947	0.002704
3.713922	0.002709
3.714897	0.002713
3.715871	0.002717
3.716846	0.002721
3.717821	0.002725
3.718796	0.002729
3.719770	0.002732
3.720745	0.002736
3.721720	0.002739
3.722695	0.002742
3.723670	0.002745
3.724644	0.002747
3.725619	0.002750
3.726594	0.002752
3.727569	0.002754
3.728544	0.002756
3.729518	0.002758
3.730493	0.002760
3.731468	0.002761
3.732443	0.002763
3.733418	0.002764
3.734392	0.002765
3.735367	0.002765
3.736342	0.002766
3.737317	0.002767
3.738292	0.002767
3.739266	0.002767
3.740241	0.002767
3.741216	0.002767
3.742191	0.002767
3.743165	0.002767
3.744140	0.002766
3.745115	0.002765
3.746090	0.002765
3.747065	0.002764
3.748039	0.002763
3.749014	0.002761
3.749989	0.002760
3.750964	0.002759
3.751939	0.002757
3.752913	0.002755
3.753888	0.002753
3.754863	0.002751
3.755838	0.002749
3.756813	0.002747
3.757787	0.002744
3.758762	0.002742
3.759737	0.002739
3.760712	0.002736
3.761687	0.002733
3.762661	0.002730
3.763636	0.002727
3.764611	0.002724
3.765586	0.002720
3.766560	0.002717
3.767535	0.002713
3.768510	0.002709
3.769485	0.002705
3.770460	0.002701
3.771434	0.002697
3.772409	0.002693
3.773384	0.002689
3.774359	0.002684
3.775334	0.002680
3.776308	0.002675
3.777283	0.002670
3.778258	0.002665
3.779233	0.002661
3.780208	0.002655
3.781182	0.002650
3.782157	0.002645
3.783132	0.002640
3.784107	0.002634
3.785082	0.002629
3.786056	0.002623
3.787031	0.002617
3.788006	0.002612
3.788981	0.002606
3.789955	0.002600
3.790930	0.002594
3.791905	0.002588
3.792880	0.002581
3.793855	0.002575
3.794829	0.002569
3.795804	0.002562
3.796779	0.002556
3.797754	0.002549
3.798729	0.002542
3.799703	0.002535
3.800678	0.002528
3.801653	0.002522
3.802628	0.002514
3.803603	0.002507
3.804577	0.002500
3.805552	0.002493
3.806527	0.002486
3.807502	0.002478
3.808477	0.002471
3.809451	0.002463
3.810426	0.002456
3.811401	0.002448
3.812376	0.002440
3.813350	0.002433
3.814325	0.002425
3.815300	0.002417
3.816275	0.002409
3.817250	0.002401
3.818224	0.002393
3.819199	0.002385
3.820174	0.002377
3.821149	0.002369
3.822124	0.002360
3.823098	0.002352
3.824073	0.002344
3.825048	0.002335
3.826023	0.002327
3.826998	0.002318
3.827972	0.002310
3.828947	0.002301
3.829922	0.002292
3.830897	0.002284
3.831872	0.002275
3.832846	0.002266
3.833821	0.002257
3.834796	0.002248
3.835771	0.002239
3.836746	0.002230
3.837720	0.002221
3.838695	0.002212
3.839670	0.002203
3.840645	0.002194
3.841619	0.002185
3.842594	0.002176
3.843569	0.002167
3.844544	0.002157
3.845519	0.002148
3.846493	0.002139
3.847468	0.002130
3.848443	0.002120
3.849418	0.002111
3.850393	0.002101
3.851367	0.002092
3.852342	0.002082
3.853317	0.002073
3.854292	0.002063
3.855267	0.002054
3.856241	0.002044
3.857216	0.002035
3.858191	0.002025
3.859166	0.002015
3.860141	0.002006
3.861115	0.001996
3.862090	0.001986
3.863065	0.001977
3.864040	0.001967
3.865014	0.001957
3.865989	0.001947
3.866964	0.001937
3.867939	0.001928
3.868914	0.001918
3.869888	0.001908
3.870863	0.001898
3.871838	0.001888
3.872813	0.001878
3.873788	0.001868
3.874762	0.001858
3.875737	0.001848
3.876712	0.001839
3.877687	0.001829
3.878662	0.001819
3.879636	0.001809
3.880611	0.001799
3.881586	0.001789
3.882561	0.001779
3.883536	0.001769
3.884510	0.001759
3.885485	0.001749
3.886460	0.001739
3.887435	0.001729
3.888409	0.001718
3.889384	0.001708
3.890359	0.001698
3.891334	0.001688
3.892309	0.001678
3.893283	0.001668
3.894258	0.001658
3.895233	0.001648
3.896208	0.001638
3.897183	0.001628
3.898157	0.001618
3.899132	0.001608
3.900107	0.001598
3.901082	0.001588
3.902057	0.001577
3.903031	0.001567
3.904006	0.001557
3.904981	0.001547
3.905956	0.001537
3.906931	0.001527
3.907905	0.001517
3.908880	0.001507
3.909855	0.001497
3.910830	0.001487
3.911804	0.001477
3.912779	0.001467
3.913754	0.001457
3.914729	0.001447
3.915704	0.001437
3.916678	0.001426
3.917653	0.001416
3.918628	0.001406
3.919603	0.001396
3.920578	0.001386
3.921552	0.001376
3.922527	0.001366
3.923502	0.001356
3.924477	0.001346
3.925452	0.001336
3.926426	0.001326
3.927401	0.001316
3.928376	0.001306
3.929351	0.001297
3.930326	0.001287
3.931300	0.001277
3.932275	0.001267
3.933250	0.001257
3.934225	0.001247
3.935200	0.001237
3.936174	0.001227
3.937149	0.001217
3.938124	0.001207
3.939099	0.001198
3.940073	0.001188
3.941048	0.001178
3.942023	0.001168
3.942998	0.001158
3.943973	0.001148
3.944947	0.001139
3.945922	0.001129
3.946897	0.001119
3.947872	0.001109
3.948847	0.001100
3.949821	0.001090
3.950796	0.001080
3.951771	0.001070
3.952746	0.001061
3.953721	0.001051
3.954695	0.001041
3.955670	0.001032
3.956645	0.001022
3.957620	0.001012
3.958595	0.001003
3.959569	0.000993
3.960544	0.000984
3.961519	0.000974
3.962494	0.000964
3.963468	0.000955
3.964443	0.000945
3.965418	0.000936
3.966393	0.000926
3.967368	0.000917
3.968342	0.000907
3.969317	0.000898
3.970292	0.000888
3.971267	0.000879
3.972242	0.000869
3.973216	0.000860
3.974191	0.000851
3.975166	0.000841
3.976141	0.000832
3.977116	0.000822
3.978090	0.000813
3.979065	0.000804
3.980040	0.000794
3.981015	0.000785
3.981990	0.000776
3.982964	0.000767
3.983939	0.000757
3.984914	0.000748
3.985889	0.000739
3.986863	0.000730
3.987838	0.000720
3.988813	0.000711
3.989788	0.000702
3.990763	0.000693
3.991737	0.000684
3.992712	0.000675
3.993687	0.000666
3.994662	0.000656
3.995637	0.000647
3.996611	0.000638
3.997586	0.000629
3.998561	0.000620
3.999536	0.000611
4.000511	0.000602
4.001485	0.000593
4.002460	0.000584
4.003435	0.000575
4.004410	0.000566
4.005385	0.000557
4.006359	0.000549
4.007334	0.000540
4.008309	0.000531
4.009284	0.000522
4.010258	0.000513
4.011233	0.000504
4.012208	0.000495
4.013183	0.000487
4.014158	0.000478
4.015132	0.000469
4.016107	0.000460
4.017082	0.000451
4.018057	0.000443
4.019032	0.000434
4.020006	0.000425
4.020981	0.000417
4.021956	0.000408
4.022931	0.000399
4.023906	0.000391
4.024880	0.000382
4.025855	0.000373
4.026830	0.000365
4.027805	0.000356
4.028780	0.000348
4.029754	0.000339
4.030729	0.000330
4.031704	0.000322
4.032679	0.000313
4.033653	0.000305
4.034628	0.000296
4.035603	0.000288
4.036578	0.000279
4.037553	0.000271
4.038527	0.000263
4.039502	0.000254
4.040477	0.000246
4.041452	0.000237
4.042427	0.000229
4.043401	0.000221
4.044376	0.000212
4.045351	0.000204
4.046326	0.000196
4.047301	0.000187
4.048275	0.000179
4.049250	0.000171
4.050225	0.000163
4.051200	0.000154
4.052175	0.000146
4.053149	0.000138
4.054124	0.000130
4.055099	0.000121
4.056074	0.000113
4.057049	0.000105
4.058023	0.000097
4.058998	0.000089
4.059973	0.000081
4.060948	0.000072
4.061922	0.000064
4.062897	0.000056
4.063872	0.000048
4.064847	0.000040
4.065822	0.000032
4.066796	0.000024
4.067779	0.000016
4.068762	0.000032
4.069745	0.000048
4.070728	0.000065
4.071710	0.000081
4.072693	0.000097
4.073676	0.000113
4.074659	0.000129
4.075641	0.000145
4.076624	0.000161
4.077607	0.000177
4.078590	0.000194
4.079573	0.000210
4.080555	0.000226
4.081538	0.000242
4.082521	0.000258
4.083504	0.000274
4.084486	0.000291
4.085469	0.000307
4.086452	0.000323
4.087435	0.000339
4.088417	0.000355
4.089400	0.000371
4.090383	0.000387
4.091366	0.000404
4.092349	0.000420
4.093331	0.000436
4.094314	0.000452
4.095297	0.000468
4.096280	0.000484
4.097262	0.000501
4.098245	0.000517
4.099228	0.000533
4.100211	0.000549
4.101194	0.000565
4.102176	0.000582
4.103159	0.000598
4.104142	0.000614
4.105125	0.000630
4.106107	0.000646
4.107090	0.000662
4.108073	0.000679
4.109056	0.000695
4.110039	0.000711
4.111021	0.000727
4.112004	0.000744
4.112987	0.000760
4.113970	0.000776
4.114952	0.000792
4.115935	0.000808
4.116918	0.000825
4.117901	0.000841
4.118884	0.000857
4.119866	0.000873
4.120849	0.000890
4.121832	0.000906
4.122815	0.000922
4.123797	0.000938
4.124780	0.000955
4.125763	0.000971
4.126746	0.000987
4.127729	0.001003
4.128711	0.001020
4.129694	0.001036
4.130677	0.001052
4.131660	0.001068
4.132642	0.001085
4.133625	0.001101
4.134608	0.001117
4.135591	0.001133
4.136573	0.001150
4.137556	0.001166
4.138539	0.001182
4.139522	0.001199
4.140505	0.001215
4.141487	0.001231
4.142470	0.001247
4.143453	0.001264
4.144436	0.001280
4.145418	0.001296
4.146401	0.001313
4.147384	0.001329
4.148367	0.001345
4.149350	0.001361
4.150332	0.001378
4.151315	0.001394
4.152298	0.001410
4.153281	0.001427
4.154263	0.001443
4.155246	0.001459
4.156229	0.001476
4.157212	0.001492
4.158195	0.001508
4.159177	0.001524
4.160160	0.001541
4.161143	0.001557
4.162126	0.001573
4.163108	0.001590
4.164091	0.001606
4.165074	0.001622
4.166057	0.001639
4.167040	0.001655
4.168022	0.001671
4.169005	0.001687
4.169988	0.001704
4.170971	0.001720
4.171953	0.001736
4.172936	0.001753
4.173919	0.001769
4.174902	0.001785
4.175885	0.001801
4.176867	0.001818
4.177850	0.001834
4.178833	0.001850
4.179816	0.001867
4.180798	0.001883
4.181781	0.001899
4.182764	0.001915
4.183747	0.001931
4.184729	0.001948
4.185712	0.001964
4.186695	0.001980
4.187678	0.001996
4.188661	0.002013
4.189643	0.002029
4.190626	0.002045
4.191609	0.002061
4.192592	0.002077
4.193574	0.002094
4.194557	0.002110
4.195540	0.002126
4.196523	0.002142
4.197506	0.002158
4.198488	0.002174
4.199471	0.002190
4.200454	0.002206
4.201437	0.002223
4.202419	0.002239
4.203402	0.002255
4.204385	0.002271
4.205368	0.002287
4.206351	0.002303
4.207333	0.002319
4.208316	0.002335
4.209299	0.002351
4.210282	0.002367
4.211264	0.002383
4.212247	0.002399
4.213230	0.002415
4.214213	0.002430
4.215196	0.002446
4.216178	0.002462
4.217161	0.002478
4.218144	0.002494
4.219127	0.002510
4.220109	0.002525
4.221092	0.002541
4.222075	0.002557
4.223058	0.002573
4.224041	0.002588
4.225023	0.002604
4.226006	0.002620
4.226989	0.002635
4.227972	0.002651
4.228954	0.002667
4.229937	0.002682
4.230920	0.002698
4.231903	0.002713
4.232885	0.002729
4.233868	0.002744
4.234851	0.002760
4.235834	0.002775
4.236817	0.002790
4.237799	0.002806
4.238782	0.002821
4.239765	0.002836
4.240748	0.002852
4.241730	0.002867
4.242713	0.002882
4.243696	0.002897
4.244679	0.002912
4.245662	0.002928
4.246644	0.002943
4.247627	0.002958
4.248610	0.002973
4.249593	0.002988
4.250575	0.003002
4.251558	0.003017
4.252541	0.003032
4.253524	0.003047
4.254507	0.003062
4.255489	0.003076
4.256472	0.003091
4.257455	0.003106
4.258438	0.003120
4.259420	0.003135
4.260403	0.003149
4.261386	0.003164
4.262369	0.003178
4.263352	0.003192
4.264334	0.003207
4.265317	0.003221
4.266300	0.003235
4.267283	0.003249
4.268265	0.003264
4.269248	0.003278
4.270231	0.003292
4.271214	0.003306
4.272197	0.003319
4.273179	0.003333
4.274162	0.003347
4.275145	0.003361
4.276128	0.003374
4.277110	0.003388
4.278093	0.003402
4.279076	0.003415
4.280059	0.003428
4.281042	0.003442
4.282024	0.003455
4.283007	0.003468
4.283990	0.003482
4.284973	0.003495
4.285955	0.003508
4.286938	0.003521
4.287921	0.003534
4.288904	0.003546
4.289886	0.003559
4.290869	0.003572
4.291852	0.003585
4.292835	0.003597
4.293818	0.003610
4.294800	0.003622
4.295783	0.003634
4.296766	0.003647
4.297749	0.003659
4.298731	0.003671
4.299714	0.003683
4.300697	0.003695
4.301680	0.003707
4.302663	0.003718
4.303645	0.003730
4.304628	0.003742
4.305611	0.003753
4.306594	0.003765
4.307576	0.003776
4.308559	0.003787
4.309542	0.003798
4.310525	0.003810
4.311508	0.003821
4.312490	0.003831
4.313473	0.003842
4.314456	0.003853
4.315439	0.003864
4.316421	0.003874
4.317404	0.003885
4.318387	0.003895
4.319370	0.003905
4.320353	0.003915
4.321335	0.003925
4.322318	0.003935
4.323301	0.003945
4.324284	0.003955
4.325266	0.003964
4.326249	0.003974
4.327232	0.003983
4.328215	0.003993
4.329198	0.004002
4.330180	0.004011
4.331163	0.004020
4.332146	0.004029
4.333129	0.004038
4.334111	0.004046
4.335094	0.004055
4.336077	0.004063
4.337060	0.004071
4.338042	0.004080
4.339025	0.004088
4.340008	0.004096
4.340991	0.004104
4.341974	0.004111
4.342956	0.004119
4.343939	0.004126
4.344922	0.004134
4.345905	0.004141
4.346887	0.004148
4.347870	0.004155
4.348853	0.004162
4.349836	0.004168
4.350819	0.004175
4.351801	0.004181
4.352784	0.004188
4.353767	0.004194
4.354750	0.004200
4.355732	0.004206
4.356715	0.004212
4.357698	0.004217
4.358681	0.004223
4.359664	0.004228
4.360646	0.004233
4.361629	0.004238
4.362612	0.004243
4.363595	0.004248
4.364577	0.004253
4.365560	0.004257
4.366543	0.004262
4.367526	0.004266
4.368509	0.004270
4.369491	0.004274
4.370474	0.004278
4.371457	0.004281
4.372440	0.004285
4.373422	0.004288
4.374405	0.004291
4.375388	0.004294
4.376371	0.004297
4.377354	0.004300
4.378336	0.004302
4.379319	0.004305
4.380302	0.004307
4.381285	0.004309
4.382267	0.004311
4.383250	0.004313
4.384233	0.004314
4.385216	0.004316
4.386198	0.004317
4.387181	0.004318
4.388164	0.004319
4.389147	0.004320
4.390130	0.004321
4.391112	0.004321
4.392095	0.004321
4.393078	0.004322
4.394061	0.004322
4.395043	0.004321
4.396026	0.004321
4.397009	0.004320
4.397992	0.004320
4.398975	0.004319
4.399957	0.004318
4.400940	0.004317
4.401923	0.004315
4.402906	0.004314
4.403888	0.004312
4.404871	0.004310
4.405854	0.004308
4.406837	0.004305
4.407820	0.004303
4.408802	0.004300
4.409785	0.004298
4.410768	0.004295
4.411751	0.004291
4.412733	0.004288
4.413716	0.004284
4.414699	0.004281
4.415682	0.004277
4.416665	0.004273
4.417647	0.004268
4.418630	0.004264
4.419613	0.004259
4.420596	0.004255
4.421578	0.004250
4.422561	0.004244
4.423544	0.004239
4.424527	0.004233
4.425510	0.004228
4.426492	0.004222
4.427475	0.004216
4.428458	0.004209
4.429441	0.004203
4.430423	0.004196
4.431406	0.004189
4.432389	0.004182
4.433372	0.004175
4.434354	0.004168
4.435337	0.004160
4.436320	0.004152
4.437303	0.004144
4.438286	0.004136
4.439268	0.004128
4.440251	0.004119
4.441234	0.004110
4.442217	0.004101
4.443199	0.004092
4.444182	0.004083
4.445165	0.004073
4.446148	0.004064
4.447131	0.004054
4.448113	0.004044
4.449096	0.004033
4.450079	0.004023
4.451062	0.004012
4.452044	0.004001
4.453027	0.003990
4.454010	0.003979
4.454993	0.003968
4.455976	0.003956
4.456958	0.003944
4.457941	0.003932
4.458924	0.003920
4.459907	0.003908
4.460889	0.003895
4.461872	0.003882
4.462855	0.003869
4.463838	0.003856
4.464821	0.003843
4.465803	0.003829
4.466786	0.003815
4.467769	0.003802
4.468752	0.003787
4.469734	0.003773
4.470717	0.003759
4.471700	0.003744
4.472683	0.003729
4.473666	0.003714
4.474648	0.003699
4.475631	0.003683
4.476614	0.003668
4.477597	0.003652
4.478579	0.003636
4.479562	0.003620
4.480545	0.003604
4.481528	0.003587
4.482510	0.003570
4.483493	0.003553
4.484476	0.003536
4.485459	0.003519
4.486442	0.003502
4.487424	0.003484
4.488407	0.003466
4.489390	0.003448
4.490373	0.003430
4.491355	0.003412
4.492338	0.003393
4.493321	0.003375
4.494304	0.003356
4.495287	0.003337
4.496269	0.003317
4.497252	0.003298
4.498235	0.003278
4.499218	0.003259
4.500200	0.003239
4.501183	0.003219
4.502166	0.003198
4.503149	0.003178
4.504132	0.003157
4.505114	0.003137
4.506097	0.003116
4.507080	0.003094
4.508063	0.003073
4.509045	0.003052
4.510028	0.003030
4.511011	0.003008
4.511994	0.002986
4.512977	0.002964
4.513959	0.002942
4.514942	0.002920
4.515925	0.002897
4.516908	0.002874
4.517890	0.002851
4.518873	0.002828
4.519856	0.002805
4.520839	0.002782
4.521822	0.002758
4.522804	0.002735
4.523787	0.002711
4.524770	0.002687
4.525753	0.002663
4.526735	0.002639
4.527718	0.002614
4.528701	0.002590
4.529684	0.002565
4.530667	0.002540
4.531649	0.002515
4.532632	0.002490
4.533615	0.002465
4.534598	0.002439
4.535580	0.002414
4.536563	0.002388
4.537546	0.002362
4.538529	0.002336
4.539511	0.002310
4.540494	0.002284
4.541477	0.002258
4.542460	0.002232
4.543443	0.002205
4.544425	0.002178
4.545408	0.002151
4.546391	0.002125
4.547374	0.002097
4.548356	0.002070
4.549339	0.002043
4.550322	0.002016
4.551305	0.001988
4.552288	0.001960
4.553270	0.001933
4.554253	0.001905
4.555236	0.001877
4.556219	0.001849
4.557201	0.001821
4.558184	0.001792
4.559167	0.001764
4.560150	0.001736
4.561133	0.001707
4.562115	0.001678
4.563098	0.001650
4.564081	0.001621
4.565064	0.001592
4.566046	0.001563
4.567029	0.001534
4.568012	0.001504
4.568995	0.001475
4.569978	0.001446
4.570960	0.001416
4.571943	0.001387
4.572926	0.001357
4.573909	0.001327
4.574891	0.001297
4.575874	0.001268
4.576857	0.001238
4.577840	0.001208
4.578823	0.001178
4.579805	0.001147
4.580788	0.001117
4.581771	0.001087
4.582754	0.001057
4.583736	0.001026
4.584719	0.000996
4.585702	0.000965
4.586685	0.000935
4.587667	0.000904
4.588650	0.000873
4.589633	0.000842
4.590616	0.000812
4.591599	0.000781
4.592581	0.000750
4.593564	0.000719
4.594547	0.000688
4.595530	0.000657
4.596512	0.000626
4.597495	0.000595
4.598478	0.000564
4.599461	0.000533
4.600444	0.000502
4.601426	0.000470
4.602409	0.000439
4.603392	0.000408
4.604375	0.000377
4.605357	0.000345
4.606340	0.000314
4.607323	0.000283
4.608306	0.000251
4.609289	0.000220
4.610271	0.000188
4.611254	0.000157
4.612237	0.000126
4.613220	0.000094
4.614202	0.000063
4.615185	0.000031
4.616168	0.000000
4.617151	-0.000000
4.618134	-0.000000
4.619116	-0.000000
4.620099	-0.000000
4.621082	-0.000000
4.622065	-0.000000
4.623047	-0.000000
4.624030	-0.000000
4.625013	-0.000000
4.625996	-0.000000
4.626979	0.000000
4.627961	0.000000
4.628944	-0.000000
4.629927	-0.000000
4.630910	0.000000
4.631892	0.000000
4.632875	-0.000000
4.633858	-0.000000
4.634841	-0.000000
4.635823	-0.000000
4.636806	-0.000000
4.637789	0.000000
4.638772	-0.000000
4.639755	-0.000000
4.640737	-0.000000
4.641720	-0.000000
4.642703	0.000000
4.643686	0.000000
4.644668	0.000000
4.645651	-0.000000
4.646634	-0.000000
4.647617	0.000000
4.648600	-0.000000
4.649582	-0.000000
4.650565	0.000000
4.651548	-0.000000
4.652531	-0.000000
4.653513	0.000000
4.654496	0.000000
4.655479	-0.000000
4.656462	0.000000
4.657445	0.000000
4.658427	-0.000000
4.659410	-0.000000
4.660393	-0.000000
4.661376	-0.000000
4.662358	0.000000
4.663341	0.000000
4.664324	-0.000000
4.665307	0.000000
4.666290	0.000000
4.667272	-0.000000
4.668255	0.000000
4.669238	-0.000000
4.670221	0.000000
4.671203	0.000000
4.672186	-0.000000
4.673169	0.000000
4.674152	-0.000000
4.675135	0.000000
4.676117	0.000000
4.677100	-0.000000
4.678083	-0.000000
4.679066	-0.000000
4.680048	-0.000000
4.681031	-0.000000
4.682014	0.000000
4.682997	0.000000
4.683979	0.000000
4.684962	0.000000
4.685945	-0.000000
4.686928	-0.000000
4.687911	0.000000
4.688893	-0.000000
4.689876	-0.000000
4.690859	-0.000000
4.691842	-0.000000
4.692824	-0.000000
4.693807	0.000000
4.694790	0.000000
4.695773	-0.000000
4.696756	0.000000
4.697738	0.000000
4.698721	0.000000
4.699704	0.000000
4.700687	-0.000000
4.701669	-0.000000
4.702652	0.000000
4.703635	0.000000
4.704618	-0.000000
4.705601	-0.000000
4.706583	0.000000
4.707566	0.000000
4.708549	0.000000
4.709532	-0.000000
4.710514	-0.000000
4.711497	-0.000000
4.712480	-0.000000
4.713463	-0.000000
4.714446	0.000000
4.715428	-0.000000
4.716411	0.000000
4.717394	-0.000000
4.718377	0.000000
4.719359	0.000000
4.720342	0.000000
4.721325	0.000000
4.722308	-0.000000
4.723291	0.000000
4.724273	-0.000000
4.725256	0.000000
4.726239	0.000000
4.727222	0.000000
4.728204	0.000000
4.729187	0.000000
4.730170	0.000000
4.731153	0.000000
4.732135	-0.000000
4.733118	-0.000000
4.734101	0.000000
4.735084	-0.000000
4.736067	0.000000
4.737049	-0.000000
4.738032	0.000000
4.739015	-0.000000
4.739998	0.000000
4.740980	0.000000
4.741963	-0.000000
4.742946	0.000000
4.743929	-0.000000
4.744912	0.000000
4.745894	0.000000
4.746877	-0.000000
4.747860	0.000000
4.748843	-0.000000
4.749825	-0.000000
4.750808	0.000000
4.751791	0.000000
4.752774	0.000000
4.753757	-0.000000
4.754739	-0.000000
4.755722	0.000000
4.756705	-0.000000
4.757688	0.000000
4.758670	0.000000
4.759653	0.000000
4.760636	0.000000
4.761619	0.000000
4.762602	-0.000000
4.763584	0.000000
4.764567	0.000000
4.765550	-0.000000
4.766533	-0.000000
4.767515	0.000000
4.768498	-0.000000
4.769481	-0.000000
4.770464	-0.000000
4.771447	-0.000000
4.772429	-0.000000
4.773412	0.000000
4.774395	0.000000
4.775378	0.000000
4.776360	0.000000
4.777343	0.000000
4.778326	-0.000000
4.779309	-0.000000
4.780292	-0.000000
4.781274	0.000000
4.782249	0.000000
4.783224	0.000000
4.784199	-0.000000
4.785173	0.000000
4.786148	0.000000
4.787123	-0.000000
4.788098	-0.000000
4.789073	0.000000
4.790047	0.000000
4.791022	0.000000
4.791997	-0.000000
4.792972	0.000000
4.793947	0.000000
4.794921	-0.000000
4.795896	0.000000
4.796871	0.000000
4.797846	-0.000000
4.798821	-0.000000
4.799795	-0.000000
4.800770	-0.000000
4.801745	0.000000
4.802720	0.000000
4.803694	0.000000
4.804669	-0.000000
4.805644	0.000000
4.806619	0.000000
4.807594	-0.000000
4.808568	0.000000
4.809543	0.000000
4.810518	0.000000
4.811493	0.000000
4.812468	-0.000000
4.813442	0.000000
4.814417	0.000000
4.815392	0.000000
4.816367	0.000000
4.817342	-0.000000
4.818316	0.000000
4.819291	0.000000
4.820266	-0.000000
4.821241	0.000000
4.822216	0.000000
4.823190	0.000000
4.824165	-0.000000
4.825140	-0.000000
4.826115	0.000000
4.827090	-0.000000
4.828064	0.000000
4.829039	-0.000000
4.830014	0.000000
4.830989	-0.000000
4.831963	0.000000
4.832938	0.000000
4.833913	-0.000000
4.834888	-0.000000
4.835863	0.000000
4.836837	0.000000
4.837812	0.000000
4.838787	0.000000
4.839762	-0.000000
4.840737	0.000000
4.841711	0.000000
4.842686	-0.000000
4.843661	-0.000000
4.844636	0.000000
4.845611	0.000000
4.846585	-0.000000
4.847560	-0.000000
4.848535	0.000000
4.849510	-0.000000
4.850485	0.000000
4.851459	-0.000000
4.852434	0.000000
4.853409	0.000000
4.854384	0.000000
4.855358	-0.000000
4.856333	0.000000
4.857308	-0.000000
4.858283	-0.000000
4.859258	-0.000000
4.860232	-0.000000
4.861207	0.000000
4.862182	0.000000
4.863157	-0.000000
4.864132	-0.000000
4.865106	0.000000
4.866081	-0.000000
4.867056	-0.000000
4.868031	0.000000
4.869006	0.000000
4.869980	0.000000
4.870955	0.000000
4.871930	-0.000000
4.872905	0.000000
4.873880	-0.000000
4.874854	0.000000
4.875829	0.000000
4.876804	-0.000000
4.877779	-0.000000
4.878761	-0.000000
4.879744	0.000000
4.880727	-0.000000
4.881710	-0.000000
4.882693	-0.000000
4.883675	-0.000000
4.884658	0.000000
4.885641	0.000000
4.886624	0.000000
4.887606	0.000000
4.888589	-0.000000
4.889572	-0.000000
4.890555	0.000000
4.891538	0.000000
4.892520	-0.000000
4.893503	-0.000000
4.894486	0.000000
4.895469	0.000000
4.896451	0.000000
4.897434	-0.000000
4.898417	-0.000000
4.899400	-0.000000
4.900383	0.000000
4.901365	0.000000
4.902348	0.000000
4.903331	0.000000
4.904314	0.000000
4.905296	0.000000
4.906279	0.000000
4.907262	-0.000000
4.908245	-0.000000
4.909228	0.000000
4.910210	-0.000000
4.911193	-0.000000
4.912176	-0.000000
4.913159	-0.000000
4.914141	0.000000
4.915124	-0.000000
4.916107	-0.000000
4.917090	-0.000000
4.918072	0.000000
4.919055	-0.000000
4.920038	0.000000
4.921021	-0.000000
4.922004	0.000000
4.922986	0.000000
4.923969	-0.000000
4.924952	0.000000
4.925935	-0.000000
4.926917	0.000000
4.927900	0.000000
4.928883	-0.000000
4.929866	-0.000000
4.930849	-0.000000
4.931831	-0.000000
4.932814	-0.000000
4.933797	-0.000000
4.934780	-0.000000
4.935762	-0.000000
4.936745	-0.000000
4.937728	0.000000
4.938711	0.000000
4.939694	0.000000
4.940676	0.000000
4.941659	0.000000
4.942642	0.000000
4.943625	-0.000000
4.944607	0.000000
4.945590	0.000000
4.946573	-0.000000
4.947556	-0.000000
4.948539	0.000000
4.949521	0.000000
4.950504	0.000000
4.951487	0.000000
4.952470	0.000000
4.953452	-0.000000
4.954435	-0.000000
4.955418	0.000000
4.956401	0.000000
4.957384	0.000000
4.958366	-0.000000
4.959349	0.000000
4.960332	0.000000
4.961315	-0.000000
4.962297	0.000000
4.963280	-0.000000
4.964263	-0.000000
4.965246	0.000000
4.966228	-0.000000
4.967211	0.000000
4.968194	-0.000000
4.969177	0.000000
4.970160	0.000000
4.971142	-0.000000
4.972125	0.000000
4.973108	-0.000000
4.974091	-0.000000
4.975073	-0.000000
4.976056	0.000000
4.977039	0.000000
4.978022	-0.000000
4.979005	-0.000000
4.979987	-0.000000
4.980970	0.000000
4.981953	-0.000000
4.982936	0.000000
4.983918	-0.000000
4.984901	-0.000000
4.985884	-0.000000
4.986867	-0.000000
4.987850	-0.000000
4.988832	-0.000000
4.989815	-0.000000
4.990798	0.000000
4.991781	0.000000
4.992763	0.000000
4.993746	-0.000000
4.994729	0.000000
4.995712	-0.000000
4.996695	-0.000000
4.997677	0.000000
4.998660	0.000000
4.999643	0.000000
5.000626	-0.000000
5.001608	0.000000
5.002591	-0.000000
5.003574	0.000000
5.004557	-0.000000
5.005540	0.000000
5.006522	0.000000
5.007505	-0.000000
5.008488	0.000000
5.009471	0.000000
5.010453	-0.000000
5.011436	-0.000000
5.012419	0.000000
5.013402	0.000000
5.014384	-0.000000
5.015367	-0.000000
5.016350	-0.000000
5.017333	-0.000000
5.018316	0.000000
5.019298	0.000000
5.020281	-0.000000
5.021264	0.000000
5.022247	-0.000000
5.023229	0.000000
5.024212	0.000000
5.025195	-0.000000
5.026178	-0.000000
5.027161	-0.000000
5.028143	-0.000000
5.029126	0.000000
5.030109	0.000000
5.031092	0.000000
5.032074	-0.000000
5.033057	0.000000
5.034040	-0.000000
5.035023	-0.000000
5.036006	0.000000
5.036988	0.000000
5.037971	0.000000
5.038954	0.000000
5.039937	-0.000000
5.040919	0.000000
5.041902	0.000000
5.042885	-0.000000
5.043868	0.000000
5.044851	-0.000000
5.045833	-0.000000
5.046816	-0.000000
5.047799	0.000000
5.048782	-0.000000
5.049764	0.000000
5.050747	-0.000000
5.051730	-0.000000
5.052713	-0.000000
5.053696	-0.000000
5.054678	0.000000
5.055661	-0.000000
5.056644	0.000000
5.057627	-0.000000
5.058609	0.000000
5.059592	0.000000
5.060575	0.000000
5.061558	-0.000000
5.062540	-0.000000
5.063523	0.000000
5.064506	0.000000
5.065489	-0.000000
5.066472	0.000000
5.067454	0.000000
5.068437	-0.000000
5.069420	-0.000000
5.070403	-0.000000
5.071385	-0.000000
5.072368	0.000000
5.073351	-0.000000
5.074334	-0.000000
5.075317	-0.000000
5.076299	0.000000
5.077282	0.000000
5.078265	-0.000000
5.079248	0.000000
5.080230	-0.000000
5.081213	0.000000
5.082196	-0.000000
5.083179	-0.000000
5.084162	0.000000
5.085144	-0.000000
5.086127	0.000000
5.087110	-0.000000
5.088093	0.000000
5.089075	-0.000000
5.090058	-0.000000
5.091041	-0.000000
5.092024	-0.000000
5.093007	0.000000
5.093989	0.000000
5.094972	0.000000
5.095955	-0.000000
5.096938	-0.000000
5.097920	0.000000
5.098903	-0.000000
5.099886	0.000000
5.100869	-0.000000
5.101852	0.000000
5.102834	0.000000
5.103817	0.000000
5.104800	-0.000000
5.105783	0.000000
5.106765	-0.000000
5.107748	-0.000000
5.108731	0.000000
5.109714	-0.000000
5.110697	-0.000000
5.111679	0.000000
5.112662	0.000000
5.113645	0.000000
5.114628	0.000000
5.115610	0.000000
5.116593	0.000000
5.117576	-0.000000
5.118559	0.000000
5.119541	-0.000000
5.120524	0.000000
5.121507	-0.000000
5.122490	-0.000000
5.123473	-0.000000
5.124455	-0.000000
5.125438	0.000000
5.126421	0.000000
5.127404	0.000000
5.128386	-0.000000
5.129369	-0.000000
5.130352	-0.000000
5.131335	0.000000
5.132318	-0.000000
5.133300	-0.000000
5.134283	-0.000000
5.135266	0.000000
5.136249	0.000000
5.137231	0.000000
5.138214	0.000000
5.139197	-0.000000
5.140180	-0.000000
5.141163	-0.000000
5.142145	-0.000000
5.143128	-0.000000
5.144111	-0.000000
5.145094	-0.000000
5.146076	0.000000
5.147059	0.000000
5.148042	0.000000
5.149025	-0.000000
5.150008	0.000000
5.150990	-0.000000
5.151973	-0.000000
5.152956	0.000000
5.153939	0.000000
5.154921	0.000000
5.155904	0.000000
5.156887	-0.000000
5.157870	0.000000
5.158853	-0.000000
5.159835	0.000000
5.160818	0.000000
5.161801	-0.000000
5.162784	0.000000
5.163766	0.000000
