0.000983	0.022262
0.001966	0.022262
0.002948	0.022262
0.003931	0.022262
0.004914	0.022259
0.005897	0.022257
0.006879	0.022253
0.007862	0.022249
0.008845	0.022245
0.009828	0.022242
0.010811	0.022236
0.011793	0.022230
0.012776	0.022225
0.013759	0.022217
0.014742	0.022210
0.015724	0.022204
0.016707	0.022195
0.017690	0.022187
0.018673	0.022178
0.019656	0.022169
0.020638	0.022159
0.021621	0.022148
0.022604	0.022137
0.023587	0.022126
0.024569	0.022112
0.025552	0.022101
0.026535	0.022086
0.027518	0.022075
0.028500	0.022060
0.029483	0.022045
0.030466	0.022030
0.031449	0.022015
0.032432	0.022000
0.033414	0.021983
0.034397	0.021966
0.035380	0.021948
0.036363	0.021931
0.037345	0.021910
0.038328	0.021893
0.039311	0.021873
0.040294	0.021852
0.041277	0.021831
0.042259	0.021811
0.043242	0.021790
0.044225	0.021768
0.045208	0.021745
0.046190	0.021723
0.047173	0.021698
0.048156	0.021676
0.049139	0.021652
0.050122	0.021625
0.051104	0.021601
0.052087	0.021573
0.053070	0.021549
0.054053	0.021520
0.055035	0.021494
0.056018	0.021466
0.057001	0.021436
0.057984	0.021408
0.058967	0.021380
0.059949	0.021350
0.060932	0.021320
0.061915	0.021288
0.062898	0.021256
0.063880	0.021224
0.064863	0.021193
0.065846	0.021161
0.066829	0.021127
0.067812	0.021093
0.068794	0.021060
0.069777	0.021026
0.070760	0.020990
0.071743	0.020955
0.072725	0.020919
0.073708	0.020882
0.074691	0.020846
0.075674	0.020808
0.076656	0.020771
0.077639	0.020732
0.078622	0.020694
0.079605	0.020655
0.080588	0.020616
0.081570	0.020574
0.082553	0.020533
0.083536	0.020494
0.084519	0.020453
0.085501	0.020409
0.086484	0.020366
0.087467	0.020323
0.088450	0.020280
0.089433	0.020237
0.090415	0.020192
0.091398	0.020147
0.092381	0.020100
0.093364	0.020055
0.094346	0.020009
0.095329	0.019964
0.096312	0.019917
0.097295	0.019868
0.098278	0.019821
0.099260	0.019771
0.100243	0.019724
0.101226	0.019673
0.102209	0.019624
0.103191	0.019574
0.104174	0.019521
0.105157	0.019471
0.106140	0.019418
0.107123	0.019368
0.108105	0.019315
0.109088	0.019263
0.110071	0.019209
0.111054	0.019154
0.112036	0.019100
0.113019	0.019046
0.114002	0.018991
0.114985	0.018933
0.115968	0.018879
0.116950	0.018821
0.117933	0.018763
0.118916	0.018708
0.119899	0.018648
0.120881	0.018590
0.121864	0.018532
0.122847	0.018472
0.123830	0.018412
0.124812	0.018352
0.125795	0.018291
0.126778	0.018231
0.127761	0.018169
0.128744	0.018107
0.129726	0.018043
0.130709	0.017980
0.131692	0.017916
0.132675	0.017852
0.133657	0.017787
0.134640	0.017721
0.135623	0.017655
0.136606	0.017592
0.137589	0.017524
0.138571	0.017457
0.139554	0.017391
0.140537	0.017324
0.141520	0.017253
0.142502	0.017185
0.143485	0.017118
0.144468	0.017047
0.145451	0.016975
0.146434	0.016904
0.147416	0.016835
0.148399	0.016762
0.149382	0.016689
0.150365	0.016618
0.151347	0.016543
0.152330	0.016470
0.153313	0.016396
0.154296	0.016322
0.155279	0.016247
0.156261	0.016172
0.157244	0.016095
0.158227	0.016016
0.159210	0.015939
0.160192	0.015861
0.161175	0.015782
0.162158	0.015703
0.163141	0.015623
0.164124	0.015542
0.165106	0.015464
0.166089	0.015381
0.167072	0.015299
0.168055	0.015218
0.169037	0.015134
0.170020	0.015051
0.171003	0.014969
0.171986	0.014883
0.172969	0.014798
0.173951	0.014712
0.174934	0.014624
0.175917	0.014540
0.176900	0.014452
0.177882	0.014364
0.178865	0.014274
0.179848	0.014184
0.180831	0.014096
0.181813	0.014002
0.182796	0.013912
0.183779	0.013822
0.184762	0.013729
0.185745	0.013635
0.186727	0.013543
0.187710	0.013448
0.188693	0.013350
0.189676	0.013257
0.190658	0.013159
0.191641	0.013062
0.192624	0.012964
0.193607	0.012867
0.194590	0.012766
0.195572	0.012666
0.196555	0.012565
0.197538	0.012464
0.198521	0.012361
0.199503	0.012258
0.200486	0.012155
0.201469	0.012050
0.202452	0.011945
0.203435	0.011838
0.204417	0.011732
0.205400	0.011623
0.206383	0.011516
0.207366	0.011407
0.208348	0.011297
0.209331	0.011186
0.210314	0.011074
0.211297	0.010963
0.212280	0.010849
0.213262	0.010735
0.214245	0.010621
0.215228	0.010504
0.216211	0.010388
0.217193	0.010270
0.218176	0.010152
0.219159	0.010034
0.220142	0.009914
0.221125	0.009793
0.222107	0.009671
0.223090	0.009549
0.224073	0.009425
0.225056	0.009300
0.226038	0.009174
0.227021	0.009049
0.228004	0.008921
0.228987	0.008792
0.229969	0.008665
0.230952	0.008534
0.231935	0.008402
0.232918	0.008271
0.233901	0.008140
0.234883	0.008005
0.235866	0.007872
0.236849	0.007736
0.237832	0.007599
0.238814	0.007462
0.239797	0.007325
0.240780	0.007185
0.241763	0.007046
0.242746	0.006904
0.243728	0.006761
0.244711	0.006621
0.245694	0.006475
0.246677	0.006330
0.247659	0.006186
0.248642	0.006040
0.249625	0.005894
0.250608	0.005744
0.251591	0.005596
0.252573	0.005446
0.253556	0.005296
0.254539	0.005145
0.255522	0.004993
0.256504	0.004839
0.257487	0.004686
0.258470	0.004532
0.259453	0.004378
0.260436	0.004223
0.261418	0.004065
0.262401	0.003910
0.263384	0.003751
0.264367	0.003591
0.265349	0.003434
0.266332	0.003275
0.267315	0.003114
0.268298	0.002954
0.269281	0.002793
0.270263	0.002632
0.271246	0.002469
0.272229	0.002306
0.273212	0.002143
0.274194	0.001980
0.275177	0.001815
0.276160	0.001654
0.277143	0.001489
0.278125	0.001323
0.279108	0.001158
0.280091	0.000993
0.281074	0.000828
0.282057	0.000663
0.283039	0.000496
0.284022	0.000332
0.285005	0.000167
0.285988	-0.000000
0.286962	0.000330
0.287937	0.000494
0.288912	0.000659
0.289887	0.000827
0.290862	0.000993
0.291836	0.001157
0.292811	0.001324
0.293786	0.001493
0.294761	0.001661
0.295736	0.001829
0.296710	0.001998
0.297685	0.002170
0.298660	0.002339
0.299635	0.002510
0.300610	0.002680
0.301584	0.002854
0.302559	0.003027
0.303534	0.003201
0.304509	0.003376
0.305484	0.003553
0.306458	0.003731
0.307433	0.003909
0.308408	0.004089
0.309383	0.004267
0.310357	0.004450
0.311332	0.004634
0.312307	0.004817
0.313282	0.005004
0.314257	0.005190
0.315231	0.005376
0.316206	0.005567
0.317181	0.005758
0.318156	0.005952
0.319131	0.006146
0.320105	0.006343
0.321080	0.006540
0.322055	0.006740
0.323030	0.006943
0.324005	0.007148
0.324979	0.007356
0.325954	0.007564
0.326929	0.007775
0.327904	0.007988
0.328879	0.008204
0.329853	0.008425
0.330828	0.008647
0.331803	0.008873
0.332778	0.009099
0.333753	0.009333
0.334727	0.009569
0.335702	0.009806
0.336677	0.010050
0.337652	0.010298
0.338626	0.010549
0.339601	0.010805
0.340576	0.011066
0.341551	0.011331
0.342526	0.011602
0.343500	0.011881
0.344475	0.012163
0.345450	0.012453
0.346425	0.012749
0.347400	0.013052
0.348374	0.013362
0.349349	0.013684
0.350324	0.014013
0.351299	0.014351
0.352274	0.014702
0.353248	0.015061
0.354223	0.015435
0.355198	0.015818
0.356173	0.016220
0.357148	0.016637
0.358122	0.017070
0.359097	0.017523
0.360072	0.017998
0.361047	0.018495
0.362021	0.019018
0.362996	0.019571
0.363971	0.020159
0.364946	0.020783
0.365921	0.021455
0.366895	0.022173
0.367870	0.022953
0.368845	0.023803
0.369820	0.024734
0.370795	0.025771
0.371769	0.026935
0.372744	0.028260
0.373719	0.029796
0.374694	0.031616
0.375669	0.033836
0.376643	0.036652
0.377618	0.040430
0.378593	0.045908
0.379568	0.054827
0.380543	0.071840
0.381517	0.111231
0.382492	0.150948
0.383475	0.152060
0.384458	0.124016
0.385440	0.105156
0.386423	0.092662
0.387406	0.084012
0.388389	0.077694
0.389372	0.072854
0.390354	0.068999
0.391337	0.065826
0.392320	0.063154
0.393303	0.060858
0.394285	0.058849
0.395268	0.057071
0.396251	0.055478
0.397234	0.054040
0.398217	0.052727
0.399199	0.051522
0.400182	0.050407
0.401165	0.049376
0.402148	0.048410
0.403130	0.047506
0.404113	0.046658
0.405096	0.045857
0.406079	0.045097
0.407061	0.044375
0.408044	0.043689
0.409027	0.043032
0.410010	0.042407
0.410993	0.041804
0.411975	0.041228
0.412958	0.040673
0.413941	0.040140
0.414924	0.039624
0.415906	0.039128
0.416889	0.038644
0.417872	0.038179
0.418855	0.037726
0.419838	0.037286
0.420820	0.036860
0.421803	0.036444
0.422786	0.036039
0.423769	0.035648
0.424751	0.035265
0.425734	0.034890
0.426717	0.034525
0.427700	0.034168
0.428683	0.033817
0.429665	0.033478
0.430648	0.033141
0.431631	0.032816
0.432614	0.032494
0.433596	0.032181
0.434579	0.031872
0.435562	0.031569
0.436545	0.031271
0.437528	0.030982
0.438510	0.030694
0.439493	0.030412
0.440476	0.030137
0.441459	0.029863
0.442441	0.029595
0.443424	0.029332
0.444407	0.029073
0.445390	0.028821
0.446373	0.028568
0.447355	0.028318
0.448338	0.028076
0.449321	0.027835
0.450304	0.027598
0.451286	0.027365
0.452269	0.027134
0.453252	0.026906
0.454235	0.026681
0.455217	0.026459
0.456200	0.026242
0.457183	0.026026
0.458166	0.025813
0.459149	0.025602
0.460131	0.025393
0.461114	0.025188
0.462097	0.024986
0.463080	0.024786
0.464062	0.024588
0.465045	0.024392
0.466028	0.024196
0.467011	0.024005
0.467994	0.023815
0.468976	0.023628
0.469959	0.023443
0.470942	0.023260
0.471925	0.023077
0.472907	0.022899
0.473890	0.022723
0.474873	0.022546
0.475856	0.022372
0.476839	0.022200
0.477821	0.022031
0.478804	0.021863
0.479787	0.021695
0.480770	0.021530
0.481752	0.021367
0.482735	0.021206
0.483718	0.021045
0.484701	0.020886
0.485684	0.020729
0.486666	0.020573
0.487649	0.020418
0.488632	0.020266
0.489615	0.020115
0.490597	0.019963
0.491580	0.019815
0.492563	0.019667
0.493546	0.019521
0.494529	0.019378
0.495511	0.019234
0.496494	0.019093
0.497477	0.018951
0.498460	0.018812
0.499442	0.018675
0.500425	0.018536
0.501408	0.018401
0.502391	0.018266
0.503374	0.018133
0.504356	0.018000
0.505339	0.017867
0.506322	0.017737
0.507305	0.017608
0.508287	0.017480
0.509270	0.017354
0.510253	0.017228
0.511236	0.017104
0.512218	0.016982
0.513201	0.016858
0.514184	0.016736
0.515167	0.016616
0.516150	0.016496
0.517132	0.016374
0.518115	0.016259
0.519098	0.016142
0.520081	0.016026
0.521063	0.015911
0.522046	0.015798
0.523029	0.015685
0.524012	0.015571
0.524995	0.015460
0.525977	0.015349
0.526960	0.015238
0.527943	0.015132
0.528926	0.015023
0.529908	0.014916
0.530891	0.014810
0.531874	0.014705
0.532857	0.014599
0.533840	0.014498
0.534822	0.014392
0.535805	0.014292
0.536788	0.014192
0.537771	0.014092
0.538753	0.013991
0.539736	0.013891
0.540719	0.013793
0.541702	0.013695
0.542685	0.013597
0.543667	0.013502
0.544650	0.013408
0.545633	0.013312
0.546616	0.013221
0.547598	0.013127
0.548581	0.013034
0.549564	0.012942
0.550547	0.012851
0.551530	0.012762
0.552512	0.012670
0.553495	0.012581
0.554478	0.012492
0.555461	0.012405
0.556443	0.012318
0.557426	0.012231
0.558409	0.012146
0.559392	0.012061
0.560374	0.011976
0.561357	0.011893
0.562340	0.011809
0.563323	0.011726
0.564306	0.011645
0.565288	0.011563
0.566271	0.011482
0.567254	0.011402
0.568237	0.011323
0.569219	0.011243
0.570202	0.011164
0.571185	0.011086
0.572168	0.011010
0.573151	0.010934
0.574133	0.010858
0.575116	0.010779
0.576099	0.010705
0.577082	0.010629
0.578064	0.010557
0.579047	0.010483
0.580030	0.010409
0.581013	0.010340
0.581996	0.010268
0.582978	0.010194
0.583961	0.010124
0.584944	0.010054
0.585927	0.009983
0.586909	0.009915
0.587892	0.009846
0.588875	0.009778
0.589858	0.009708
0.590841	0.009641
0.591823	0.009576
0.592806	0.009508
0.593789	0.009441
0.594772	0.009375
0.595754	0.009312
0.596737	0.009247
0.597720	0.009184
0.598703	0.009119
0.599686	0.009056
0.600668	0.008992
0.601651	0.008932
0.602634	0.008868
0.603617	0.008807
0.604599	0.008747
0.605582	0.008686
0.606565	0.008625
0.607548	0.008564
0.608530	0.008507
0.609513	0.008446
0.610496	0.008390
0.611479	0.008331
0.612462	0.008272
0.613444	0.008216
0.614427	0.008159
0.615410	0.008102
0.616393	0.008046
0.617375	0.007991
0.618358	0.007935
0.619341	0.007880
0.620324	0.007826
0.621307	0.007772
0.622289	0.007719
0.623272	0.007665
0.624255	0.007611
0.625238	0.007558
0.626220	0.007506
0.627203	0.007454
0.628186	0.007404
0.629169	0.007354
0.630152	0.007301
0.631134	0.007251
0.632117	0.007201
0.633100	0.007151
0.634083	0.007101
0.635065	0.007053
0.636048	0.007003
0.637031	0.006955
0.638014	0.006910
0.638997	0.006862
0.639979	0.006814
0.640962	0.006766
0.641945	0.006718
0.642928	0.006673
0.643910	0.006627
0.644893	0.006581
0.645876	0.006538
0.646859	0.006492
0.647842	0.006446
0.648824	0.006400
0.649807	0.006359
0.650790	0.006313
0.651773	0.006270
0.652755	0.006226
0.653738	0.006183
0.654721	0.006142
0.655704	0.006100
0.656686	0.006057
0.657669	0.006015
0.658652	0.005972
0.659635	0.005933
0.660618	0.005891
0.661600	0.005850
0.662583	0.005811
0.663566	0.005769
0.664549	0.005730
0.665531	0.005691
0.666514	0.005650
0.667497	0.005613
0.668480	0.005573
0.669463	0.005534
0.670445	0.005495
0.671428	0.005460
0.672411	0.005421
0.673394	0.005382
0.674376	0.005347
0.675359	0.005308
0.676342	0.005273
0.677325	0.005236
0.678308	0.005201
0.679290	0.005164
0.680273	0.005130
0.681256	0.005095
0.682239	0.005060
0.683221	0.005023
0.684204	0.004988
0.685187	0.004955
0.686170	0.004921
0.687153	0.004886
0.688135	0.004853
0.689118	0.004818
0.690101	0.004786
0.691084	0.004753
0.692066	0.004720
0.693049	0.004688
0.694032	0.004655
0.695015	0.004622
0.695998	0.004592
0.696980	0.004559
0.697963	0.004527
0.698946	0.004496
0.699929	0.004466
0.700911	0.004435
0.701894	0.004403
0.702877	0.004374
0.703860	0.004344
0.704842	0.004313
0.705825	0.004283
0.706808	0.004255
0.707791	0.004226
0.708774	0.004196
0.709756	0.004165
0.710739	0.004137
0.711722	0.004109
0.712705	0.004081
0.713687	0.004052
0.714670	0.004024
0.715653	0.003996
0.716636	0.003967
0.717619	0.003941
0.718601	0.003915
0.719584	0.003887
0.720567	0.003861
0.721550	0.003835
0.722532	0.003806
0.723515	0.003780
0.724498	0.003754
0.725481	0.003728
0.726464	0.003702
0.727446	0.003676
0.728429	0.003652
0.729412	0.003628
0.730395	0.003602
0.731377	0.003578
0.732360	0.003552
0.733343	0.003526
0.734326	0.003502
0.735309	0.003478
0.736291	0.003454
0.737274	0.003430
0.738257	0.003406
0.739240	0.003382
0.740222	0.003358
0.741205	0.003336
0.742188	0.003312
0.743171	0.003291
0.744154	0.003267
0.745136	0.003245
0.746119	0.003221
0.747102	0.003199
0.748085	0.003177
0.749067	0.003156
0.750050	0.003134
0.751033	0.003112
0.752016	0.003090
0.752999	0.003069
0.753981	0.003047
0.754964	0.003027
0.755947	0.003003
0.756930	0.002984
0.757912	0.002964
0.758895	0.002942
0.759878	0.002923
0.760861	0.002903
0.761843	0.002881
0.762826	0.002860
0.763809	0.002840
0.764792	0.002820
0.765775	0.002801
0.766757	0.002781
0.767740	0.002762
0.768723	0.002744
0.769706	0.002725
0.770688	0.002705
0.771671	0.002688
0.772654	0.002668
0.773637	0.002651
0.774620	0.002629
0.775602	0.002614
0.776585	0.002594
0.777568	0.002577
0.778551	0.002557
0.779533	0.002540
0.780516	0.002522
0.781499	0.002505
0.782482	0.002488
0.783465	0.002470
0.784447	0.002453
0.785430	0.002435
0.786413	0.002418
0.787396	0.002400
0.788378	0.002385
0.789361	0.002368
0.790344	0.002353
0.791327	0.002335
0.792310	0.002320
0.793292	0.002303
0.794275	0.002285
0.795258	0.002270
0.796241	0.002252
0.797223	0.002237
0.798206	0.002222
0.799189	0.002207
0.800172	0.002192
0.801155	0.002176
0.802137	0.002159
0.803120	0.002146
0.804103	0.002128
0.805086	0.002113
0.806068	0.002100
0.807051	0.002085
0.808034	0.002070
0.809017	0.002057
0.809999	0.002041
0.810982	0.002026
0.811965	0.002011
0.812948	0.001998
0.813931	0.001985
0.814913	0.001970
0.815896	0.001954
0.816879	0.001941
0.817862	0.001928
0.818844	0.001913
0.819827	0.001900
0.820810	0.001885
0.821793	0.001872
0.822776	0.001859
0.823758	0.001848
0.824741	0.001832
0.825724	0.001819
0.826707	0.001806
0.827689	0.001793
0.828672	0.001782
0.829655	0.001769
0.830638	0.001756
0.831621	0.001745
0.832603	0.001730
0.833586	0.001719
0.834569	0.001706
0.835552	0.001693
0.836534	0.001682
0.837517	0.001669
0.838500	0.001658
0.839483	0.001645
0.840466	0.001634
0.841448	0.001624
0.842431	0.001610
0.843414	0.001597
0.844397	0.001587
0.845379	0.001576
0.846362	0.001565
0.847345	0.001554
0.848328	0.001541
0.849311	0.001530
0.850293	0.001519
0.851276	0.001508
0.852259	0.001497
0.853242	0.001486
0.854224	0.001476
0.855207	0.001465
0.856190	0.001454
0.857173	0.001445
0.858155	0.001432
0.859138	0.001423
0.860121	0.001410
0.861104	0.001402
0.862087	0.001391
0.863069	0.001382
0.864052	0.001371
0.865035	0.001360
0.866018	0.001349
0.867000	0.001341
0.867983	0.001332
0.868966	0.001321
0.869949	0.001312
0.870932	0.001301
0.871914	0.001293
0.872897	0.001282
0.873880	0.001273
0.874863	0.001264
0.875845	0.001256
0.876828	0.001245
0.877811	0.001234
0.878794	0.001225
0.879777	0.001217
0.880759	0.001206
0.881742	0.001199
0.882725	0.001188
0.883708	0.001180
0.884690	0.001171
0.885673	0.001162
0.886656	0.001153
0.887639	0.001145
0.888622	0.001136
0.889604	0.001129
0.890587	0.001119
0.891570	0.001110
0.892553	0.001101
0.893535	0.001092
0.894518	0.001086
0.895501	0.001077
0.896484	0.001069
0.897467	0.001060
0.898449	0.001051
0.899432	0.001045
0.900415	0.001036
0.901398	0.001027
0.902380	0.001021
0.903363	0.001012
0.904346	0.001005
0.905329	0.000997
0.906311	0.000990
0.907294	0.000979
0.908277	0.000973
0.909260	0.000966
0.910243	0.000958
0.911225	0.000949
0.912208	0.000942
0.913191	0.000936
0.914174	0.000927
0.915156	0.000918
0.916139	0.000914
0.917122	0.000905
0.918105	0.000899
0.919088	0.000890
0.920070	0.000886
0.921053	0.000877
0.922036	0.000871
0.923019	0.000862
0.924001	0.000855
0.924984	0.000849
0.925967	0.000840
0.926950	0.000836
0.927933	0.000827
0.928915	0.000823
0.929898	0.000816
0.930881	0.000807
0.931864	0.000801
0.932846	0.000794
0.933829	0.000788
0.934812	0.000781
0.935795	0.000775
0.936778	0.000768
0.937760	0.000762
0.938743	0.000755
0.939726	0.000749
0.940709	0.000742
0.941691	0.000736
0.942674	0.000729
0.943657	0.000723
0.944640	0.000718
0.945623	0.000712
0.946605	0.000705
0.947588	0.000699
0.948571	0.000692
0.949554	0.000686
0.950536	0.000681
0.951519	0.000675
0.952502	0.000668
0.953485	0.000662
0.954467	0.000655
0.955450	0.000651
0.956433	0.000644
0.957416	0.000640
0.958399	0.000633
0.959381	0.000627
0.960364	0.000622
0.961347	0.000616
0.962330	0.000612
0.963312	0.000603
0.964295	0.000598
0.965278	0.000592
0.966261	0.000588
0.967244	0.000581
0.968226	0.000577
0.969209	0.000570
0.970192	0.000566
0.971175	0.000559
0.972157	0.000555
0.973140	0.000548
0.974123	0.000544
0.975106	0.000538
0.976089	0.000533
0.977071	0.000529
0.978054	0.000522
0.979037	0.000518
0.980020	0.000514
0.981002	0.000507
0.981985	0.000501
0.982968	0.000496
0.983951	0.000492
0.984934	0.000485
0.985916	0.000481
0.986899	0.000477
0.987882	0.000472
0.988865	0.000466
0.989847	0.000461
0.990830	0.000457
0.991813	0.000453
0.992796	0.000448
0.993779	0.000442
0.994761	0.000435
0.995744	0.000433
0.996727	0.000429
0.997710	0.000424
0.998692	0.000420
0.999675	0.000413
1.000658	0.000407
1.001641	0.000405
1.002624	0.000400
1.003606	0.000396
1.004589	0.000390
1.005572	0.000385
1.006555	0.000381
1.007537	0.000376
1.008520	0.000370
1.009503	0.000368
1.010486	0.000363
1.011468	0.000357
1.012451	0.000353
1.013434	0.000348
1.014417	0.000344
1.015400	0.000340
1.016382	0.000335
1.017365	0.000331
1.018348	0.000326
1.019331	0.000322
1.020313	0.000316
1.021296	0.000313
1.022279	0.000309
1.023262	0.000305
1.024245	0.000300
1.025227	0.000296
1.026210	0.000292
1.027193	0.000287
1.028176	0.000283
1.029158	0.000279
1.030141	0.000274
1.031124	0.000270
1.032107	0.000266
1.033090	0.000261
1.034072	0.000257
1.035055	0.000252
1.036038	0.000248
1.037021	0.000244
1.038003	0.000239
1.038986	0.000235
1.039969	0.000231
1.040952	0.000226
1.041935	0.000222
1.042917	0.000220
1.043900	0.000215
1.044883	0.000211
1.045866	0.000209
1.046848	0.000202
1.047831	0.000200
1.048814	0.000194
1.049797	0.000192
1.050780	0.000187
1.051762	0.000183
1.052745	0.000178
1.053728	0.000174
1.054711	0.000170
1.055693	0.000165
1.056676	0.000163
1.057659	0.000159
1.058642	0.000157
1.059624	0.000150
1.060607	0.000146
1.061590	0.000144
1.062573	0.000139
1.063556	0.000135
1.064538	0.000131
1.065521	0.000128
1.066504	0.000122
1.067487	0.000120
1.068469	0.000115
1.069452	0.000113
1.070435	0.000107
1.071418	0.000104
1.072401	0.000100
1.073383	0.000096
1.074366	0.000091
1.075349	0.000089
1.076332	0.000085
1.077314	0.000081
1.078297	0.000076
1.079280	0.000072
1.080263	0.000067
1.081246	0.000065
1.082228	0.000061
1.083211	0.000059
1.084194	0.000054
1.085177	0.000050
1.086159	0.000046
1.087142	0.000044
1.088125	0.000037
1.089108	0.000035
1.090091	0.000030
1.091073	0.000026
1.092056	0.000024
1.093039	0.000017
1.094022	0.000015
1.095004	0.000011
1.095987	0.000009
1.096970	0.000004
1.097945	0.000006
1.098920	0.000009
1.099894	0.000009
1.100869	0.000011
1.101844	0.000013
1.102819	0.000015
1.103794	0.000015
1.104768	0.000018
1.105743	0.000022
1.106718	0.000024
1.107693	0.000024
1.108667	0.000026
1.109642	0.000029
1.110617	0.000029
1.111592	0.000033
1.112567	0.000035
1.113541	0.000036
1.114516	0.000038
1.115491	0.000040
1.116466	0.000042
1.117441	0.000043
1.118415	0.000045
1.119390	0.000049
1.120365	0.000049
1.121340	0.000052
1.122315	0.000054
1.123289	0.000054
1.124264	0.000057
1.125239	0.000059
1.126214	0.000061
1.127189	0.000064
1.128163	0.000064
1.129138	0.000069
1.130113	0.000069
1.131088	0.000073
1.132062	0.000076
1.133037	0.000076
1.134012	0.000078
1.134987	0.000081
1.135962	0.000081
1.136936	0.000083
1.137911	0.000084
1.138886	0.000086
1.139861	0.000091
1.140836	0.000093
1.141810	0.000093
1.142785	0.000096
1.143760	0.000098
1.144735	0.000099
1.145710	0.000101
1.146684	0.000104
1.147659	0.000104
1.148634	0.000109
1.149609	0.000109
1.150584	0.000109
1.151558	0.000114
1.152533	0.000117
1.153508	0.000117
1.154483	0.000120
1.155457	0.000120
1.156432	0.000122
1.157407	0.000125
1.158382	0.000125
1.159357	0.000128
1.160331	0.000131
1.161306	0.000131
1.162281	0.000133
1.163256	0.000136
1.164231	0.000136
1.165205	0.000139
1.166180	0.000144
1.167155	0.000142
1.168130	0.000147
1.169105	0.000147
1.170079	0.000148
1.171054	0.000150
1.172029	0.000151
1.173004	0.000156
1.173979	0.000159
1.174953	0.000159
1.175928	0.000162
1.176903	0.000162
1.177878	0.000165
1.178852	0.000168
1.179827	0.000171
1.180802	0.000168
1.181777	0.000171
1.182752	0.000174
1.183726	0.000177
1.184701	0.000177
1.185676	0.000180
1.186651	0.000181
1.187626	0.000181
1.188600	0.000184
1.189575	0.000187
1.190550	0.000187
1.191525	0.000190
1.192500	0.000193
1.193474	0.000193
1.194449	0.000196
1.195424	0.000197
1.196399	0.000200
1.197374	0.000203
1.198348	0.000203
1.199323	0.000206
1.200298	0.000206
1.201273	0.000209
1.202247	0.000210
1.203222	0.000213
1.204197	0.000213
1.205172	0.000216
1.206147	0.000219
1.207121	0.000220
1.208096	0.000220
1.209071	0.000221
1.210046	0.000224
1.211021	0.000224
1.211995	0.000228
1.212970	0.000228
1.213945	0.000231
1.214920	0.000232
1.215895	0.000235
1.216869	0.000235
1.217844	0.000238
1.218819	0.000242
1.219794	0.000242
1.220769	0.000245
1.221743	0.000243
1.222718	0.000246
1.223693	0.000247
1.224668	0.000250
1.225643	0.000251
1.226617	0.000254
1.227592	0.000254
1.228567	0.000255
1.229542	0.000258
1.230516	0.000259
1.231491	0.000262
1.232466	0.000263
1.233441	0.000263
1.234416	0.000264
1.235390	0.000267
1.236365	0.000268
1.237340	0.000268
1.238315	0.000272
1.239290	0.000275
1.240264	0.000276
1.241239	0.000276
1.242214	0.000280
1.243189	0.000280
1.244164	0.000281
1.245138	0.000282
1.246113	0.000282
1.247088	0.000286
1.248063	0.000286
1.249038	0.000287
1.250012	0.000291
1.250987	0.000291
1.251962	0.000292
1.252937	0.000293
1.253911	0.000296
1.254886	0.000297
1.255861	0.000297
1.256836	0.000298
1.257811	0.000299
1.258785	0.000299
1.259760	0.000303
1.260735	0.000304
1.261710	0.000307
1.262685	0.000305
1.263659	0.000309
1.264634	0.000310
1.265609	0.000310
1.266584	0.000311
1.267559	0.000315
1.268533	0.000312
1.269508	0.000316
1.270483	0.000317
1.271458	0.000318
1.272433	0.000321
1.273407	0.000322
1.274382	0.000323
1.275357	0.000324
1.276332	0.000321
1.277306	0.000325
1.278281	0.000326
1.279256	0.000327
1.280231	0.000331
1.281206	0.000331
1.282180	0.000332
1.283155	0.000333
1.284130	0.000334
1.285105	0.000331
1.286080	0.000338
1.287054	0.000339
1.288029	0.000337
1.289004	0.000341
1.289979	0.000339
1.290954	0.000339
1.291928	0.000343
1.292903	0.000344
1.293878	0.000345
1.294853	0.000343
1.295828	0.000344
1.296802	0.000348
1.297777	0.000348
1.298752	0.000349
1.299727	0.000350
1.300701	0.000348
1.301676	0.000352
1.302651	0.000353
1.303626	0.000354
1.304601	0.000355
1.305575	0.000352
1.306550	0.000353
1.307525	0.000357
1.308500	0.000355
1.309475	0.000359
1.310449	0.000357
1.311424	0.000358
1.312399	0.000358
1.313374	0.000363
1.314349	0.000364
1.315323	0.000361
1.316298	0.000362
1.317273	0.000363
1.318248	0.000364
1.319223	0.000365
1.320197	0.000366
1.321172	0.000367
1.322147	0.000368
1.323122	0.000369
1.324096	0.000370
1.325071	0.000371
1.326046	0.000368
1.327021	0.000369
1.327996	0.000367
1.328970	0.000368
1.329945	0.000369
1.330920	0.000370
1.331895	0.000374
1.332870	0.000375
1.333844	0.000373
1.334819	0.000377
1.335794	0.000375
1.336769	0.000376
1.337744	0.000373
1.338718	0.000378
1.339693	0.000375
1.340668	0.000376
1.341643	0.000374
1.342618	0.000378
1.343592	0.000379
1.344567	0.000377
1.345542	0.000378
1.346517	0.000379
1.347492	0.000380
1.348466	0.000377
1.349441	0.000382
1.350416	0.000379
1.351391	0.000380
1.352365	0.000382
1.353340	0.000379
1.354315	0.000380
1.355290	0.000381
1.356265	0.000382
1.357239	0.000383
1.358214	0.000384
1.359189	0.000382
1.360164	0.000383
1.361139	0.000384
1.362113	0.000381
1.363088	0.000382
1.364063	0.000379
1.365038	0.000381
1.366013	0.000382
1.366987	0.000379
1.367962	0.000380
1.368937	0.000381
1.369912	0.000378
1.370887	0.000379
1.371861	0.000381
1.372836	0.000378
1.373811	0.000379
1.374786	0.000380
1.375760	0.000377
1.376735	0.000382
1.377710	0.000380
1.378685	0.000381
1.379660	0.000378
1.380634	0.000379
1.381609	0.000380
1.382584	0.000381
1.383559	0.000378
1.384534	0.000380
1.385508	0.000377
1.386483	0.000382
1.387458	0.000379
1.388433	0.000380
1.389408	0.000377
1.390382	0.000374
1.391357	0.000375
1.392332	0.000377
1.393307	0.000373
1.394282	0.000379
1.395256	0.000376
1.396231	0.000377
1.397206	0.000374
1.398181	0.000375
1.399155	0.000377
1.400130	0.000373
1.401105	0.000370
1.402080	0.000371
1.403055	0.000373
1.404029	0.000370
1.405004	0.000371
1.405979	0.000368
1.406954	0.000369
1.407929	0.000366
1.408903	0.000367
1.409878	0.000364
1.410853	0.000369
1.411828	0.000366
1.412803	0.000367
1.413777	0.000364
1.414752	0.000365
1.415727	0.000367
1.416702	0.000363
1.417677	0.000364
1.418651	0.000361
1.419626	0.000362
1.420601	0.000364
1.421576	0.000360
1.422550	0.000357
1.423525	0.000353
1.424500	0.000359
1.425475	0.000356
1.426450	0.000352
1.427424	0.000354
1.428399	0.000350
1.429374	0.000351
1.430349	0.000353
1.431324	0.000349
1.432298	0.000345
1.433273	0.000347
1.434248	0.000348
1.435223	0.000344
1.436198	0.000346
1.437172	0.000342
1.438147	0.000343
1.439122	0.000339
1.440097	0.000341
1.441072	0.000337
1.442046	0.000338
1.443021	0.000334
1.443996	0.000336
1.444971	0.000332
1.445946	0.000328
1.446920	0.000334
1.447895	0.000331
1.448870	0.000332
1.449845	0.000328
1.450819	0.000329
1.451794	0.000325
1.452769	0.000327
1.453744	0.000323
1.454719	0.000324
1.455693	0.000320
1.456668	0.000321
1.457643	0.000317
1.458618	0.000313
1.459593	0.000314
1.460567	0.000315
1.461542	0.000306
1.462517	0.000312
1.463492	0.000308
1.464467	0.000304
1.465441	0.000305
1.466416	0.000306
1.467391	0.000302
1.468366	0.000298
1.469341	0.000299
1.470315	0.000300
1.471290	0.000302
1.472265	0.000297
1.473240	0.000293
1.474214	0.000294
1.475189	0.000289
1.476164	0.000285
1.477139	0.000286
1.478114	0.000287
1.479088	0.000283
1.480063	0.000284
1.481038	0.000279
1.482013	0.000280
1.482988	0.000282
1.483962	0.000277
1.484937	0.000278
1.485912	0.000273
1.486887	0.000268
1.487862	0.000263
1.488836	0.000271
1.489811	0.000259
1.490786	0.000261
1.491761	0.000262
1.492736	0.000257
1.493710	0.000258
1.494685	0.000259
1.495660	0.000254
1.496635	0.000251
1.497609	0.000249
1.498584	0.000247
1.499559	0.000245
1.500534	0.000243
1.501509	0.000241
1.502483	0.000238
1.503458	0.000237
1.504433	0.000234
1.505408	0.000232
1.506383	0.000230
1.507357	0.000228
1.508332	0.000226
1.509307	0.000224
1.510282	0.000222
1.511257	0.000219
1.512231	0.000217
1.513206	0.000215
1.514181	0.000213
1.515156	0.000210
1.516131	0.000209
1.517105	0.000206
1.518080	0.000204
1.519055	0.000201
1.520030	0.000199
1.521004	0.000196
1.521979	0.000194
1.522954	0.000192
1.523929	0.000190
1.524904	0.000187
1.525878	0.000185
1.526853	0.000182
1.527828	0.000180
1.528803	0.000178
1.529778	0.000175
1.530752	0.000173
1.531727	0.000170
1.532702	0.000168
1.533677	0.000165
1.534652	0.000162
1.535626	0.000160
1.536601	0.000157
1.537576	0.000155
1.538551	0.000151
1.539526	0.000150
1.540500	0.000147
1.541475	0.000144
1.542450	0.000141
1.543425	0.000138
1.544399	0.000135
1.545374	0.000132
1.546349	0.000130
1.547324	0.000127
1.548299	0.000123
1.549273	0.000122
1.550248	0.000119
1.551223	0.000115
1.552198	0.000112
1.553173	0.000109
1.554147	0.000107
1.555122	0.000103
1.556097	0.000100
1.557072	0.000098
1.558047	0.000095
1.559021	0.000092
1.559996	0.000088
1.560971	0.000086
1.561946	0.000083
1.562921	0.000079
1.563895	0.000076
1.564870	0.000073
1.565845	0.000070
1.566820	0.000066
1.567795	0.000063
1.568769	0.000060
1.569744	0.000056
1.570719	0.000052
1.571694	0.000051
1.572668	0.000047
1.573643	0.000043
1.574618	0.000039
1.575593	0.000036
1.576568	0.000033
1.577542	0.000030
1.578517	0.000026
1.579492	0.000021
1.580467	0.000018
1.581442	0.000015
1.582416	0.000012
1.583391	0.000007
1.584366	0.000004
1.585349	0.000007
1.586332	0.000012
1.587314	0.000016
1.588297	0.000019
1.589280	0.000023
1.590263	0.000028
1.591245	0.000031
1.592228	0.000035
1.593211	0.000038
1.594194	0.000042
1.595176	0.000045
1.596159	0.000050
1.597142	0.000054
1.598125	0.000057
1.599108	0.000061
1.600090	0.000066
1.601073	0.000069
1.602056	0.000073
1.603039	0.000078
1.604021	0.000081
1.605004	0.000085
1.605987	0.000087
1.606970	0.000092
1.607953	0.000096
1.608935	0.000099
1.609918	0.000104
1.610901	0.000109
1.611884	0.000112
1.612866	0.000115
1.613849	0.000120
1.614832	0.000124
1.615815	0.000127
1.616798	0.000130
1.617780	0.000135
1.618763	0.000139
1.619746	0.000142
1.620729	0.000146
1.621711	0.000151
1.622694	0.000154
1.623677	0.000158
1.624660	0.000163
1.625643	0.000166
1.626625	0.000170
1.627608	0.000175
1.628591	0.000179
1.629574	0.000183
1.630556	0.000187
1.631539	0.000190
1.632522	0.000195
1.633505	0.000200
1.634488	0.000202
1.635470	0.000207
1.636453	0.000210
1.637436	0.000215
1.638419	0.000219
1.639401	0.000222
1.640384	0.000227
1.641367	0.000232
1.642350	0.000236
1.643333	0.000240
1.644315	0.000244
1.645298	0.000248
1.646281	0.000252
1.647264	0.000256
1.648246	0.000261
1.649229	0.000264
1.650212	0.000269
1.651195	0.000274
1.652177	0.000279
1.653160	0.000282
1.654143	0.000286
1.655126	0.000291
1.656109	0.000294
1.657091	0.000299
1.658074	0.000304
1.659057	0.000309
1.660040	0.000313
1.661022	0.000317
1.662005	0.000321
1.662988	0.000325
1.663971	0.000330
1.664954	0.000335
1.665936	0.000338
1.666919	0.000343
1.667902	0.000348
1.668885	0.000352
1.669867	0.000356
1.670850	0.000361
1.671833	0.000366
1.672816	0.000370
1.673799	0.000376
1.674781	0.000379
1.675764	0.000384
1.676747	0.000390
1.677730	0.000393
1.678712	0.000398
1.679695	0.000403
1.680678	0.000407
1.681661	0.000413
1.682644	0.000417
1.683626	0.000422
1.684609	0.000427
1.685592	0.000432
1.686575	0.000437
1.687557	0.000441
1.688540	0.000447
1.689523	0.000452
1.690506	0.000457
1.691489	0.000462
1.692471	0.000466
1.693454	0.000471
1.694437	0.000476
1.695420	0.000481
1.696402	0.000486
1.697385	0.000490
1.698368	0.000496
1.699351	0.000501
1.700333	0.000506
1.701316	0.000511
1.702299	0.000517
1.703282	0.000521
1.704265	0.000527
1.705247	0.000532
1.706230	0.000537
1.707213	0.000543
1.708196	0.000548
1.709178	0.000554
1.710161	0.000560
1.711144	0.000564
1.712127	0.000569
1.713110	0.000576
1.714092	0.000581
1.715075	0.000587
1.716058	0.000592
1.717041	0.000598
1.718023	0.000603
1.719006	0.000609
1.719989	0.000615
1.720972	0.000619
1.721955	0.000625
1.722937	0.000631
1.723920	0.000637
1.724903	0.000645
1.725886	0.000648
1.726868	0.000655
1.727851	0.000661
1.728834	0.000666
1.729817	0.000672
1.730800	0.000678
1.731782	0.000684
1.732765	0.000690
1.733748	0.000697
1.734731	0.000703
1.735713	0.000709
1.736696	0.000715
1.737679	0.000721
1.738662	0.000727
1.739645	0.000734
1.740627	0.000740
1.741610	0.000746
1.742593	0.000753
1.743576	0.000759
1.744558	0.000767
1.745541	0.000773
1.746524	0.000780
1.747507	0.000786
1.748489	0.000793
1.749472	0.000799
1.750455	0.000806
1.751438	0.000812
1.752421	0.000819
1.753403	0.000825
1.754386	0.000832
1.755369	0.000840
1.756352	0.000847
1.757334	0.000854
1.758317	0.000860
1.759300	0.000867
1.760283	0.000875
1.761266	0.000883
1.762248	0.000890
1.763231	0.000897
1.764214	0.000904
1.765197	0.000910
1.766179	0.000918
1.767162	0.000926
1.768145	0.000933
1.769128	0.000940
1.770111	0.000948
1.771093	0.000956
1.772076	0.000963
1.773059	0.000970
1.774042	0.000978
1.775024	0.000985
1.776007	0.000994
1.776990	0.001001
1.777973	0.001009
1.778956	0.001018
1.779938	0.001025
1.780921	0.001033
1.781904	0.001040
1.782887	0.001049
1.783869	0.001058
1.784852	0.001066
1.785835	0.001075
1.786818	0.001082
1.787801	0.001091
1.788783	0.001100
1.789766	0.001109
1.790749	0.001116
1.791732	0.001124
1.792714	0.001133
1.793697	0.001141
1.794680	0.001150
1.795663	0.001159
1.796645	0.001168
1.797628	0.001177
1.798611	0.001186
1.799594	0.001195
1.800577	0.001204
1.801559	0.001214
1.802542	0.001222
1.803525	0.001231
1.804508	0.001240
1.805490	0.001250
1.806473	0.001259
1.807456	0.001269
1.808439	0.001278
1.809422	0.001287
1.810404	0.001298
1.811387	0.001307
1.812370	0.001317
1.813353	0.001327
1.814335	0.001336
1.815318	0.001345
1.816301	0.001357
1.817284	0.001366
1.818267	0.001378
1.819249	0.001386
1.820232	0.001397
1.821215	0.001408
1.822198	0.001417
1.823180	0.001429
1.824163	0.001439
1.825146	0.001449
1.826129	0.001459
1.827112	0.001471
1.828094	0.001481
1.829077	0.001493
1.830060	0.001503
1.831043	0.001514
1.832025	0.001525
1.833008	0.001537
1.833991	0.001548
1.834974	0.001560
1.835957	0.001570
1.836939	0.001581
1.837922	0.001593
1.838905	0.001605
1.839888	0.001616
1.840870	0.001629
1.841853	0.001641
1.842836	0.001652
1.843819	0.001665
1.844801	0.001676
1.845784	0.001689
1.846767	0.001699
1.847750	0.001713
1.848733	0.001725
1.849715	0.001738
1.850698	0.001750
1.851681	0.001762
1.852664	0.001775
1.853646	0.001788
1.854629	0.001801
1.855612	0.001813
1.856595	0.001827
1.857578	0.001841
1.858560	0.001854
1.859543	0.001866
1.860526	0.001880
1.861509	0.001893
1.862491	0.001906
1.863474	0.001921
1.864457	0.001933
1.865440	0.001947
1.866423	0.001961
1.867405	0.001976
1.868388	0.001989
1.869371	0.002003
1.870354	0.002018
1.871336	0.002033
1.872319	0.002047
1.873302	0.002061
1.874285	0.002075
1.875268	0.002091
1.876250	0.002105
1.877233	0.002119
1.878216	0.002135
1.879199	0.002150
1.880181	0.002166
1.881164	0.002181
1.882147	0.002197
1.883130	0.002212
1.884113	0.002228
1.885095	0.002244
1.886078	0.002259
1.887061	0.002275
1.888044	0.002291
1.889026	0.002308
1.890009	0.002324
1.890992	0.002340
1.891975	0.002357
1.892958	0.002373
1.893940	0.002389
1.894923	0.002406
1.895906	0.002423
1.896889	0.002441
1.897871	0.002458
1.898854	0.002474
1.899837	0.002492
1.900820	0.002510
1.901802	0.002528
1.902785	0.002546
1.903768	0.002563
1.904751	0.002581
1.905734	0.002600
1.906716	0.002617
1.907699	0.002635
1.908682	0.002654
1.909665	0.002673
1.910647	0.002692
1.911630	0.002710
1.912613	0.002729
1.913596	0.002748
1.914579	0.002769
1.915561	0.002787
1.916544	0.002807
1.917527	0.002826
1.918510	0.002846
1.919492	0.002865
1.920475	0.002886
1.921458	0.002905
1.922441	0.002926
1.923424	0.002947
1.924406	0.002966
1.925389	0.002989
1.926372	0.003009
1.927355	0.003029
1.928337	0.003050
1.929320	0.003071
1.930303	0.003093
1.931286	0.003114
1.932269	0.003136
1.933251	0.003157
1.934234	0.003180
1.935217	0.003202
1.936200	0.003225
1.937182	0.003247
1.938165	0.003270
1.939148	0.003291
1.940131	0.003315
1.941114	0.003338
1.942096	0.003362
1.943079	0.003385
1.944062	0.003407
1.945045	0.003431
1.946027	0.003456
1.947010	0.003480
1.947993	0.003504
1.948976	0.003528
1.949958	0.003552
1.950941	0.003577
1.951924	0.003602
1.952907	0.003626
1.953890	0.003652
1.954872	0.003678
1.955855	0.003703
1.956838	0.003728
1.957821	0.003754
1.958803	0.003780
1.959786	0.003807
1.960769	0.003833
1.961752	0.003858
1.962735	0.003886
1.963717	0.003913
1.964700	0.003939
1.965683	0.003967
1.966666	0.003994
1.967648	0.004022
1.968631	0.004049
1.969614	0.004078
1.970597	0.004106
1.971580	0.004134
1.972562	0.004163
1.973545	0.004192
1.974528	0.004220
1.975511	0.004250
1.976493	0.004279
1.977476	0.004308
1.978459	0.004339
1.979442	0.004368
1.980425	0.004397
1.981407	0.004429
1.982390	0.004458
1.983373	0.004490
1.984356	0.004521
1.985338	0.004552
1.986321	0.004583
1.987304	0.004615
1.988287	0.004646
1.989270	0.004679
1.990252	0.004711
1.991235	0.004743
1.992218	0.004775
1.993201	0.004809
1.994183	0.004842
1.995166	0.004875
1.996149	0.004909
1.997132	0.004944
1.998114	0.004978
1.999097	0.005011
2.000080	0.005047
2.001063	0.005082
2.002046	0.005116
2.003028	0.005151
2.004011	0.005186
2.004994	0.005221
2.005977	0.005259
2.006959	0.005294
2.007942	0.005330
2.008925	0.005367
2.009908	0.005403
2.010891	0.005440
2.011873	0.005479
2.012856	0.005516
2.013839	0.005554
2.014822	0.005592
2.015804	0.005630
2.016787	0.005669
2.017770	0.005708
2.018753	0.005748
2.019736	0.005787
2.020718	0.005827
2.021701	0.005867
2.022684	0.005907
2.023667	0.005947
2.024649	0.005988
2.025632	0.006029
2.026615	0.006071
2.027598	0.006112
2.028581	0.006154
2.029563	0.006197
2.030546	0.006238
2.031529	0.006281
2.032512	0.006325
2.033494	0.006367
2.034477	0.006411
2.035460	0.006457
2.036443	0.006500
2.037426	0.006544
2.038408	0.006590
2.039391	0.006634
2.040374	0.006679
2.041357	0.006726
2.042339	0.006773
2.043322	0.006818
2.044305	0.006866
2.045288	0.006913
2.046270	0.006959
2.047253	0.007007
2.048236	0.007056
2.049219	0.007104
2.050202	0.007153
2.051184	0.007201
2.052167	0.007250
2.053150	0.007300
2.054133	0.007349
2.055115	0.007400
2.056098	0.007451
2.057081	0.007502
2.058064	0.007554
2.059047	0.007605
2.060029	0.007656
2.061012	0.007710
2.061995	0.007762
2.062978	0.007815
2.063960	0.007869
2.064943	0.007923
2.065926	0.007978
2.066909	0.008031
2.067892	0.008086
2.068874	0.008141
2.069857	0.008197
2.070840	0.008253
2.071823	0.008309
2.072805	0.008366
2.073788	0.008424
2.074771	0.008480
2.075754	0.008540
2.076737	0.008598
2.077719	0.008656
2.078702	0.008715
2.079685	0.008776
2.080668	0.008834
2.081650	0.008895
2.082633	0.008955
2.083616	0.009017
2.084599	0.009080
2.085582	0.009141
2.086564	0.009203
2.087547	0.009265
2.088530	0.009330
2.089513	0.009392
2.090495	0.009456
2.091478	0.009521
2.092461	0.009587
2.093444	0.009652
2.094426	0.009717
2.095409	0.009783
2.096392	0.009851
2.097375	0.009917
2.098358	0.009985
2.099340	0.010052
2.100323	0.010121
2.101306	0.010191
2.102289	0.010260
2.103271	0.010329
2.104254	0.010401
2.105237	0.010472
2.106220	0.010542
2.107203	0.010614
2.108185	0.010686
2.109168	0.010759
2.110151	0.010833
2.111134	0.010906
2.112116	0.010980
2.113099	0.011054
2.114082	0.011129
2.115065	0.011205
2.116048	0.011283
2.117030	0.011359
2.118013	0.011436
2.118996	0.011513
2.119979	0.011592
2.120961	0.011671
2.121944	0.011750
2.122927	0.011829
2.123910	0.011910
2.124893	0.011992
2.125875	0.012072
2.126858	0.012154
2.127841	0.012237
2.128824	0.012321
2.129806	0.012403
2.130789	0.012487
2.131772	0.012573
2.132755	0.012658
2.133738	0.012744
2.134720	0.012830
2.135703	0.012917
2.136686	0.013005
2.137669	0.013093
2.138651	0.013182
2.139634	0.013270
2.140617	0.013361
2.141600	0.013451
2.142583	0.013542
2.143565	0.013633
2.144548	0.013727
2.145531	0.013818
2.146514	0.013911
2.147496	0.014006
2.148479	0.014101
2.149462	0.014197
2.150445	0.014293
2.151427	0.014388
2.152410	0.014486
2.153393	0.014583
2.154376	0.014683
2.155359	0.014782
2.156341	0.014881
2.157324	0.014982
2.158307	0.015083
2.159290	0.015185
2.160272	0.015287
2.161255	0.015389
2.162238	0.015495
2.163221	0.015597
2.164204	0.015704
2.165186	0.015809
2.166169	0.015916
2.167152	0.016023
2.168135	0.016130
2.169117	0.016239
2.170100	0.016347
2.171083	0.016459
2.172066	0.016570
2.173049	0.016680
2.174031	0.016792
2.175014	0.016905
2.175997	0.017018
2.176980	0.017132
2.177962	0.017247
2.178945	0.017364
2.179928	0.017479
2.180911	0.017597
2.181894	0.017714
2.182876	0.017834
2.183859	0.017952
2.184842	0.018072
2.185825	0.018194
2.186807	0.018316
2.187790	0.018438
2.188773	0.018561
2.189756	0.018685
2.190739	0.018810
2.191721	0.018935
2.192704	0.019062
2.193687	0.019189
2.194670	0.019318
2.195652	0.019446
2.196635	0.019576
2.197618	0.019707
2.198601	0.019837
2.199583	0.019970
2.200566	0.020103
2.201549	0.020235
2.202532	0.020369
2.203515	0.020504
2.204497	0.020641
2.205480	0.020778
2.206463	0.020916
2.207446	0.021055
2.208428	0.021193
2.209411	0.021334
2.210394	0.021476
2.211377	0.021618
2.212360	0.021760
2.213342	0.021904
2.214325	0.022048
2.215308	0.022195
2.216291	0.022341
2.217273	0.022488
2.218256	0.022636
2.219239	0.022786
2.220222	0.022936
2.221205	0.023088
2.222187	0.023238
2.223170	0.023390
2.224153	0.023545
2.225136	0.023699
2.226118	0.023854
2.227101	0.024010
2.228084	0.024168
2.229067	0.024325
2.230050	0.024485
2.231032	0.024645
2.232015	0.024805
2.232998	0.024968
2.233981	0.025130
2.234963	0.025294
2.235946	0.025458
2.236929	0.025623
2.237912	0.025790
2.238895	0.025958
2.239877	0.026127
2.240860	0.026295
2.241843	0.026466
2.242826	0.026638
2.243808	0.026809
2.244791	0.026983
2.245774	0.027157
2.246757	0.027333
2.247739	0.027509
2.248722	0.027686
2.249705	0.027863
2.250688	0.028044
2.251671	0.028223
2.252653	0.028404
2.253636	0.028587
2.254619	0.028768
2.255602	0.028953
2.256584	0.029137
2.257567	0.029324
2.258550	0.029511
2.259533	0.029698
2.260516	0.029888
2.261498	0.030077
2.262481	0.030268
2.263464	0.030459
2.264447	0.030653
2.265429	0.030847
2.266412	0.031041
2.267395	0.031237
2.268378	0.031434
2.269361	0.031631
2.270343	0.031830
2.271326	0.032031
2.272309	0.032231
2.273292	0.032433
2.274274	0.032635
2.275257	0.032839
2.276240	0.033044
2.277223	0.033250
2.278206	0.033456
2.279188	0.033663
2.280171	0.033873
2.281154	0.034082
2.282137	0.034292
2.283119	0.034504
2.284102	0.034717
2.285085	0.034930
2.286068	0.035145
2.287051	0.035360
2.288033	0.035577
2.289016	0.035793
2.289999	0.036012
2.290982	0.036232
2.291964	0.036452
2.292947	0.036674
2.293930	0.036896
2.294913	0.037118
2.295895	0.037343
2.296878	0.037568
2.297861	0.037793
2.298844	0.038021
2.299827	0.038250
2.300809	0.038478
2.301792	0.038708
2.302775	0.038939
2.303758	0.039169
2.304740	0.039403
2.305723	0.039636
2.306706	0.039870
2.307689	0.040105
2.308672	0.040340
2.309654	0.040577
2.310637	0.040816
2.311620	0.041054
2.312603	0.041293
2.313585	0.041534
2.314568	0.041774
2.315551	0.042017
2.316534	0.042260
2.317517	0.042503
2.318499	0.042749
2.319482	0.042993
2.320465	0.043239
2.321448	0.043486
2.322430	0.043734
2.323413	0.043983
2.324396	0.044232
2.325379	0.044482
2.326362	0.044733
2.327344	0.044984
2.328327	0.045235
2.329310	0.045489
2.330293	0.045741
2.331275	0.045996
2.332258	0.046251
2.333241	0.046507
2.334224	0.046763
2.335207	0.047020
2.336189	0.047278
2.337172	0.047535
2.338155	0.047795
2.339138	0.048053
2.340120	0.048314
2.341103	0.048574
2.342086	0.048835
2.343069	0.049097
2.344051	0.049360
2.345034	0.049622
2.346017	0.049886
2.347000	0.050148
2.347983	0.050414
2.348965	0.050678
2.349948	0.050944
2.350931	0.051210
2.351914	0.051476
2.352896	0.051742
2.353879	0.052008
2.354862	0.052276
2.355845	0.052544
2.356828	0.052812
2.357810	0.053081
2.358793	0.053350
2.359776	0.053618
2.360759	0.053887
2.361741	0.054157
2.362724	0.054427
2.363707	0.054698
2.364690	0.054968
2.365673	0.055238
2.366655	0.055510
2.367638	0.055781
2.368621	0.056051
2.369604	0.056323
2.370586	0.056594
2.371569	0.056866
2.372552	0.057139
2.373535	0.057410
2.374518	0.057683
2.375500	0.057954
2.376483	0.058226
2.377466	0.058500
2.378449	0.058770
2.379431	0.059042
2.380414	0.059315
2.381397	0.059587
2.382380	0.059858
2.383363	0.060131
2.384345	0.060403
2.385328	0.060674
2.386311	0.060945
2.387294	0.061218
2.388276	0.061488
2.389259	0.061760
2.390242	0.062030
2.391225	0.062300
2.392208	0.062572
2.393190	0.062841
2.394173	0.063111
2.395156	0.063381
2.396139	0.063650
2.397121	0.063920
2.398104	0.064187
2.399087	0.064455
2.400070	0.064724
2.401052	0.064991
2.402035	0.065258
2.403018	0.065524
2.404001	0.065791
2.404984	0.066057
2.405966	0.066322
2.406949	0.066586
2.407932	0.066851
2.408915	0.067115
2.409897	0.067378
2.410880	0.067640
2.411863	0.067901
2.412846	0.068163
2.413829	0.068423
2.414811	0.068684
2.415794	0.068944
2.416777	0.069202
2.417760	0.069459
2.418742	0.069717
2.419725	0.069975
2.420708	0.070229
2.421691	0.070484
2.422674	0.070739
2.423656	0.070992
2.424639	0.071245
2.425622	0.071497
2.426605	0.071748
2.427587	0.071998
2.428570	0.072247
2.429553	0.072496
2.430536	0.072744
2.431519	0.072991
2.432501	0.073235
2.433484	0.073481
2.434467	0.073724
2.435450	0.073967
2.436432	0.074208
2.437415	0.074450
2.438398	0.074689
2.439381	0.074928
2.440364	0.075165
2.441346	0.075402
2.442329	0.075637
2.443312	0.075872
2.444295	0.076105
2.445277	0.076337
2.446260	0.076568
2.447243	0.076797
2.448226	0.077026
2.449208	0.077253
2.450191	0.077480
2.451174	0.077705
2.452157	0.077929
2.453140	0.078151
2.454122	0.078374
2.455105	0.078594
2.456088	0.078813
2.457071	0.079030
2.458053	0.079247
2.459036	0.079462
2.460019	0.079675
2.461002	0.079889
2.461985	0.080099
2.462967	0.080309
2.463950	0.080518
2.464933	0.080724
2.465916	0.080931
2.466898	0.081135
2.467881	0.081337
2.468864	0.081538
2.469847	0.081739
2.470830	0.081938
2.471812	0.082135
2.472795	0.082330
2.473778	0.082525
2.474761	0.082719
2.475743	0.082910
2.476726	0.083099
2.477709	0.083287
2.478692	0.083474
2.479675	0.083660
2.480657	0.083844
2.481640	0.084026
2.482623	0.084206
2.483606	0.084386
2.484588	0.084564
2.485571	0.084740
2.486554	0.084914
2.487537	0.085088
2.488520	0.085259
2.489502	0.085429
2.490485	0.085597
2.491468	0.085763
2.492451	0.085928
2.493433	0.086091
2.494416	0.086254
2.495399	0.086414
2.496382	0.086573
2.497364	0.086730
2.498347	0.086884
2.499330	0.087039
2.500313	0.087190
2.501296	0.087341
2.502278	0.087490
2.503261	0.087636
2.504244	0.087781
2.505227	0.087926
2.506209	0.088068
2.507192	0.088207
2.508175	0.088345
2.509158	0.088483
2.510141	0.088617
2.511123	0.088751
2.512106	0.088882
2.513089	0.089013
2.514072	0.089141
2.515054	0.089266
2.516037	0.089392
2.517020	0.089515
2.518003	0.089636
2.518986	0.089755
2.519968	0.089873
2.520951	0.089989
2.521934	0.090103
2.522917	0.090216
2.523899	0.090325
2.524882	0.090435
2.525865	0.090541
2.526848	0.090648
2.527831	0.090750
2.528813	0.090852
2.529796	0.090953
2.530779	0.091049
2.531762	0.091146
2.532744	0.091241
2.533727	0.091334
2.534710	0.091424
2.535693	0.091513
2.536676	0.091601
2.537658	0.091686
2.538641	0.091769
2.539624	0.091851
2.540607	0.091931
2.541589	0.092009
2.542572	0.092085
2.543555	0.092159
2.544538	0.092232
2.545520	0.092303
2.546503	0.092372
2.547486	0.092440
2.548469	0.092505
2.549452	0.092568
2.550434	0.092629
2.551417	0.092690
2.552400	0.092748
2.553383	0.092804
2.554365	0.092858
2.555348	0.092910
2.556331	0.092961
2.557314	0.093010
2.558297	0.093056
2.559279	0.093102
2.560262	0.093145
2.561245	0.093185
2.562228	0.093225
2.563210	0.093263
2.564193	0.093298
2.565176	0.093331
2.566159	0.093364
2.567142	0.093394
2.568124	0.093422
2.569107	0.093449
2.570090	0.093472
2.571073	0.093495
2.572055	0.093517
2.573038	0.093536
2.574021	0.093551
2.575004	0.093566
2.575987	0.093580
2.576969	0.093591
2.577952	0.093602
2.578935	0.093609
2.579918	0.093615
2.580900	0.093618
2.581883	0.093621
2.582866	0.093621
2.583849	0.093618
2.584832	0.093615
2.585814	0.093609
2.586797	0.093602
2.587780	0.093591
2.588763	0.093580
2.589745	0.093566
2.590728	0.093551
2.591711	0.093536
2.592694	0.093517
2.593676	0.093495
2.594659	0.093472
2.595642	0.093449
2.596625	0.093422
2.597608	0.093394
2.598590	0.093364
2.599573	0.093331
2.600556	0.093298
2.601539	0.093263
2.602521	0.093225
2.603504	0.093185
2.604487	0.093145
2.605470	0.093102
2.606453	0.093056
2.607435	0.093010
2.608418	0.092961
2.609401	0.092910
2.610384	0.092858
2.611366	0.092804
2.612349	0.092748
2.613332	0.092690
2.614315	0.092629
2.615298	0.092568
2.616280	0.092505
2.617263	0.092440
2.618246	0.092372
2.619229	0.092303
2.620211	0.092232
2.621194	0.092159
2.622177	0.092085
2.623160	0.092009
2.624143	0.091931
2.625125	0.091851
2.626108	0.091769
2.627091	0.091686
2.628074	0.091601
2.629056	0.091513
2.630039	0.091424
2.631022	0.091334
2.632005	0.091241
2.632988	0.091146
2.633970	0.091049
2.634953	0.090953
2.635936	0.090852
2.636919	0.090750
2.637901	0.090648
2.638884	0.090541
2.639867	0.090435
2.640850	0.090325
2.641833	0.090216
2.642815	0.090103
2.643798	0.089989
2.644781	0.089873
2.645764	0.089755
2.646746	0.089636
2.647729	0.089515
2.648712	0.089392
2.649695	0.089266
2.650677	0.089141
2.651660	0.089013
2.652643	0.088882
2.653626	0.088751
2.654609	0.088617
2.655591	0.088483
2.656574	0.088345
2.657557	0.088207
2.658540	0.088068
2.659522	0.087926
2.660505	0.087781
2.661488	0.087636
2.662471	0.087490
2.663454	0.087341
2.664436	0.087190
2.665419	0.087039
2.666402	0.086884
2.667385	0.086730
2.668367	0.086573
2.669350	0.086414
2.670333	0.086254
2.671316	0.086091
2.672299	0.085928
2.673281	0.085763
2.674264	0.085597
2.675247	0.085429
2.676230	0.085259
2.677212	0.085088
2.678195	0.084914
2.679178	0.084740
2.680161	0.084564
2.681144	0.084386
2.682126	0.084206
2.683109	0.084026
2.684092	0.083844
2.685075	0.083660
2.686057	0.083474
2.687040	0.083287
2.688023	0.083099
2.689006	0.082910
2.689989	0.082719
2.690971	0.082525
2.691954	0.082330
2.692937	0.082135
2.693920	0.081938
2.694902	0.081739
2.695885	0.081538
2.696868	0.081337
2.697851	0.081135
2.698833	0.080931
2.699816	0.080724
2.700799	0.080518
2.701782	0.080309
2.702765	0.080099
2.703747	0.079889
2.704730	0.079675
2.705713	0.079462
2.706696	0.079247
2.707678	0.079030
2.708661	0.078813
2.709644	0.078594
2.710627	0.078374
2.711610	0.078151
2.712592	0.077929
2.713575	0.077705
2.714558	0.077480
2.715541	0.077253
2.716523	0.077026
2.717506	0.076797
2.718489	0.076568
2.719472	0.076337
2.720455	0.076105
2.721437	0.075872
2.722420	0.075637
2.723403	0.075402
2.724386	0.075165
2.725368	0.074928
2.726351	0.074689
2.727334	0.074450
2.728317	0.074208
2.729300	0.073967
2.730282	0.073724
2.731265	0.073481
2.732248	0.073235
2.733231	0.072991
2.734213	0.072744
2.735196	0.072496
2.736179	0.072247
2.737162	0.071998
2.738145	0.071748
2.739127	0.071497
2.740110	0.071245
2.741093	0.070992
2.742076	0.070739
2.743058	0.070484
2.744041	0.070229
2.745024	0.069975
2.746007	0.069717
2.746989	0.069459
2.747972	0.069202
2.748955	0.068944
2.749938	0.068684
2.750921	0.068423
2.751903	0.068163
2.752886	0.067901
2.753869	0.067640
2.754852	0.067378
2.755834	0.067115
2.756817	0.066851
2.757800	0.066586
2.758783	0.066322
2.759766	0.066057
2.760748	0.065791
2.761731	0.065524
2.762714	0.065258
2.763697	0.064991
2.764679	0.064724
2.765662	0.064455
2.766645	0.064187
2.767628	0.063920
2.768611	0.063650
2.769593	0.063381
2.770576	0.063111
2.771559	0.062841
2.772542	0.062572
2.773524	0.062300
2.774507	0.062030
2.775490	0.061760
2.776473	0.061488
2.777456	0.061218
2.778438	0.060945
2.779421	0.060674
2.780404	0.060403
2.781387	0.060131
2.782369	0.059858
2.783352	0.059587
2.784335	0.059315
2.785318	0.059042
2.786301	0.058770
2.787283	0.058500
2.788266	0.058226
2.789249	0.057954
2.790232	0.057683
2.791214	0.057410
2.792197	0.057139
2.793180	0.056866
2.794163	0.056594
2.795145	0.056323
2.796128	0.056051
2.797111	0.055781
2.798094	0.055510
2.799077	0.055238
2.800059	0.054968
2.801042	0.054698
2.802025	0.054427
2.803008	0.054157
2.803990	0.053887
2.804973	0.053618
2.805956	0.053350
2.806939	0.053081
2.807922	0.052812
2.808904	0.052544
2.809887	0.052276
2.810870	0.052008
2.811853	0.051742
2.812835	0.051476
2.813818	0.051210
2.814801	0.050944
2.815784	0.050678
2.816767	0.050414
2.817749	0.050148
2.818732	0.049886
2.819715	0.049622
2.820698	0.049360
2.821680	0.049097
2.822663	0.048835
2.823646	0.048574
2.824629	0.048314
2.825612	0.048053
2.826594	0.047795
2.827577	0.047535
2.828560	0.047278
2.829543	0.047020
2.830525	0.046763
2.831508	0.046507
2.832491	0.046251
2.833474	0.045996
2.834457	0.045741
2.835439	0.045489
2.836422	0.045235
2.837405	0.044984
2.838388	0.044733
2.839370	0.044482
2.840353	0.044232
2.841336	0.043983
2.842319	0.043734
2.843301	0.043486
2.844284	0.043239
2.845267	0.042993
2.846250	0.042749
2.847233	0.042503
2.848215	0.042260
2.849198	0.042017
2.850181	0.041774
2.851164	0.041534
2.852146	0.041293
2.853129	0.041054
2.854112	0.040816
2.855095	0.040577
2.856078	0.040340
2.857060	0.040105
2.858043	0.039870
2.859026	0.039636
2.860009	0.039403
2.860991	0.039169
2.861974	0.038939
2.862957	0.038708
2.863940	0.038478
2.864923	0.038250
2.865905	0.038021
2.866888	0.037793
2.867871	0.037568
2.868854	0.037343
2.869836	0.037118
2.870819	0.036896
2.871802	0.036674
2.872785	0.036452
2.873768	0.036232
2.874750	0.036012
2.875733	0.035793
2.876716	0.035577
2.877699	0.035360
2.878681	0.035145
2.879664	0.034930
2.880647	0.034717
2.881630	0.034504
2.882613	0.034292
2.883595	0.034082
2.884578	0.033873
2.885561	0.033663
2.886544	0.033456
2.887526	0.033250
2.888509	0.033044
2.889492	0.032839
2.890475	0.032635
2.891458	0.032433
2.892440	0.032231
2.893423	0.032031
2.894406	0.031830
2.895389	0.031631
2.896371	0.031434
2.897354	0.031237
2.898337	0.031041
2.899320	0.030847
2.900302	0.030653
2.901285	0.030459
2.902268	0.030268
2.903251	0.030077
2.904234	0.029888
2.905216	0.029698
2.906199	0.029511
2.907182	0.029324
2.908165	0.029137
2.909147	0.028953
2.910130	0.028768
2.911113	0.028587
2.912096	0.028404
2.913079	0.028223
2.914061	0.028044
2.915044	0.027863
2.916027	0.027686
2.917010	0.027509
2.917992	0.027333
2.918975	0.027157
2.919958	0.026983
2.920941	0.026809
2.921924	0.026638
2.922906	0.026466
2.923889	0.026295
2.924872	0.026127
2.925855	0.025958
2.926837	0.025790
2.927820	0.025623
2.928803	0.025458
2.929786	0.025294
2.930769	0.025130
2.931751	0.024968
2.932734	0.024805
2.933717	0.024645
2.934700	0.024485
2.935682	0.024325
2.936665	0.024168
2.937648	0.024010
2.938631	0.023854
2.939614	0.023699
2.940596	0.023545
2.941579	0.023390
2.942562	0.023238
2.943545	0.023088
2.944527	0.022936
2.945510	0.022786
2.946493	0.022636
2.947476	0.022488
2.948458	0.022341
2.949441	0.022195
2.950424	0.022048
2.951407	0.021904
2.952390	0.021760
2.953372	0.021618
2.954355	0.021476
2.955338	0.021334
2.956321	0.021193
2.957303	0.021055
2.958286	0.020916
2.959269	0.020778
2.960252	0.020641
2.961235	0.020504
2.962217	0.020369
2.963200	0.020235
2.964183	0.020103
2.965166	0.019970
2.966148	0.019837
2.967131	0.019707
2.968114	0.019576
2.969097	0.019446
2.970080	0.019318
2.971062	0.019189
2.972045	0.019062
2.973028	0.018935
2.974011	0.018810
2.974993	0.018685
2.975976	0.018561
2.976959	0.018438
2.977942	0.018316
2.978925	0.018194
2.979907	0.018072
2.980890	0.017952
2.981873	0.017834
2.982856	0.017714
2.983838	0.017597
2.984821	0.017479
2.985804	0.017364
2.986787	0.017247
2.987770	0.017132
2.988752	0.017018
2.989735	0.016905
2.990718	0.016792
2.991701	0.016680
2.992683	0.016570
2.993666	0.016459
2.994649	0.016347
2.995632	0.016239
2.996614	0.016130
2.997597	0.016023
2.998580	0.015916
2.999563	0.015809
3.000546	0.015704
3.001528	0.015597
3.002511	0.015495
3.003494	0.015389
3.004477	0.015287
3.005459	0.015185
3.006442	0.015083
3.007425	0.014982
3.008408	0.014881
3.009391	0.014782
3.010373	0.014683
3.011356	0.014583
3.012339	0.014486
3.013322	0.014388
3.014304	0.014293
3.015287	0.014197
3.016270	0.014101
3.017253	0.014006
3.018236	0.013911
3.019218	0.013818
3.020201	0.013727
3.021184	0.013633
3.022167	0.013542
3.023149	0.013451
3.024132	0.013361
3.025115	0.013270
3.026098	0.013182
3.027081	0.013093
3.028063	0.013005
3.029046	0.012917
3.030029	0.012830
3.031012	0.012744
3.031994	0.012658
3.032977	0.012573
3.033960	0.012487
3.034943	0.012403
3.035926	0.012321
3.036908	0.012237
3.037891	0.012154
3.038874	0.012072
3.039857	0.011992
3.040839	0.011910
3.041822	0.011829
3.042805	0.011750
3.043788	0.011671
3.044770	0.011592
3.045753	0.011513
3.046736	0.011436
3.047719	0.011359
3.048702	0.011283
3.049684	0.011205
3.050667	0.011129
3.051650	0.011054
3.052633	0.010980
3.053615	0.010906
3.054598	0.010833
3.055581	0.010759
3.056564	0.010686
3.057547	0.010614
3.058529	0.010542
3.059512	0.010472
3.060495	0.010401
3.061478	0.010329
3.062460	0.010260
3.063443	0.010191
3.064426	0.010121
3.065409	0.010052
3.066392	0.009985
3.067374	0.009917
3.068357	0.009851
3.069340	0.009783
3.070323	0.009717
3.071305	0.009652
3.072288	0.009587
3.073271	0.009521
3.074254	0.009456
3.075237	0.009392
3.076219	0.009330
3.077202	0.009265
3.078185	0.009203
3.079168	0.009141
3.080150	0.009080
3.081133	0.009017
3.082116	0.008955
3.083099	0.008895
3.084082	0.008834
3.085064	0.008776
3.086047	0.008715
3.087030	0.008656
3.088013	0.008598
3.088995	0.008540
3.089978	0.008480
3.090961	0.008424
3.091944	0.008366
3.092926	0.008309
3.093909	0.008253
3.094892	0.008197
3.095875	0.008141
3.096858	0.008086
3.097840	0.008031
3.098823	0.007978
3.099806	0.007923
3.100789	0.007869
3.101771	0.007815
3.102754	0.007762
3.103737	0.007710
3.104720	0.007656
3.105703	0.007605
3.106685	0.007554
3.107668	0.007502
3.108651	0.007451
3.109634	0.007400
3.110616	0.007349
3.111599	0.007300
3.112582	0.007250
3.113565	0.007201
3.114548	0.007153
3.115530	0.007104
3.116513	0.007056
3.117496	0.007007
3.118479	0.006959
3.119461	0.006913
3.120444	0.006866
3.121427	0.006818
3.122410	0.006773
3.123393	0.006726
3.124375	0.006679
3.125358	0.006634
3.126341	0.006590
3.127324	0.006544
3.128306	0.006500
3.129289	0.006457
3.130272	0.006411
3.131255	0.006367
3.132238	0.006325
3.133220	0.006281
3.134203	0.006238
3.135186	0.006197
3.136169	0.006154
3.137151	0.006112
3.138134	0.006071
3.139117	0.006029
3.140100	0.005988
3.141083	0.005947
3.142065	0.005907
3.143048	0.005867
3.144031	0.005827
3.145014	0.005787
3.145996	0.005748
3.146979	0.005708
3.147962	0.005669
3.148945	0.005630
3.149927	0.005592
3.150910	0.005554
3.151893	0.005516
3.152876	0.005479
3.153859	0.005440
3.154841	0.005403
3.155824	0.005367
3.156807	0.005330
3.157790	0.005294
3.158772	0.005259
3.159755	0.005221
3.160738	0.005186
3.161721	0.005151
3.162704	0.005116
3.163686	0.005082
3.164669	0.005047
3.165652	0.005011
3.166635	0.004978
3.167617	0.004944
3.168600	0.004909
3.169583	0.004875
3.170566	0.004842
3.171549	0.004809
3.172531	0.004775
3.173514	0.004743
3.174497	0.004711
3.175480	0.004679
3.176462	0.004646
3.177445	0.004615
3.178428	0.004583
3.179411	0.004552
3.180394	0.004521
3.181376	0.004490
3.182359	0.004458
3.183342	0.004429
3.184325	0.004397
3.185307	0.004368
3.186290	0.004339
3.187273	0.004308
3.188256	0.004279
3.189239	0.004250
3.190221	0.004220
3.191204	0.004192
3.192187	0.004163
3.193170	0.004134
3.194152	0.004106
3.195135	0.004078
3.196118	0.004049
3.197101	0.004022
3.198083	0.003994
3.199066	0.003967
3.200049	0.003939
3.201032	0.003913
3.202015	0.003886
3.202997	0.003858
3.203980	0.003833
3.204963	0.003807
3.205946	0.003780
3.206928	0.003754
3.207911	0.003728
3.208894	0.003703
3.209877	0.003678
3.210860	0.003652
3.211842	0.003626
3.212825	0.003602
3.213808	0.003577
3.214791	0.003552
3.215773	0.003528
3.216756	0.003504
3.217739	0.003480
3.218722	0.003456
3.219705	0.003431
3.220687	0.003407
3.221670	0.003385
3.222653	0.003362
3.223636	0.003338
3.224618	0.003315
3.225601	0.003291
3.226584	0.003270
3.227567	0.003247
3.228550	0.003225
3.229532	0.003202
3.230515	0.003180
3.231498	0.003157
3.232481	0.003136
3.233463	0.003114
3.234446	0.003093
3.235429	0.003071
3.236412	0.003050
3.237395	0.003029
3.238377	0.003009
3.239360	0.002989
3.240343	0.002966
3.241326	0.002947
3.242308	0.002926
3.243291	0.002905
3.244274	0.002886
3.245257	0.002865
3.246239	0.002846
3.247222	0.002826
3.248205	0.002807
3.249188	0.002787
3.250171	0.002769
3.251153	0.002748
3.252136	0.002729
3.253119	0.002710
3.254102	0.002692
3.255084	0.002673
3.256067	0.002654
3.257050	0.002635
3.258033	0.002617
3.259016	0.002600
3.259998	0.002581
3.260981	0.002563
3.261964	0.002546
3.262947	0.002528
3.263929	0.002510
3.264912	0.002492
3.265895	0.002474
3.266878	0.002458
3.267861	0.002441
3.268843	0.002423
3.269826	0.002406
3.270809	0.002389
3.271792	0.002373
3.272774	0.002357
3.273757	0.002340
3.274740	0.002324
3.275723	0.002308
3.276706	0.002291
3.277688	0.002275
3.278671	0.002259
3.279654	0.002244
3.280637	0.002228
3.281619	0.002212
3.282602	0.002197
3.283585	0.002181
3.284568	0.002166
3.285551	0.002150
3.286533	0.002135
3.287516	0.002119
3.288499	0.002105
3.289482	0.002091
3.290464	0.002075
3.291447	0.002061
3.292430	0.002047
3.293413	0.002033
3.294395	0.002018
3.295378	0.002003
3.296361	0.001989
3.297344	0.001976
3.298327	0.001961
3.299309	0.001947
3.300292	0.001933
3.301275	0.001921
3.302258	0.001906
3.303240	0.001893
3.304223	0.001880
3.305206	0.001866
3.306189	0.001854
3.307172	0.001841
3.308154	0.001827
3.309137	0.001813
3.310120	0.001801
3.311103	0.001788
3.312085	0.001775
3.313068	0.001762
3.314051	0.001750
3.315034	0.001738
3.316017	0.001725
3.316999	0.001713
3.317982	0.001699
3.318965	0.001689
3.319948	0.001676
3.320930	0.001665
3.321913	0.001652
3.322896	0.001641
3.323879	0.001629
3.324862	0.001616
3.325844	0.001605
3.326827	0.001593
3.327810	0.001581
3.328793	0.001570
3.329775	0.001560
3.330758	0.001548
3.331741	0.001537
3.332724	0.001525
3.333707	0.001514
3.334689	0.001503
3.335672	0.001493
3.336655	0.001481
3.337638	0.001471
3.338620	0.001459
3.339603	0.001449
3.340586	0.001439
3.341569	0.001429
3.342551	0.001417
3.343534	0.001408
3.344517	0.001397
3.345500	0.001386
3.346483	0.001378
3.347465	0.001366
3.348448	0.001357
3.349431	0.001345
3.350414	0.001336
3.351396	0.001327
3.352379	0.001317
3.353362	0.001307
3.354345	0.001298
3.355328	0.001287
3.356310	0.001278
3.357293	0.001269
3.358276	0.001259
3.359259	0.001250
3.360241	0.001240
3.361224	0.001231
3.362207	0.001222
3.363190	0.001214
3.364173	0.001204
3.365155	0.001195
3.366138	0.001186
3.367121	0.001177
3.368104	0.001168
3.369086	0.001159
3.370069	0.001150
3.371052	0.001141
3.372035	0.001133
3.373018	0.001124
3.374000	0.001116
3.374983	0.001109
3.375966	0.001100
3.376949	0.001091
3.377931	0.001082
3.378914	0.001075
3.379897	0.001066
3.380880	0.001058
3.381863	0.001049
3.382845	0.001040
3.383828	0.001033
3.384811	0.001025
3.385794	0.001018
3.386776	0.001009
3.387759	0.001001
3.388742	0.000994
3.389725	0.000985
3.390708	0.000978
3.391690	0.000970
3.392673	0.000963
3.393656	0.000956
3.394639	0.000948
3.395621	0.000940
3.396604	0.000933
3.397587	0.000926
3.398570	0.000918
3.399552	0.000910
3.400535	0.000904
3.401518	0.000897
3.402501	0.000890
3.403484	0.000883
3.404466	0.000875
3.405449	0.000867
3.406432	0.000860
3.407415	0.000854
3.408397	0.000847
3.409380	0.000840
3.410363	0.000832
3.411346	0.000825
3.412329	0.000819
3.413311	0.000812
3.414294	0.000806
3.415277	0.000799
3.416260	0.000793
3.417242	0.000786
3.418225	0.000780
3.419208	0.000773
3.420191	0.000767
3.421174	0.000759
3.422156	0.000753
3.423139	0.000746
3.424122	0.000740
3.425105	0.000734
3.426087	0.000727
3.427070	0.000721
3.428053	0.000715
3.429036	0.000709
3.430019	0.000703
3.431001	0.000697
3.431984	0.000690
3.432967	0.000684
3.433950	0.000678
3.434932	0.000672
3.435915	0.000666
3.436898	0.000661
3.437881	0.000655
3.438864	0.000648
3.439846	0.000645
3.440829	0.000637
3.441812	0.000631
3.442795	0.000625
3.443777	0.000619
3.444760	0.000615
3.445743	0.000609
3.446726	0.000603
3.447708	0.000598
3.448691	0.000592
3.449674	0.000587
3.450657	0.000581
3.451640	0.000576
3.452622	0.000569
3.453605	0.000564
3.454588	0.000560
3.455571	0.000554
3.456553	0.000548
3.457536	0.000543
3.458519	0.000537
3.459502	0.000532
3.460485	0.000527
3.461467	0.000521
3.462450	0.000517
3.463433	0.000511
3.464416	0.000506
3.465398	0.000501
3.466381	0.000496
3.467364	0.000490
3.468347	0.000486
3.469330	0.000481
3.470312	0.000476
3.471295	0.000471
3.472278	0.000466
3.473261	0.000462
3.474243	0.000457
3.475226	0.000452
3.476209	0.000447
3.477192	0.000441
3.478175	0.000437
3.479157	0.000432
3.480140	0.000427
3.481123	0.000422
3.482106	0.000417
3.483088	0.000413
3.484071	0.000407
3.485054	0.000403
3.486037	0.000398
3.487020	0.000393
3.488002	0.000390
3.488985	0.000384
3.489968	0.000379
3.490951	0.000376
3.491933	0.000370
3.492916	0.000366
3.493899	0.000361
3.494882	0.000356
3.495864	0.000352
3.496847	0.000348
3.497830	0.000343
3.498813	0.000338
3.499796	0.000335
3.500778	0.000330
3.501761	0.000325
3.502744	0.000321
3.503727	0.000317
3.504709	0.000313
3.505692	0.000309
3.506675	0.000304
3.507658	0.000299
3.508641	0.000294
3.509623	0.000291
3.510606	0.000286
3.511589	0.000282
3.512572	0.000279
3.513554	0.000274
3.514537	0.000269
3.515520	0.000264
3.516503	0.000261
3.517486	0.000256
3.518468	0.000252
3.519451	0.000248
3.520434	0.000244
3.521417	0.000240
3.522399	0.000236
3.523382	0.000232
3.524365	0.000227
3.525348	0.000222
3.526331	0.000219
3.527313	0.000215
3.528296	0.000210
3.529279	0.000207
3.530262	0.000202
3.531244	0.000200
3.532227	0.000195
3.533210	0.000190
3.534193	0.000187
3.535176	0.000183
3.536158	0.000179
3.537141	0.000175
3.538124	0.000170
3.539107	0.000166
3.540089	0.000163
3.541072	0.000158
3.542055	0.000154
3.543038	0.000151
3.544020	0.000146
3.545003	0.000142
3.545986	0.000139
3.546969	0.000135
3.547952	0.000130
3.548934	0.000127
3.549917	0.000124
3.550900	0.000120
3.551883	0.000115
3.552865	0.000112
3.553848	0.000109
3.554831	0.000104
3.555814	0.000099
3.556797	0.000096
3.557779	0.000092
3.558762	0.000087
3.559745	0.000085
3.560728	0.000081
3.561710	0.000078
3.562693	0.000073
3.563676	0.000069
3.564659	0.000066
3.565642	0.000061
3.566624	0.000057
3.567607	0.000054
3.568590	0.000050
3.569573	0.000045
3.570555	0.000042
3.571538	0.000038
3.572521	0.000035
3.573504	0.000031
3.574487	0.000028
3.575469	0.000023
3.576452	0.000019
3.577435	0.000016
3.578418	0.000012
3.579400	0.000007
3.580375	0.000004
3.581350	0.000007
3.582325	0.000012
3.583300	0.000015
3.584274	0.000018
3.585249	0.000021
3.586224	0.000026
3.587199	0.000030
3.588174	0.000033
3.589148	0.000036
3.590123	0.000039
3.591098	0.000043
3.592073	0.000047
3.593048	0.000051
3.594022	0.000052
3.594997	0.000056
3.595972	0.000060
3.596947	0.000063
3.597921	0.000066
3.598896	0.000070
3.599871	0.000073
3.600846	0.000076
3.601821	0.000079
3.602795	0.000083
3.603770	0.000086
3.604745	0.000088
3.605720	0.000092
3.606695	0.000095
3.607669	0.000098
3.608644	0.000100
3.609619	0.000103
3.610594	0.000107
3.611569	0.000109
3.612543	0.000112
3.613518	0.000115
3.614493	0.000119
3.615468	0.000122
3.616443	0.000123
3.617417	0.000127
3.618392	0.000130
3.619367	0.000132
3.620342	0.000135
3.621316	0.000138
3.622291	0.000141
3.623266	0.000144
3.624241	0.000147
3.625216	0.000150
3.626190	0.000151
3.627165	0.000155
3.628140	0.000157
3.629115	0.000160
3.630090	0.000162
3.631064	0.000165
3.632039	0.000168
3.633014	0.000170
3.633989	0.000173
3.634964	0.000175
3.635938	0.000178
3.636913	0.000180
3.637888	0.000182
3.638863	0.000185
3.639838	0.000187
3.640812	0.000190
3.641787	0.000192
3.642762	0.000194
3.643737	0.000196
3.644711	0.000199
3.645686	0.000201
3.646661	0.000204
3.647636	0.000206
3.648611	0.000209
3.649585	0.000210
3.650560	0.000213
3.651535	0.000215
3.652510	0.000217
3.653485	0.000219
3.654459	0.000222
3.655434	0.000224
3.656409	0.000226
3.657384	0.000228
3.658359	0.000230
3.659333	0.000232
3.660308	0.000234
3.661283	0.000237
3.662258	0.000238
3.663233	0.000241
3.664207	0.000243
3.665182	0.000245
3.666157	0.000247
3.667132	0.000249
3.668106	0.000251
3.669081	0.000254
3.670056	0.000259
3.671031	0.000258
3.672006	0.000257
3.672980	0.000262
3.673955	0.000261
3.674930	0.000259
3.675905	0.000271
3.676880	0.000263
3.677854	0.000268
3.678829	0.000273
3.679804	0.000278
3.680779	0.000277
3.681754	0.000282
3.682728	0.000280
3.683703	0.000279
3.684678	0.000284
3.685653	0.000283
3.686628	0.000287
3.687602	0.000286
3.688577	0.000285
3.689552	0.000289
3.690527	0.000294
3.691501	0.000293
3.692476	0.000297
3.693451	0.000302
3.694426	0.000300
3.695401	0.000299
3.696375	0.000298
3.697350	0.000302
3.698325	0.000306
3.699300	0.000305
3.700275	0.000304
3.701249	0.000308
3.702224	0.000312
3.703199	0.000306
3.704174	0.000315
3.705149	0.000314
3.706123	0.000313
3.707098	0.000317
3.708073	0.000321
3.709048	0.000320
3.710023	0.000324
3.710997	0.000323
3.711972	0.000327
3.712947	0.000325
3.713922	0.000329
3.714897	0.000328
3.715871	0.000332
3.716846	0.000331
3.717821	0.000334
3.718796	0.000328
3.719770	0.000332
3.720745	0.000336
3.721720	0.000334
3.722695	0.000338
3.723670	0.000337
3.724644	0.000341
3.725619	0.000339
3.726594	0.000343
3.727569	0.000342
3.728544	0.000346
3.729518	0.000344
3.730493	0.000348
3.731468	0.000347
3.732443	0.000345
3.733418	0.000349
3.734392	0.000353
3.735367	0.000351
3.736342	0.000350
3.737317	0.000354
3.738292	0.000352
3.739266	0.000356
3.740241	0.000359
3.741216	0.000353
3.742191	0.000357
3.743165	0.000360
3.744140	0.000364
3.745115	0.000362
3.746090	0.000361
3.747065	0.000364
3.748039	0.000363
3.749014	0.000367
3.749989	0.000365
3.750964	0.000364
3.751939	0.000367
3.752913	0.000366
3.753888	0.000369
3.754863	0.000364
3.755838	0.000367
3.756813	0.000366
3.757787	0.000369
3.758762	0.000368
3.759737	0.000371
3.760712	0.000370
3.761687	0.000373
3.762661	0.000371
3.763636	0.000370
3.764611	0.000373
3.765586	0.000377
3.766560	0.000375
3.767535	0.000374
3.768510	0.000377
3.769485	0.000376
3.770460	0.000379
3.771434	0.000373
3.772409	0.000377
3.773384	0.000375
3.774359	0.000374
3.775334	0.000377
3.776308	0.000380
3.777283	0.000379
3.778258	0.000382
3.779233	0.000377
3.780208	0.000380
3.781182	0.000378
3.782157	0.000381
3.783132	0.000380
3.784107	0.000379
3.785082	0.000378
3.786056	0.000381
3.787031	0.000380
3.788006	0.000382
3.788981	0.000377
3.789955	0.000380
3.790930	0.000379
3.791905	0.000378
3.792880	0.000381
3.793855	0.000379
3.794829	0.000378
3.795804	0.000381
3.796779	0.000380
3.797754	0.000379
3.798729	0.000382
3.799703	0.000381
3.800678	0.000379
3.801653	0.000382
3.802628	0.000381
3.803603	0.000384
3.804577	0.000383
3.805552	0.000382
3.806527	0.000384
3.807502	0.000383
3.808477	0.000382
3.809451	0.000381
3.810426	0.000380
3.811401	0.000379
3.812376	0.000382
3.813350	0.000380
3.814325	0.000379
3.815300	0.000382
3.816275	0.000377
3.817250	0.000380
3.818224	0.000379
3.819199	0.000378
3.820174	0.000377
3.821149	0.000379
3.822124	0.000378
3.823098	0.000374
3.824073	0.000376
3.825048	0.000375
3.826023	0.000378
3.826998	0.000373
3.827972	0.000376
3.828947	0.000375
3.829922	0.000377
3.830897	0.000373
3.831872	0.000375
3.832846	0.000374
3.833821	0.000370
3.834796	0.000369
3.835771	0.000368
3.836746	0.000367
3.837720	0.000369
3.838695	0.000368
3.839670	0.000371
3.840645	0.000370
3.841619	0.000369
3.842594	0.000368
3.843569	0.000367
3.844544	0.000366
3.845519	0.000365
3.846493	0.000364
3.847468	0.000363
3.848443	0.000362
3.849418	0.000361
3.850393	0.000364
3.851367	0.000363
3.852342	0.000358
3.853317	0.000358
3.854292	0.000357
3.855267	0.000359
3.856241	0.000355
3.857216	0.000357
3.858191	0.000353
3.859166	0.000352
3.860141	0.000355
3.861115	0.000354
3.862090	0.000353
3.863065	0.000352
3.864040	0.000348
3.865014	0.000350
3.865989	0.000349
3.866964	0.000348
3.867939	0.000348
3.868914	0.000344
3.869888	0.000343
3.870863	0.000345
3.871838	0.000344
3.872813	0.000343
3.873788	0.000339
3.874762	0.000339
3.875737	0.000341
3.876712	0.000337
3.877687	0.000339
3.878662	0.000338
3.879636	0.000331
3.880611	0.000334
3.881586	0.000333
3.882561	0.000332
3.883536	0.000331
3.884510	0.000331
3.885485	0.000327
3.886460	0.000326
3.887435	0.000325
3.888409	0.000321
3.889384	0.000324
3.890359	0.000323
3.891334	0.000322
3.892309	0.000321
3.893283	0.000318
3.894258	0.000317
3.895233	0.000316
3.896208	0.000312
3.897183	0.000315
3.898157	0.000311
3.899132	0.000310
3.900107	0.000310
3.901082	0.000309
3.902057	0.000305
3.903031	0.000307
3.904006	0.000304
3.904981	0.000303
3.905956	0.000299
3.906931	0.000299
3.907905	0.000298
3.908880	0.000297
3.909855	0.000297
3.910830	0.000296
3.911804	0.000293
3.912779	0.000292
3.913754	0.000291
3.914729	0.000291
3.915704	0.000287
3.916678	0.000286
3.917653	0.000286
3.918628	0.000282
3.919603	0.000282
3.920578	0.000281
3.921552	0.000280
3.922527	0.000280
3.923502	0.000276
3.924477	0.000276
3.925452	0.000275
3.926426	0.000272
3.927401	0.000268
3.928376	0.000268
3.929351	0.000267
3.930326	0.000264
3.931300	0.000263
3.932275	0.000263
3.933250	0.000262
3.934225	0.000259
3.935200	0.000258
3.936174	0.000255
3.937149	0.000254
3.938124	0.000254
3.939099	0.000251
3.940073	0.000250
3.941048	0.000247
3.942023	0.000246
3.942998	0.000243
3.943973	0.000245
3.944947	0.000242
3.945922	0.000242
3.946897	0.000238
3.947872	0.000235
3.948847	0.000235
3.949821	0.000232
3.950796	0.000231
3.951771	0.000228
3.952746	0.000228
3.953721	0.000224
3.954695	0.000224
3.955670	0.000221
3.956645	0.000220
3.957620	0.000220
3.958595	0.000219
3.959569	0.000216
3.960544	0.000213
3.961519	0.000213
3.962494	0.000210
3.963468	0.000209
3.964443	0.000206
3.965418	0.000206
3.966393	0.000203
3.967368	0.000203
3.968342	0.000200
3.969317	0.000197
3.970292	0.000196
3.971267	0.000193
3.972242	0.000193
3.973216	0.000190
3.974191	0.000187
3.975166	0.000187
3.976141	0.000184
3.977116	0.000181
3.978090	0.000181
3.979065	0.000180
3.980040	0.000177
3.981015	0.000177
3.981990	0.000174
3.982964	0.000171
3.983939	0.000168
3.984914	0.000171
3.985889	0.000168
3.986863	0.000165
3.987838	0.000162
3.988813	0.000162
3.989788	0.000159
3.990763	0.000159
3.991737	0.000156
3.992712	0.000151
3.993687	0.000150
3.994662	0.000148
3.995637	0.000147
3.996611	0.000147
3.997586	0.000142
3.998561	0.000144
3.999536	0.000139
4.000511	0.000136
4.001485	0.000136
4.002460	0.000133
4.003435	0.000131
4.004410	0.000131
4.005385	0.000128
4.006359	0.000125
4.007334	0.000125
4.008309	0.000122
4.009284	0.000120
4.010258	0.000120
4.011233	0.000117
4.012208	0.000117
4.013183	0.000114
4.014158	0.000109
4.015132	0.000109
4.016107	0.000109
4.017082	0.000104
4.018057	0.000104
4.019032	0.000101
4.020006	0.000099
4.020981	0.000098
4.021956	0.000096
4.022931	0.000093
4.023906	0.000093
4.024880	0.000091
4.025855	0.000086
4.026830	0.000084
4.027805	0.000083
4.028780	0.000081
4.029754	0.000081
4.030729	0.000078
4.031704	0.000076
4.032679	0.000076
4.033653	0.000073
4.034628	0.000069
4.035603	0.000069
4.036578	0.000064
4.037553	0.000064
4.038527	0.000061
4.039502	0.000059
4.040477	0.000057
4.041452	0.000054
4.042427	0.000054
4.043401	0.000052
4.044376	0.000049
4.045351	0.000049
4.046326	0.000045
4.047301	0.000043
4.048275	0.000042
4.049250	0.000040
4.050225	0.000038
4.051200	0.000036
4.052175	0.000035
4.053149	0.000033
4.054124	0.000029
4.055099	0.000029
4.056074	0.000026
4.057049	0.000024
4.058023	0.000024
4.058998	0.000022
4.059973	0.000018
4.060948	0.000015
4.061922	0.000015
4.062897	0.000013
4.063872	0.000011
4.064847	0.000009
4.065822	0.000009
4.066796	0.000006
4.067779	0.000004
4.068762	0.000009
4.069745	0.000011
4.070728	0.000015
4.071710	0.000017
4.072693	0.000024
4.073676	0.000026
4.074659	0.000030
4.075641	0.000035
4.076624	0.000037
4.077607	0.000044
4.078590	0.000046
4.079573	0.000050
4.080555	0.000054
4.081538	0.000059
4.082521	0.000061
4.083504	0.000065
4.084486	0.000067
4.085469	0.000072
4.086452	0.000076
4.087435	0.000081
4.088417	0.000085
4.089400	0.000089
4.090383	0.000091
4.091366	0.000096
4.092349	0.000100
4.093331	0.000104
4.094314	0.000107
4.095297	0.000113
4.096280	0.000115
4.097262	0.000120
4.098245	0.000122
4.099228	0.000128
4.100211	0.000131
4.101194	0.000135
4.102176	0.000139
4.103159	0.000144
4.104142	0.000146
4.105125	0.000150
4.106107	0.000157
4.107090	0.000159
4.108073	0.000163
4.109056	0.000165
4.110039	0.000170
4.111021	0.000174
4.112004	0.000178
4.112987	0.000183
4.113970	0.000187
4.114952	0.000192
4.115935	0.000194
4.116918	0.000200
4.117901	0.000202
4.118884	0.000209
4.119866	0.000211
4.120849	0.000215
4.121832	0.000220
4.122815	0.000222
4.123797	0.000226
4.124780	0.000231
4.125763	0.000235
4.126746	0.000239
4.127729	0.000244
4.128711	0.000248
4.129694	0.000252
4.130677	0.000257
4.131660	0.000261
4.132642	0.000266
4.133625	0.000270
4.134608	0.000274
4.135591	0.000279
4.136573	0.000283
4.137556	0.000287
4.138539	0.000292
4.139522	0.000296
4.140505	0.000300
4.141487	0.000305
4.142470	0.000309
4.143453	0.000313
4.144436	0.000316
4.145418	0.000322
4.146401	0.000326
4.147384	0.000331
4.148367	0.000335
4.149350	0.000340
4.150332	0.000344
4.151315	0.000348
4.152298	0.000353
4.153281	0.000357
4.154263	0.000363
4.155246	0.000368
4.156229	0.000370
4.157212	0.000376
4.158195	0.000381
4.159177	0.000385
4.160160	0.000390
4.161143	0.000396
4.162126	0.000400
4.163108	0.000405
4.164091	0.000407
4.165074	0.000413
4.166057	0.000420
4.167040	0.000424
4.168022	0.000429
4.169005	0.000433
4.169988	0.000435
4.170971	0.000442
4.171953	0.000448
4.172936	0.000453
4.173919	0.000457
4.174902	0.000461
4.175885	0.000466
4.176867	0.000472
4.177850	0.000477
4.178833	0.000481
4.179816	0.000485
4.180798	0.000492
4.181781	0.000496
4.182764	0.000501
4.183747	0.000507
4.184729	0.000514
4.185712	0.000518
4.186695	0.000522
4.187678	0.000529
4.188661	0.000533
4.189643	0.000538
4.190626	0.000544
4.191609	0.000548
4.192592	0.000555
4.193574	0.000559
4.194557	0.000566
4.195540	0.000570
4.196523	0.000577
4.197506	0.000581
4.198488	0.000588
4.199471	0.000592
4.200454	0.000598
4.201437	0.000603
4.202419	0.000612
4.203402	0.000616
4.204385	0.000622
4.205368	0.000627
4.206351	0.000633
4.207333	0.000640
4.208316	0.000644
4.209299	0.000651
4.210282	0.000655
4.211264	0.000662
4.212247	0.000668
4.213230	0.000675
4.214213	0.000681
4.215196	0.000686
4.216178	0.000692
4.217161	0.000699
4.218144	0.000705
4.219127	0.000712
4.220109	0.000718
4.221092	0.000723
4.222075	0.000729
4.223058	0.000736
4.224041	0.000742
4.225023	0.000749
4.226006	0.000755
4.226989	0.000762
4.227972	0.000768
4.228954	0.000775
4.229937	0.000781
4.230920	0.000788
4.231903	0.000794
4.232885	0.000801
4.233868	0.000807
4.234851	0.000816
4.235834	0.000823
4.236817	0.000827
4.237799	0.000836
4.238782	0.000840
4.239765	0.000849
4.240748	0.000855
4.241730	0.000862
4.242713	0.000871
4.243696	0.000877
4.244679	0.000886
4.245662	0.000890
4.246644	0.000899
4.247627	0.000905
4.248610	0.000914
4.249593	0.000918
4.250575	0.000927
4.251558	0.000936
4.252541	0.000942
4.253524	0.000949
4.254507	0.000958
4.255489	0.000966
4.256472	0.000973
4.257455	0.000979
4.258438	0.000990
4.259420	0.000997
4.260403	0.001005
4.261386	0.001012
4.262369	0.001021
4.263352	0.001027
4.264334	0.001036
4.265317	0.001045
4.266300	0.001051
4.267283	0.001060
4.268265	0.001069
4.269248	0.001077
4.270231	0.001086
4.271214	0.001092
4.272197	0.001101
4.273179	0.001110
4.274162	0.001119
4.275145	0.001129
4.276128	0.001136
4.277110	0.001145
4.278093	0.001153
4.279076	0.001162
4.280059	0.001171
4.281042	0.001180
4.282024	0.001188
4.283007	0.001199
4.283990	0.001206
4.284973	0.001217
4.285955	0.001225
4.286938	0.001234
4.287921	0.001245
4.288904	0.001256
4.289886	0.001264
4.290869	0.001273
4.291852	0.001282
4.292835	0.001293
4.293818	0.001301
4.294800	0.001312
4.295783	0.001321
4.296766	0.001332
4.297749	0.001341
4.298731	0.001349
4.299714	0.001360
4.300697	0.001371
4.301680	0.001382
4.302663	0.001391
4.303645	0.001402
4.304628	0.001410
4.305611	0.001423
4.306594	0.001432
4.307576	0.001445
4.308559	0.001454
4.309542	0.001465
4.310525	0.001476
4.311508	0.001486
4.312490	0.001497
4.313473	0.001508
4.314456	0.001519
4.315439	0.001530
4.316421	0.001541
4.317404	0.001554
4.318387	0.001565
4.319370	0.001576
4.320353	0.001587
4.321335	0.001597
4.322318	0.001610
4.323301	0.001624
4.324284	0.001634
4.325266	0.001645
4.326249	0.001658
4.327232	0.001669
4.328215	0.001682
4.329198	0.001693
4.330180	0.001706
4.331163	0.001719
4.332146	0.001730
4.333129	0.001745
4.334111	0.001756
4.335094	0.001769
4.336077	0.001782
4.337060	0.001793
4.338042	0.001806
4.339025	0.001819
4.340008	0.001832
4.340991	0.001848
4.341974	0.001859
4.342956	0.001872
4.343939	0.001885
4.344922	0.001900
4.345905	0.001913
4.346887	0.001928
4.347870	0.001941
4.348853	0.001954
4.349836	0.001970
4.350819	0.001985
4.351801	0.001998
4.352784	0.002011
4.353767	0.002026
4.354750	0.002041
4.355732	0.002057
4.356715	0.002070
4.357698	0.002085
4.358681	0.002100
4.359664	0.002113
4.360646	0.002128
4.361629	0.002146
4.362612	0.002159
4.363595	0.002176
4.364577	0.002192
4.365560	0.002207
4.366543	0.002222
4.367526	0.002237
4.368509	0.002252
4.369491	0.002270
4.370474	0.002285
4.371457	0.002303
4.372440	0.002320
4.373422	0.002335
4.374405	0.002353
4.375388	0.002368
4.376371	0.002385
4.377354	0.002400
4.378336	0.002418
4.379319	0.002435
4.380302	0.002453
4.381285	0.002470
4.382267	0.002488
4.383250	0.002505
4.384233	0.002522
4.385216	0.002540
4.386198	0.002557
4.387181	0.002577
4.388164	0.002594
4.389147	0.002614
4.390130	0.002629
4.391112	0.002651
4.392095	0.002668
4.393078	0.002688
4.394061	0.002705
4.395043	0.002725
4.396026	0.002744
4.397009	0.002762
4.397992	0.002781
4.398975	0.002801
4.399957	0.002820
4.400940	0.002840
4.401923	0.002860
4.402906	0.002881
4.403888	0.002903
4.404871	0.002923
4.405854	0.002942
4.406837	0.002964
4.407820	0.002984
4.408802	0.003003
4.409785	0.003027
4.410768	0.003047
4.411751	0.003069
4.412733	0.003090
4.413716	0.003112
4.414699	0.003134
4.415682	0.003156
4.416665	0.003177
4.417647	0.003199
4.418630	0.003221
4.419613	0.003245
4.420596	0.003267
4.421578	0.003291
4.422561	0.003312
4.423544	0.003336
4.424527	0.003358
4.425510	0.003382
4.426492	0.003406
4.427475	0.003430
4.428458	0.003454
4.429441	0.003478
4.430423	0.003502
4.431406	0.003526
4.432389	0.003552
4.433372	0.003578
4.434354	0.003602
4.435337	0.003628
4.436320	0.003652
4.437303	0.003676
4.438286	0.003702
4.439268	0.003728
4.440251	0.003754
4.441234	0.003780
4.442217	0.003806
4.443199	0.003835
4.444182	0.003861
4.445165	0.003887
4.446148	0.003915
4.447131	0.003941
4.448113	0.003967
4.449096	0.003996
4.450079	0.004024
4.451062	0.004052
4.452044	0.004081
4.453027	0.004109
4.454010	0.004137
4.454993	0.004165
4.455976	0.004196
4.456958	0.004226
4.457941	0.004255
4.458924	0.004283
4.459907	0.004313
4.460889	0.004344
4.461872	0.004374
4.462855	0.004403
4.463838	0.004435
4.464821	0.004466
4.465803	0.004496
4.466786	0.004527
4.467769	0.004559
4.468752	0.004592
4.469734	0.004622
4.470717	0.004655
4.471700	0.004688
4.472683	0.004720
4.473666	0.004753
4.474648	0.004786
4.475631	0.004818
4.476614	0.004853
4.477597	0.004886
4.478579	0.004921
4.479562	0.004955
4.480545	0.004988
4.481528	0.005023
4.482510	0.005060
4.483493	0.005095
4.484476	0.005130
4.485459	0.005164
4.486442	0.005201
4.487424	0.005236
4.488407	0.005273
4.489390	0.005308
4.490373	0.005347
4.491355	0.005382
4.492338	0.005421
4.493321	0.005460
4.494304	0.005495
4.495287	0.005534
4.496269	0.005573
4.497252	0.005613
4.498235	0.005650
4.499218	0.005691
4.500200	0.005730
4.501183	0.005769
4.502166	0.005811
4.503149	0.005850
4.504132	0.005891
4.505114	0.005933
4.506097	0.005972
4.507080	0.006015
4.508063	0.006057
4.509045	0.006100
4.510028	0.006142
4.511011	0.006183
4.511994	0.006226
4.512977	0.006270
4.513959	0.006313
4.514942	0.006359
4.515925	0.006400
4.516908	0.006446
4.517890	0.006492
4.518873	0.006538
4.519856	0.006581
4.520839	0.006627
4.521822	0.006673
4.522804	0.006718
4.523787	0.006766
4.524770	0.006814
4.525753	0.006862
4.526735	0.006910
4.527718	0.006955
4.528701	0.007003
4.529684	0.007053
4.530667	0.007101
4.531649	0.007151
4.532632	0.007201
4.533615	0.007251
4.534598	0.007301
4.535580	0.007354
4.536563	0.007404
4.537546	0.007454
4.538529	0.007506
4.539511	0.007558
4.540494	0.007611
4.541477	0.007665
4.542460	0.007719
4.543443	0.007772
4.544425	0.007826
4.545408	0.007880
4.546391	0.007935
4.547374	0.007991
4.548356	0.008046
4.549339	0.008102
4.550322	0.008159
4.551305	0.008216
4.552288	0.008272
4.553270	0.008331
4.554253	0.008390
4.555236	0.008446
4.556219	0.008507
4.557201	0.008564
4.558184	0.008625
4.559167	0.008686
4.560150	0.008747
4.561133	0.008807
4.562115	0.008868
4.563098	0.008932
4.564081	0.008992
4.565064	0.009056
4.566046	0.009119
4.567029	0.009184
4.568012	0.009247
4.568995	0.009312
4.569978	0.009375
4.570960	0.009441
4.571943	0.009508
4.572926	0.009576
4.573909	0.009641
4.574891	0.009708
4.575874	0.009778
4.576857	0.009846
4.577840	0.009915
4.578823	0.009983
4.579805	0.010054
4.580788	0.010124
4.581771	0.010194
4.582754	0.010268
4.583736	0.010340
4.584719	0.010409
4.585702	0.010483
4.586685	0.010557
4.587667	0.010629
4.588650	0.010705
4.589633	0.010779
4.590616	0.010858
4.591599	0.010934
4.592581	0.011010
4.593564	0.011086
4.594547	0.011164
4.595530	0.011243
4.596512	0.011323
4.597495	0.011402
4.598478	0.011482
4.599461	0.011563
4.600444	0.011645
4.601426	0.011726
4.602409	0.011809
4.603392	0.011893
4.604375	0.011976
4.605357	0.012061
4.606340	0.012146
4.607323	0.012231
4.608306	0.012318
4.609289	0.012405
4.610271	0.012492
4.611254	0.012581
4.612237	0.012670
4.613220	0.012762
4.614202	0.012851
4.615185	0.012942
4.616168	0.013034
4.617151	0.013127
4.618134	0.013221
4.619116	0.013312
4.620099	0.013408
4.621082	0.013502
4.622065	0.013597
4.623047	0.013695
4.624030	0.013793
4.625013	0.013891
4.625996	0.013991
4.626979	0.014092
4.627961	0.014192
4.628944	0.014292
4.629927	0.014392
4.630910	0.014498
4.631892	0.014599
4.632875	0.014705
4.633858	0.014810
4.634841	0.014916
4.635823	0.015023
4.636806	0.015132
4.637789	0.015238
4.638772	0.015349
4.639755	0.015460
4.640737	0.015571
4.641720	0.015685
4.642703	0.015798
4.643686	0.015911
4.644668	0.016026
4.645651	0.016142
4.646634	0.016259
4.647617	0.016374
4.648600	0.016496
4.649582	0.016616
4.650565	0.016736
4.651548	0.016858
4.652531	0.016982
4.653513	0.017104
4.654496	0.017228
4.655479	0.017354
4.656462	0.017480
4.657445	0.017608
4.658427	0.017737
4.659410	0.017867
4.660393	0.018000
4.661376	0.018133
4.662358	0.018266
4.663341	0.018401
4.664324	0.018536
4.665307	0.018675
4.666290	0.018812
4.667272	0.018951
4.668255	0.019093
4.669238	0.019234
4.670221	0.019378
4.671203	0.019521
4.672186	0.019667
4.673169	0.019815
4.674152	0.019963
4.675135	0.020115
4.676117	0.020266
4.677100	0.020418
4.678083	0.020573
4.679066	0.020729
4.680048	0.020886
4.681031	0.021045
4.682014	0.021206
4.682997	0.021367
4.683979	0.021530
4.684962	0.021695
4.685945	0.021863
4.686928	0.022031
4.687911	0.022200
4.688893	0.022372
4.689876	0.022546
4.690859	0.022723
4.691842	0.022899
4.692824	0.023077
4.693807	0.023260
4.694790	0.023443
4.695773	0.023628
4.696756	0.023815
4.697738	0.024005
4.698721	0.024196
4.699704	0.024392
4.700687	0.024588
4.701669	0.024786
4.702652	0.024986
4.703635	0.025188
4.704618	0.025393
4.705601	0.025602
4.706583	0.025813
4.707566	0.026026
4.708549	0.026242
4.709532	0.026459
4.710514	0.026681
4.711497	0.026906
4.712480	0.027134
4.713463	0.027365
4.714446	0.027598
4.715428	0.027835
4.716411	0.028076
4.717394	0.028318
4.718377	0.028568
4.719359	0.028821
4.720342	0.029073
4.721325	0.029332
4.722308	0.029595
4.723291	0.029863
4.724273	0.030137
4.725256	0.030412
4.726239	0.030694
4.727222	0.030982
4.728204	0.031271
4.729187	0.031569
4.730170	0.031872
4.731153	0.032181
4.732135	0.032494
4.733118	0.032816
4.734101	0.033141
4.735084	0.033478
4.736067	0.033817
4.737049	0.034168
4.738032	0.034525
4.739015	0.034890
4.739998	0.035265
4.740980	0.035648
4.741963	0.036039
4.742946	0.036444
4.743929	0.036860
4.744912	0.037286
4.745894	0.037726
4.746877	0.038179
4.747860	0.038644
4.748843	0.039128
4.749825	0.039624
4.750808	0.040140
4.751791	0.040673
4.752774	0.041228
4.753757	0.041804
4.754739	0.042407
4.755722	0.043032
4.756705	0.043689
4.757688	0.044375
4.758670	0.045097
4.759653	0.045857
4.760636	0.046658
4.761619	0.047506
4.762602	0.048410
4.763584	0.049376
4.764567	0.050407
4.765550	0.051522
4.766533	0.052727
4.767515	0.054040
4.768498	0.055478
4.769481	0.057071
4.770464	0.058849
4.771447	0.060858
4.772429	0.063154
4.773412	0.065826
4.774395	0.068999
4.775378	0.072854
4.776360	0.077694
4.777343	0.084012
4.778326	0.092662
4.779309	0.105156
4.780292	0.124016
4.781274	0.152060
4.782249	0.150948
4.783224	0.111231
4.784199	0.071840
4.785173	0.054827
4.786148	0.045908
4.787123	0.040430
4.788098	0.036652
4.789073	0.033836
4.790047	0.031616
4.791022	0.029796
4.791997	0.028260
4.792972	0.026935
4.793947	0.025771
4.794921	0.024734
4.795896	0.023803
4.796871	0.022953
4.797846	0.022173
4.798821	0.021455
4.799795	0.020783
4.800770	0.020159
4.801745	0.019571
4.802720	0.019018
4.803694	0.018495
4.804669	0.017998
4.805644	0.017523
4.806619	0.017070
4.807594	0.016637
4.808568	0.016220
4.809543	0.015818
4.810518	0.015435
4.811493	0.015061
4.812468	0.014702
4.813442	0.014351
4.814417	0.014013
4.815392	0.013684
4.816367	0.013362
4.817342	0.013052
4.818316	0.012749
4.819291	0.012453
4.820266	0.012163
4.821241	0.011881
4.822216	0.011602
4.823190	0.011331
4.824165	0.011066
4.825140	0.010805
4.826115	0.010549
4.827090	0.010298
4.828064	0.010050
4.829039	0.009806
4.830014	0.009569
4.830989	0.009333
4.831963	0.009099
4.832938	0.008873
4.833913	0.008647
4.834888	0.008425
4.835863	0.008204
4.836837	0.007988
4.837812	0.007775
4.838787	0.007564
4.839762	0.007356
4.840737	0.007148
4.841711	0.006943
4.842686	0.006740
4.843661	0.006540
4.844636	0.006343
4.845611	0.006146
4.846585	0.005952
4.847560	0.005758
4.848535	0.005567
4.849510	0.005376
4.850485	0.005190
4.851459	0.005004
4.852434	0.004817
4.853409	0.004634
4.854384	0.004450
4.855358	0.004267
4.856333	0.004089
4.857308	0.003909
4.858283	0.003731
4.859258	0.003553
4.860232	0.003376
4.861207	0.003201
4.862182	0.003027
4.863157	0.002854
4.864132	0.002680
4.865106	0.002510
4.866081	0.002339
4.867056	0.002170
4.868031	0.001998
4.869006	0.001829
4.869980	0.001661
4.870955	0.001493
4.871930	0.001324
4.872905	0.001157
4.873880	0.000993
4.874854	0.000827
4.875829	0.000659
4.876804	0.000494
4.877779	0.000330
4.878761	-0.000000
4.879744	0.000167
4.880727	0.000332
4.881710	0.000496
4.882693	0.000663
4.883675	0.000828
4.884658	0.000993
4.885641	0.001158
4.886624	0.001323
4.887606	0.001489
4.888589	0.001654
4.889572	0.001815
4.890555	0.001980
4.891538	0.002143
4.892520	0.002306
4.893503	0.002469
4.894486	0.002632
4.895469	0.002793
4.896451	0.002954
4.897434	0.003114
4.898417	0.003275
4.899400	0.003434
4.900383	0.003591
4.901365	0.003751
4.902348	0.003910
4.903331	0.004065
4.904314	0.004223
4.905296	0.004378
4.906279	0.004532
4.907262	0.004686
4.908245	0.004839
4.909228	0.004993
4.910210	0.005145
4.911193	0.005296
4.912176	0.005446
4.913159	0.005596
4.914141	0.005744
4.915124	0.005894
4.916107	0.006040
4.917090	0.006186
4.918072	0.006330
4.919055	0.006475
4.920038	0.006621
4.921021	0.006761
4.922004	0.006904
4.922986	0.007046
4.923969	0.007185
4.924952	0.007325
4.925935	0.007462
4.926917	0.007599
4.927900	0.007736
4.928883	0.007872
4.929866	0.008005
4.930849	0.008140
4.931831	0.008271
4.932814	0.008402
4.933797	0.008534
4.934780	0.008665
4.935762	0.008792
4.936745	0.008921
4.937728	0.009049
4.938711	0.009174
4.939694	0.009300
4.940676	0.009425
4.941659	0.009549
4.942642	0.009671
4.943625	0.009793
4.944607	0.009914
4.945590	0.010034
4.946573	0.010152
4.947556	0.010270
4.948539	0.010388
4.949521	0.010504
4.950504	0.010621
4.951487	0.010735
4.952470	0.010849
4.953452	0.010963
4.954435	0.011074
4.955418	0.011186
4.956401	0.011297
4.957384	0.011407
4.958366	0.011516
4.959349	0.011623
4.960332	0.011732
4.961315	0.011838
4.962297	0.011945
4.963280	0.012050
4.964263	0.012155
4.965246	0.012258
4.966228	0.012361
4.967211	0.012464
4.968194	0.012565
4.969177	0.012666
4.970160	0.012766
4.971142	0.012867
4.972125	0.012964
4.973108	0.013062
4.974091	0.013159
4.975073	0.013257
4.976056	0.013350
4.977039	0.013448
4.978022	0.013543
4.979005	0.013635
4.979987	0.013729
4.980970	0.013822
4.981953	0.013912
4.982936	0.014002
4.983918	0.014096
4.984901	0.014184
4.985884	0.014274
4.986867	0.014364
4.987850	0.014452
4.988832	0.014540
4.989815	0.014624
4.990798	0.014712
4.991781	0.014798
4.992763	0.014883
4.993746	0.014969
4.994729	0.015051
4.995712	0.015134
4.996695	0.015218
4.997677	0.015299
4.998660	0.015381
4.999643	0.015464
5.000626	0.015542
5.001608	0.015623
5.002591	0.015703
5.003574	0.015782
5.004557	0.015861
5.005540	0.015939
5.006522	0.016016
5.007505	0.016095
5.008488	0.016172
5.009471	0.016247
5.010453	0.016322
5.011436	0.016396
5.012419	0.016470
5.013402	0.016543
5.014384	0.016618
5.015367	0.016689
5.016350	0.016762
5.017333	0.016835
5.018316	0.016904
5.019298	0.016975
5.020281	0.017047
5.021264	0.017118
5.022247	0.017185
5.023229	0.017253
5.024212	0.017324
5.025195	0.017391
5.026178	0.017457
5.027161	0.017524
5.028143	0.017592
5.029126	0.017655
5.030109	0.017721
5.031092	0.017787
5.032074	0.017852
5.033057	0.017916
5.034040	0.017980
5.035023	0.018043
5.036006	0.018107
5.036988	0.018169
5.037971	0.018231
5.038954	0.018291
5.039937	0.018352
5.040919	0.018412
5.041902	0.018472
5.042885	0.018532
5.043868	0.018590
5.044851	0.018648
5.045833	0.018708
5.046816	0.018763
5.047799	0.018821
5.048782	0.018879
5.049764	0.018933
5.050747	0.018991
5.051730	0.019046
5.052713	0.019100
5.053696	0.019154
5.054678	0.019209
5.055661	0.019263
5.056644	0.019315
5.057627	0.019368
5.058609	0.019418
5.059592	0.019471
5.060575	0.019521
5.061558	0.019574
5.062540	0.019624
5.063523	0.019673
5.064506	0.019724
5.065489	0.019771
5.066472	0.019821
5.067454	0.019868
5.068437	0.019917
5.069420	0.019964
5.070403	0.020009
5.071385	0.020055
5.072368	0.020100
5.073351	0.020147
5.074334	0.020192
5.075317	0.020237
5.076299	0.020280
5.077282	0.020323
5.078265	0.020366
5.079248	0.020409
5.080230	0.020453
5.081213	0.020494
5.082196	0.020533
5.083179	0.020574
5.084162	0.020616
5.085144	0.020655
5.086127	0.020694
5.087110	0.020732
5.088093	0.020771
5.089075	0.020808
5.090058	0.020846
5.091041	0.020882
5.092024	0.020919
5.093007	0.020955
5.093989	0.020990
5.094972	0.021026
5.095955	0.021060
5.096938	0.021093
5.097920	0.021127
5.098903	0.021161
5.099886	0.021193
5.100869	0.021224
5.101852	0.021256
5.102834	0.021288
5.103817	0.021320
5.104800	0.021350
5.105783	0.021380
5.106765	0.021408
5.107748	0.021436
5.108731	0.021466
5.109714	0.021494
5.110697	0.021520
5.111679	0.021549
5.112662	0.021573
5.113645	0.021601
5.114628	0.021625
5.115610	0.021652
5.116593	0.021676
5.117576	0.021698
5.118559	0.021723
5.119541	0.021745
5.120524	0.021768
5.121507	0.021790
5.122490	0.021811
5.123473	0.021831
5.124455	0.021852
5.125438	0.021873
5.126421	0.021893
5.127404	0.021910
5.128386	0.021931
5.129369	0.021948
5.130352	0.021966
5.131335	0.021983
5.132318	0.022000
5.133300	0.022015
5.134283	0.022030
5.135266	0.022045
5.136249	0.022060
5.137231	0.022075
5.138214	0.022086
5.139197	0.022101
5.140180	0.022112
5.141163	0.022126
5.142145	0.022137
5.143128	0.022148
5.144111	0.022159
5.145094	0.022169
5.146076	0.022178
5.147059	0.022187
5.148042	0.022195
5.149025	0.022204
5.150008	0.022210
5.150990	0.022217
5.151973	0.022225
5.152956	0.022230
5.153939	0.022236
5.154921	0.022242
5.155904	0.022245
5.156887	0.022249
5.157870	0.022253
5.158853	0.022257
5.159835	0.022259
5.160818	0.022262
5.161801	0.022262
5.162784	0.022262
5.163766	0.022262
