0.000983	0.290350
0.001966	0.290357
0.002948	0.290378
0.003931	0.290412
0.004914	0.290461
0.005897	0.290523
0.006879	0.290600
0.007862	0.290691
0.008845	0.290796
0.009828	0.290917
0.010811	0.291052
0.011793	0.291203
0.012776	0.291370
0.013759	0.291554
0.014742	0.291755
0.015724	0.291974
0.016707	0.292212
0.017690	0.292471
0.018673	0.292765
0.019656	0.293078
0.020638	0.293411
0.021621	0.293760
0.022604	0.294126
0.023587	0.294506
0.024569	0.294901
0.025552	0.295310
0.026535	0.295731
0.027518	0.296164
0.028500	0.296608
0.029483	0.297064
0.030466	0.297529
0.031449	0.298005
0.032432	0.298490
0.033414	0.298985
0.034397	0.299488
0.035380	0.299999
0.036363	0.300518
0.037345	0.301045
0.038328	0.301578
0.039311	0.302119
0.040294	0.302666
0.041277	0.303219
0.042259	0.303779
0.043242	0.304343
0.044225	0.304913
0.045208	0.305488
0.046190	0.306068
0.047173	0.306652
0.048156	0.307241
0.049139	0.307833
0.050122	0.308429
0.051104	0.309028
0.052087	0.309631
0.053070	0.310236
0.054053	0.310844
0.055035	0.311455
0.056018	0.312068
0.057001	0.312683
0.057984	0.313299
0.058967	0.313918
0.059949	0.314537
0.060932	0.315158
0.061915	0.315780
0.062898	0.316402
0.063880	0.317025
0.064863	0.317648
0.065846	0.318271
0.066829	0.318895
0.067812	0.319518
0.068794	0.320140
0.069777	0.320762
0.070760	0.321383
0.071743	0.322003
0.072725	0.322621
0.073708	0.323238
0.074691	0.323854
0.075674	0.324468
0.076656	0.325080
0.077639	0.325689
0.078622	0.326297
0.079605	0.326902
0.080588	0.327504
0.081570	0.328103
0.082553	0.328700
0.083536	0.329293
0.084519	0.329883
0.085501	0.330469
0.086484	0.331052
0.087467	0.331631
0.088450	0.332206
0.089433	0.332776
0.090415	0.333343
0.091398	0.333905
0.092381	0.334462
0.093364	0.335014
0.094346	0.335562
0.095329	0.336104
0.096312	0.336641
0.097295	0.337173
0.098278	0.337699
0.099260	0.338219
0.100243	0.338734
0.101226	0.339243
0.102209	0.339745
0.103191	0.340241
0.104174	0.340731
0.105157	0.341214
0.106140	0.341690
0.107123	0.342159
0.108105	0.342621
0.109088	0.343076
0.110071	0.343524
0.111054	0.343965
0.112036	0.344397
0.113019	0.344822
0.114002	0.345240
0.114985	0.345649
0.115968	0.346050
0.116950	0.346442
0.117933	0.346827
0.118916	0.347202
0.119899	0.347569
0.120881	0.347928
0.121864	0.348277
0.122847	0.348617
0.123830	0.348948
0.124812	0.349270
0.125795	0.349582
0.126778	0.349885
0.127761	0.350178
0.128744	0.350461
0.129726	0.350734
0.130709	0.350998
0.131692	0.351251
0.132675	0.351493
0.133657	0.351725
0.134640	0.351947
0.135623	0.352158
0.136606	0.352358
0.137589	0.352547
0.138571	0.352726
0.139554	0.352893
0.140537	0.353049
0.141520	0.353193
0.142502	0.353326
0.143485	0.353448
0.144468	0.353557
0.145451	0.353655
0.146434	0.353741
0.147416	0.353816
0.148399	0.353877
0.149382	0.353927
0.150365	0.353965
0.151347	0.353990
0.152330	0.354002
0.153313	0.354002
0.154296	0.353989
0.155279	0.353963
0.156261	0.353925
0.157244	0.353873
0.158227	0.353808
0.159210	0.353730
0.160192	0.353639
0.161175	0.353534
0.162158	0.353416
0.163141	0.353285
0.164124	0.353140
0.165106	0.352981
0.166089	0.352808
0.167072	0.352621
0.168055	0.352421
0.169037	0.352206
0.170020	0.351977
0.171003	0.351735
0.171986	0.351477
0.172969	0.351206
0.173951	0.350920
0.174934	0.350620
0.175917	0.350305
0.176900	0.349976
0.177882	0.349632
0.178865	0.349273
0.179848	0.348900
0.180831	0.348511
0.181813	0.348108
0.182796	0.347690
0.183779	0.347257
0.184762	0.346809
0.185745	0.346347
0.186727	0.345868
0.187710	0.345375
0.188693	0.344867
0.189676	0.344343
0.190658	0.343805
0.191641	0.343251
0.192624	0.342682
0.193607	0.342097
0.194590	0.341498
0.195572	0.340882
0.196555	0.340252
0.197538	0.339606
0.198521	0.338945
0.199503	0.338269
0.200486	0.337578
0.201469	0.336871
0.202452	0.336148
0.203435	0.335411
0.204417	0.334658
0.205400	0.333890
0.206383	0.333107
0.207366	0.332308
0.208348	0.331495
0.209331	0.330666
0.210314	0.329823
0.211297	0.328964
0.212280	0.328090
0.213262	0.327202
0.214245	0.326298
0.215228	0.325380
0.216211	0.324448
0.217193	0.323500
0.218176	0.322538
0.219159	0.321562
0.220142	0.320572
0.221125	0.319567
0.222107	0.318548
0.223090	0.317515
0.224073	0.316468
0.225056	0.315408
0.226038	0.314334
0.227021	0.313246
0.228004	0.312146
0.228987	0.311032
0.229969	0.309905
0.230952	0.308765
0.231935	0.307613
0.232918	0.306448
0.233901	0.305272
0.234883	0.304083
0.235866	0.302882
0.236849	0.301670
0.237832	0.300446
0.238814	0.299211
0.239797	0.297966
0.240780	0.296709
0.241763	0.295443
0.242746	0.294166
0.243728	0.292880
0.244711	0.291584
0.245694	0.290279
0.246677	0.288965
0.247659	0.287642
0.248642	0.286312
0.249625	0.284973
0.250608	0.283627
0.251591	0.282274
0.252573	0.280914
0.253556	0.279548
0.254539	0.278176
0.255522	0.276798
0.256504	0.275415
0.257487	0.274028
0.258470	0.272636
0.259453	0.271241
0.260436	0.269842
0.261418	0.268441
0.262401	0.267038
0.263384	0.265633
0.264367	0.264226
0.265349	0.262820
0.266332	0.261413
0.267315	0.260007
0.268298	0.258602
0.269281	0.257199
0.270263	0.255799
0.271246	0.254402
0.272229	0.253009
0.273212	0.251621
0.274194	0.250238
0.275177	0.248862
0.276160	0.247493
0.277143	0.246133
0.278125	0.244781
0.279108	0.243441
0.280091	0.242111
0.281074	0.240794
0.282057	0.239492
0.283039	0.238205
0.284022	0.236936
0.285005	0.235686
0.285988	0.234460
0.286962	0.234023
0.287937	0.234071
0.288912	0.234089
0.289887	0.234084
0.290862	0.234060
0.291836	0.234018
0.292811	0.233961
0.293786	0.233890
0.294761	0.233806
0.295736	0.233710
0.296710	0.233602
0.297685	0.233484
0.298660	0.233356
0.299635	0.233219
0.300610	0.233073
0.301584	0.232919
0.302559	0.232757
0.303534	0.232587
0.304509	0.232411
0.305484	0.232228
0.306458	0.232039
0.307433	0.231844
0.308408	0.231643
0.309383	0.231437
0.310357	0.231226
0.311332	0.231011
0.312307	0.230791
0.313282	0.230566
0.314257	0.230338
0.315231	0.230106
0.316206	0.229871
0.317181	0.229632
0.318156	0.229390
0.319131	0.229146
0.320105	0.228898
0.321080	0.228648
0.322055	0.228396
0.323030	0.228142
0.324005	0.227886
0.324979	0.227628
0.325954	0.227368
0.326929	0.227108
0.327904	0.226845
0.328879	0.226582
0.329853	0.226318
0.330828	0.226053
0.331803	0.225788
0.332778	0.225522
0.333753	0.225256
0.334727	0.224991
0.335702	0.224725
0.336677	0.224460
0.337652	0.224195
0.338626	0.223931
0.339601	0.223668
0.340576	0.223406
0.341551	0.223145
0.342526	0.222886
0.343500	0.222629
0.344475	0.222374
0.345450	0.222121
0.346425	0.221871
0.347400	0.221624
0.348374	0.221380
0.349349	0.221140
0.350324	0.220904
0.351299	0.220672
0.352274	0.220445
0.353248	0.220224
0.354223	0.220008
0.355198	0.219799
0.356173	0.219597
0.357148	0.219404
0.358122	0.219218
0.359097	0.219043
0.360072	0.218879
0.361047	0.218726
0.362021	0.218588
0.362996	0.218464
0.363971	0.218359
0.364946	0.218272
0.365921	0.218209
0.366895	0.218172
0.367870	0.218165
0.368845	0.218194
0.369820	0.218266
0.370795	0.218390
0.371769	0.218578
0.372744	0.218845
0.373719	0.219215
0.374694	0.219720
0.375669	0.220409
0.376643	0.221360
0.377618	0.222698
0.378593	0.224642
0.379568	0.227572
0.380543	0.232113
0.381517	0.238962
0.382492	0.246667
0.383475	0.248484
0.384458	0.240971
0.385440	0.234052
0.386423	0.229258
0.387406	0.225940
0.388389	0.223511
0.389372	0.221618
0.390354	0.220064
0.391337	0.218732
0.392320	0.217556
0.393303	0.216492
0.394285	0.215512
0.395268	0.214596
0.396251	0.213731
0.397234	0.212906
0.398217	0.212116
0.399199	0.211353
0.400182	0.210613
0.401165	0.209893
0.402148	0.209191
0.403130	0.208503
0.404113	0.207828
0.405096	0.207165
0.406079	0.206513
0.407061	0.205869
0.408044	0.205234
0.409027	0.204606
0.410010	0.203985
0.410993	0.203371
0.411975	0.202762
0.412958	0.202158
0.413941	0.201560
0.414924	0.200966
0.415906	0.200376
0.416889	0.199791
0.417872	0.199209
0.418855	0.198631
0.419838	0.198056
0.420820	0.197485
0.421803	0.196917
0.422786	0.196351
0.423769	0.195789
0.424751	0.195229
0.425734	0.194672
0.426717	0.194118
0.427700	0.193565
0.428683	0.193016
0.429665	0.192469
0.430648	0.191923
0.431631	0.191381
0.432614	0.190840
0.433596	0.190301
0.434579	0.189765
0.435562	0.189230
0.436545	0.188698
0.437528	0.188167
0.438510	0.187639
0.439493	0.187112
0.440476	0.186587
0.441459	0.186064
0.442441	0.185543
0.443424	0.185023
0.444407	0.184505
0.445390	0.183989
0.446373	0.183475
0.447355	0.182963
0.448338	0.182452
0.449321	0.181943
0.450304	0.181435
0.451286	0.180930
0.452269	0.180425
0.453252	0.179923
0.454235	0.179422
0.455217	0.178923
0.456200	0.178425
0.457183	0.177929
0.458166	0.177434
0.459149	0.176941
0.460131	0.176450
0.461114	0.175960
0.462097	0.175472
0.463080	0.174985
0.464062	0.174500
0.465045	0.174016
0.466028	0.173534
0.467011	0.173053
0.467994	0.172574
0.468976	0.172096
0.469959	0.171620
0.470942	0.171145
0.471925	0.170672
0.472907	0.170200
0.473890	0.169730
0.474873	0.169261
0.475856	0.168794
0.476839	0.168328
0.477821	0.167863
0.478804	0.167400
0.479787	0.166939
0.480770	0.166479
0.481752	0.166020
0.482735	0.165563
0.483718	0.165107
0.484701	0.164652
0.485684	0.164199
0.486666	0.163748
0.487649	0.163297
0.488632	0.162848
0.489615	0.162401
0.490597	0.161955
0.491580	0.161510
0.492563	0.161067
0.493546	0.160625
0.494529	0.160184
0.495511	0.159745
0.496494	0.159307
0.497477	0.158871
0.498460	0.158436
0.499442	0.158002
0.500425	0.157569
0.501408	0.157138
0.502391	0.156708
0.503374	0.156280
0.504356	0.155853
0.505339	0.155427
0.506322	0.155003
0.507305	0.154579
0.508287	0.154158
0.509270	0.153737
0.510253	0.153318
0.511236	0.152900
0.512218	0.152483
0.513201	0.152068
0.514184	0.151654
0.515167	0.151241
0.516150	0.150829
0.517132	0.150419
0.518115	0.150010
0.519098	0.149602
0.520081	0.149196
0.521063	0.148791
0.522046	0.148387
0.523029	0.147984
0.524012	0.147583
0.524995	0.147183
0.525977	0.146784
0.526960	0.146386
0.527943	0.145989
0.528926	0.145594
0.529908	0.145200
0.530891	0.144807
0.531874	0.144416
0.532857	0.144025
0.533840	0.143636
0.534822	0.143248
0.535805	0.142861
0.536788	0.142476
0.537771	0.142092
0.538753	0.141708
0.539736	0.141326
0.540719	0.140946
0.541702	0.140566
0.542685	0.140187
0.543667	0.139810
0.544650	0.139434
0.545633	0.139059
0.546616	0.138685
0.547598	0.138313
0.548581	0.137941
0.549564	0.137571
0.550547	0.137202
0.551530	0.136834
0.552512	0.136467
0.553495	0.136101
0.554478	0.135736
0.555461	0.135373
0.556443	0.135010
0.557426	0.134649
0.558409	0.134289
0.559392	0.133930
0.560374	0.133572
0.561357	0.133215
0.562340	0.132860
0.563323	0.132505
0.564306	0.132151
0.565288	0.131799
0.566271	0.131448
0.567254	0.131097
0.568237	0.130748
0.569219	0.130400
0.570202	0.130053
0.571185	0.129707
0.572168	0.129362
0.573151	0.129019
0.574133	0.128676
0.575116	0.128334
0.576099	0.127994
0.577082	0.127654
0.578064	0.127316
0.579047	0.126978
0.580030	0.126642
0.581013	0.126307
0.581996	0.125972
0.582978	0.125639
0.583961	0.125307
0.584944	0.124975
0.585927	0.124645
0.586909	0.124316
0.587892	0.123988
0.588875	0.123661
0.589858	0.123335
0.590841	0.123009
0.591823	0.122685
0.592806	0.122362
0.593789	0.122040
0.594772	0.121719
0.595754	0.121399
0.596737	0.121080
0.597720	0.120762
0.598703	0.120444
0.599686	0.120128
0.600668	0.119813
0.601651	0.119499
0.602634	0.119186
0.603617	0.118873
0.604599	0.118562
0.605582	0.118252
0.606565	0.117942
0.607548	0.117634
0.608530	0.117326
0.609513	0.117020
0.610496	0.116714
0.611479	0.116409
0.612462	0.116106
0.613444	0.115803
0.614427	0.115501
0.615410	0.115200
0.616393	0.114900
0.617375	0.114601
0.618358	0.114303
0.619341	0.114006
0.620324	0.113710
0.621307	0.113414
0.622289	0.113120
0.623272	0.112826
0.624255	0.112534
0.625238	0.112242
0.626220	0.111951
0.627203	0.111661
0.628186	0.111372
0.629169	0.111084
0.630152	0.110797
0.631134	0.110511
0.632117	0.110225
0.633100	0.109940
0.634083	0.109657
0.635065	0.109374
0.636048	0.109092
0.637031	0.108811
0.638014	0.108531
0.638997	0.108251
0.639979	0.107973
0.640962	0.107695
0.641945	0.107418
0.642928	0.107142
0.643910	0.106867
0.644893	0.106593
0.645876	0.106320
0.646859	0.106047
0.647842	0.105776
0.648824	0.105505
0.649807	0.105235
0.650790	0.104966
0.651773	0.104697
0.652755	0.104430
0.653738	0.104163
0.654721	0.103897
0.655704	0.103632
0.656686	0.103368
0.657669	0.103104
0.658652	0.102842
0.659635	0.102580
0.660618	0.102319
0.661600	0.102059
0.662583	0.101800
0.663566	0.101541
0.664549	0.101283
0.665531	0.101026
0.666514	0.100770
0.667497	0.100515
0.668480	0.100260
0.669463	0.100006
0.670445	0.099753
0.671428	0.099501
0.672411	0.099249
0.673394	0.098999
0.674376	0.098749
0.675359	0.098499
0.676342	0.098251
0.677325	0.098003
0.678308	0.097756
0.679290	0.097510
0.680273	0.097265
0.681256	0.097020
0.682239	0.096776
0.683221	0.096533
0.684204	0.096291
0.685187	0.096049
0.686170	0.095808
0.687153	0.095568
0.688135	0.095329
0.689118	0.095090
0.690101	0.094852
0.691084	0.094615
0.692066	0.094378
0.693049	0.094143
0.694032	0.093908
0.695015	0.093673
0.695998	0.093440
0.696980	0.093207
0.697963	0.092975
0.698946	0.092743
0.699929	0.092513
0.700911	0.092282
0.701894	0.092053
0.702877	0.091825
0.703860	0.091597
0.704842	0.091369
0.705825	0.091143
0.706808	0.090917
0.707791	0.090692
0.708774	0.090467
0.709756	0.090244
0.710739	0.090020
0.711722	0.089798
0.712705	0.089576
0.713687	0.089355
0.714670	0.089135
0.715653	0.088915
0.716636	0.088696
0.717619	0.088478
0.718601	0.088260
0.719584	0.088043
0.720567	0.087827
0.721550	0.087611
0.722532	0.087396
0.723515	0.087181
0.724498	0.086968
0.725481	0.086755
0.726464	0.086542
0.727446	0.086330
0.728429	0.086119
0.729412	0.085909
0.730395	0.085699
0.731377	0.085489
0.732360	0.085281
0.733343	0.085073
0.734326	0.084865
0.735309	0.084659
0.736291	0.084453
0.737274	0.084247
0.738257	0.084042
0.739240	0.083838
0.740222	0.083634
0.741205	0.083432
0.742188	0.083229
0.743171	0.083027
0.744154	0.082826
0.745136	0.082626
0.746119	0.082426
0.747102	0.082226
0.748085	0.082028
0.749067	0.081830
0.750050	0.081632
0.751033	0.081435
0.752016	0.081239
0.752999	0.081043
0.753981	0.080848
0.754964	0.080653
0.755947	0.080459
0.756930	0.080266
0.757912	0.080073
0.758895	0.079881
0.759878	0.079689
0.760861	0.079498
0.761843	0.079308
0.762826	0.079118
0.763809	0.078928
0.764792	0.078739
0.765775	0.078551
0.766757	0.078364
0.767740	0.078176
0.768723	0.077990
0.769706	0.077804
0.770688	0.077618
0.771671	0.077434
0.772654	0.077249
0.773637	0.077066
0.774620	0.076882
0.775602	0.076700
0.776585	0.076517
0.777568	0.076336
0.778551	0.076155
0.779533	0.075974
0.780516	0.075794
0.781499	0.075615
0.782482	0.075436
0.783465	0.075258
0.784447	0.075080
0.785430	0.074903
0.786413	0.074726
0.787396	0.074550
0.788378	0.074374
0.789361	0.074199
0.790344	0.074024
0.791327	0.073850
0.792310	0.073676
0.793292	0.073503
0.794275	0.073330
0.795258	0.073158
0.796241	0.072987
0.797223	0.072816
0.798206	0.072645
0.799189	0.072475
0.800172	0.072305
0.801155	0.072136
0.802137	0.071968
0.803120	0.071800
0.804103	0.071632
0.805086	0.071465
0.806068	0.071298
0.807051	0.071132
0.808034	0.070967
0.809017	0.070801
0.809999	0.070637
0.810982	0.070473
0.811965	0.070309
0.812948	0.070146
0.813931	0.069983
0.814913	0.069821
0.815896	0.069659
0.816879	0.069498
0.817862	0.069337
0.818844	0.069176
0.819827	0.069017
0.820810	0.068857
0.821793	0.068698
0.822776	0.068540
0.823758	0.068382
0.824741	0.068224
0.825724	0.068067
0.826707	0.067910
0.827689	0.067754
0.828672	0.067598
0.829655	0.067443
0.830638	0.067288
0.831621	0.067134
0.832603	0.066980
0.833586	0.066826
0.834569	0.066673
0.835552	0.066521
0.836534	0.066368
0.837517	0.066217
0.838500	0.066065
0.839483	0.065915
0.840466	0.065764
0.841448	0.065614
0.842431	0.065465
0.843414	0.065315
0.844397	0.065167
0.845379	0.065019
0.846362	0.064871
0.847345	0.064723
0.848328	0.064576
0.849311	0.064430
0.850293	0.064284
0.851276	0.064138
0.852259	0.063993
0.853242	0.063848
0.854224	0.063703
0.855207	0.063559
0.856190	0.063415
0.857173	0.063272
0.858155	0.063129
0.859138	0.062987
0.860121	0.062845
0.861104	0.062703
0.862087	0.062562
0.863069	0.062421
0.864052	0.062281
0.865035	0.062141
0.866018	0.062001
0.867000	0.061862
0.867983	0.061723
0.868966	0.061585
0.869949	0.061447
0.870932	0.061309
0.871914	0.061172
0.872897	0.061035
0.873880	0.060898
0.874863	0.060762
0.875845	0.060627
0.876828	0.060491
0.877811	0.060356
0.878794	0.060222
0.879777	0.060087
0.880759	0.059954
0.881742	0.059820
0.882725	0.059687
0.883708	0.059554
0.884690	0.059422
0.885673	0.059290
0.886656	0.059159
0.887639	0.059027
0.888622	0.058897
0.889604	0.058766
0.890587	0.058636
0.891570	0.058506
0.892553	0.058377
0.893535	0.058248
0.894518	0.058119
0.895501	0.057991
0.896484	0.057863
0.897467	0.057735
0.898449	0.057608
0.899432	0.057481
0.900415	0.057354
0.901398	0.057228
0.902380	0.057102
0.903363	0.056977
0.904346	0.056852
0.905329	0.056727
0.906311	0.056602
0.907294	0.056478
0.908277	0.056355
0.909260	0.056231
0.910243	0.056108
0.911225	0.055985
0.912208	0.055863
0.913191	0.055741
0.914174	0.055619
0.915156	0.055498
0.916139	0.055377
0.917122	0.055256
0.918105	0.055135
0.919088	0.055015
0.920070	0.054895
0.921053	0.054776
0.922036	0.054657
0.923019	0.054538
0.924001	0.054420
0.924984	0.054302
0.925967	0.054184
0.926950	0.054066
0.927933	0.053949
0.928915	0.053832
0.929898	0.053716
0.930881	0.053599
0.931864	0.053483
0.932846	0.053368
0.933829	0.053253
0.934812	0.053138
0.935795	0.053023
0.936778	0.052908
0.937760	0.052794
0.938743	0.052681
0.939726	0.052567
0.940709	0.052454
0.941691	0.052341
0.942674	0.052229
0.943657	0.052116
0.944640	0.052004
0.945623	0.051893
0.946605	0.051782
0.947588	0.051670
0.948571	0.051560
0.949554	0.051449
0.950536	0.051339
0.951519	0.051229
0.952502	0.051120
0.953485	0.051010
0.954467	0.050901
0.955450	0.050793
0.956433	0.050684
0.957416	0.050576
0.958399	0.050468
0.959381	0.050361
0.960364	0.050253
0.961347	0.050146
0.962330	0.050040
0.963312	0.049933
0.964295	0.049827
0.965278	0.049721
0.966261	0.049616
0.967244	0.049510
0.968226	0.049405
0.969209	0.049301
0.970192	0.049196
0.971175	0.049092
0.972157	0.048988
0.973140	0.048884
0.974123	0.048781
0.975106	0.048678
0.976089	0.048575
0.977071	0.048472
0.978054	0.048370
0.979037	0.048268
0.980020	0.048166
0.981002	0.048064
0.981985	0.047963
0.982968	0.047862
0.983951	0.047761
0.984934	0.047661
0.985916	0.047561
0.986899	0.047461
0.987882	0.047361
0.988865	0.047261
0.989847	0.047162
0.990830	0.047063
0.991813	0.046965
0.992796	0.046866
0.993779	0.046768
0.994761	0.046670
0.995744	0.046572
0.996727	0.046475
0.997710	0.046378
0.998692	0.046281
0.999675	0.046184
1.000658	0.046087
1.001641	0.045991
1.002624	0.045895
1.003606	0.045799
1.004589	0.045704
1.005572	0.045609
1.006555	0.045514
1.007537	0.045419
1.008520	0.045324
1.009503	0.045230
1.010486	0.045136
1.011468	0.045042
1.012451	0.044949
1.013434	0.044855
1.014417	0.044762
1.015400	0.044669
1.016382	0.044576
1.017365	0.044484
1.018348	0.044392
1.019331	0.044300
1.020313	0.044208
1.021296	0.044117
1.022279	0.044025
1.023262	0.043934
1.024245	0.043843
1.025227	0.043753
1.026210	0.043662
1.027193	0.043572
1.028176	0.043482
1.029158	0.043393
1.030141	0.043303
1.031124	0.043214
1.032107	0.043125
1.033090	0.043036
1.034072	0.042947
1.035055	0.042859
1.036038	0.042771
1.037021	0.042683
1.038003	0.042595
1.038986	0.042507
1.039969	0.042420
1.040952	0.042333
1.041935	0.042246
1.042917	0.042159
1.043900	0.042073
1.044883	0.041986
1.045866	0.041900
1.046848	0.041814
1.047831	0.041729
1.048814	0.041643
1.049797	0.041558
1.050780	0.041473
1.051762	0.041388
1.052745	0.041303
1.053728	0.041219
1.054711	0.041135
1.055693	0.041051
1.056676	0.040967
1.057659	0.040883
1.058642	0.040800
1.059624	0.040716
1.060607	0.040633
1.061590	0.040550
1.062573	0.040468
1.063556	0.040385
1.064538	0.040303
1.065521	0.040221
1.066504	0.040139
1.067487	0.040057
1.068469	0.039976
1.069452	0.039894
1.070435	0.039813
1.071418	0.039732
1.072401	0.039652
1.073383	0.039571
1.074366	0.039491
1.075349	0.039410
1.076332	0.039330
1.077314	0.039251
1.078297	0.039171
1.079280	0.039092
1.080263	0.039012
1.081246	0.038933
1.082228	0.038854
1.083211	0.038775
1.084194	0.038697
1.085177	0.038619
1.086159	0.038540
1.087142	0.038462
1.088125	0.038384
1.089108	0.038307
1.090091	0.038229
1.091073	0.038152
1.092056	0.038075
1.093039	0.037998
1.094022	0.037921
1.095004	0.037844
1.095987	0.037768
1.096970	0.037692
1.097945	0.037385
1.098920	0.037354
1.099894	0.037324
1.100869	0.037292
1.101844	0.037261
1.102819	0.037230
1.103794	0.037198
1.104768	0.037167
1.105743	0.037135
1.106718	0.037103
1.107693	0.037072
1.108667	0.037040
1.109642	0.037007
1.110617	0.036975
1.111592	0.036943
1.112567	0.036910
1.113541	0.036878
1.114516	0.036845
1.115491	0.036812
1.116466	0.036779
1.117441	0.036746
1.118415	0.036713
1.119390	0.036680
1.120365	0.036646
1.121340	0.036613
1.122315	0.036579
1.123289	0.036545
1.124264	0.036511
1.125239	0.036477
1.126214	0.036443
1.127189	0.036409
1.128163	0.036374
1.129138	0.036340
1.130113	0.036305
1.131088	0.036271
1.132062	0.036236
1.133037	0.036201
1.134012	0.036166
1.134987	0.036131
1.135962	0.036095
1.136936	0.036060
1.137911	0.036024
1.138886	0.035989
1.139861	0.035953
1.140836	0.035917
1.141810	0.035881
1.142785	0.035845
1.143760	0.035809
1.144735	0.035772
1.145710	0.035736
1.146684	0.035699
1.147659	0.035662
1.148634	0.035626
1.149609	0.035589
1.150584	0.035551
1.151558	0.035514
1.152533	0.035477
1.153508	0.035440
1.154483	0.035402
1.155457	0.035364
1.156432	0.035327
1.157407	0.035289
1.158382	0.035251
1.159357	0.035212
1.160331	0.035174
1.161306	0.035136
1.162281	0.035097
1.163256	0.035059
1.164231	0.035020
1.165205	0.034981
1.166180	0.034942
1.167155	0.034903
1.168130	0.034864
1.169105	0.034825
1.170079	0.034785
1.171054	0.034746
1.172029	0.034706
1.173004	0.034666
1.173979	0.034626
1.174953	0.034586
1.175928	0.034546
1.176903	0.034506
1.177878	0.034465
1.178852	0.034425
1.179827	0.034384
1.180802	0.034344
1.181777	0.034303
1.182752	0.034262
1.183726	0.034221
1.184701	0.034180
1.185676	0.034138
1.186651	0.034097
1.187626	0.034055
1.188600	0.034014
1.189575	0.033972
1.190550	0.033930
1.191525	0.033888
1.192500	0.033846
1.193474	0.033803
1.194449	0.033761
1.195424	0.033719
1.196399	0.033676
1.197374	0.033633
1.198348	0.033590
1.199323	0.033547
1.200298	0.033504
1.201273	0.033461
1.202247	0.033418
1.203222	0.033374
1.204197	0.033331
1.205172	0.033287
1.206147	0.033243
1.207121	0.033200
1.208096	0.033156
1.209071	0.033111
1.210046	0.033067
1.211021	0.033023
1.211995	0.032978
1.212970	0.032934
1.213945	0.032889
1.214920	0.032844
1.215895	0.032799
1.216869	0.032754
1.217844	0.032709
1.218819	0.032664
1.219794	0.032618
1.220769	0.032573
1.221743	0.032527
1.222718	0.032481
1.223693	0.032435
1.224668	0.032389
1.225643	0.032343
1.226617	0.032297
1.227592	0.032251
1.228567	0.032204
1.229542	0.032158
1.230516	0.032111
1.231491	0.032064
1.232466	0.032017
1.233441	0.031970
1.234416	0.031923
1.235390	0.031876
1.236365	0.031828
1.237340	0.031781
1.238315	0.031733
1.239290	0.031686
1.240264	0.031638
1.241239	0.031590
1.242214	0.031542
1.243189	0.031494
1.244164	0.031445
1.245138	0.031397
1.246113	0.031348
1.247088	0.031300
1.248063	0.031251
1.249038	0.031202
1.250012	0.031153
1.250987	0.031104
1.251962	0.031055
1.252937	0.031005
1.253911	0.030956
1.254886	0.030906
1.255861	0.030857
1.256836	0.030807
1.257811	0.030757
1.258785	0.030707
1.259760	0.030657
1.260735	0.030607
1.261710	0.030556
1.262685	0.030506
1.263659	0.030455
1.264634	0.030404
1.265609	0.030354
1.266584	0.030303
1.267559	0.030252
1.268533	0.030201
1.269508	0.030149
1.270483	0.030098
1.271458	0.030046
1.272433	0.029995
1.273407	0.029943
1.274382	0.029891
1.275357	0.029839
1.276332	0.029787
1.277306	0.029735
1.278281	0.029683
1.279256	0.029630
1.280231	0.029578
1.281206	0.029525
1.282180	0.029473
1.283155	0.029420
1.284130	0.029367
1.285105	0.029314
1.286080	0.029261
1.287054	0.029207
1.288029	0.029154
1.289004	0.029100
1.289979	0.029047
1.290954	0.028993
1.291928	0.028939
1.292903	0.028885
1.293878	0.028831
1.294853	0.028777
1.295828	0.028723
1.296802	0.028669
1.297777	0.028614
1.298752	0.028559
1.299727	0.028505
1.300701	0.028450
1.301676	0.028395
1.302651	0.028340
1.303626	0.028285
1.304601	0.028229
1.305575	0.028174
1.306550	0.028119
1.307525	0.028063
1.308500	0.028007
1.309475	0.027952
1.310449	0.027896
1.311424	0.027840
1.312399	0.027783
1.313374	0.027727
1.314349	0.027671
1.315323	0.027614
1.316298	0.027558
1.317273	0.027501
1.318248	0.027444
1.319223	0.027388
1.320197	0.027331
1.321172	0.027273
1.322147	0.027216
1.323122	0.027159
1.324096	0.027102
1.325071	0.027044
1.326046	0.026986
1.327021	0.026929
1.327996	0.026871
1.328970	0.026813
1.329945	0.026755
1.330920	0.026697
1.331895	0.026638
1.332870	0.026580
1.333844	0.026521
1.334819	0.026463
1.335794	0.026404
1.336769	0.026345
1.337744	0.026286
1.338718	0.026227
1.339693	0.026168
1.340668	0.026109
1.341643	0.026050
1.342618	0.025990
1.343592	0.025931
1.344567	0.025871
1.345542	0.025811
1.346517	0.025752
1.347492	0.025692
1.348466	0.025632
1.349441	0.025572
1.350416	0.025511
1.351391	0.025451
1.352365	0.025390
1.353340	0.025330
1.354315	0.025269
1.355290	0.025208
1.356265	0.025148
1.357239	0.025087
1.358214	0.025026
1.359189	0.024964
1.360164	0.024903
1.361139	0.024842
1.362113	0.024780
1.363088	0.024719
1.364063	0.024657
1.365038	0.024595
1.366013	0.024533
1.366987	0.024471
1.367962	0.024409
1.368937	0.024347
1.369912	0.024285
1.370887	0.024222
1.371861	0.024160
1.372836	0.024097
1.373811	0.024035
1.374786	0.023972
1.375760	0.023909
1.376735	0.023846
1.377710	0.023783
1.378685	0.023720
1.379660	0.023656
1.380634	0.023593
1.381609	0.023530
1.382584	0.023466
1.383559	0.023402
1.384534	0.023339
1.385508	0.023275
1.386483	0.023211
1.387458	0.023147
1.388433	0.023083
1.389408	0.023018
1.390382	0.022954
1.391357	0.022890
1.392332	0.022825
1.393307	0.022760
1.394282	0.022696
1.395256	0.022631
1.396231	0.022566
1.397206	0.022501
1.398181	0.022436
1.399155	0.022371
1.400130	0.022305
1.401105	0.022240
1.402080	0.022175
1.403055	0.022109
1.404029	0.022043
1.405004	0.021978
1.405979	0.021912
1.406954	0.021846
1.407929	0.021780
1.408903	0.021714
1.409878	0.021647
1.410853	0.021581
1.411828	0.021515
1.412803	0.021448
1.413777	0.021382
1.414752	0.021315
1.415727	0.021248
1.416702	0.021181
1.417677	0.021114
1.418651	0.021047
1.419626	0.020980
1.420601	0.020913
1.421576	0.020845
1.422550	0.020778
1.423525	0.020711
1.424500	0.020643
1.425475	0.020575
1.426450	0.020508
1.427424	0.020440
1.428399	0.020372
1.429374	0.020304
1.430349	0.020236
1.431324	0.020167
1.432298	0.020099
1.433273	0.020031
1.434248	0.019962
1.435223	0.019894
1.436198	0.019825
1.437172	0.019756
1.438147	0.019687
1.439122	0.019619
1.440097	0.019550
1.441072	0.019481
1.442046	0.019411
1.443021	0.019342
1.443996	0.019273
1.444971	0.019203
1.445946	0.019134
1.446920	0.019064
1.447895	0.018995
1.448870	0.018925
1.449845	0.018855
1.450819	0.018785
1.451794	0.018715
1.452769	0.018645
1.453744	0.018575
1.454719	0.018505
1.455693	0.018434
1.456668	0.018364
1.457643	0.018293
1.458618	0.018223
1.459593	0.018152
1.460567	0.018081
1.461542	0.018011
1.462517	0.017940
1.463492	0.017869
1.464467	0.017798
1.465441	0.017726
1.466416	0.017655
1.467391	0.017584
1.468366	0.017513
1.469341	0.017441
1.470315	0.017370
1.471290	0.017298
1.472265	0.017226
1.473240	0.017154
1.474214	0.017083
1.475189	0.017011
1.476164	0.016939
1.477139	0.016867
1.478114	0.016794
1.479088	0.016722
1.480063	0.016650
1.481038	0.016577
1.482013	0.016505
1.482988	0.016432
1.483962	0.016360
1.484937	0.016287
1.485912	0.016214
1.486887	0.016141
1.487862	0.016068
1.488836	0.015995
1.489811	0.015922
1.490786	0.015849
1.491761	0.015776
1.492736	0.015703
1.493710	0.015629
1.494685	0.015556
1.495660	0.015482
1.496635	0.015409
1.497609	0.015335
1.498584	0.015261
1.499559	0.015188
1.500534	0.015114
1.501509	0.015040
1.502483	0.014966
1.503458	0.014892
1.504433	0.014818
1.505408	0.014743
1.506383	0.014669
1.507357	0.014595
1.508332	0.014520
1.509307	0.014446
1.510282	0.014371
1.511257	0.014296
1.512231	0.014222
1.513206	0.014147
1.514181	0.014072
1.515156	0.013997
1.516131	0.013922
1.517105	0.013847
1.518080	0.013772
1.519055	0.013697
1.520030	0.013621
1.521004	0.013546
1.521979	0.013471
1.522954	0.013395
1.523929	0.013320
1.524904	0.013244
1.525878	0.013168
1.526853	0.013093
1.527828	0.013017
1.528803	0.012941
1.529778	0.012865
1.530752	0.012789
1.531727	0.012713
1.532702	0.012637
1.533677	0.012561
1.534652	0.012484
1.535626	0.012408
1.536601	0.012332
1.537576	0.012255
1.538551	0.012179
1.539526	0.012102
1.540500	0.012025
1.541475	0.011949
1.542450	0.011872
1.543425	0.011795
1.544399	0.011718
1.545374	0.011641
1.546349	0.011564
1.547324	0.011487
1.548299	0.011410
1.549273	0.011333
1.550248	0.011255
1.551223	0.011178
1.552198	0.011100
1.553173	0.011023
1.554147	0.010945
1.555122	0.010868
1.556097	0.010790
1.557072	0.010712
1.558047	0.010635
1.559021	0.010557
1.559996	0.010479
1.560971	0.010401
1.561946	0.010323
1.562921	0.010245
1.563895	0.010166
1.564870	0.010088
1.565845	0.010010
1.566820	0.009931
1.567795	0.009853
1.568769	0.009774
1.569744	0.009696
1.570719	0.009617
1.571694	0.009538
1.572668	0.009460
1.573643	0.009381
1.574618	0.009302
1.575593	0.009223
1.576568	0.009144
1.577542	0.009065
1.578517	0.008986
1.579492	0.008906
1.580467	0.008827
1.581442	0.008748
1.582416	0.008668
1.583391	0.008589
1.584366	0.008509
1.585349	0.008639
1.586332	0.008661
1.587314	0.008684
1.588297	0.008706
1.589280	0.008729
1.590263	0.008751
1.591245	0.008773
1.592228	0.008796
1.593211	0.008818
1.594194	0.008841
1.595176	0.008864
1.596159	0.008886
1.597142	0.008909
1.598125	0.008932
1.599108	0.008955
1.600090	0.008978
1.601073	0.009001
1.602056	0.009024
1.603039	0.009047
1.604021	0.009070
1.605004	0.009093
1.605987	0.009116
1.606970	0.009139
1.607953	0.009162
1.608935	0.009186
1.609918	0.009209
1.610901	0.009232
1.611884	0.009256
1.612866	0.009279
1.613849	0.009303
1.614832	0.009326
1.615815	0.009350
1.616798	0.009374
1.617780	0.009397
1.618763	0.009421
1.619746	0.009445
1.620729	0.009469
1.621711	0.009493
1.622694	0.009517
1.623677	0.009541
1.624660	0.009565
1.625643	0.009589
1.626625	0.009613
1.627608	0.009638
1.628591	0.009662
1.629574	0.009686
1.630556	0.009711
1.631539	0.009735
1.632522	0.009760
1.633505	0.009785
1.634488	0.009809
1.635470	0.009834
1.636453	0.009859
1.637436	0.009884
1.638419	0.009908
1.639401	0.009933
1.640384	0.009958
1.641367	0.009984
1.642350	0.010009
1.643333	0.010034
1.644315	0.010059
1.645298	0.010084
1.646281	0.010110
1.647264	0.010135
1.648246	0.010161
1.649229	0.010186
1.650212	0.010212
1.651195	0.010238
1.652177	0.010263
1.653160	0.010289
1.654143	0.010315
1.655126	0.010341
1.656109	0.010367
1.657091	0.010393
1.658074	0.010419
1.659057	0.010446
1.660040	0.010472
1.661022	0.010498
1.662005	0.010525
1.662988	0.010551
1.663971	0.010578
1.664954	0.010604
1.665936	0.010631
1.666919	0.010658
1.667902	0.010685
1.668885	0.010712
1.669867	0.010739
1.670850	0.010766
1.671833	0.010793
1.672816	0.010820
1.673799	0.010847
1.674781	0.010875
1.675764	0.010902
1.676747	0.010930
1.677730	0.010957
1.678712	0.010985
1.679695	0.011013
1.680678	0.011040
1.681661	0.011068
1.682644	0.011096
1.683626	0.011124
1.684609	0.011152
1.685592	0.011181
1.686575	0.011209
1.687557	0.011237
1.688540	0.011266
1.689523	0.011294
1.690506	0.011323
1.691489	0.011351
1.692471	0.011380
1.693454	0.011409
1.694437	0.011438
1.695420	0.011467
1.696402	0.011496
1.697385	0.011525
1.698368	0.011554
1.699351	0.011584
1.700333	0.011613
1.701316	0.011643
1.702299	0.011672
1.703282	0.011702
1.704265	0.011732
1.705247	0.011762
1.706230	0.011792
1.707213	0.011822
1.708196	0.011852
1.709178	0.011882
1.710161	0.011912
1.711144	0.011943
1.712127	0.011973
1.713110	0.012004
1.714092	0.012034
1.715075	0.012065
1.716058	0.012096
1.717041	0.012127
1.718023	0.012158
1.719006	0.012189
1.719989	0.012220
1.720972	0.012252
1.721955	0.012283
1.722937	0.012315
1.723920	0.012346
1.724903	0.012378
1.725886	0.012410
1.726868	0.012442
1.727851	0.012474
1.728834	0.012506
1.729817	0.012538
1.730800	0.012570
1.731782	0.012603
1.732765	0.012635
1.733748	0.012668
1.734731	0.012701
1.735713	0.012733
1.736696	0.012766
1.737679	0.012799
1.738662	0.012833
1.739645	0.012866
1.740627	0.012899
1.741610	0.012933
1.742593	0.012966
1.743576	0.013000
1.744558	0.013034
1.745541	0.013068
1.746524	0.013102
1.747507	0.013136
1.748489	0.013170
1.749472	0.013204
1.750455	0.013239
1.751438	0.013273
1.752421	0.013308
1.753403	0.013343
1.754386	0.013378
1.755369	0.013413
1.756352	0.013448
1.757334	0.013483
1.758317	0.013519
1.759300	0.013554
1.760283	0.013590
1.761266	0.013625
1.762248	0.013661
1.763231	0.013697
1.764214	0.013733
1.765197	0.013770
1.766179	0.013806
1.767162	0.013843
1.768145	0.013879
1.769128	0.013916
1.770111	0.013953
1.771093	0.013990
1.772076	0.014027
1.773059	0.014064
1.774042	0.014102
1.775024	0.014139
1.776007	0.014177
1.776990	0.014215
1.777973	0.014252
1.778956	0.014291
1.779938	0.014329
1.780921	0.014367
1.781904	0.014406
1.782887	0.014444
1.783869	0.014483
1.784852	0.014522
1.785835	0.014561
1.786818	0.014600
1.787801	0.014639
1.788783	0.014679
1.789766	0.014718
1.790749	0.014758
1.791732	0.014798
1.792714	0.014838
1.793697	0.014878
1.794680	0.014918
1.795663	0.014959
1.796645	0.014999
1.797628	0.015040
1.798611	0.015081
1.799594	0.015122
1.800577	0.015163
1.801559	0.015205
1.802542	0.015246
1.803525	0.015288
1.804508	0.015330
1.805490	0.015372
1.806473	0.015414
1.807456	0.015456
1.808439	0.015499
1.809422	0.015542
1.810404	0.015584
1.811387	0.015627
1.812370	0.015670
1.813353	0.015714
1.814335	0.015757
1.815318	0.015801
1.816301	0.015845
1.817284	0.015889
1.818267	0.015933
1.819249	0.015977
1.820232	0.016022
1.821215	0.016066
1.822198	0.016111
1.823180	0.016156
1.824163	0.016202
1.825146	0.016247
1.826129	0.016292
1.827112	0.016338
1.828094	0.016384
1.829077	0.016430
1.830060	0.016477
1.831043	0.016523
1.832025	0.016570
1.833008	0.016617
1.833991	0.016664
1.834974	0.016711
1.835957	0.016759
1.836939	0.016806
1.837922	0.016854
1.838905	0.016902
1.839888	0.016950
1.840870	0.016999
1.841853	0.017048
1.842836	0.017096
1.843819	0.017145
1.844801	0.017195
1.845784	0.017244
1.846767	0.017294
1.847750	0.017344
1.848733	0.017394
1.849715	0.017444
1.850698	0.017495
1.851681	0.017546
1.852664	0.017597
1.853646	0.017648
1.854629	0.017699
1.855612	0.017751
1.856595	0.017803
1.857578	0.017855
1.858560	0.017907
1.859543	0.017960
1.860526	0.018013
1.861509	0.018066
1.862491	0.018119
1.863474	0.018172
1.864457	0.018226
1.865440	0.018280
1.866423	0.018334
1.867405	0.018389
1.868388	0.018444
1.869371	0.018498
1.870354	0.018554
1.871336	0.018609
1.872319	0.018665
1.873302	0.018721
1.874285	0.018777
1.875268	0.018834
1.876250	0.018890
1.877233	0.018947
1.878216	0.019005
1.879199	0.019062
1.880181	0.019120
1.881164	0.019178
1.882147	0.019237
1.883130	0.019295
1.884113	0.019354
1.885095	0.019413
1.886078	0.019473
1.887061	0.019533
1.888044	0.019593
1.889026	0.019653
1.890009	0.019714
1.890992	0.019775
1.891975	0.019836
1.892958	0.019898
1.893940	0.019959
1.894923	0.020022
1.895906	0.020084
1.896889	0.020147
1.897871	0.020210
1.898854	0.020273
1.899837	0.020337
1.900820	0.020401
1.901802	0.020466
1.902785	0.020530
1.903768	0.020595
1.904751	0.020661
1.905734	0.020726
1.906716	0.020792
1.907699	0.020859
1.908682	0.020926
1.909665	0.020993
1.910647	0.021060
1.911630	0.021128
1.912613	0.021196
1.913596	0.021265
1.914579	0.021333
1.915561	0.021403
1.916544	0.021472
1.917527	0.021542
1.918510	0.021613
1.919492	0.021683
1.920475	0.021754
1.921458	0.021826
1.922441	0.021898
1.923424	0.021970
1.924406	0.022043
1.925389	0.022116
1.926372	0.022189
1.927355	0.022263
1.928337	0.022338
1.929320	0.022412
1.930303	0.022488
1.931286	0.022563
1.932269	0.022639
1.933251	0.022716
1.934234	0.022793
1.935217	0.022870
1.936200	0.022948
1.937182	0.023026
1.938165	0.023105
1.939148	0.023184
1.940131	0.023263
1.941114	0.023343
1.942096	0.023424
1.943079	0.023505
1.944062	0.023587
1.945045	0.023669
1.946027	0.023751
1.947010	0.023834
1.947993	0.023918
1.948976	0.024002
1.949958	0.024086
1.950941	0.024171
1.951924	0.024257
1.952907	0.024343
1.953890	0.024430
1.954872	0.024517
1.955855	0.024604
1.956838	0.024693
1.957821	0.024782
1.958803	0.024871
1.959786	0.024961
1.960769	0.025052
1.961752	0.025143
1.962735	0.025234
1.963717	0.025327
1.964700	0.025420
1.965683	0.025513
1.966666	0.025607
1.967648	0.025702
1.968631	0.025798
1.969614	0.025894
1.970597	0.025990
1.971580	0.026088
1.972562	0.026186
1.973545	0.026284
1.974528	0.026384
1.975511	0.026484
1.976493	0.026584
1.977476	0.026686
1.978459	0.026788
1.979442	0.026891
1.980425	0.026994
1.981407	0.027098
1.982390	0.027203
1.983373	0.027309
1.984356	0.027416
1.985338	0.027523
1.986321	0.027631
1.987304	0.027740
1.988287	0.027850
1.989270	0.027960
1.990252	0.028071
1.991235	0.028183
1.992218	0.028296
1.993201	0.028410
1.994183	0.028525
1.995166	0.028640
1.996149	0.028756
1.997132	0.028874
1.998114	0.028992
1.999097	0.029111
2.000080	0.029231
2.001063	0.029351
2.002046	0.029473
2.003028	0.029596
2.004011	0.029720
2.004994	0.029845
2.005977	0.029970
2.006959	0.030097
2.007942	0.030225
2.008925	0.030353
2.009908	0.030483
2.010891	0.030614
2.011873	0.030746
2.012856	0.030879
2.013839	0.031013
2.014822	0.031148
2.015804	0.031285
2.016787	0.031422
2.017770	0.031561
2.018753	0.031701
2.019736	0.031842
2.020718	0.031984
2.021701	0.032128
2.022684	0.032272
2.023667	0.032418
2.024649	0.032565
2.025632	0.032714
2.026615	0.032864
2.027598	0.033015
2.028581	0.033168
2.029563	0.033321
2.030546	0.033477
2.031529	0.033633
2.032512	0.033792
2.033494	0.033951
2.034477	0.034112
2.035460	0.034275
2.036443	0.034439
2.037426	0.034604
2.038408	0.034771
2.039391	0.034940
2.040374	0.035110
2.041357	0.035282
2.042339	0.035456
2.043322	0.035631
2.044305	0.035808
2.045288	0.035987
2.046270	0.036167
2.047253	0.036349
2.048236	0.036533
2.049219	0.036719
2.050202	0.036907
2.051184	0.037096
2.052167	0.037287
2.053150	0.037481
2.054133	0.037676
2.055115	0.037873
2.056098	0.038073
2.057081	0.038274
2.058064	0.038477
2.059047	0.038683
2.060029	0.038891
2.061012	0.039100
2.061995	0.039312
2.062978	0.039527
2.063960	0.039743
2.064943	0.039962
2.065926	0.040183
2.066909	0.040407
2.067892	0.040633
2.068874	0.040861
2.069857	0.041092
2.070840	0.041326
2.071823	0.041562
2.072805	0.041800
2.073788	0.042042
2.074771	0.042285
2.075754	0.042532
2.076737	0.042781
2.077719	0.043033
2.078702	0.043288
2.079685	0.043546
2.080668	0.043806
2.081650	0.044070
2.082633	0.044336
2.083616	0.044606
2.084599	0.044878
2.085582	0.045154
2.086564	0.045433
2.087547	0.045714
2.088530	0.045999
2.089513	0.046287
2.090495	0.046579
2.091478	0.046874
2.092461	0.047172
2.093444	0.047473
2.094426	0.047777
2.095409	0.048085
2.096392	0.048397
2.097375	0.048712
2.098358	0.049030
2.099340	0.049351
2.100323	0.049677
2.101306	0.050005
2.102289	0.050337
2.103271	0.050673
2.104254	0.051012
2.105237	0.051355
2.106220	0.051701
2.107203	0.052051
2.108185	0.052403
2.109168	0.052760
2.110151	0.053120
2.111134	0.053483
2.112116	0.053849
2.113099	0.054219
2.114082	0.054592
2.115065	0.054968
2.116048	0.055347
2.117030	0.055729
2.118013	0.056114
2.118996	0.056501
2.119979	0.056892
2.120961	0.057285
2.121944	0.057680
2.122927	0.058078
2.123910	0.058478
2.124893	0.058880
2.125875	0.059284
2.126858	0.059690
2.127841	0.060097
2.128824	0.060506
2.129806	0.060916
2.130789	0.061328
2.131772	0.061740
2.132755	0.062153
2.133738	0.062567
2.134720	0.062981
2.135703	0.063395
2.136686	0.063809
2.137669	0.064224
2.138651	0.064638
2.139634	0.065051
2.140617	0.065464
2.141600	0.065876
2.142583	0.066288
2.143565	0.066698
2.144548	0.067107
2.145531	0.067515
2.146514	0.067921
2.147496	0.068326
2.148479	0.068729
2.149462	0.069131
2.150445	0.069530
2.151427	0.069928
2.152410	0.070323
2.153393	0.070717
2.154376	0.071108
2.155359	0.071497
2.156341	0.071883
2.157324	0.072267
2.158307	0.072649
2.159290	0.073028
2.160272	0.073405
2.161255	0.073779
2.162238	0.074150
2.163221	0.074519
2.164204	0.074885
2.165186	0.075249
2.166169	0.075610
2.167152	0.075968
2.168135	0.076324
2.169117	0.076677
2.170100	0.077027
2.171083	0.077375
2.172066	0.077720
2.173049	0.078062
2.174031	0.078402
2.175014	0.078739
2.175997	0.079074
2.176980	0.079407
2.177962	0.079736
2.178945	0.080063
2.179928	0.080387
2.180911	0.080709
2.181894	0.081028
2.182876	0.081345
2.183859	0.081660
2.184842	0.081972
2.185825	0.082282
2.186807	0.082589
2.187790	0.082893
2.188773	0.083195
2.189756	0.083494
2.190739	0.083790
2.191721	0.084083
2.192704	0.084374
2.193687	0.084663
2.194670	0.084950
2.195652	0.085235
2.196635	0.085518
2.197618	0.085800
2.198601	0.086080
2.199583	0.086357
2.200566	0.086632
2.201549	0.086903
2.202532	0.087172
2.203515	0.087438
2.204497	0.087701
2.205480	0.087961
2.206463	0.088219
2.207446	0.088474
2.208428	0.088728
2.209411	0.088979
2.210394	0.089229
2.211377	0.089478
2.212360	0.089726
2.213342	0.089973
2.214325	0.090219
2.215308	0.090464
2.216291	0.090707
2.217273	0.090946
2.218256	0.091183
2.219239	0.091416
2.220222	0.091646
2.221205	0.091874
2.222187	0.092098
2.223170	0.092320
2.224153	0.092540
2.225136	0.092757
2.226118	0.092972
2.227101	0.093185
2.228084	0.093396
2.229067	0.093605
2.230050	0.093813
2.231032	0.094019
2.232015	0.094224
2.232998	0.094428
2.233981	0.094632
2.234963	0.094836
2.235946	0.095040
2.236929	0.095244
2.237912	0.095445
2.238895	0.095643
2.239877	0.095838
2.240860	0.096029
2.241843	0.096218
2.242826	0.096403
2.243808	0.096585
2.244791	0.096765
2.245774	0.096943
2.246757	0.097118
2.247739	0.097291
2.248722	0.097462
2.249705	0.097630
2.250688	0.097797
2.251671	0.097961
2.252653	0.098124
2.253636	0.098285
2.254619	0.098443
2.255602	0.098600
2.256584	0.098755
2.257567	0.098908
2.258550	0.099060
2.259533	0.099209
2.260516	0.099358
2.261498	0.099505
2.262481	0.099650
2.263464	0.099795
2.264447	0.099939
2.265429	0.100083
2.266412	0.100227
2.267395	0.100374
2.268378	0.100521
2.269361	0.100667
2.270343	0.100808
2.271326	0.100945
2.272309	0.101079
2.273292	0.101209
2.274274	0.101336
2.275257	0.101460
2.276240	0.101582
2.277223	0.101702
2.278206	0.101819
2.279188	0.101934
2.280171	0.102047
2.281154	0.102158
2.282137	0.102266
2.283119	0.102373
2.284102	0.102478
2.285085	0.102581
2.286068	0.102682
2.287051	0.102781
2.288033	0.102878
2.289016	0.102973
2.289999	0.103066
2.290982	0.103158
2.291964	0.103247
2.292947	0.103335
2.293930	0.103421
2.294913	0.103505
2.295895	0.103587
2.296878	0.103667
2.297861	0.103746
2.298844	0.103822
2.299827	0.103897
2.300809	0.103970
2.301792	0.104041
2.302775	0.104111
2.303758	0.104178
2.304740	0.104244
2.305723	0.104308
2.306706	0.104370
2.307689	0.104431
2.308672	0.104490
2.309654	0.104547
2.310637	0.104603
2.311620	0.104658
2.312603	0.104711
2.313585	0.104764
2.314568	0.104817
2.315551	0.104871
2.316534	0.104929
2.317517	0.104993
2.318499	0.105051
2.319482	0.105103
2.320465	0.105150
2.321448	0.105192
2.322430	0.105231
2.323413	0.105267
2.324396	0.105301
2.325379	0.105332
2.326362	0.105360
2.327344	0.105386
2.328327	0.105411
2.329310	0.105433
2.330293	0.105452
2.331275	0.105470
2.332258	0.105486
2.333241	0.105500
2.334224	0.105511
2.335207	0.105521
2.336189	0.105529
2.337172	0.105535
2.338155	0.105538
2.339138	0.105540
2.340120	0.105540
2.341103	0.105538
2.342086	0.105534
2.343069	0.105528
2.344051	0.105520
2.345034	0.105510
2.346017	0.105498
2.347000	0.105484
2.347983	0.105468
2.348965	0.105450
2.349948	0.105430
2.350931	0.105409
2.351914	0.105385
2.352896	0.105359
2.353879	0.105331
2.354862	0.105302
2.355845	0.105270
2.356828	0.105236
2.357810	0.105201
2.358793	0.105163
2.359776	0.105123
2.360759	0.105082
2.361741	0.105038
2.362724	0.104992
2.363707	0.104945
2.364690	0.104895
2.365673	0.104843
2.366655	0.104789
2.367638	0.104734
2.368621	0.104676
2.369604	0.104616
2.370586	0.104554
2.371569	0.104490
2.372552	0.104424
2.373535	0.104356
2.374518	0.104286
2.375500	0.104214
2.376483	0.104139
2.377466	0.104063
2.378449	0.103985
2.379431	0.103904
2.380414	0.103822
2.381397	0.103737
2.382380	0.103650
2.383363	0.103561
2.384345	0.103470
2.385328	0.103377
2.386311	0.103282
2.387294	0.103184
2.388276	0.103085
2.389259	0.102983
2.390242	0.102879
2.391225	0.102773
2.392208	0.102665
2.393190	0.102555
2.394173	0.102443
2.395156	0.102328
2.396139	0.102211
2.397121	0.102093
2.398104	0.101972
2.399087	0.101849
2.400070	0.101725
2.401052	0.101599
2.402035	0.101472
2.403018	0.101347
2.404001	0.101227
2.404984	0.101131
2.405966	0.101011
2.406949	0.100881
2.407932	0.100744
2.408915	0.100603
2.409897	0.100459
2.410880	0.100312
2.411863	0.100162
2.412846	0.100009
2.413829	0.099853
2.414811	0.099695
2.415794	0.099534
2.416777	0.099371
2.417760	0.099205
2.418742	0.099037
2.419725	0.098866
2.420708	0.098692
2.421691	0.098516
2.422674	0.098338
2.423656	0.098157
2.424639	0.097973
2.425622	0.097787
2.426605	0.097598
2.427587	0.097407
2.428570	0.097213
2.429553	0.097017
2.430536	0.096818
2.431519	0.096617
2.432501	0.096412
2.433484	0.096206
2.434467	0.095996
2.435450	0.095784
2.436432	0.095570
2.437415	0.095352
2.438398	0.095132
2.439381	0.094910
2.440364	0.094684
2.441346	0.094456
2.442329	0.094225
2.443312	0.093992
2.444295	0.093755
2.445277	0.093516
2.446260	0.093275
2.447243	0.093030
2.448226	0.092782
2.449208	0.092532
2.450191	0.092279
2.451174	0.092023
2.452157	0.091764
2.453140	0.091502
2.454122	0.091238
2.455105	0.090970
2.456088	0.090700
2.457071	0.090426
2.458053	0.090150
2.459036	0.089870
2.460019	0.089588
2.461002	0.089302
2.461985	0.089014
2.462967	0.088722
2.463950	0.088427
2.464933	0.088129
2.465916	0.087828
2.466898	0.087524
2.467881	0.087217
2.468864	0.086906
2.469847	0.086592
2.470830	0.086275
2.471812	0.085955
2.472795	0.085631
2.473778	0.085305
2.474761	0.084974
2.475743	0.084641
2.476726	0.084304
2.477709	0.083963
2.478692	0.083619
2.479675	0.083272
2.480657	0.082921
2.481640	0.082566
2.482623	0.082208
2.483606	0.081846
2.484588	0.081481
2.485571	0.081112
2.486554	0.080739
2.487537	0.080363
2.488520	0.079983
2.489502	0.079599
2.490485	0.079211
2.491468	0.078819
2.492451	0.078424
2.493433	0.078024
2.494416	0.077621
2.495399	0.077213
2.496382	0.076801
2.497364	0.076386
2.498347	0.075966
2.499330	0.075541
2.500313	0.075113
2.501296	0.074680
2.502278	0.074243
2.503261	0.073801
2.504244	0.073355
2.505227	0.072905
2.506209	0.072450
2.507192	0.071990
2.508175	0.071525
2.509158	0.071056
2.510141	0.070582
2.511123	0.070102
2.512106	0.069618
2.513089	0.069129
2.514072	0.068634
2.515054	0.068135
2.516037	0.067629
2.517020	0.067119
2.518003	0.066602
2.518986	0.066080
2.519968	0.065552
2.520951	0.065018
2.521934	0.064478
2.522917	0.063931
2.523899	0.063378
2.524882	0.062817
2.525865	0.062250
2.526848	0.061674
2.527831	0.061091
2.528813	0.060498
2.529796	0.059895
2.530779	0.059279
2.531762	0.058646
2.532744	0.057980
2.533727	0.057328
2.534710	0.056673
2.535693	0.056011
2.536676	0.055359
2.537658	0.054724
2.538641	0.054106
2.539624	0.053503
2.540607	0.052914
2.541589	0.052337
2.542572	0.051771
2.543555	0.051214
2.544538	0.050666
2.545520	0.050126
2.546503	0.049592
2.547486	0.049065
2.548469	0.048543
2.549452	0.048027
2.550434	0.047515
2.551417	0.047008
2.552400	0.046504
2.553383	0.046004
2.554365	0.045507
2.555348	0.045013
2.556331	0.044521
2.557314	0.044031
2.558297	0.043544
2.559279	0.043057
2.560262	0.042573
2.561245	0.042089
2.562228	0.041606
2.563210	0.041123
2.564193	0.040641
2.565176	0.040159
2.566159	0.040162
2.567142	0.040165
2.568124	0.040167
2.569107	0.040169
2.570090	0.040172
2.571073	0.040174
2.572055	0.040175
2.573038	0.040177
2.574021	0.040178
2.575004	0.040180
2.575987	0.040181
2.576969	0.040182
2.577952	0.040182
2.578935	0.040183
2.579918	0.040184
2.580900	0.040184
2.581883	0.040184
2.582866	0.040184
2.583849	0.040184
2.584832	0.040184
2.585814	0.040183
2.586797	0.040182
2.587780	0.040182
2.588763	0.040181
2.589745	0.040180
2.590728	0.040178
2.591711	0.040177
2.592694	0.040175
2.593676	0.040174
2.594659	0.040172
2.595642	0.040169
2.596625	0.040167
2.597608	0.040165
2.598590	0.040162
2.599573	0.040159
2.600556	0.040641
2.601539	0.041123
2.602521	0.041606
2.603504	0.042089
2.604487	0.042573
2.605470	0.043057
2.606453	0.043544
2.607435	0.044031
2.608418	0.044521
2.609401	0.045013
2.610384	0.045507
2.611366	0.046004
2.612349	0.046504
2.613332	0.047008
2.614315	0.047515
2.615298	0.048027
2.616280	0.048543
2.617263	0.049065
2.618246	0.049592
2.619229	0.050126
2.620211	0.050666
2.621194	0.051214
2.622177	0.051771
2.623160	0.052337
2.624143	0.052914
2.625125	0.053503
2.626108	0.054106
2.627091	0.054724
2.628074	0.055359
2.629056	0.056011
2.630039	0.056673
2.631022	0.057328
2.632005	0.057980
2.632988	0.058646
2.633970	0.059279
2.634953	0.059895
2.635936	0.060498
2.636919	0.061091
2.637901	0.061674
2.638884	0.062250
2.639867	0.062817
2.640850	0.063378
2.641833	0.063931
2.642815	0.064478
2.643798	0.065018
2.644781	0.065552
2.645764	0.066080
2.646746	0.066602
2.647729	0.067119
2.648712	0.067629
2.649695	0.068135
2.650677	0.068634
2.651660	0.069129
2.652643	0.069618
2.653626	0.070102
2.654609	0.070582
2.655591	0.071056
2.656574	0.071525
2.657557	0.071990
2.658540	0.072450
2.659522	0.072905
2.660505	0.073355
2.661488	0.073801
2.662471	0.074243
2.663454	0.074680
2.664436	0.075113
2.665419	0.075541
2.666402	0.075966
2.667385	0.076386
2.668367	0.076801
2.669350	0.077213
2.670333	0.077621
2.671316	0.078024
2.672299	0.078424
2.673281	0.078819
2.674264	0.079211
2.675247	0.079599
2.676230	0.079983
2.677212	0.080363
2.678195	0.080739
2.679178	0.081112
2.680161	0.081481
2.681144	0.081846
2.682126	0.082208
2.683109	0.082566
2.684092	0.082921
2.685075	0.083272
2.686057	0.083619
2.687040	0.083963
2.688023	0.084304
2.689006	0.084641
2.689989	0.084974
2.690971	0.085305
2.691954	0.085631
2.692937	0.085955
2.693920	0.086275
2.694902	0.086592
2.695885	0.086906
2.696868	0.087217
2.697851	0.087524
2.698833	0.087828
2.699816	0.088129
2.700799	0.088427
2.701782	0.088722
2.702765	0.089014
2.703747	0.089302
2.704730	0.089588
2.705713	0.089870
2.706696	0.090150
2.707678	0.090426
2.708661	0.090700
2.709644	0.090970
2.710627	0.091238
2.711610	0.091502
2.712592	0.091764
2.713575	0.092023
2.714558	0.092279
2.715541	0.092532
2.716523	0.092782
2.717506	0.093030
2.718489	0.093275
2.719472	0.093516
2.720455	0.093755
2.721437	0.093992
2.722420	0.094225
2.723403	0.094456
2.724386	0.094684
2.725368	0.094910
2.726351	0.095132
2.727334	0.095352
2.728317	0.095570
2.729300	0.095784
2.730282	0.095996
2.731265	0.096206
2.732248	0.096412
2.733231	0.096617
2.734213	0.096818
2.735196	0.097017
2.736179	0.097213
2.737162	0.097407
2.738145	0.097598
2.739127	0.097787
2.740110	0.097973
2.741093	0.098157
2.742076	0.098338
2.743058	0.098516
2.744041	0.098692
2.745024	0.098866
2.746007	0.099037
2.746989	0.099205
2.747972	0.099371
2.748955	0.099534
2.749938	0.099695
2.750921	0.099853
2.751903	0.100009
2.752886	0.100162
2.753869	0.100312
2.754852	0.100459
2.755834	0.100603
2.756817	0.100744
2.757800	0.100881
2.758783	0.101011
2.759766	0.101131
2.760748	0.101227
2.761731	0.101347
2.762714	0.101472
2.763697	0.101599
2.764679	0.101725
2.765662	0.101849
2.766645	0.101972
2.767628	0.102093
2.768611	0.102211
2.769593	0.102328
2.770576	0.102443
2.771559	0.102555
2.772542	0.102665
2.773524	0.102773
2.774507	0.102879
2.775490	0.102983
2.776473	0.103085
2.777456	0.103184
2.778438	0.103282
2.779421	0.103377
2.780404	0.103470
2.781387	0.103561
2.782369	0.103650
2.783352	0.103737
2.784335	0.103822
2.785318	0.103904
2.786301	0.103985
2.787283	0.104063
2.788266	0.104139
2.789249	0.104214
2.790232	0.104286
2.791214	0.104356
2.792197	0.104424
2.793180	0.104490
2.794163	0.104554
2.795145	0.104616
2.796128	0.104676
2.797111	0.104734
2.798094	0.104789
2.799077	0.104843
2.800059	0.104895
2.801042	0.104945
2.802025	0.104992
2.803008	0.105038
2.803990	0.105082
2.804973	0.105123
2.805956	0.105163
2.806939	0.105201
2.807922	0.105236
2.808904	0.105270
2.809887	0.105302
2.810870	0.105331
2.811853	0.105359
2.812835	0.105385
2.813818	0.105409
2.814801	0.105430
2.815784	0.105450
2.816767	0.105468
2.817749	0.105484
2.818732	0.105498
2.819715	0.105510
2.820698	0.105520
2.821680	0.105528
2.822663	0.105534
2.823646	0.105538
2.824629	0.105540
2.825612	0.105540
2.826594	0.105538
2.827577	0.105535
2.828560	0.105529
2.829543	0.105521
2.830525	0.105511
2.831508	0.105500
2.832491	0.105486
2.833474	0.105470
2.834457	0.105452
2.835439	0.105433
2.836422	0.105411
2.837405	0.105386
2.838388	0.105360
2.839370	0.105332
2.840353	0.105301
2.841336	0.105267
2.842319	0.105231
2.843301	0.105192
2.844284	0.105150
2.845267	0.105103
2.846250	0.105051
2.847233	0.104993
2.848215	0.104929
2.849198	0.104871
2.850181	0.104817
2.851164	0.104764
2.852146	0.104711
2.853129	0.104658
2.854112	0.104603
2.855095	0.104547
2.856078	0.104490
2.857060	0.104431
2.858043	0.104370
2.859026	0.104308
2.860009	0.104244
2.860991	0.104178
2.861974	0.104111
2.862957	0.104041
2.863940	0.103970
2.864923	0.103897
2.865905	0.103822
2.866888	0.103746
2.867871	0.103667
2.868854	0.103587
2.869836	0.103505
2.870819	0.103421
2.871802	0.103335
2.872785	0.103247
2.873768	0.103158
2.874750	0.103066
2.875733	0.102973
2.876716	0.102878
2.877699	0.102781
2.878681	0.102682
2.879664	0.102581
2.880647	0.102478
2.881630	0.102373
2.882613	0.102266
2.883595	0.102158
2.884578	0.102047
2.885561	0.101934
2.886544	0.101819
2.887526	0.101702
2.888509	0.101582
2.889492	0.101460
2.890475	0.101336
2.891458	0.101209
2.892440	0.101079
2.893423	0.100945
2.894406	0.100808
2.895389	0.100667
2.896371	0.100521
2.897354	0.100374
2.898337	0.100227
2.899320	0.100083
2.900302	0.099939
2.901285	0.099795
2.902268	0.099650
2.903251	0.099505
2.904234	0.099358
2.905216	0.099209
2.906199	0.099060
2.907182	0.098908
2.908165	0.098755
2.909147	0.098600
2.910130	0.098443
2.911113	0.098285
2.912096	0.098124
2.913079	0.097961
2.914061	0.097797
2.915044	0.097630
2.916027	0.097462
2.917010	0.097291
2.917992	0.097118
2.918975	0.096943
2.919958	0.096765
2.920941	0.096585
2.921924	0.096403
2.922906	0.096218
2.923889	0.096029
2.924872	0.095838
2.925855	0.095643
2.926837	0.095445
2.927820	0.095244
2.928803	0.095040
2.929786	0.094836
2.930769	0.094632
2.931751	0.094428
2.932734	0.094224
2.933717	0.094019
2.934700	0.093813
2.935682	0.093605
2.936665	0.093396
2.937648	0.093185
2.938631	0.092972
2.939614	0.092757
2.940596	0.092540
2.941579	0.092320
2.942562	0.092098
2.943545	0.091874
2.944527	0.091646
2.945510	0.091416
2.946493	0.091183
2.947476	0.090946
2.948458	0.090707
2.949441	0.090464
2.950424	0.090219
2.951407	0.089973
2.952390	0.089726
2.953372	0.089478
2.954355	0.089229
2.955338	0.088979
2.956321	0.088728
2.957303	0.088474
2.958286	0.088219
2.959269	0.087961
2.960252	0.087701
2.961235	0.087438
2.962217	0.087172
2.963200	0.086903
2.964183	0.086632
2.965166	0.086357
2.966148	0.086080
2.967131	0.085800
2.968114	0.085518
2.969097	0.085235
2.970080	0.084950
2.971062	0.084663
2.972045	0.084374
2.973028	0.084083
2.974011	0.083790
2.974993	0.083494
2.975976	0.083195
2.976959	0.082893
2.977942	0.082589
2.978925	0.082282
2.979907	0.081972
2.980890	0.081660
2.981873	0.081345
2.982856	0.081028
2.983838	0.080709
2.984821	0.080387
2.985804	0.080063
2.986787	0.079736
2.987770	0.079407
2.988752	0.079074
2.989735	0.078739
2.990718	0.078402
2.991701	0.078062
2.992683	0.077720
2.993666	0.077375
2.994649	0.077027
2.995632	0.076677
2.996614	0.076324
2.997597	0.075968
2.998580	0.075610
2.999563	0.075249
3.000546	0.074885
3.001528	0.074519
3.002511	0.074150
3.003494	0.073779
3.004477	0.073405
3.005459	0.073028
3.006442	0.072649
3.007425	0.072267
3.008408	0.071883
3.009391	0.071497
3.010373	0.071108
3.011356	0.070717
3.012339	0.070323
3.013322	0.069928
3.014304	0.069530
3.015287	0.069131
3.016270	0.068729
3.017253	0.068326
3.018236	0.067921
3.019218	0.067515
3.020201	0.067107
3.021184	0.066698
3.022167	0.066288
3.023149	0.065876
3.024132	0.065464
3.025115	0.065051
3.026098	0.064638
3.027081	0.064224
3.028063	0.063809
3.029046	0.063395
3.030029	0.062981
3.031012	0.062567
3.031994	0.062153
3.032977	0.061740
3.033960	0.061328
3.034943	0.060916
3.035926	0.060506
3.036908	0.060097
3.037891	0.059690
3.038874	0.059284
3.039857	0.058880
3.040839	0.058478
3.041822	0.058078
3.042805	0.057680
3.043788	0.057285
3.044770	0.056892
3.045753	0.056501
3.046736	0.056114
3.047719	0.055729
3.048702	0.055347
3.049684	0.054968
3.050667	0.054592
3.051650	0.054219
3.052633	0.053849
3.053615	0.053483
3.054598	0.053120
3.055581	0.052760
3.056564	0.052403
3.057547	0.052051
3.058529	0.051701
3.059512	0.051355
3.060495	0.051012
3.061478	0.050673
3.062460	0.050337
3.063443	0.050005
3.064426	0.049677
3.065409	0.049351
3.066392	0.049030
3.067374	0.048712
3.068357	0.048397
3.069340	0.048085
3.070323	0.047777
3.071305	0.047473
3.072288	0.047172
3.073271	0.046874
3.074254	0.046579
3.075237	0.046287
3.076219	0.045999
3.077202	0.045714
3.078185	0.045433
3.079168	0.045154
3.080150	0.044878
3.081133	0.044606
3.082116	0.044336
3.083099	0.044070
3.084082	0.043806
3.085064	0.043546
3.086047	0.043288
3.087030	0.043033
3.088013	0.042781
3.088995	0.042532
3.089978	0.042285
3.090961	0.042042
3.091944	0.041800
3.092926	0.041562
3.093909	0.041326
3.094892	0.041092
3.095875	0.040861
3.096858	0.040633
3.097840	0.040407
3.098823	0.040183
3.099806	0.039962
3.100789	0.039743
3.101771	0.039527
3.102754	0.039312
3.103737	0.039100
3.104720	0.038891
3.105703	0.038683
3.106685	0.038477
3.107668	0.038274
3.108651	0.038073
3.109634	0.037873
3.110616	0.037676
3.111599	0.037481
3.112582	0.037287
3.113565	0.037096
3.114548	0.036907
3.115530	0.036719
3.116513	0.036533
3.117496	0.036349
3.118479	0.036167
3.119461	0.035987
3.120444	0.035808
3.121427	0.035631
3.122410	0.035456
3.123393	0.035282
3.124375	0.035110
3.125358	0.034940
3.126341	0.034771
3.127324	0.034604
3.128306	0.034439
3.129289	0.034275
3.130272	0.034112
3.131255	0.033951
3.132238	0.033792
3.133220	0.033633
3.134203	0.033477
3.135186	0.033321
3.136169	0.033168
3.137151	0.033015
3.138134	0.032864
3.139117	0.032714
3.140100	0.032565
3.141083	0.032418
3.142065	0.032272
3.143048	0.032128
3.144031	0.031984
3.145014	0.031842
3.145996	0.031701
3.146979	0.031561
3.147962	0.031422
3.148945	0.031285
3.149927	0.031148
3.150910	0.031013
3.151893	0.030879
3.152876	0.030746
3.153859	0.030614
3.154841	0.030483
3.155824	0.030353
3.156807	0.030225
3.157790	0.030097
3.158772	0.029970
3.159755	0.029845
3.160738	0.029720
3.161721	0.029596
3.162704	0.029473
3.163686	0.029351
3.164669	0.029231
3.165652	0.029111
3.166635	0.028992
3.167617	0.028874
3.168600	0.028756
3.169583	0.028640
3.170566	0.028525
3.171549	0.028410
3.172531	0.028296
3.173514	0.028183
3.174497	0.028071
3.175480	0.027960
3.176462	0.027850
3.177445	0.027740
3.178428	0.027631
3.179411	0.027523
3.180394	0.027416
3.181376	0.027309
3.182359	0.027203
3.183342	0.027098
3.184325	0.026994
3.185307	0.026891
3.186290	0.026788
3.187273	0.026686
3.188256	0.026584
3.189239	0.026484
3.190221	0.026384
3.191204	0.026284
3.192187	0.026186
3.193170	0.026088
3.194152	0.025990
3.195135	0.025894
3.196118	0.025798
3.197101	0.025702
3.198083	0.025607
3.199066	0.025513
3.200049	0.025420
3.201032	0.025327
3.202015	0.025234
3.202997	0.025143
3.203980	0.025052
3.204963	0.024961
3.205946	0.024871
3.206928	0.024782
3.207911	0.024693
3.208894	0.024604
3.209877	0.024517
3.210860	0.024430
3.211842	0.024343
3.212825	0.024257
3.213808	0.024171
3.214791	0.024086
3.215773	0.024002
3.216756	0.023918
3.217739	0.023834
3.218722	0.023751
3.219705	0.023669
3.220687	0.023587
3.221670	0.023505
3.222653	0.023424
3.223636	0.023343
3.224618	0.023263
3.225601	0.023184
3.226584	0.023105
3.227567	0.023026
3.228550	0.022948
3.229532	0.022870
3.230515	0.022793
3.231498	0.022716
3.232481	0.022639
3.233463	0.022563
3.234446	0.022488
3.235429	0.022412
3.236412	0.022338
3.237395	0.022263
3.238377	0.022189
3.239360	0.022116
3.240343	0.022043
3.241326	0.021970
3.242308	0.021898
3.243291	0.021826
3.244274	0.021754
3.245257	0.021683
3.246239	0.021613
3.247222	0.021542
3.248205	0.021472
3.249188	0.021403
3.250171	0.021333
3.251153	0.021265
3.252136	0.021196
3.253119	0.021128
3.254102	0.021060
3.255084	0.020993
3.256067	0.020926
3.257050	0.020859
3.258033	0.020792
3.259016	0.020726
3.259998	0.020661
3.260981	0.020595
3.261964	0.020530
3.262947	0.020466
3.263929	0.020401
3.264912	0.020337
3.265895	0.020273
3.266878	0.020210
3.267861	0.020147
3.268843	0.020084
3.269826	0.020022
3.270809	0.019959
3.271792	0.019898
3.272774	0.019836
3.273757	0.019775
3.274740	0.019714
3.275723	0.019653
3.276706	0.019593
3.277688	0.019533
3.278671	0.019473
3.279654	0.019413
3.280637	0.019354
3.281619	0.019295
3.282602	0.019237
3.283585	0.019178
3.284568	0.019120
3.285551	0.019062
3.286533	0.019005
3.287516	0.018947
3.288499	0.018890
3.289482	0.018834
3.290464	0.018777
3.291447	0.018721
3.292430	0.018665
3.293413	0.018609
3.294395	0.018554
3.295378	0.018498
3.296361	0.018444
3.297344	0.018389
3.298327	0.018334
3.299309	0.018280
3.300292	0.018226
3.301275	0.018172
3.302258	0.018119
3.303240	0.018066
3.304223	0.018013
3.305206	0.017960
3.306189	0.017907
3.307172	0.017855
3.308154	0.017803
3.309137	0.017751
3.310120	0.017699
3.311103	0.017648
3.312085	0.017597
3.313068	0.017546
3.314051	0.017495
3.315034	0.017444
3.316017	0.017394
3.316999	0.017344
3.317982	0.017294
3.318965	0.017244
3.319948	0.017195
3.320930	0.017145
3.321913	0.017096
3.322896	0.017048
3.323879	0.016999
3.324862	0.016950
3.325844	0.016902
3.326827	0.016854
3.327810	0.016806
3.328793	0.016759
3.329775	0.016711
3.330758	0.016664
3.331741	0.016617
3.332724	0.016570
3.333707	0.016523
3.334689	0.016477
3.335672	0.016430
3.336655	0.016384
3.337638	0.016338
3.338620	0.016292
3.339603	0.016247
3.340586	0.016202
3.341569	0.016156
3.342551	0.016111
3.343534	0.016066
3.344517	0.016022
3.345500	0.015977
3.346483	0.015933
3.347465	0.015889
3.348448	0.015845
3.349431	0.015801
3.350414	0.015757
3.351396	0.015714
3.352379	0.015670
3.353362	0.015627
3.354345	0.015584
3.355328	0.015542
3.356310	0.015499
3.357293	0.015456
3.358276	0.015414
3.359259	0.015372
3.360241	0.015330
3.361224	0.015288
3.362207	0.015246
3.363190	0.015205
3.364173	0.015163
3.365155	0.015122
3.366138	0.015081
3.367121	0.015040
3.368104	0.014999
3.369086	0.014959
3.370069	0.014918
3.371052	0.014878
3.372035	0.014838
3.373018	0.014798
3.374000	0.014758
3.374983	0.014718
3.375966	0.014679
3.376949	0.014639
3.377931	0.014600
3.378914	0.014561
3.379897	0.014522
3.380880	0.014483
3.381863	0.014444
3.382845	0.014406
3.383828	0.014367
3.384811	0.014329
3.385794	0.014291
3.386776	0.014252
3.387759	0.014215
3.388742	0.014177
3.389725	0.014139
3.390708	0.014102
3.391690	0.014064
3.392673	0.014027
3.393656	0.013990
3.394639	0.013953
3.395621	0.013916
3.396604	0.013879
3.397587	0.013843
3.398570	0.013806
3.399552	0.013770
3.400535	0.013733
3.401518	0.013697
3.402501	0.013661
3.403484	0.013625
3.404466	0.013590
3.405449	0.013554
3.406432	0.013519
3.407415	0.013483
3.408397	0.013448
3.409380	0.013413
3.410363	0.013378
3.411346	0.013343
3.412329	0.013308
3.413311	0.013273
3.414294	0.013239
3.415277	0.013204
3.416260	0.013170
3.417242	0.013136
3.418225	0.013102
3.419208	0.013068
3.420191	0.013034
3.421174	0.013000
3.422156	0.012966
3.423139	0.012933
3.424122	0.012899
3.425105	0.012866
3.426087	0.012833
3.427070	0.012799
3.428053	0.012766
3.429036	0.012733
3.430019	0.012701
3.431001	0.012668
3.431984	0.012635
3.432967	0.012603
3.433950	0.012570
3.434932	0.012538
3.435915	0.012506
3.436898	0.012474
3.437881	0.012442
3.438864	0.012410
3.439846	0.012378
3.440829	0.012346
3.441812	0.012315
3.442795	0.012283
3.443777	0.012252
3.444760	0.012220
3.445743	0.012189
3.446726	0.012158
3.447708	0.012127
3.448691	0.012096
3.449674	0.012065
3.450657	0.012034
3.451640	0.012004
3.452622	0.011973
3.453605	0.011943
3.454588	0.011912
3.455571	0.011882
3.456553	0.011852
3.457536	0.011822
3.458519	0.011792
3.459502	0.011762
3.460485	0.011732
3.461467	0.011702
3.462450	0.011672
3.463433	0.011643
3.464416	0.011613
3.465398	0.011584
3.466381	0.011554
3.467364	0.011525
3.468347	0.011496
3.469330	0.011467
3.470312	0.011438
3.471295	0.011409
3.472278	0.011380
3.473261	0.011351
3.474243	0.011323
3.475226	0.011294
3.476209	0.011266
3.477192	0.011237
3.478175	0.011209
3.479157	0.011181
3.480140	0.011152
3.481123	0.011124
3.482106	0.011096
3.483088	0.011068
3.484071	0.011040
3.485054	0.011013
3.486037	0.010985
3.487020	0.010957
3.488002	0.010930
3.488985	0.010902
3.489968	0.010875
3.490951	0.010847
3.491933	0.010820
3.492916	0.010793
3.493899	0.010766
3.494882	0.010739
3.495864	0.010712
3.496847	0.010685
3.497830	0.010658
3.498813	0.010631
3.499796	0.010604
3.500778	0.010578
3.501761	0.010551
3.502744	0.010525
3.503727	0.010498
3.504709	0.010472
3.505692	0.010446
3.506675	0.010419
3.507658	0.010393
3.508641	0.010367
3.509623	0.010341
3.510606	0.010315
3.511589	0.010289
3.512572	0.010263
3.513554	0.010238
3.514537	0.010212
3.515520	0.010186
3.516503	0.010161
3.517486	0.010135
3.518468	0.010110
3.519451	0.010084
3.520434	0.010059
3.521417	0.010034
3.522399	0.010009
3.523382	0.009984
3.524365	0.009958
3.525348	0.009933
3.526331	0.009908
3.527313	0.009884
3.528296	0.009859
3.529279	0.009834
3.530262	0.009809
3.531244	0.009785
3.532227	0.009760
3.533210	0.009735
3.534193	0.009711
3.535176	0.009686
3.536158	0.009662
3.537141	0.009638
3.538124	0.009613
3.539107	0.009589
3.540089	0.009565
3.541072	0.009541
3.542055	0.009517
3.543038	0.009493
3.544020	0.009469
3.545003	0.009445
3.545986	0.009421
3.546969	0.009397
3.547952	0.009374
3.548934	0.009350
3.549917	0.009326
3.550900	0.009303
3.551883	0.009279
3.552865	0.009256
3.553848	0.009232
3.554831	0.009209
3.555814	0.009186
3.556797	0.009162
3.557779	0.009139
3.558762	0.009116
3.559745	0.009093
3.560728	0.009070
3.561710	0.009047
3.562693	0.009024
3.563676	0.009001
3.564659	0.008978
3.565642	0.008955
3.566624	0.008932
3.567607	0.008909
3.568590	0.008886
3.569573	0.008864
3.570555	0.008841
3.571538	0.008818
3.572521	0.008796
3.573504	0.008773
3.574487	0.008751
3.575469	0.008729
3.576452	0.008706
3.577435	0.008684
3.578418	0.008661
3.579400	0.008639
3.580375	0.008509
3.581350	0.008589
3.582325	0.008668
3.583300	0.008748
3.584274	0.008827
3.585249	0.008906
3.586224	0.008986
3.587199	0.009065
3.588174	0.009144
3.589148	0.009223
3.590123	0.009302
3.591098	0.009381
3.592073	0.009460
3.593048	0.009538
3.594022	0.009617
3.594997	0.009696
3.595972	0.009774
3.596947	0.009853
3.597921	0.009931
3.598896	0.010010
3.599871	0.010088
3.600846	0.010166
3.601821	0.010245
3.602795	0.010323
3.603770	0.010401
3.604745	0.010479
3.605720	0.010557
3.606695	0.010635
3.607669	0.010712
3.608644	0.010790
3.609619	0.010868
3.610594	0.010945
3.611569	0.011023
3.612543	0.011100
3.613518	0.011178
3.614493	0.011255
3.615468	0.011333
3.616443	0.011410
3.617417	0.011487
3.618392	0.011564
3.619367	0.011641
3.620342	0.011718
3.621316	0.011795
3.622291	0.011872
3.623266	0.011949
3.624241	0.012025
3.625216	0.012102
3.626190	0.012179
3.627165	0.012255
3.628140	0.012332
3.629115	0.012408
3.630090	0.012484
3.631064	0.012561
3.632039	0.012637
3.633014	0.012713
3.633989	0.012789
3.634964	0.012865
3.635938	0.012941
3.636913	0.013017
3.637888	0.013093
3.638863	0.013168
3.639838	0.013244
3.640812	0.013320
3.641787	0.013395
3.642762	0.013471
3.643737	0.013546
3.644711	0.013621
3.645686	0.013697
3.646661	0.013772
3.647636	0.013847
3.648611	0.013922
3.649585	0.013997
3.650560	0.014072
3.651535	0.014147
3.652510	0.014222
3.653485	0.014296
3.654459	0.014371
3.655434	0.014446
3.656409	0.014520
3.657384	0.014595
3.658359	0.014669
3.659333	0.014743
3.660308	0.014818
3.661283	0.014892
3.662258	0.014966
3.663233	0.015040
3.664207	0.015114
3.665182	0.015188
3.666157	0.015261
3.667132	0.015335
3.668106	0.015409
3.669081	0.015482
3.670056	0.015556
3.671031	0.015629
3.672006	0.015703
3.672980	0.015776
3.673955	0.015849
3.674930	0.015922
3.675905	0.015995
3.676880	0.016068
3.677854	0.016141
3.678829	0.016214
3.679804	0.016287
3.680779	0.016360
3.681754	0.016432
3.682728	0.016505
3.683703	0.016577
3.684678	0.016650
3.685653	0.016722
3.686628	0.016794
3.687602	0.016867
3.688577	0.016939
3.689552	0.017011
3.690527	0.017083
3.691501	0.017154
3.692476	0.017226
3.693451	0.017298
3.694426	0.017370
3.695401	0.017441
3.696375	0.017513
3.697350	0.017584
3.698325	0.017655
3.699300	0.017726
3.700275	0.017798
3.701249	0.017869
3.702224	0.017940
3.703199	0.018011
3.704174	0.018081
3.705149	0.018152
3.706123	0.018223
3.707098	0.018293
3.708073	0.018364
3.709048	0.018434
3.710023	0.018505
3.710997	0.018575
3.711972	0.018645
3.712947	0.018715
3.713922	0.018785
3.714897	0.018855
3.715871	0.018925
3.716846	0.018995
3.717821	0.019064
3.718796	0.019134
3.719770	0.019203
3.720745	0.019273
3.721720	0.019342
3.722695	0.019411
3.723670	0.019481
3.724644	0.019550
3.725619	0.019619
3.726594	0.019687
3.727569	0.019756
3.728544	0.019825
3.729518	0.019894
3.730493	0.019962
3.731468	0.020031
3.732443	0.020099
3.733418	0.020167
3.734392	0.020236
3.735367	0.020304
3.736342	0.020372
3.737317	0.020440
3.738292	0.020508
3.739266	0.020575
3.740241	0.020643
3.741216	0.020711
3.742191	0.020778
3.743165	0.020845
3.744140	0.020913
3.745115	0.020980
3.746090	0.021047
3.747065	0.021114
3.748039	0.021181
3.749014	0.021248
3.749989	0.021315
3.750964	0.021382
3.751939	0.021448
3.752913	0.021515
3.753888	0.021581
3.754863	0.021647
3.755838	0.021714
3.756813	0.021780
3.757787	0.021846
3.758762	0.021912
3.759737	0.021978
3.760712	0.022043
3.761687	0.022109
3.762661	0.022175
3.763636	0.022240
3.764611	0.022305
3.765586	0.022371
3.766560	0.022436
3.767535	0.022501
3.768510	0.022566
3.769485	0.022631
3.770460	0.022696
3.771434	0.022760
3.772409	0.022825
3.773384	0.022890
3.774359	0.022954
3.775334	0.023018
3.776308	0.023083
3.777283	0.023147
3.778258	0.023211
3.779233	0.023275
3.780208	0.023339
3.781182	0.023402
3.782157	0.023466
3.783132	0.023530
3.784107	0.023593
3.785082	0.023656
3.786056	0.023720
3.787031	0.023783
3.788006	0.023846
3.788981	0.023909
3.789955	0.023972
3.790930	0.024035
3.791905	0.024097
3.792880	0.024160
3.793855	0.024222
3.794829	0.024285
3.795804	0.024347
3.796779	0.024409
3.797754	0.024471
3.798729	0.024533
3.799703	0.024595
3.800678	0.024657
3.801653	0.024719
3.802628	0.024780
3.803603	0.024842
3.804577	0.024903
3.805552	0.024964
3.806527	0.025026
3.807502	0.025087
3.808477	0.025148
3.809451	0.025208
3.810426	0.025269
3.811401	0.025330
3.812376	0.025390
3.813350	0.025451
3.814325	0.025511
3.815300	0.025572
3.816275	0.025632
3.817250	0.025692
3.818224	0.025752
3.819199	0.025811
3.820174	0.025871
3.821149	0.025931
3.822124	0.025990
3.823098	0.026050
3.824073	0.026109
3.825048	0.026168
3.826023	0.026227
3.826998	0.026286
3.827972	0.026345
3.828947	0.026404
3.829922	0.026463
3.830897	0.026521
3.831872	0.026580
3.832846	0.026638
3.833821	0.026697
3.834796	0.026755
3.835771	0.026813
3.836746	0.026871
3.837720	0.026929
3.838695	0.026986
3.839670	0.027044
3.840645	0.027102
3.841619	0.027159
3.842594	0.027216
3.843569	0.027273
3.844544	0.027331
3.845519	0.027388
3.846493	0.027444
3.847468	0.027501
3.848443	0.027558
3.849418	0.027614
3.850393	0.027671
3.851367	0.027727
3.852342	0.027783
3.853317	0.027840
3.854292	0.027896
3.855267	0.027952
3.856241	0.028007
3.857216	0.028063
3.858191	0.028119
3.859166	0.028174
3.860141	0.028229
3.861115	0.028285
3.862090	0.028340
3.863065	0.028395
3.864040	0.028450
3.865014	0.028505
3.865989	0.028559
3.866964	0.028614
3.867939	0.028669
3.868914	0.028723
3.869888	0.028777
3.870863	0.028831
3.871838	0.028885
3.872813	0.028939
3.873788	0.028993
3.874762	0.029047
3.875737	0.029100
3.876712	0.029154
3.877687	0.029207
3.878662	0.029261
3.879636	0.029314
3.880611	0.029367
3.881586	0.029420
3.882561	0.029473
3.883536	0.029525
3.884510	0.029578
3.885485	0.029630
3.886460	0.029683
3.887435	0.029735
3.888409	0.029787
3.889384	0.029839
3.890359	0.029891
3.891334	0.029943
3.892309	0.029995
3.893283	0.030046
3.894258	0.030098
3.895233	0.030149
3.896208	0.030201
3.897183	0.030252
3.898157	0.030303
3.899132	0.030354
3.900107	0.030404
3.901082	0.030455
3.902057	0.030506
3.903031	0.030556
3.904006	0.030607
3.904981	0.030657
3.905956	0.030707
3.906931	0.030757
3.907905	0.030807
3.908880	0.030857
3.909855	0.030906
3.910830	0.030956
3.911804	0.031005
3.912779	0.031055
3.913754	0.031104
3.914729	0.031153
3.915704	0.031202
3.916678	0.031251
3.917653	0.031300
3.918628	0.031348
3.919603	0.031397
3.920578	0.031445
3.921552	0.031494
3.922527	0.031542
3.923502	0.031590
3.924477	0.031638
3.925452	0.031686
3.926426	0.031733
3.927401	0.031781
3.928376	0.031828
3.929351	0.031876
3.930326	0.031923
3.931300	0.031970
3.932275	0.032017
3.933250	0.032064
3.934225	0.032111
3.935200	0.032158
3.936174	0.032204
3.937149	0.032251
3.938124	0.032297
3.939099	0.032343
3.940073	0.032389
3.941048	0.032435
3.942023	0.032481
3.942998	0.032527
3.943973	0.032573
3.944947	0.032618
3.945922	0.032664
3.946897	0.032709
3.947872	0.032754
3.948847	0.032799
3.949821	0.032844
3.950796	0.032889
3.951771	0.032934
3.952746	0.032978
3.953721	0.033023
3.954695	0.033067
3.955670	0.033111
3.956645	0.033156
3.957620	0.033200
3.958595	0.033243
3.959569	0.033287
3.960544	0.033331
3.961519	0.033374
3.962494	0.033418
3.963468	0.033461
3.964443	0.033504
3.965418	0.033547
3.966393	0.033590
3.967368	0.033633
3.968342	0.033676
3.969317	0.033719
3.970292	0.033761
3.971267	0.033803
3.972242	0.033846
3.973216	0.033888
3.974191	0.033930
3.975166	0.033972
3.976141	0.034014
3.977116	0.034055
3.978090	0.034097
3.979065	0.034138
3.980040	0.034180
3.981015	0.034221
3.981990	0.034262
3.982964	0.034303
3.983939	0.034344
3.984914	0.034384
3.985889	0.034425
3.986863	0.034465
3.987838	0.034506
3.988813	0.034546
3.989788	0.034586
3.990763	0.034626
3.991737	0.034666
3.992712	0.034706
3.993687	0.034746
3.994662	0.034785
3.995637	0.034825
3.996611	0.034864
3.997586	0.034903
3.998561	0.034942
3.999536	0.034981
4.000511	0.035020
4.001485	0.035059
4.002460	0.035097
4.003435	0.035136
4.004410	0.035174
4.005385	0.035212
4.006359	0.035251
4.007334	0.035289
4.008309	0.035327
4.009284	0.035364
4.010258	0.035402
4.011233	0.035440
4.012208	0.035477
4.013183	0.035514
4.014158	0.035551
4.015132	0.035589
4.016107	0.035626
4.017082	0.035662
4.018057	0.035699
4.019032	0.035736
4.020006	0.035772
4.020981	0.035809
4.021956	0.035845
4.022931	0.035881
4.023906	0.035917
4.024880	0.035953
4.025855	0.035989
4.026830	0.036024
4.027805	0.036060
4.028780	0.036095
4.029754	0.036131
4.030729	0.036166
4.031704	0.036201
4.032679	0.036236
4.033653	0.036271
4.034628	0.036305
4.035603	0.036340
4.036578	0.036374
4.037553	0.036409
4.038527	0.036443
4.039502	0.036477
4.040477	0.036511
4.041452	0.036545
4.042427	0.036579
4.043401	0.036613
4.044376	0.036646
4.045351	0.036680
4.046326	0.036713
4.047301	0.036746
4.048275	0.036779
4.049250	0.036812
4.050225	0.036845
4.051200	0.036878
4.052175	0.036910
4.053149	0.036943
4.054124	0.036975
4.055099	0.037007
4.056074	0.037040
4.057049	0.037072
4.058023	0.037103
4.058998	0.037135
4.059973	0.037167
4.060948	0.037198
4.061922	0.037230
4.062897	0.037261
4.063872	0.037292
4.064847	0.037324
4.065822	0.037354
4.066796	0.037385
4.067779	0.037692
4.068762	0.037768
4.069745	0.037844
4.070728	0.037921
4.071710	0.037998
4.072693	0.038075
4.073676	0.038152
4.074659	0.038229
4.075641	0.038307
4.076624	0.038384
4.077607	0.038462
4.078590	0.038540
4.079573	0.038619
4.080555	0.038697
4.081538	0.038775
4.082521	0.038854
4.083504	0.038933
4.084486	0.039012
4.085469	0.039092
4.086452	0.039171
4.087435	0.039251
4.088417	0.039330
4.089400	0.039410
4.090383	0.039491
4.091366	0.039571
4.092349	0.039652
4.093331	0.039732
4.094314	0.039813
4.095297	0.039894
4.096280	0.039976
4.097262	0.040057
4.098245	0.040139
4.099228	0.040221
4.100211	0.040303
4.101194	0.040385
4.102176	0.040468
4.103159	0.040550
4.104142	0.040633
4.105125	0.040716
4.106107	0.040800
4.107090	0.040883
4.108073	0.040967
4.109056	0.041051
4.110039	0.041135
4.111021	0.041219
4.112004	0.041303
4.112987	0.041388
4.113970	0.041473
4.114952	0.041558
4.115935	0.041643
4.116918	0.041729
4.117901	0.041814
4.118884	0.041900
4.119866	0.041986
4.120849	0.042073
4.121832	0.042159
4.122815	0.042246
4.123797	0.042333
4.124780	0.042420
4.125763	0.042507
4.126746	0.042595
4.127729	0.042683
4.128711	0.042771
4.129694	0.042859
4.130677	0.042947
4.131660	0.043036
4.132642	0.043125
4.133625	0.043214
4.134608	0.043303
4.135591	0.043393
4.136573	0.043482
4.137556	0.043572
4.138539	0.043662
4.139522	0.043753
4.140505	0.043843
4.141487	0.043934
4.142470	0.044025
4.143453	0.044117
4.144436	0.044208
4.145418	0.044300
4.146401	0.044392
4.147384	0.044484
4.148367	0.044576
4.149350	0.044669
4.150332	0.044762
4.151315	0.044855
4.152298	0.044949
4.153281	0.045042
4.154263	0.045136
4.155246	0.045230
4.156229	0.045324
4.157212	0.045419
4.158195	0.045514
4.159177	0.045609
4.160160	0.045704
4.161143	0.045799
4.162126	0.045895
4.163108	0.045991
4.164091	0.046087
4.165074	0.046184
4.166057	0.046281
4.167040	0.046378
4.168022	0.046475
4.169005	0.046572
4.169988	0.046670
4.170971	0.046768
4.171953	0.046866
4.172936	0.046965
4.173919	0.047063
4.174902	0.047162
4.175885	0.047261
4.176867	0.047361
4.177850	0.047461
4.178833	0.047561
4.179816	0.047661
4.180798	0.047761
4.181781	0.047862
4.182764	0.047963
4.183747	0.048064
4.184729	0.048166
4.185712	0.048268
4.186695	0.048370
4.187678	0.048472
4.188661	0.048575
4.189643	0.048678
4.190626	0.048781
4.191609	0.048884
4.192592	0.048988
4.193574	0.049092
4.194557	0.049196
4.195540	0.049301
4.196523	0.049405
4.197506	0.049510
4.198488	0.049616
4.199471	0.049721
4.200454	0.049827
4.201437	0.049933
4.202419	0.050040
4.203402	0.050146
4.204385	0.050253
4.205368	0.050361
4.206351	0.050468
4.207333	0.050576
4.208316	0.050684
4.209299	0.050793
4.210282	0.050901
4.211264	0.051010
4.212247	0.051120
4.213230	0.051229
4.214213	0.051339
4.215196	0.051449
4.216178	0.051560
4.217161	0.051670
4.218144	0.051782
4.219127	0.051893
4.220109	0.052004
4.221092	0.052116
4.222075	0.052229
4.223058	0.052341
4.224041	0.052454
4.225023	0.052567
4.226006	0.052681
4.226989	0.052794
4.227972	0.052908
4.228954	0.053023
4.229937	0.053138
4.230920	0.053253
4.231903	0.053368
4.232885	0.053483
4.233868	0.053599
4.234851	0.053716
4.235834	0.053832
4.236817	0.053949
4.237799	0.054066
4.238782	0.054184
4.239765	0.054302
4.240748	0.054420
4.241730	0.054538
4.242713	0.054657
4.243696	0.054776
4.244679	0.054895
4.245662	0.055015
4.246644	0.055135
4.247627	0.055256
4.248610	0.055377
4.249593	0.055498
4.250575	0.055619
4.251558	0.055741
4.252541	0.055863
4.253524	0.055985
4.254507	0.056108
4.255489	0.056231
4.256472	0.056355
4.257455	0.056478
4.258438	0.056602
4.259420	0.056727
4.260403	0.056852
4.261386	0.056977
4.262369	0.057102
4.263352	0.057228
4.264334	0.057354
4.265317	0.057481
4.266300	0.057608
4.267283	0.057735
4.268265	0.057863
4.269248	0.057991
4.270231	0.058119
4.271214	0.058248
4.272197	0.058377
4.273179	0.058506
4.274162	0.058636
4.275145	0.058766
4.276128	0.058897
4.277110	0.059027
4.278093	0.059159
4.279076	0.059290
4.280059	0.059422
4.281042	0.059554
4.282024	0.059687
4.283007	0.059820
4.283990	0.059954
4.284973	0.060087
4.285955	0.060222
4.286938	0.060356
4.287921	0.060491
4.288904	0.060627
4.289886	0.060762
4.290869	0.060898
4.291852	0.061035
4.292835	0.061172
4.293818	0.061309
4.294800	0.061447
4.295783	0.061585
4.296766	0.061723
4.297749	0.061862
4.298731	0.062001
4.299714	0.062141
4.300697	0.062281
4.301680	0.062421
4.302663	0.062562
4.303645	0.062703
4.304628	0.062845
4.305611	0.062987
4.306594	0.063129
4.307576	0.063272
4.308559	0.063415
4.309542	0.063559
4.310525	0.063703
4.311508	0.063848
4.312490	0.063993
4.313473	0.064138
4.314456	0.064284
4.315439	0.064430
4.316421	0.064576
4.317404	0.064723
4.318387	0.064871
4.319370	0.065019
4.320353	0.065167
4.321335	0.065315
4.322318	0.065465
4.323301	0.065614
4.324284	0.065764
4.325266	0.065915
4.326249	0.066065
4.327232	0.066217
4.328215	0.066368
4.329198	0.066521
4.330180	0.066673
4.331163	0.066826
4.332146	0.066980
4.333129	0.067134
4.334111	0.067288
4.335094	0.067443
4.336077	0.067598
4.337060	0.067754
4.338042	0.067910
4.339025	0.068067
4.340008	0.068224
4.340991	0.068382
4.341974	0.068540
4.342956	0.068698
4.343939	0.068857
4.344922	0.069017
4.345905	0.069176
4.346887	0.069337
4.347870	0.069498
4.348853	0.069659
4.349836	0.069821
4.350819	0.069983
4.351801	0.070146
4.352784	0.070309
4.353767	0.070473
4.354750	0.070637
4.355732	0.070801
4.356715	0.070967
4.357698	0.071132
4.358681	0.071298
4.359664	0.071465
4.360646	0.071632
4.361629	0.071800
4.362612	0.071968
4.363595	0.072136
4.364577	0.072305
4.365560	0.072475
4.366543	0.072645
4.367526	0.072816
4.368509	0.072987
4.369491	0.073158
4.370474	0.073330
4.371457	0.073503
4.372440	0.073676
4.373422	0.073850
4.374405	0.074024
4.375388	0.074199
4.376371	0.074374
4.377354	0.074550
4.378336	0.074726
4.379319	0.074903
4.380302	0.075080
4.381285	0.075258
4.382267	0.075436
4.383250	0.075615
4.384233	0.075794
4.385216	0.075974
4.386198	0.076155
4.387181	0.076336
4.388164	0.076517
4.389147	0.076700
4.390130	0.076882
4.391112	0.077066
4.392095	0.077249
4.393078	0.077434
4.394061	0.077618
4.395043	0.077804
4.396026	0.077990
4.397009	0.078176
4.397992	0.078364
4.398975	0.078551
4.399957	0.078739
4.400940	0.078928
4.401923	0.079118
4.402906	0.079308
4.403888	0.079498
4.404871	0.079689
4.405854	0.079881
4.406837	0.080073
4.407820	0.080266
4.408802	0.080459
4.409785	0.080653
4.410768	0.080848
4.411751	0.081043
4.412733	0.081239
4.413716	0.081435
4.414699	0.081632
4.415682	0.081830
4.416665	0.082028
4.417647	0.082226
4.418630	0.082426
4.419613	0.082626
4.420596	0.082826
4.421578	0.083027
4.422561	0.083229
4.423544	0.083432
4.424527	0.083634
4.425510	0.083838
4.426492	0.084042
4.427475	0.084247
4.428458	0.084453
4.429441	0.084659
4.430423	0.084865
4.431406	0.085073
4.432389	0.085281
4.433372	0.085489
4.434354	0.085699
4.435337	0.085909
4.436320	0.086119
4.437303	0.086330
4.438286	0.086542
4.439268	0.086755
4.440251	0.086968
4.441234	0.087181
4.442217	0.087396
4.443199	0.087611
4.444182	0.087827
4.445165	0.088043
4.446148	0.088260
4.447131	0.088478
4.448113	0.088696
4.449096	0.088915
4.450079	0.089135
4.451062	0.089355
4.452044	0.089576
4.453027	0.089798
4.454010	0.090020
4.454993	0.090244
4.455976	0.090467
4.456958	0.090692
4.457941	0.090917
4.458924	0.091143
4.459907	0.091369
4.460889	0.091597
4.461872	0.091825
4.462855	0.092053
4.463838	0.092282
4.464821	0.092513
4.465803	0.092743
4.466786	0.092975
4.467769	0.093207
4.468752	0.093440
4.469734	0.093673
4.470717	0.093908
4.471700	0.094143
4.472683	0.094378
4.473666	0.094615
4.474648	0.094852
4.475631	0.095090
4.476614	0.095329
4.477597	0.095568
4.478579	0.095808
4.479562	0.096049
4.480545	0.096291
4.481528	0.096533
4.482510	0.096776
4.483493	0.097020
4.484476	0.097265
4.485459	0.097510
4.486442	0.097756
4.487424	0.098003
4.488407	0.098251
4.489390	0.098499
4.490373	0.098749
4.491355	0.098999
4.492338	0.099249
4.493321	0.099501
4.494304	0.099753
4.495287	0.100006
4.496269	0.100260
4.497252	0.100515
4.498235	0.100770
4.499218	0.101026
4.500200	0.101283
4.501183	0.101541
4.502166	0.101800
4.503149	0.102059
4.504132	0.102319
4.505114	0.102580
4.506097	0.102842
4.507080	0.103104
4.508063	0.103368
4.509045	0.103632
4.510028	0.103897
4.511011	0.104163
4.511994	0.104430
4.512977	0.104697
4.513959	0.104966
4.514942	0.105235
4.515925	0.105505
4.516908	0.105776
4.517890	0.106047
4.518873	0.106320
4.519856	0.106593
4.520839	0.106867
4.521822	0.107142
4.522804	0.107418
4.523787	0.107695
4.524770	0.107973
4.525753	0.108251
4.526735	0.108531
4.527718	0.108811
4.528701	0.109092
4.529684	0.109374
4.530667	0.109657
4.531649	0.109940
4.532632	0.110225
4.533615	0.110511
4.534598	0.110797
4.535580	0.111084
4.536563	0.111372
4.537546	0.111661
4.538529	0.111951
4.539511	0.112242
4.540494	0.112534
4.541477	0.112826
4.542460	0.113120
4.543443	0.113414
4.544425	0.113710
4.545408	0.114006
4.546391	0.114303
4.547374	0.114601
4.548356	0.114900
4.549339	0.115200
4.550322	0.115501
4.551305	0.115803
4.552288	0.116106
4.553270	0.116409
4.554253	0.116714
4.555236	0.117020
4.556219	0.117326
4.557201	0.117634
4.558184	0.117942
4.559167	0.118252
4.560150	0.118562
4.561133	0.118873
4.562115	0.119186
4.563098	0.119499
4.564081	0.119813
4.565064	0.120128
4.566046	0.120444
4.567029	0.120762
4.568012	0.121080
4.568995	0.121399
4.569978	0.121719
4.570960	0.122040
4.571943	0.122362
4.572926	0.122685
4.573909	0.123009
4.574891	0.123335
4.575874	0.123661
4.576857	0.123988
4.577840	0.124316
4.578823	0.124645
4.579805	0.124975
4.580788	0.125307
4.581771	0.125639
4.582754	0.125972
4.583736	0.126307
4.584719	0.126642
4.585702	0.126978
4.586685	0.127316
4.587667	0.127654
4.588650	0.127994
4.589633	0.128334
4.590616	0.128676
4.591599	0.129019
4.592581	0.129362
4.593564	0.129707
4.594547	0.130053
4.595530	0.130400
4.596512	0.130748
4.597495	0.131097
4.598478	0.131448
4.599461	0.131799
4.600444	0.132151
4.601426	0.132505
4.602409	0.132860
4.603392	0.133215
4.604375	0.133572
4.605357	0.133930
4.606340	0.134289
4.607323	0.134649
4.608306	0.135010
4.609289	0.135373
4.610271	0.135736
4.611254	0.136101
4.612237	0.136467
4.613220	0.136834
4.614202	0.137202
4.615185	0.137571
4.616168	0.137941
4.617151	0.138313
4.618134	0.138685
4.619116	0.139059
4.620099	0.139434
4.621082	0.139810
4.622065	0.140187
4.623047	0.140566
4.624030	0.140946
4.625013	0.141326
4.625996	0.141708
4.626979	0.142092
4.627961	0.142476
4.628944	0.142861
4.629927	0.143248
4.630910	0.143636
4.631892	0.144025
4.632875	0.144416
4.633858	0.144807
4.634841	0.145200
4.635823	0.145594
4.636806	0.145989
4.637789	0.146386
4.638772	0.146784
4.639755	0.147183
4.640737	0.147583
4.641720	0.147984
4.642703	0.148387
4.643686	0.148791
4.644668	0.149196
4.645651	0.149602
4.646634	0.150010
4.647617	0.150419
4.648600	0.150829
4.649582	0.151241
4.650565	0.151654
4.651548	0.152068
4.652531	0.152483
4.653513	0.152900
4.654496	0.153318
4.655479	0.153737
4.656462	0.154158
4.657445	0.154579
4.658427	0.155003
4.659410	0.155427
4.660393	0.155853
4.661376	0.156280
4.662358	0.156708
4.663341	0.157138
4.664324	0.157569
4.665307	0.158002
4.666290	0.158436
4.667272	0.158871
4.668255	0.159307
4.669238	0.159745
4.670221	0.160184
4.671203	0.160625
4.672186	0.161067
4.673169	0.161510
4.674152	0.161955
4.675135	0.162401
4.676117	0.162848
4.677100	0.163297
4.678083	0.163748
4.679066	0.164199
4.680048	0.164652
4.681031	0.165107
4.682014	0.165563
4.682997	0.166020
4.683979	0.166479
4.684962	0.166939
4.685945	0.167400
4.686928	0.167863
4.687911	0.168328
4.688893	0.168794
4.689876	0.169261
4.690859	0.169730
4.691842	0.170200
4.692824	0.170672
4.693807	0.171145
4.694790	0.171620
4.695773	0.172096
4.696756	0.172574
4.697738	0.173053
4.698721	0.173534
4.699704	0.174016
4.700687	0.174500
4.701669	0.174985
4.702652	0.175472
4.703635	0.175960
4.704618	0.176450
4.705601	0.176941
4.706583	0.177434
4.707566	0.177929
4.708549	0.178425
4.709532	0.178923
4.710514	0.179422
4.711497	0.179923
4.712480	0.180425
4.713463	0.180930
4.714446	0.181435
4.715428	0.181943
4.716411	0.182452
4.717394	0.182963
4.718377	0.183475
4.719359	0.183989
4.720342	0.184505
4.721325	0.185023
4.722308	0.185543
4.723291	0.186064
4.724273	0.186587
4.725256	0.187112
4.726239	0.187639
4.727222	0.188167
4.728204	0.188698
4.729187	0.189230
4.730170	0.189765
4.731153	0.190301
4.732135	0.190840
4.733118	0.191381
4.734101	0.191923
4.735084	0.192469
4.736067	0.193016
4.737049	0.193565
4.738032	0.194118
4.739015	0.194672
4.739998	0.195229
4.740980	0.195789
4.741963	0.196351
4.742946	0.196917
4.743929	0.197485
4.744912	0.198056
4.745894	0.198631
4.746877	0.199209
4.747860	0.199791
4.748843	0.200376
4.749825	0.200966
4.750808	0.201560
4.751791	0.202158
4.752774	0.202762
4.753757	0.203371
4.754739	0.203985
4.755722	0.204606
4.756705	0.205234
4.757688	0.205869
4.758670	0.206513
4.759653	0.207165
4.760636	0.207828
4.761619	0.208503
4.762602	0.209191
4.763584	0.209893
4.764567	0.210613
4.765550	0.211353
4.766533	0.212116
4.767515	0.212906
4.768498	0.213731
4.769481	0.214596
4.770464	0.215512
4.771447	0.216492
4.772429	0.217556
4.773412	0.218732
4.774395	0.220064
4.775378	0.221618
4.776360	0.223511
4.777343	0.225940
4.778326	0.229258
4.779309	0.234052
4.780292	0.240971
4.781274	0.248484
4.782249	0.246667
4.783224	0.238962
4.784199	0.232113
4.785173	0.227572
4.786148	0.224642
4.787123	0.222698
4.788098	0.221360
4.789073	0.220409
4.790047	0.219720
4.791022	0.219215
4.791997	0.218845
4.792972	0.218578
4.793947	0.218390
4.794921	0.218266
4.795896	0.218194
4.796871	0.218165
4.797846	0.218172
4.798821	0.218209
4.799795	0.218272
4.800770	0.218359
4.801745	0.218464
4.802720	0.218588
4.803694	0.218726
4.804669	0.218879
4.805644	0.219043
4.806619	0.219218
4.807594	0.219404
4.808568	0.219597
4.809543	0.219799
4.810518	0.220008
4.811493	0.220224
4.812468	0.220445
4.813442	0.220672
4.814417	0.220904
4.815392	0.221140
4.816367	0.221380
4.817342	0.221624
4.818316	0.221871
4.819291	0.222121
4.820266	0.222374
4.821241	0.222629
4.822216	0.222886
4.823190	0.223145
4.824165	0.223406
4.825140	0.223668
4.826115	0.223931
4.827090	0.224195
4.828064	0.224460
4.829039	0.224725
4.830014	0.224991
4.830989	0.225256
4.831963	0.225522
4.832938	0.225788
4.833913	0.226053
4.834888	0.226318
4.835863	0.226582
4.836837	0.226845
4.837812	0.227108
4.838787	0.227368
4.839762	0.227628
4.840737	0.227886
4.841711	0.228142
4.842686	0.228396
4.843661	0.228648
4.844636	0.228898
4.845611	0.229146
4.846585	0.229390
4.847560	0.229632
4.848535	0.229871
4.849510	0.230106
4.850485	0.230338
4.851459	0.230566
4.852434	0.230791
4.853409	0.231011
4.854384	0.231226
4.855358	0.231437
4.856333	0.231643
4.857308	0.231844
4.858283	0.232039
4.859258	0.232228
4.860232	0.232411
4.861207	0.232587
4.862182	0.232757
4.863157	0.232919
4.864132	0.233073
4.865106	0.233219
4.866081	0.233356
4.867056	0.233484
4.868031	0.233602
4.869006	0.233710
4.869980	0.233806
4.870955	0.233890
4.871930	0.233961
4.872905	0.234018
4.873880	0.234060
4.874854	0.234084
4.875829	0.234089
4.876804	0.234071
4.877779	0.234023
4.878761	0.234460
4.879744	0.235686
4.880727	0.236936
4.881710	0.238205
4.882693	0.239492
4.883675	0.240794
4.884658	0.242111
4.885641	0.243441
4.886624	0.244781
4.887606	0.246133
4.888589	0.247493
4.889572	0.248862
4.890555	0.250238
4.891538	0.251621
4.892520	0.253009
4.893503	0.254402
4.894486	0.255799
4.895469	0.257199
4.896451	0.258602
4.897434	0.260007
4.898417	0.261413
4.899400	0.262820
4.900383	0.264226
4.901365	0.265633
4.902348	0.267038
4.903331	0.268441
4.904314	0.269842
4.905296	0.271241
4.906279	0.272636
4.907262	0.274028
4.908245	0.275415
4.909228	0.276798
4.910210	0.278176
4.911193	0.279548
4.912176	0.280914
4.913159	0.282274
4.914141	0.283627
4.915124	0.284973
4.916107	0.286312
4.917090	0.287642
4.918072	0.288965
4.919055	0.290279
4.920038	0.291584
4.921021	0.292880
4.922004	0.294166
4.922986	0.295443
4.923969	0.296709
4.924952	0.297966
4.925935	0.299211
4.926917	0.300446
4.927900	0.301670
4.928883	0.302882
4.929866	0.304083
4.930849	0.305272
4.931831	0.306448
4.932814	0.307613
4.933797	0.308765
4.934780	0.309905
4.935762	0.311032
4.936745	0.312146
4.937728	0.313246
4.938711	0.314334
4.939694	0.315408
4.940676	0.316468
4.941659	0.317515
4.942642	0.318548
4.943625	0.319567
4.944607	0.320572
4.945590	0.321562
4.946573	0.322538
4.947556	0.323500
4.948539	0.324448
4.949521	0.325380
4.950504	0.326298
4.951487	0.327202
4.952470	0.328090
4.953452	0.328964
4.954435	0.329823
4.955418	0.330666
4.956401	0.331495
4.957384	0.332308
4.958366	0.333107
4.959349	0.333890
4.960332	0.334658
4.961315	0.335411
4.962297	0.336148
4.963280	0.336871
4.964263	0.337578
4.965246	0.338269
4.966228	0.338945
4.967211	0.339606
4.968194	0.340252
4.969177	0.340882
4.970160	0.341498
4.971142	0.342097
4.972125	0.342682
4.973108	0.343251
4.974091	0.343805
4.975073	0.344343
4.976056	0.344867
4.977039	0.345375
4.978022	0.345868
4.979005	0.346347
4.979987	0.346809
4.980970	0.347257
4.981953	0.347690
4.982936	0.348108
4.983918	0.348511
4.984901	0.348900
4.985884	0.349273
4.986867	0.349632
4.987850	0.349976
4.988832	0.350305
4.989815	0.350620
4.990798	0.350920
4.991781	0.351206
4.992763	0.351477
4.993746	0.351735
4.994729	0.351977
4.995712	0.352206
4.996695	0.352421
4.997677	0.352621
4.998660	0.352808
4.999643	0.352981
5.000626	0.353140
5.001608	0.353285
5.002591	0.353416
5.003574	0.353534
5.004557	0.353639
5.005540	0.353730
5.006522	0.353808
5.007505	0.353873
5.008488	0.353925
5.009471	0.353963
5.010453	0.353989
5.011436	0.354002
5.012419	0.354002
5.013402	0.353990
5.014384	0.353965
5.015367	0.353927
5.016350	0.353877
5.017333	0.353816
5.018316	0.353741
5.019298	0.353655
5.020281	0.353557
5.021264	0.353448
5.022247	0.353326
5.023229	0.353193
5.024212	0.353049
5.025195	0.352893
5.026178	0.352726
5.027161	0.352547
5.028143	0.352358
5.029126	0.352158
5.030109	0.351947
5.031092	0.351725
5.032074	0.351493
5.033057	0.351251
5.034040	0.350998
5.035023	0.350734
5.036006	0.350461
5.036988	0.350178
5.037971	0.349885
5.038954	0.349582
5.039937	0.349270
5.040919	0.348948
5.041902	0.348617
5.042885	0.348277
5.043868	0.347928
5.044851	0.347569
5.045833	0.347202
5.046816	0.346827
5.047799	0.346442
5.048782	0.346050
5.049764	0.345649
5.050747	0.345240
5.051730	0.344822
5.052713	0.344397
5.053696	0.343965
5.054678	0.343524
5.055661	0.343076
5.056644	0.342621
5.057627	0.342159
5.058609	0.341690
5.059592	0.341214
5.060575	0.340731
5.061558	0.340241
5.062540	0.339745
5.063523	0.339243
5.064506	0.338734
5.065489	0.338219
5.066472	0.337699
5.067454	0.337173
5.068437	0.336641
5.069420	0.336104
5.070403	0.335562
5.071385	0.335014
5.072368	0.334462
5.073351	0.333905
5.074334	0.333343
5.075317	0.332776
5.076299	0.332206
5.077282	0.331631
5.078265	0.331052
5.079248	0.330469
5.080230	0.329883
5.081213	0.329293
5.082196	0.328700
5.083179	0.328103
5.084162	0.327504
5.085144	0.326902
5.086127	0.326297
5.087110	0.325689
5.088093	0.325080
5.089075	0.324468
5.090058	0.323854
5.091041	0.323238
5.092024	0.322621
5.093007	0.322003
5.093989	0.321383
5.094972	0.320762
5.095955	0.320140
5.096938	0.319518
5.097920	0.318895
5.098903	0.318271
5.099886	0.317648
5.100869	0.317025
5.101852	0.316402
5.102834	0.315780
5.103817	0.315158
5.104800	0.314537
5.105783	0.313918
5.106765	0.313299
5.107748	0.312683
5.108731	0.312068
5.109714	0.311455
5.110697	0.310844
5.111679	0.310236
5.112662	0.309631
5.113645	0.309028
5.114628	0.308429
5.115610	0.307833
5.116593	0.307241
5.117576	0.306652
5.118559	0.306068
5.119541	0.305488
5.120524	0.304913
5.121507	0.304343
5.122490	0.303779
5.123473	0.303219
5.124455	0.302666
5.125438	0.302119
5.126421	0.301578
5.127404	0.301045
5.128386	0.300518
5.129369	0.299999
5.130352	0.299488
5.131335	0.298985
5.132318	0.298490
5.133300	0.298005
5.134283	0.297529
5.135266	0.297064
5.136249	0.296608
5.137231	0.296164
5.138214	0.295731
5.139197	0.295310
5.140180	0.294901
5.141163	0.294506
5.142145	0.294126
5.143128	0.293760
5.144111	0.293411
5.145094	0.293078
5.146076	0.292765
5.147059	0.292471
5.148042	0.292212
5.149025	0.291974
5.150008	0.291755
5.150990	0.291554
5.151973	0.291370
5.152956	0.291203
5.153939	0.291052
5.154921	0.290917
5.155904	0.290796
5.156887	0.290691
5.157870	0.290600
5.158853	0.290523
5.159835	0.290461
5.160818	0.290412
5.161801	0.290378
5.162784	0.290357
5.163766	0.290350
