0.000983	0.000000
0.001966	0.000000
0.002948	0.000000
0.003931	-0.000000
0.004914	0.000000
0.005897	0.000000
0.006879	0.000000
0.007862	-0.000000
0.008845	0.000000
0.009828	0.000000
0.010811	0.000000
0.011793	0.000000
0.012776	-0.000000
0.013759	-0.000000
0.014742	0.000000
0.015724	0.000000
0.016707	-0.000000
0.017690	0.000000
0.018673	-0.000000
0.019656	0.000000
0.020638	0.000000
0.021621	0.000000
0.022604	0.000000
0.023587	0.000000
0.024569	0.000000
0.025552	-0.000000
0.026535	-0.000000
0.027518	0.000000
0.028500	-0.000000
0.029483	-0.000000
0.030466	-0.000000
0.031449	0.000000
0.032432	0.000000
0.033414	0.000000
0.034397	-0.000000
0.035380	-0.000000
0.036363	0.000000
0.037345	-0.000000
0.038328	0.000000
0.039311	0.000000
0.040294	-0.000000
0.041277	0.000000
0.042259	-0.000000
0.043242	-0.000000
0.044225	-0.000000
0.045208	0.000000
0.046190	0.000000
0.047173	0.000000
0.048156	-0.000000
0.049139	0.000000
0.050122	-0.000000
0.051104	-0.000000
0.052087	-0.000000
0.053070	0.000000
0.054053	0.000000
0.055035	0.000000
0.056018	-0.000000
0.057001	0.000000
0.057984	-0.000000
0.058967	-0.000000
0.059949	0.000000
0.060932	-0.000000
0.061915	-0.000000
0.062898	0.000000
0.063880	0.000000
0.064863	-0.000000
0.065846	-0.000000
0.066829	0.000000
0.067812	-0.000000
0.068794	-0.000000
0.069777	0.000000
0.070760	0.000000
0.071743	-0.000000
0.072725	0.000000
0.073708	0.000000
0.074691	0.000000
0.075674	-0.000000
0.076656	-0.000000
0.077639	0.000000
0.078622	0.000000
0.079605	-0.000000
0.080588	0.000000
0.081570	0.000000
0.082553	0.000000
0.083536	-0.000000
0.084519	0.000000
0.085501	-0.000000
0.086484	-0.000000
0.087467	0.000000
0.088450	-0.000000
0.089433	-0.000000
0.090415	-0.000000
0.091398	-0.000000
0.092381	-0.000000
0.093364	0.000000
0.094346	0.000000
0.095329	-0.000000
0.096312	-0.000000
0.097295	0.000000
0.098278	-0.000000
0.099260	0.000000
0.100243	0.000000
0.101226	0.000000
0.102209	0.000000
0.103191	0.000000
0.104174	-0.000000
0.105157	-0.000000
0.106140	-0.000000
0.107123	-0.000000
0.108105	-0.000000
0.109088	-0.000000
0.110071	-0.000000
0.111054	-0.000000
0.112036	-0.000000
0.113019	-0.000000
0.114002	0.000000
0.114985	-0.000000
0.115968	-0.000000
0.116950	-0.000000
0.117933	-0.000000
0.118916	0.000000
0.119899	0.000000
0.120881	-0.000000
0.121864	0.000000
0.122847	0.000000
0.123830	-0.000000
0.124812	-0.000000
0.125795	0.000000
0.126778	0.000000
0.127761	-0.000000
0.128744	0.000000
0.129726	-0.000000
0.130709	-0.000000
0.131692	0.000000
0.132675	-0.000000
0.133657	0.000000
0.134640	-0.000000
0.135623	0.000000
0.136606	-0.000000
0.137589	-0.000000
0.138571	0.000000
0.139554	0.000000
0.140537	0.000000
0.141520	-0.000000
0.142502	0.000000
0.143485	0.000000
0.144468	-0.000000
0.145451	-0.000000
0.146434	0.000000
0.147416	-0.000000
0.148399	-0.000000
0.149382	0.000000
0.150365	0.000000
0.151347	0.000000
0.152330	-0.000000
0.153313	-0.000000
0.154296	-0.000000
0.155279	-0.000000
0.156261	-0.000000
0.157244	0.000000
0.158227	-0.000000
0.159210	0.000000
0.160192	-0.000000
0.161175	-0.000000
0.162158	0.000000
0.163141	0.000000
0.164124	0.000000
0.165106	-0.000000
0.166089	0.000000
0.167072	-0.000000
0.168055	0.000000
0.169037	0.000000
0.170020	-0.000000
0.171003	0.000000
0.171986	-0.000000
0.172969	-0.000000
0.173951	-0.000000
0.174934	-0.000000
0.175917	0.000000
0.176900	-0.000000
0.177882	0.000000
0.178865	0.000000
0.179848	0.000000
0.180831	-0.000000
0.181813	-0.000000
0.182796	0.000000
0.183779	-0.000000
0.184762	-0.000000
0.185745	-0.000000
0.186727	-0.000000
0.187710	0.000000
0.188693	-0.000000
0.189676	-0.000000
0.190658	-0.000000
0.191641	0.000000
0.192624	-0.000000
0.193607	-0.000000
0.194590	0.000000
0.195572	0.000000
0.196555	-0.000000
0.197538	-0.000000
0.198521	0.000000
0.199503	0.000000
0.200486	-0.000000
0.201469	-0.000000
0.202452	-0.000000
0.203435	0.000000
0.204417	-0.000000
0.205400	-0.000000
0.206383	0.000000
0.207366	-0.000000
0.208348	-0.000000
0.209331	-0.000000
0.210314	0.000000
0.211297	0.000000
0.212280	-0.000000
0.213262	-0.000000
0.214245	-0.000000
0.215228	-0.000000
0.216211	-0.000000
0.217193	0.000000
0.218176	0.000000
0.219159	-0.000000
0.220142	-0.000000
0.221125	0.000000
0.222107	-0.000000
0.223090	-0.000000
0.224073	-0.000000
0.225056	0.000000
0.226038	-0.000000
0.227021	-0.000000
0.228004	-0.000000
0.228987	-0.000000
0.229969	-0.000000
0.230952	0.000000
0.231935	-0.000000
0.232918	-0.000000
0.233901	0.000000
0.234883	0.000000
0.235866	-0.000000
0.236849	0.000000
0.237832	-0.000000
0.238814	-0.000000
0.239797	-0.000000
0.240780	0.000000
0.241763	-0.000000
0.242746	-0.000000
0.243728	-0.000000
0.244711	-0.000000
0.245694	0.000000
0.246677	0.000000
0.247659	-0.000000
0.248642	0.000000
0.249625	-0.000000
0.250608	0.000000
0.251591	0.000000
0.252573	0.000000
0.253556	-0.000000
0.254539	-0.000000
0.255522	0.000000
0.256504	-0.000000
0.257487	-0.000000
0.258470	0.000000
0.259453	0.000000
0.260436	-0.000000
0.261418	-0.000000
0.262401	-0.000000
0.263384	-0.000000
0.264367	0.000000
0.265349	0.000000
0.266332	-0.000000
0.267315	-0.000000
0.268298	-0.000000
0.269281	-0.000000
0.270263	0.000000
0.271246	-0.000000
0.272229	0.000000
0.273212	0.000000
0.274194	0.000000
0.275177	-0.000000
0.276160	-0.000000
0.277143	-0.000000
0.278125	0.000000
0.279108	-0.000000
0.280091	-0.000000
0.281074	-0.000000
0.282057	0.000000
0.283039	-0.000000
0.284022	0.000000
0.285005	-0.000000
0.285988	0.000000
0.286962	0.000000
0.287937	0.000000
0.288912	0.000000
0.289887	0.000000
0.290862	-0.000000
0.291836	-0.000000
0.292811	-0.000000
0.293786	0.000000
0.294761	-0.000000
0.295736	0.000000
0.296710	-0.000000
0.297685	0.000000
0.298660	0.000000
0.299635	0.000000
0.300610	0.000000
0.301584	-0.000000
0.302559	0.000000
0.303534	0.000000
0.304509	-0.000000
0.305484	-0.000000
0.306458	0.000000
0.307433	0.000000
0.308408	0.000000
0.309383	0.000000
0.310357	-0.000000
0.311332	0.000000
0.312307	-0.000000
0.313282	-0.000000
0.314257	0.000000
0.315231	0.000000
0.316206	-0.000000
0.317181	0.000000
0.318156	-0.000000
0.319131	-0.000000
0.320105	-0.000000
0.321080	-0.000000
0.322055	-0.000000
0.323030	-0.000000
0.324005	0.000000
0.324979	-0.000000
0.325954	0.000000
0.326929	0.000000
0.327904	-0.000000
0.328879	-0.000000
0.329853	-0.000000
0.330828	0.000000
0.331803	0.000000
0.332778	0.000000
0.333753	-0.000000
0.334727	-0.000000
0.335702	-0.000000
0.336677	0.000000
0.337652	-0.000000
0.338626	0.000000
0.339601	0.000000
0.340576	-0.000000
0.341551	0.000000
0.342526	0.000000
0.343500	-0.000000
0.344475	-0.000000
0.345450	-0.000000
0.346425	0.000000
0.347400	-0.000000
0.348374	-0.000000
0.349349	-0.000000
0.350324	-0.000000
0.351299	-0.000000
0.352274	0.000000
0.353248	0.000000
0.354223	0.000000
0.355198	-0.000000
0.356173	-0.000000
0.357148	-0.000000
0.358122	-0.000000
0.359097	-0.000000
0.360072	-0.000000
0.361047	-0.000000
0.362021	-0.000000
0.362996	-0.000000
0.363971	-0.000000
0.364946	0.000000
0.365921	-0.000000
0.366895	-0.000000
0.367870	0.000000
0.368845	0.000000
0.369820	-0.000000
0.370795	-0.000000
0.371769	-0.000000
0.372744	-0.000000
0.373719	0.000000
0.374694	0.000000
0.375669	0.000000
0.376643	0.000000
0.377618	-0.000000
0.378593	-0.000000
0.379568	0.000000
0.380543	0.000000
0.381517	0.000000
0.382492	0.000000
0.383475	0.000000
0.384458	0.000000
0.385440	0.000000
0.386423	-0.000000
0.387406	-0.000000
0.388389	-0.000000
0.389372	0.000000
0.390354	-0.000000
0.391337	0.000000
0.392320	0.000000
0.393303	0.000000
0.394285	0.000000
0.395268	0.000000
0.396251	0.000000
0.397234	0.000000
0.398217	0.000000
0.399199	-0.000000
0.400182	0.000000
0.401165	-0.000000
0.402148	0.000000
0.403130	-0.000000
0.404113	0.000000
0.405096	0.000000
0.406079	0.000000
0.407061	-0.000000
0.408044	0.000000
0.409027	0.000000
0.410010	-0.000000
0.410993	-0.000000
0.411975	-0.000000
0.412958	-0.000000
0.413941	-0.000000
0.414924	0.000000
0.415906	0.000000
0.416889	0.000000
0.417872	-0.000000
0.418855	0.000000
0.419838	0.000000
0.420820	-0.000000
0.421803	-0.000000
0.422786	-0.000000
0.423769	0.000000
0.424751	0.000000
0.425734	-0.000000
0.426717	0.000000
0.427700	0.000000
0.428683	0.000000
0.429665	-0.000000
0.430648	-0.000000
0.431631	0.000000
0.432614	0.000000
0.433596	0.000000
0.434579	-0.000000
0.435562	-0.000000
0.436545	0.000000
0.437528	0.000000
0.438510	0.000000
0.439493	0.000000
0.440476	-0.000000
0.441459	0.000000
0.442441	-0.000000
0.443424	-0.000000
0.444407	-0.000000
0.445390	0.000000
0.446373	-0.000000
0.447355	0.000000
0.448338	0.000000
0.449321	0.000000
0.450304	-0.000000
0.451286	0.000000
0.452269	-0.000000
0.453252	0.000000
0.454235	-0.000000
0.455217	0.000000
0.456200	0.000000
0.457183	-0.000000
0.458166	-0.000000
0.459149	-0.000000
0.460131	-0.000000
0.461114	0.000000
0.462097	0.000000
0.463080	0.000000
0.464062	0.000000
0.465045	0.000000
0.466028	0.000000
0.467011	-0.000000
0.467994	-0.000000
0.468976	-0.000000
0.469959	0.000000
0.470942	-0.000000
0.471925	-0.000000
0.472907	0.000000
0.473890	0.000000
0.474873	-0.000000
0.475856	-0.000000
0.476839	-0.000000
0.477821	0.000000
0.478804	-0.000000
0.479787	-0.000000
0.480770	-0.000000
0.481752	0.000000
0.482735	-0.000000
0.483718	-0.000000
0.484701	0.000000
0.485684	-0.000000
0.486666	-0.000000
0.487649	0.000000
0.488632	0.000000
0.489615	-0.000000
0.490597	0.000000
0.491580	0.000000
0.492563	0.000000
0.493546	0.000000
0.494529	0.000000
0.495511	0.000000
0.496494	0.000000
0.497477	-0.000000
0.498460	-0.000000
0.499442	-0.000000
0.500425	0.000000
0.501408	-0.000000
0.502391	-0.000000
0.503374	0.000000
0.504356	0.000000
0.505339	-0.000000
0.506322	0.000000
0.507305	-0.000000
0.508287	0.000000
0.509270	0.000000
0.510253	0.000000
0.511236	0.000000
0.512218	0.000000
0.513201	0.000000
0.514184	-0.000000
0.515167	-0.000000
0.516150	-0.000000
0.517132	0.000000
0.518115	0.000000
0.519098	0.000000
0.520081	-0.000000
0.521063	-0.000000
0.522046	0.000000
0.523029	-0.000000
0.524012	-0.000000
0.524995	-0.000000
0.525977	0.000000
0.526960	0.000000
0.527943	-0.000000
0.528926	0.000000
0.529908	-0.000000
0.530891	0.000000
0.531874	-0.000000
0.532857	-0.000000
0.533840	-0.000000
0.534822	0.000000
0.535805	0.000000
0.536788	0.000000
0.537771	0.000000
0.538753	0.000000
0.539736	-0.000000
0.540719	0.000000
0.541702	0.000000
0.542685	0.000000
0.543667	-0.000000
0.544650	-0.000000
0.545633	0.000000
0.546616	-0.000000
0.547598	-0.000000
0.548581	-0.000000
0.549564	0.000000
0.550547	0.000000
0.551530	0.000000
0.552512	-0.000000
0.553495	-0.000000
0.554478	0.000000
0.555461	-0.000000
0.556443	0.000000
0.557426	0.000000
0.558409	0.000000
0.559392	0.000000
0.560374	-0.000000
0.561357	0.000000
0.562340	-0.000000
0.563323	-0.000000
0.564306	-0.000000
0.565288	0.000000
0.566271	-0.000000
0.567254	0.000000
0.568237	-0.000000
0.569219	-0.000000
0.570202	0.000000
0.571185	0.000000
0.572168	-0.000000
0.573151	-0.000000
0.574133	-0.000000
0.575116	0.000000
0.576099	-0.000000
0.577082	0.000000
0.578064	-0.000000
0.579047	0.000000
0.580030	-0.000000
0.581013	-0.000000
0.581996	-0.000000
0.582978	-0.000000
0.583961	0.000000
0.584944	-0.000000
0.585927	-0.000000
0.586909	0.000000
0.587892	0.000000
0.588875	0.000000
0.589858	0.000000
0.590841	-0.000000
0.591823	0.000000
0.592806	-0.000000
0.593789	0.000000
0.594772	-0.000000
0.595754	0.000000
0.596737	0.000000
0.597720	0.000000
0.598703	0.000000
0.599686	0.000000
0.600668	-0.000000
0.601651	-0.000000
0.602634	0.000000
0.603617	0.000000
0.604599	-0.000000
0.605582	0.000000
0.606565	0.000000
0.607548	-0.000000
0.608530	0.000000
0.609513	-0.000000
0.610496	-0.000000
0.611479	0.000000
0.612462	0.000000
0.613444	-0.000000
0.614427	0.000000
0.615410	-0.000000
0.616393	-0.000000
0.617375	0.000000
0.618358	0.000000
0.619341	-0.000000
0.620324	0.000000
0.621307	-0.000000
0.622289	0.000000
0.623272	0.000000
0.624255	-0.000000
0.625238	0.000000
0.626220	-0.000000
0.627203	-0.000000
0.628186	-0.000000
0.629169	-0.000000
0.630152	0.000000
0.631134	0.000000
0.632117	0.000000
0.633100	0.000000
0.634083	0.000000
0.635065	0.000000
0.636048	-0.000000
0.637031	-0.000000
0.638014	0.000000
0.638997	0.000000
0.639979	0.000000
0.640962	0.000000
0.641945	0.000000
0.642928	0.000000
0.643910	-0.000000
0.644893	0.000000
0.645876	-0.000000
0.646859	-0.000000
0.647842	-0.000000
0.648824	-0.000000
0.649807	0.000000
0.650790	-0.000000
0.651773	-0.000000
0.652755	-0.000000
0.653738	-0.000000
0.654721	0.000000
0.655704	0.000000
0.656686	-0.000000
0.657669	-0.000000
0.658652	-0.000000
0.659635	0.000000
0.660618	-0.000000
0.661600	0.000000
0.662583	0.000000
0.663566	-0.000000
0.664549	-0.000000
0.665531	-0.000000
0.666514	-0.000000
0.667497	0.000023
0.668480	0.000047
0.669463	0.000070
0.670445	0.000094
0.671428	0.000117
0.672411	0.000141
0.673394	0.000164
0.674376	0.000188
0.675359	0.000211
0.676342	0.000235
0.677325	0.000258
0.678308	0.000281
0.679290	0.000305
0.680273	0.000328
0.681256	0.000351
0.682239	0.000375
0.683221	0.000398
0.684204	0.000421
0.685187	0.000444
0.686170	0.000468
0.687153	0.000491
0.688135	0.000514
0.689118	0.000537
0.690101	0.000560
0.691084	0.000583
0.692066	0.000606
0.693049	0.000629
0.694032	0.000652
0.695015	0.000675
0.695998	0.000697
0.696980	0.000720
0.697963	0.000743
0.698946	0.000765
0.699929	0.000788
0.700911	0.000811
0.701894	0.000833
0.702877	0.000855
0.703860	0.000878
0.704842	0.000900
0.705825	0.000922
0.706808	0.000945
0.707791	0.000967
0.708774	0.000989
0.709756	0.001011
0.710739	0.001033
0.711722	0.001055
0.712705	0.001076
0.713687	0.001098
0.714670	0.001120
0.715653	0.001141
0.716636	0.001163
0.717619	0.001184
0.718601	0.001205
0.719584	0.001227
0.720567	0.001248
0.721550	0.001269
0.722532	0.001290
0.723515	0.001311
0.724498	0.001332
0.725481	0.001352
0.726464	0.001373
0.727446	0.001394
0.728429	0.001414
0.729412	0.001434
0.730395	0.001455
0.731377	0.001475
0.732360	0.001495
0.733343	0.001515
0.734326	0.001535
0.735309	0.001554
0.736291	0.001574
0.737274	0.001594
0.738257	0.001613
0.739240	0.001633
0.740222	0.001652
0.741205	0.001671
0.742188	0.001690
0.743171	0.001709
0.744154	0.001728
0.745136	0.001746
0.746119	0.001765
0.747102	0.001783
0.748085	0.001802
0.749067	0.001820
0.750050	0.001838
0.751033	0.001856
0.752016	0.001874
0.752999	0.001892
0.753981	0.001909
0.754964	0.001927
0.755947	0.001944
0.756930	0.001961
0.757912	0.001978
0.758895	0.001995
0.759878	0.002012
0.760861	0.002029
0.761843	0.002046
0.762826	0.002062
0.763809	0.002078
0.764792	0.002095
0.765775	0.002111
0.766757	0.002126
0.767740	0.002142
0.768723	0.002158
0.769706	0.002173
0.770688	0.002189
0.771671	0.002204
0.772654	0.002219
0.773637	0.002234
0.774620	0.002249
0.775602	0.002264
0.776585	0.002278
0.777568	0.002292
0.778551	0.002307
0.779533	0.002321
0.780516	0.002335
0.781499	0.002348
0.782482	0.002362
0.783465	0.002376
0.784447	0.002389
0.785430	0.002402
0.786413	0.002415
0.787396	0.002428
0.788378	0.002441
0.789361	0.002453
0.790344	0.002466
0.791327	0.002478
0.792310	0.002490
0.793292	0.002502
0.794275	0.002514
0.795258	0.002526
0.796241	0.002537
0.797223	0.002548
0.798206	0.002560
0.799189	0.002571
0.800172	0.002582
0.801155	0.002592
0.802137	0.002603
0.803120	0.002613
0.804103	0.002624
0.805086	0.002634
0.806068	0.002644
0.807051	0.002653
0.808034	0.002663
0.809017	0.002672
0.809999	0.002682
0.810982	0.002691
0.811965	0.002700
0.812948	0.002708
0.813931	0.002717
0.814913	0.002726
0.815896	0.002734
0.816879	0.002742
0.817862	0.002750
0.818844	0.002758
0.819827	0.002765
0.820810	0.002773
0.821793	0.002780
0.822776	0.002787
0.823758	0.002794
0.824741	0.002801
0.825724	0.002808
0.826707	0.002814
0.827689	0.002821
0.828672	0.002827
0.829655	0.002833
0.830638	0.002839
0.831621	0.002844
0.832603	0.002850
0.833586	0.002855
0.834569	0.002861
0.835552	0.002866
0.836534	0.002870
0.837517	0.002875
0.838500	0.002880
0.839483	0.002884
0.840466	0.002888
0.841448	0.002892
0.842431	0.002896
0.843414	0.002900
0.844397	0.002903
0.845379	0.002907
0.846362	0.002910
0.847345	0.002913
0.848328	0.002916
0.849311	0.002919
0.850293	0.002921
0.851276	0.002924
0.852259	0.002926
0.853242	0.002928
0.854224	0.002930
0.855207	0.002932
0.856190	0.002933
0.857173	0.002935
0.858155	0.002936
0.859138	0.002937
0.860121	0.002938
0.861104	0.002939
0.862087	0.002940
0.863069	0.002940
0.864052	0.002941
0.865035	0.002941
0.866018	0.002941
0.867000	0.002941
0.867983	0.002940
0.868966	0.002940
0.869949	0.002939
0.870932	0.002939
0.871914	0.002938
0.872897	0.002937
0.873880	0.002935
0.874863	0.002934
0.875845	0.002932
0.876828	0.002931
0.877811	0.002929
0.878794	0.002927
0.879777	0.002925
0.880759	0.002923
0.881742	0.002920
0.882725	0.002917
0.883708	0.002915
0.884690	0.002912
0.885673	0.002909
0.886656	0.002906
0.887639	0.002902
0.888622	0.002899
0.889604	0.002895
0.890587	0.002891
0.891570	0.002888
0.892553	0.002884
0.893535	0.002879
0.894518	0.002875
0.895501	0.002871
0.896484	0.002866
0.897467	0.002861
0.898449	0.002856
0.899432	0.002851
0.900415	0.002846
0.901398	0.002841
0.902380	0.002835
0.903363	0.002830
0.904346	0.002824
0.905329	0.002818
0.906311	0.002812
0.907294	0.002806
0.908277	0.002800
0.909260	0.002793
0.910243	0.002787
0.911225	0.002780
0.912208	0.002773
0.913191	0.002766
0.914174	0.002759
0.915156	0.002752
0.916139	0.002745
0.917122	0.002737
0.918105	0.002730
0.919088	0.002722
0.920070	0.002714
0.921053	0.002706
0.922036	0.002698
0.923019	0.002690
0.924001	0.002682
0.924984	0.002673
0.925967	0.002665
0.926950	0.002656
0.927933	0.002647
0.928915	0.002639
0.929898	0.002630
0.930881	0.002620
0.931864	0.002611
0.932846	0.002602
0.933829	0.002592
0.934812	0.002583
0.935795	0.002573
0.936778	0.002563
0.937760	0.002553
0.938743	0.002543
0.939726	0.002533
0.940709	0.002523
0.941691	0.002512
0.942674	0.002502
0.943657	0.002491
0.944640	0.002481
0.945623	0.002470
0.946605	0.002459
0.947588	0.002448
0.948571	0.002437
0.949554	0.002426
0.950536	0.002414
0.951519	0.002403
0.952502	0.002392
0.953485	0.002380
0.954467	0.002368
0.955450	0.002356
0.956433	0.002344
0.957416	0.002333
0.958399	0.002320
0.959381	0.002308
0.960364	0.002296
0.961347	0.002284
0.962330	0.002271
0.963312	0.002259
0.964295	0.002246
0.965278	0.002233
0.966261	0.002220
0.967244	0.002208
0.968226	0.002195
0.969209	0.002181
0.970192	0.002168
0.971175	0.002155
0.972157	0.002142
0.973140	0.002128
0.974123	0.002115
0.975106	0.002101
0.976089	0.002088
0.977071	0.002074
0.978054	0.002060
0.979037	0.002046
0.980020	0.002032
0.981002	0.002018
0.981985	0.002004
0.982968	0.001990
0.983951	0.001975
0.984934	0.001961
0.985916	0.001947
0.986899	0.001932
0.987882	0.001918
0.988865	0.001903
0.989847	0.001888
0.990830	0.001874
0.991813	0.001859
0.992796	0.001844
0.993779	0.001829
0.994761	0.001814
0.995744	0.001799
0.996727	0.001783
0.997710	0.001768
0.998692	0.001753
0.999675	0.001738
1.000658	0.001722
1.001641	0.001707
1.002624	0.001691
1.003606	0.001675
1.004589	0.001660
1.005572	0.001644
1.006555	0.001628
1.007537	0.001612
1.008520	0.001597
1.009503	0.001581
1.010486	0.001565
1.011468	0.001549
1.012451	0.001532
1.013434	0.001516
1.014417	0.001500
1.015400	0.001484
1.016382	0.001467
1.017365	0.001451
1.018348	0.001435
1.019331	0.001418
1.020313	0.001402
1.021296	0.001385
1.022279	0.001368
1.023262	0.001352
1.024245	0.001335
1.025227	0.001318
1.026210	0.001302
1.027193	0.001285
1.028176	0.001268
1.029158	0.001251
1.030141	0.001234
1.031124	0.001217
1.032107	0.001200
1.033090	0.001183
1.034072	0.001166
1.035055	0.001149
1.036038	0.001131
1.037021	0.001114
1.038003	0.001097
1.038986	0.001080
1.039969	0.001062
1.040952	0.001045
1.041935	0.001028
1.042917	0.001010
1.043900	0.000993
1.044883	0.000975
1.045866	0.000958
1.046848	0.000940
1.047831	0.000923
1.048814	0.000905
1.049797	0.000887
1.050780	0.000870
1.051762	0.000852
1.052745	0.000834
1.053728	0.000816
1.054711	0.000799
1.055693	0.000781
1.056676	0.000763
1.057659	0.000745
1.058642	0.000727
1.059624	0.000709
1.060607	0.000691
1.061590	0.000673
1.062573	0.000656
1.063556	0.000638
1.064538	0.000620
1.065521	0.000602
1.066504	0.000583
1.067487	0.000565
1.068469	0.000547
1.069452	0.000529
1.070435	0.000511
1.071418	0.000493
1.072401	0.000475
1.073383	0.000457
1.074366	0.000439
1.075349	0.000420
1.076332	0.000402
1.077314	0.000384
1.078297	0.000366
1.079280	0.000348
1.080263	0.000329
1.081246	0.000311
1.082228	0.000293
1.083211	0.000275
1.084194	0.000256
1.085177	0.000238
1.086159	0.000220
1.087142	0.000201
1.088125	0.000183
1.089108	0.000165
1.090091	0.000147
1.091073	0.000128
1.092056	0.000110
1.093039	0.000092
1.094022	0.000073
1.095004	0.000055
1.095987	0.000037
1.096970	0.000018
1.097945	0.000027
1.098920	0.000036
1.099894	0.000046
1.100869	0.000055
1.101844	0.000064
1.102819	0.000073
1.103794	0.000082
1.104768	0.000092
1.105743	0.000101
1.106718	0.000110
1.107693	0.000119
1.108667	0.000129
1.109642	0.000138
1.110617	0.000147
1.111592	0.000157
1.112567	0.000166
1.113541	0.000176
1.114516	0.000185
1.115491	0.000194
1.116466	0.000204
1.117441	0.000213
1.118415	0.000223
1.119390	0.000233
1.120365	0.000242
1.121340	0.000252
1.122315	0.000261
1.123289	0.000271
1.124264	0.000281
1.125239	0.000290
1.126214	0.000300
1.127189	0.000310
1.128163	0.000320
1.129138	0.000329
1.130113	0.000339
1.131088	0.000349
1.132062	0.000359
1.133037	0.000369
1.134012	0.000379
1.134987	0.000389
1.135962	0.000399
1.136936	0.000409
1.137911	0.000419
1.138886	0.000429
1.139861	0.000439
1.140836	0.000449
1.141810	0.000459
1.142785	0.000470
1.143760	0.000480
1.144735	0.000490
1.145710	0.000501
1.146684	0.000511
1.147659	0.000521
1.148634	0.000532
1.149609	0.000542
1.150584	0.000553
1.151558	0.000563
1.152533	0.000574
1.153508	0.000584
1.154483	0.000595
1.155457	0.000606
1.156432	0.000616
1.157407	0.000627
1.158382	0.000638
1.159357	0.000649
1.160331	0.000660
1.161306	0.000671
1.162281	0.000682
1.163256	0.000693
1.164231	0.000704
1.165205	0.000715
1.166180	0.000726
1.167155	0.000737
1.168130	0.000748
1.169105	0.000760
1.170079	0.000771
1.171054	0.000782
1.172029	0.000794
1.173004	0.000805
1.173979	0.000816
1.174953	0.000828
1.175928	0.000840
1.176903	0.000851
1.177878	0.000863
1.178852	0.000875
1.179827	0.000886
1.180802	0.000898
1.181777	0.000910
1.182752	0.000922
1.183726	0.000934
1.184701	0.000946
1.185676	0.000958
1.186651	0.000970
1.187626	0.000982
1.188600	0.000995
1.189575	0.001007
1.190550	0.001019
1.191525	0.001032
1.192500	0.001044
1.193474	0.001056
1.194449	0.001069
1.195424	0.001082
1.196399	0.001094
1.197374	0.001107
1.198348	0.001120
1.199323	0.001132
1.200298	0.001145
1.201273	0.001158
1.202247	0.001171
1.203222	0.001184
1.204197	0.001197
1.205172	0.001211
1.206147	0.001224
1.207121	0.001237
1.208096	0.001250
1.209071	0.001264
1.210046	0.001277
1.211021	0.001291
1.211995	0.001304
1.212970	0.001318
1.213945	0.001332
1.214920	0.001345
1.215895	0.001359
1.216869	0.001373
1.217844	0.001387
1.218819	0.001401
1.219794	0.001415
1.220769	0.001429
1.221743	0.001444
1.222718	0.001458
1.223693	0.001472
1.224668	0.001487
1.225643	0.001501
1.226617	0.001516
1.227592	0.001530
1.228567	0.001545
1.229542	0.001560
1.230516	0.001574
1.231491	0.001589
1.232466	0.001604
1.233441	0.001619
1.234416	0.001634
1.235390	0.001649
1.236365	0.001665
1.237340	0.001680
1.238315	0.001695
1.239290	0.001711
1.240264	0.001726
1.241239	0.001742
1.242214	0.001757
1.243189	0.001773
1.244164	0.001789
1.245138	0.001805
1.246113	0.001821
1.247088	0.001837
1.248063	0.001853
1.249038	0.001869
1.250012	0.001885
1.250987	0.001901
1.251962	0.001918
1.252937	0.001934
1.253911	0.001951
1.254886	0.001967
1.255861	0.001984
1.256836	0.002000
1.257811	0.002017
1.258785	0.002034
1.259760	0.002051
1.260735	0.002068
1.261710	0.002085
1.262685	0.002102
1.263659	0.002119
1.264634	0.002137
1.265609	0.002154
1.266584	0.002172
1.267559	0.002189
1.268533	0.002207
1.269508	0.002224
1.270483	0.002242
1.271458	0.002260
1.272433	0.002278
1.273407	0.002296
1.274382	0.002314
1.275357	0.002332
1.276332	0.002350
1.277306	0.002368
1.278281	0.002387
1.279256	0.002405
1.280231	0.002424
1.281206	0.002442
1.282180	0.002461
1.283155	0.002479
1.284130	0.002498
1.285105	0.002517
1.286080	0.002536
1.287054	0.002555
1.288029	0.002574
1.289004	0.002593
1.289979	0.002612
1.290954	0.002631
1.291928	0.002651
1.292903	0.002670
1.293878	0.002690
1.294853	0.002709
1.295828	0.002729
1.296802	0.002749
1.297777	0.002768
1.298752	0.002788
1.299727	0.002808
1.300701	0.002828
1.301676	0.002848
1.302651	0.002868
1.303626	0.002888
1.304601	0.002908
1.305575	0.002929
1.306550	0.002949
1.307525	0.002969
1.308500	0.002990
1.309475	0.003010
1.310449	0.003031
1.311424	0.003052
1.312399	0.003072
1.313374	0.003093
1.314349	0.003114
1.315323	0.003135
1.316298	0.003156
1.317273	0.003177
1.318248	0.003198
1.319223	0.003219
1.320197	0.003240
1.321172	0.003261
1.322147	0.003282
1.323122	0.003304
1.324096	0.003325
1.325071	0.003347
1.326046	0.003368
1.327021	0.003389
1.327996	0.003411
1.328970	0.003433
1.329945	0.003454
1.330920	0.003476
1.331895	0.003498
1.332870	0.003519
1.333844	0.003541
1.334819	0.003563
1.335794	0.003585
1.336769	0.003607
1.337744	0.003629
1.338718	0.003650
1.339693	0.003672
1.340668	0.003694
1.341643	0.003716
1.342618	0.003739
1.343592	0.003761
1.344567	0.003783
1.345542	0.003805
1.346517	0.003827
1.347492	0.003849
1.348466	0.003871
1.349441	0.003893
1.350416	0.003916
1.351391	0.003938
1.352365	0.003960
1.353340	0.003982
1.354315	0.004004
1.355290	0.004026
1.356265	0.004049
1.357239	0.004071
1.358214	0.004093
1.359189	0.004115
1.360164	0.004137
1.361139	0.004160
1.362113	0.004182
1.363088	0.004204
1.364063	0.004226
1.365038	0.004248
1.366013	0.004270
1.366987	0.004292
1.367962	0.004314
1.368937	0.004336
1.369912	0.004358
1.370887	0.004380
1.371861	0.004401
1.372836	0.004423
1.373811	0.004445
1.374786	0.004467
1.375760	0.004488
1.376735	0.004510
1.377710	0.004531
1.378685	0.004553
1.379660	0.004574
1.380634	0.004595
1.381609	0.004617
1.382584	0.004638
1.383559	0.004659
1.384534	0.004680
1.385508	0.004701
1.386483	0.004722
1.387458	0.004742
1.388433	0.004763
1.389408	0.004784
1.390382	0.004804
1.391357	0.004824
1.392332	0.004844
1.393307	0.004865
1.394282	0.004885
1.395256	0.004904
1.396231	0.004924
1.397206	0.004944
1.398181	0.004963
1.399155	0.004982
1.400130	0.005002
1.401105	0.005021
1.402080	0.005039
1.403055	0.005058
1.404029	0.005077
1.405004	0.005095
1.405979	0.005113
1.406954	0.005131
1.407929	0.005149
1.408903	0.005167
1.409878	0.005184
1.410853	0.005202
1.411828	0.005219
1.412803	0.005235
1.413777	0.005252
1.414752	0.005269
1.415727	0.005285
1.416702	0.005301
1.417677	0.005317
1.418651	0.005332
1.419626	0.005347
1.420601	0.005362
1.421576	0.005377
1.422550	0.005392
1.423525	0.005406
1.424500	0.005420
1.425475	0.005434
1.426450	0.005447
1.427424	0.005461
1.428399	0.005473
1.429374	0.005486
1.430349	0.005498
1.431324	0.005510
1.432298	0.005522
1.433273	0.005534
1.434248	0.005545
1.435223	0.005555
1.436198	0.005566
1.437172	0.005576
1.438147	0.005586
1.439122	0.005595
1.440097	0.005604
1.441072	0.005613
1.442046	0.005621
1.443021	0.005629
1.443996	0.005636
1.444971	0.005643
1.445946	0.005650
1.446920	0.005656
1.447895	0.005662
1.448870	0.005668
1.449845	0.005673
1.450819	0.005678
1.451794	0.005682
1.452769	0.005686
1.453744	0.005689
1.454719	0.005692
1.455693	0.005694
1.456668	0.005696
1.457643	0.005698
1.458618	0.005699
1.459593	0.005700
1.460567	0.005700
1.461542	0.005699
1.462517	0.005698
1.463492	0.005697
1.464467	0.005695
1.465441	0.005693
1.466416	0.005690
1.467391	0.005686
1.468366	0.005682
1.469341	0.005677
1.470315	0.005672
1.471290	0.005667
1.472265	0.005660
1.473240	0.005654
1.474214	0.005646
1.475189	0.005638
1.476164	0.005630
1.477139	0.005620
1.478114	0.005611
1.479088	0.005600
1.480063	0.005589
1.481038	0.005578
1.482013	0.005566
1.482988	0.005553
1.483962	0.005539
1.484937	0.005525
1.485912	0.005510
1.486887	0.005495
1.487862	0.005479
1.488836	0.005462
1.489811	0.005445
1.490786	0.005427
1.491761	0.005408
1.492736	0.005389
1.493710	0.005369
1.494685	0.005348
1.495660	0.005326
1.496635	0.005304
1.497609	0.005281
1.498584	0.005258
1.499559	0.005233
1.500534	0.005208
1.501509	0.005183
1.502483	0.005156
1.503458	0.005129
1.504433	0.005101
1.505408	0.005072
1.506383	0.005043
1.507357	0.005013
1.508332	0.004982
1.509307	0.004950
1.510282	0.004917
1.511257	0.004884
1.512231	0.004850
1.513206	0.004815
1.514181	0.004780
1.515156	0.004744
1.516131	0.004707
1.517105	0.004669
1.518080	0.004630
1.519055	0.004591
1.520030	0.004550
1.521004	0.004509
1.521979	0.004467
1.522954	0.004425
1.523929	0.004381
1.524904	0.004337
1.525878	0.004292
1.526853	0.004246
1.527828	0.004200
1.528803	0.004152
1.529778	0.004104
1.530752	0.004055
1.531727	0.004005
1.532702	0.003954
1.533677	0.003903
1.534652	0.003850
1.535626	0.003797
1.536601	0.003743
1.537576	0.003688
1.538551	0.003633
1.539526	0.003576
1.540500	0.003519
1.541475	0.003461
1.542450	0.003402
1.543425	0.003342
1.544399	0.003282
1.545374	0.003220
1.546349	0.003158
1.547324	0.003095
1.548299	0.003031
1.549273	0.002967
1.550248	0.002901
1.551223	0.002835
1.552198	0.002768
1.553173	0.002700
1.554147	0.002631
1.555122	0.002562
1.556097	0.002491
1.557072	0.002420
1.558047	0.002348
1.559021	0.002275
1.559996	0.002202
1.560971	0.002127
1.561946	0.002052
1.562921	0.001976
1.563895	0.001899
1.564870	0.001821
1.565845	0.001743
1.566820	0.001664
1.567795	0.001583
1.568769	0.001502
1.569744	0.001421
1.570719	0.001338
1.571694	0.001255
1.572668	0.001170
1.573643	0.001085
1.574618	0.000999
1.575593	0.000913
1.576568	0.000825
1.577542	0.000737
1.578517	0.000648
1.579492	0.000558
1.580467	0.000467
1.581442	0.000375
1.582416	0.000283
1.583391	0.000189
1.584366	0.000095
1.585349	0.000193
1.586332	0.000289
1.587314	0.000385
1.588297	0.000482
1.589280	0.000578
1.590263	0.000675
1.591245	0.000772
1.592228	0.000869
1.593211	0.000966
1.594194	0.001063
1.595176	0.001160
1.596159	0.001258
1.597142	0.001356
1.598125	0.001454
1.599108	0.001553
1.600090	0.001651
1.601073	0.001750
1.602056	0.001850
1.603039	0.001950
1.604021	0.002050
1.605004	0.002150
1.605987	0.002251
1.606970	0.002352
1.607953	0.002454
1.608935	0.002556
1.609918	0.002659
1.610901	0.002762
1.611884	0.002866
1.612866	0.002970
1.613849	0.003075
1.614832	0.003181
1.615815	0.003287
1.616798	0.003393
1.617780	0.003501
1.618763	0.003609
1.619746	0.003718
1.620729	0.003827
1.621711	0.003937
1.622694	0.004048
1.623677	0.004160
1.624660	0.004273
1.625643	0.004386
1.626625	0.004500
1.627608	0.004616
1.628591	0.004732
1.629574	0.004849
1.630556	0.004967
1.631539	0.005086
1.632522	0.005206
1.633505	0.005327
1.634488	0.005450
1.635470	0.005573
1.636453	0.005698
1.637436	0.005823
1.638419	0.005950
1.639401	0.006079
1.640384	0.006208
1.641367	0.006339
1.642350	0.006471
1.643333	0.006604
1.644315	0.006739
1.645298	0.006876
1.646281	0.007013
1.647264	0.007153
1.648246	0.007294
1.649229	0.007436
1.650212	0.007580
1.651195	0.007726
1.652177	0.007873
1.653160	0.008023
1.654143	0.008174
1.655126	0.008326
1.656109	0.008481
1.657091	0.008638
1.658074	0.008797
1.659057	0.008957
1.660040	0.009120
1.661022	0.009285
1.662005	0.009452
1.662988	0.009621
1.663971	0.009793
1.664954	0.009967
1.665936	0.010143
1.666919	0.010322
1.667902	0.010503
1.668885	0.010687
1.669867	0.010873
1.670850	0.011062
1.671833	0.011254
1.672816	0.011449
1.673799	0.011646
1.674781	0.011847
1.675764	0.012050
1.676747	0.012257
1.677730	0.012467
1.678712	0.012680
1.679695	0.012896
1.680678	0.013116
1.681661	0.013340
1.682644	0.013566
1.683626	0.013797
1.684609	0.014032
1.685592	0.014270
1.686575	0.014512
1.687557	0.014758
1.688540	0.015009
1.689523	0.015263
1.690506	0.015522
1.691489	0.015786
1.692471	0.016054
1.693454	0.016327
1.694437	0.016604
1.695420	0.016887
1.696402	0.017174
1.697385	0.017467
1.698368	0.017765
1.699351	0.018069
1.700333	0.018378
1.701316	0.018693
1.702299	0.019014
1.703282	0.019341
1.704265	0.019674
1.705247	0.020014
1.706230	0.020360
1.707213	0.020713
1.708196	0.021072
1.709178	0.021439
1.710161	0.021813
1.711144	0.022194
1.712127	0.022583
1.713110	0.022980
1.714092	0.023385
1.715075	0.023798
1.716058	0.024220
1.717041	0.024650
1.718023	0.025089
1.719006	0.025537
1.719989	0.025995
1.720972	0.026462
1.721955	0.026939
1.722937	0.027427
1.723920	0.027924
1.724903	0.028433
1.725886	0.028952
1.726868	0.029482
1.727851	0.030024
1.728834	0.030578
1.729817	0.031143
1.730800	0.031721
1.731782	0.032312
1.732765	0.032915
1.733748	0.033531
1.734731	0.034161
1.735713	0.034805
1.736696	0.035463
1.737679	0.036135
1.738662	0.036822
1.739645	0.037523
1.740627	0.038240
1.741610	0.038971
1.742593	0.039719
1.743576	0.040482
1.744558	0.041261
1.745541	0.042056
1.746524	0.042867
1.747507	0.043694
1.748489	0.044538
1.749472	0.045398
1.750455	0.046274
1.751438	0.047166
1.752421	0.048075
1.753403	0.048999
1.754386	0.049938
1.755369	0.050893
1.756352	0.051863
1.757334	0.052847
1.758317	0.053845
1.759300	0.054855
1.760283	0.055879
1.761266	0.056914
1.762248	0.057959
1.763231	0.059015
1.764214	0.060079
1.765197	0.061151
1.766179	0.062231
1.767162	0.063315
1.768145	0.064405
1.769128	0.065497
1.770111	0.066592
1.771093	0.067689
1.772076	0.068785
1.773059	0.069880
1.774042	0.070972
1.775024	0.072062
1.776007	0.073147
1.776990	0.074227
1.777973	0.075301
1.778956	0.076367
1.779938	0.077427
1.780921	0.078478
1.781904	0.079520
1.782887	0.080552
1.783869	0.081574
1.784852	0.082585
1.785835	0.083585
1.786818	0.084574
1.787801	0.085550
1.788783	0.086515
1.789766	0.087467
1.790749	0.088407
1.791732	0.089335
1.792714	0.090251
1.793697	0.091154
1.794680	0.092043
1.795663	0.092919
1.796645	0.093783
1.797628	0.094634
1.798611	0.095473
1.799594	0.096301
1.800577	0.097116
1.801559	0.097918
1.802542	0.098706
1.803525	0.099480
1.804508	0.100240
1.805490	0.100985
1.806473	0.101717
1.807456	0.102437
1.808439	0.103146
1.809422	0.103845
1.810404	0.104535
1.811387	0.105217
1.812370	0.105890
1.813353	0.106550
1.814335	0.107197
1.815318	0.107830
1.816301	0.108447
1.817284	0.109050
1.818267	0.109638
1.819249	0.110213
1.820232	0.110774
1.821215	0.111323
1.822198	0.111861
1.823180	0.112387
1.824163	0.112903
1.825146	0.113410
1.826129	0.113909
1.827112	0.114401
1.828094	0.114887
1.829077	0.115370
1.830060	0.115847
1.831043	0.116315
1.832025	0.116770
1.833008	0.117211
1.833991	0.117638
1.834974	0.118049
1.835957	0.118447
1.836939	0.118831
1.837922	0.119202
1.838905	0.119560
1.839888	0.119907
1.840870	0.120241
1.841853	0.120564
1.842836	0.120876
1.843819	0.121176
1.844801	0.121466
1.845784	0.121745
1.846767	0.122014
1.847750	0.122272
1.848733	0.122519
1.849715	0.122757
1.850698	0.122985
1.851681	0.123203
1.852664	0.123412
1.853646	0.123612
1.854629	0.123803
1.855612	0.123987
1.856595	0.124164
1.857578	0.124337
1.858560	0.124508
1.859543	0.124679
1.860526	0.124849
1.861509	0.125010
1.862491	0.125156
1.863474	0.125285
1.864457	0.125399
1.865440	0.125499
1.866423	0.125584
1.867405	0.125657
1.868388	0.125717
1.869371	0.125765
1.870354	0.125802
1.871336	0.125827
1.872319	0.125841
1.873302	0.125844
1.874285	0.125836
1.875268	0.125817
1.876250	0.125787
1.877233	0.125747
1.878216	0.125696
1.879199	0.125634
1.880181	0.125562
1.881164	0.125479
1.882147	0.125386
1.883130	0.125282
1.884113	0.125168
1.885095	0.125043
1.886078	0.124908
1.887061	0.124762
1.888044	0.124606
1.889026	0.124439
1.890009	0.124261
1.890992	0.124074
1.891975	0.123875
1.892958	0.123666
1.893940	0.123447
1.894923	0.123217
1.895906	0.122976
1.896889	0.122725
1.897871	0.122463
1.898854	0.122190
1.899837	0.121907
1.900820	0.121613
1.901802	0.121308
1.902785	0.120993
1.903768	0.120667
1.904751	0.120330
1.905734	0.119982
1.906716	0.119623
1.907699	0.119253
1.908682	0.118873
1.909665	0.118482
1.910647	0.118079
1.911630	0.117666
1.912613	0.117243
1.913596	0.116808
1.914579	0.116364
1.915561	0.115909
1.916544	0.115444
1.917527	0.114971
1.918510	0.114492
1.919492	0.114010
1.920475	0.113530
1.921458	0.113058
1.922441	0.112567
1.923424	0.112053
1.924406	0.111519
1.925389	0.110966
1.926372	0.110398
1.927355	0.109814
1.928337	0.109215
1.929320	0.108602
1.930303	0.107975
1.931286	0.107334
1.932269	0.106680
1.933251	0.106012
1.934234	0.105331
1.935217	0.104636
1.936200	0.103928
1.937182	0.103206
1.938165	0.102470
1.939148	0.101721
1.940131	0.100958
1.941114	0.100182
1.942096	0.099391
1.943079	0.098586
1.944062	0.097767
1.945045	0.096934
1.946027	0.096087
1.947010	0.095225
1.947993	0.094349
1.948976	0.093458
1.949958	0.092552
1.950941	0.091631
1.951924	0.090695
1.952907	0.089744
1.953890	0.088777
1.954872	0.087795
1.955855	0.086797
1.956838	0.085782
1.957821	0.084752
1.958803	0.083705
1.959786	0.082642
1.960769	0.081562
1.961752	0.080465
1.962735	0.079351
1.963717	0.078219
1.964700	0.077069
1.965683	0.075901
1.966666	0.074715
1.967648	0.073509
1.968631	0.072285
1.969614	0.071041
1.970597	0.069777
1.971580	0.068493
1.972562	0.067188
1.973545	0.065860
1.974528	0.064510
1.975511	0.063136
1.976493	0.061736
1.977476	0.060308
1.978459	0.058848
1.979442	0.057354
1.980425	0.055824
1.981407	0.054292
1.982390	0.052751
1.983373	0.051193
1.984356	0.049615
1.985338	0.048011
1.986321	0.046381
1.987304	0.044720
1.988287	0.043028
1.989270	0.041302
1.990252	0.039545
1.991235	0.037763
1.992218	0.035970
1.993201	0.034174
1.994183	0.032384
1.995166	0.030608
1.996149	0.028854
1.997132	0.027126
1.998114	0.025429
1.999097	0.023762
2.000080	0.022125
2.001063	0.020519
2.002046	0.018940
2.003028	0.017387
2.004011	0.015857
2.004994	0.014350
2.005977	0.012861
2.006959	0.011390
2.007942	0.009934
2.008925	0.008491
2.009908	0.007059
2.010891	0.005637
2.011873	0.004221
2.012856	0.002811
2.013839	0.001405
2.014822	0.000000
2.015804	0.000000
2.016787	0.000000
2.017770	0.000000
2.018753	0.000000
2.019736	0.000000
2.020718	0.000000
2.021701	0.000000
2.022684	0.000000
2.023667	0.000000
2.024649	0.000000
2.025632	0.000000
2.026615	0.000000
2.027598	0.000000
2.028581	0.000000
2.029563	0.000000
2.030546	0.000000
2.031529	0.000000
2.032512	0.000000
2.033494	0.000000
2.034477	0.000000
2.035460	0.000000
2.036443	0.000000
2.037426	0.000000
2.038408	0.000000
2.039391	0.000000
2.040374	0.000000
2.041357	0.000000
2.042339	0.000000
2.043322	0.000000
2.044305	0.000000
2.045288	0.000000
2.046270	0.000000
2.047253	0.000000
2.048236	0.000000
2.049219	0.000000
2.050202	0.000000
2.051184	0.000000
2.052167	0.000000
2.053150	0.000000
2.054133	0.000000
2.055115	0.000000
2.056098	0.000000
2.057081	0.000000
2.058064	0.000000
2.059047	0.000000
2.060029	0.000000
2.061012	0.000000
2.061995	0.000000
2.062978	0.000000
2.063960	0.000000
2.064943	0.000000
2.065926	0.000000
2.066909	0.000000
2.067892	0.000000
2.068874	0.000000
2.069857	0.000000
2.070840	0.000000
2.071823	0.000000
2.072805	0.000000
2.073788	0.000000
2.074771	0.000000
2.075754	0.000000
2.076737	0.000000
2.077719	0.000000
2.078702	0.000000
2.079685	0.000000
2.080668	0.000000
2.081650	0.000000
2.082633	0.000000
2.083616	0.000000
2.084599	0.000000
2.085582	0.000000
2.086564	0.000000
2.087547	0.000000
2.088530	0.000000
2.089513	0.000000
2.090495	0.000000
2.091478	0.000000
2.092461	0.000000
2.093444	0.000000
2.094426	0.000000
2.095409	0.000000
2.096392	0.000000
2.097375	0.000000
2.098358	0.000000
2.099340	0.000000
2.100323	0.000000
2.101306	0.000000
2.102289	0.000000
2.103271	0.000000
2.104254	0.000000
2.105237	0.000000
2.106220	0.000000
2.107203	0.000000
2.108185	0.000000
2.109168	0.000000
2.110151	0.000000
2.111134	0.000000
2.112116	0.000000
2.113099	-0.000000
2.114082	0.000000
2.115065	-0.000000
2.116048	0.000000
2.117030	0.000000
2.118013	0.000000
2.118996	-0.000000
2.119979	-0.000000
2.120961	0.000000
2.121944	0.000000
2.122927	0.000000
2.123910	0.000000
2.124893	-0.000000
2.125875	0.000000
2.126858	0.000000
2.127841	0.000000
2.128824	0.000000
2.129806	0.000000
2.130789	0.000000
2.131772	0.000000
2.132755	0.000000
2.133738	-0.000000
2.134720	-0.000000
2.135703	0.000000
2.136686	0.000000
2.137669	0.000000
2.138651	0.000000
2.139634	0.000000
2.140617	0.000000
2.141600	0.000000
2.142583	0.000000
2.143565	0.000000
2.144548	0.000000
2.145531	-0.000000
2.146514	0.000000
2.147496	-0.000000
2.148479	0.000000
2.149462	0.000000
2.150445	0.000000
2.151427	0.000000
2.152410	0.000000
2.153393	0.000000
2.154376	-0.000000
2.155359	0.000000
2.156341	-0.000000
2.157324	0.000000
2.158307	-0.000000
2.159290	0.000000
2.160272	-0.000000
2.161255	0.000000
2.162238	-0.000000
2.163221	-0.000000
2.164204	0.000000
2.165186	0.000000
2.166169	-0.000000
2.167152	0.000000
2.168135	0.000000
2.169117	0.000000
2.170100	0.000000
2.171083	0.000000
2.172066	0.000000
2.173049	0.000000
2.174031	-0.000000
2.175014	-0.000000
2.175997	0.000000
2.176980	-0.000000
2.177962	0.000000
2.178945	0.000000
2.179928	0.000000
2.180911	0.000000
2.181894	0.000000
2.182876	-0.000000
2.183859	0.000000
2.184842	0.000000
2.185825	-0.000000
2.186807	0.000000
2.187790	0.000000
2.188773	0.000000
2.189756	0.000000
2.190739	0.000000
2.191721	0.000000
2.192704	0.000000
2.193687	-0.000000
2.194670	0.000000
2.195652	0.000000
2.196635	0.000000
2.197618	0.000000
2.198601	0.000000
2.199583	0.000000
2.200566	0.000000
2.201549	0.000000
2.202532	0.000000
2.203515	0.000000
2.204497	0.000000
2.205480	0.000000
2.206463	-0.000000
2.207446	0.000000
2.208428	-0.000000
2.209411	0.000000
2.210394	-0.000000
2.211377	0.000000
2.212360	-0.000000
2.213342	0.000000
2.214325	0.000000
2.215308	0.000000
2.216291	-0.000000
2.217273	0.000000
2.218256	0.000000
2.219239	0.000000
2.220222	0.000000
2.221205	0.000000
2.222187	-0.000000
2.223170	-0.000000
2.224153	-0.000000
2.225136	0.000000
2.226118	0.000000
2.227101	-0.000000
2.228084	0.000000
2.229067	0.000000
2.230050	-0.000000
2.231032	-0.000000
2.232015	-0.000000
2.232998	-0.000000
2.233981	0.000000
2.234963	0.000000
2.235946	0.000000
2.236929	-0.000000
2.237912	0.000000
2.238895	-0.000000
2.239877	-0.000000
2.240860	0.000000
2.241843	0.000000
2.242826	-0.000000
2.243808	0.000000
2.244791	-0.000000
2.245774	-0.000000
2.246757	0.000000
2.247739	-0.000000
2.248722	-0.000000
2.249705	0.000000
2.250688	0.000000
2.251671	0.000000
2.252653	0.000000
2.253636	-0.000000
2.254619	0.000000
2.255602	0.000000
2.256584	-0.000000
2.257567	0.000000
2.258550	-0.000000
2.259533	0.000000
2.260516	0.000000
2.261498	0.000000
2.262481	0.000000
2.263464	0.000000
2.264447	0.000000
2.265429	-0.000000
2.266412	-0.000000
2.267395	0.000000
2.268378	0.000000
2.269361	0.000000
2.270343	0.000000
2.271326	-0.000000
2.272309	0.000000
2.273292	-0.000000
2.274274	0.000000
2.275257	0.000000
2.276240	0.000000
2.277223	-0.000000
2.278206	0.000000
2.279188	-0.000000
2.280171	0.000000
2.281154	0.000000
2.282137	-0.000000
2.283119	-0.000000
2.284102	0.000000
2.285085	0.000000
2.286068	0.000000
2.287051	0.000000
2.288033	-0.000000
2.289016	0.000000
2.289999	-0.000000
2.290982	0.000000
2.291964	0.000000
2.292947	0.000000
2.293930	-0.000000
2.294913	0.000000
2.295895	-0.000000
2.296878	0.000000
2.297861	-0.000000
2.298844	0.000000
2.299827	-0.000000
2.300809	-0.000000
2.301792	0.000000
2.302775	-0.000000
2.303758	0.000000
2.304740	-0.000000
2.305723	0.000000
2.306706	0.000000
2.307689	-0.000000
2.308672	0.000000
2.309654	0.000000
2.310637	-0.000000
2.311620	0.000000
2.312603	-0.000000
2.313585	-0.000000
2.314568	0.000000
2.315551	-0.000000
2.316534	0.000000
2.317517	0.000000
2.318499	-0.000000
2.319482	-0.000000
2.320465	-0.000000
2.321448	0.000000
2.322430	-0.000000
2.323413	-0.000000
2.324396	0.000000
2.325379	0.000000
2.326362	0.000000
2.327344	0.000000
2.328327	0.000000
2.329310	0.000000
2.330293	0.000000
2.331275	-0.000000
2.332258	0.000000
2.333241	0.000000
2.334224	-0.000000
2.335207	-0.000000
2.336189	0.000000
2.337172	0.000000
2.338155	-0.000000
2.339138	0.000000
2.340120	0.000000
2.341103	-0.000000
2.342086	0.000000
2.343069	0.000000
2.344051	0.000000
2.345034	-0.000000
2.346017	0.000000
2.347000	-0.000000
2.347983	-0.000000
2.348965	-0.000000
2.349948	0.000000
2.350931	0.000000
2.351914	-0.000000
2.352896	0.000000
2.353879	-0.000000
2.354862	0.000000
2.355845	-0.000000
2.356828	-0.000000
2.357810	0.000000
2.358793	0.000000
2.359776	0.000000
2.360759	-0.000000
2.361741	-0.000000
2.362724	0.000000
2.363707	0.000000
2.364690	0.000000
2.365673	0.000000
2.366655	-0.000000
2.367638	0.000000
2.368621	-0.000000
2.369604	0.000000
2.370586	0.000000
2.371569	0.000000
2.372552	0.000000
2.373535	-0.000000
2.374518	0.000000
2.375500	0.000000
2.376483	0.000000
2.377466	0.000000
2.378449	0.000000
2.379431	-0.000000
2.380414	0.000000
2.381397	-0.000000
2.382380	0.000000
2.383363	0.000000
2.384345	0.000000
2.385328	0.000000
2.386311	-0.000000
2.387294	0.000000
2.388276	0.000000
2.389259	-0.000000
2.390242	0.000000
2.391225	0.000000
2.392208	0.000000
2.393190	-0.000000
2.394173	0.000000
2.395156	0.000000
2.396139	-0.000000
2.397121	-0.000000
2.398104	0.000000
2.399087	-0.000000
2.400070	0.000000
2.401052	0.000000
2.402035	-0.000000
2.403018	0.000000
2.404001	-0.000000
2.404984	-0.000000
2.405966	-0.000000
2.406949	0.000000
2.407932	0.000000
2.408915	-0.000000
2.409897	0.000000
2.410880	-0.000000
2.411863	-0.000000
2.412846	0.000000
2.413829	0.000000
2.414811	0.000000
2.415794	0.000000
2.416777	-0.000000
2.417760	-0.000000
2.418742	0.000000
2.419725	0.000000
2.420708	0.000000
2.421691	0.000000
2.422674	-0.000000
2.423656	-0.000000
2.424639	0.000000
2.425622	-0.000000
2.426605	0.000000
2.427587	0.000000
2.428570	-0.000000
2.429553	0.000000
2.430536	-0.000000
2.431519	-0.000000
2.432501	-0.000000
2.433484	-0.000000
2.434467	0.000000
2.435450	-0.000000
2.436432	0.000000
2.437415	0.000000
2.438398	-0.000000
2.439381	0.000000
2.440364	-0.000000
2.441346	-0.000000
2.442329	0.000000
2.443312	0.000000
2.444295	-0.000000
2.445277	0.000000
2.446260	0.000000
2.447243	0.000000
2.448226	0.000000
2.449208	-0.000000
2.450191	-0.000000
2.451174	0.000000
2.452157	0.000000
2.453140	-0.000000
2.454122	-0.000000
2.455105	-0.000000
2.456088	-0.000000
2.457071	0.000000
2.458053	-0.000000
2.459036	0.000000
2.460019	-0.000000
2.461002	0.000000
2.461985	0.000000
2.462967	-0.000000
2.463950	-0.000000
2.464933	-0.000000
2.465916	0.000000
2.466898	-0.000000
2.467881	0.000000
2.468864	0.000000
2.469847	-0.000000
2.470830	-0.000000
2.471812	0.000000
2.472795	-0.000000
2.473778	0.000000
2.474761	0.000000
2.475743	0.000000
2.476726	0.000000
2.477709	0.000000
2.478692	0.000000
2.479675	0.000000
2.480657	-0.000000
2.481640	0.000000
2.482623	-0.000000
2.483606	-0.000000
2.484588	0.000000
2.485571	-0.000000
2.486554	0.000000
2.487537	-0.000000
2.488520	-0.000000
2.489502	0.000000
2.490485	0.000000
2.491468	0.000000
2.492451	0.000000
2.493433	-0.000000
2.494416	0.000000
2.495399	0.000000
2.496382	0.000000
2.497364	0.000000
2.498347	0.000000
2.499330	0.000000
2.500313	-0.000000
2.501296	0.000000
2.502278	-0.000000
2.503261	-0.000000
2.504244	-0.000000
2.505227	-0.000000
2.506209	0.000000
2.507192	-0.000000
2.508175	0.000000
2.509158	0.000000
2.510141	0.000000
2.511123	0.000000
2.512106	-0.000000
2.513089	0.000000
2.514072	0.000000
2.515054	0.000000
2.516037	-0.000000
2.517020	0.000000
2.518003	0.000000
2.518986	-0.000000
2.519968	0.000000
2.520951	-0.000000
2.521934	0.000000
2.522917	-0.000000
2.523899	-0.000000
2.524882	0.000000
2.525865	0.000000
2.526848	-0.000000
2.527831	-0.000000
2.528813	-0.000000
2.529796	-0.000000
2.530779	0.000000
2.531762	-0.000000
2.532744	0.000000
2.533727	0.000000
2.534710	0.000000
2.535693	0.000000
2.536676	-0.000000
2.537658	0.000000
2.538641	0.000000
2.539624	0.000000
2.540607	0.000000
2.541589	-0.000000
2.542572	0.000000
2.543555	0.000000
2.544538	-0.000000
2.545520	0.000000
2.546503	0.000000
2.547486	0.000000
2.548469	-0.000000
2.549452	0.000000
2.550434	0.000000
2.551417	0.000000
2.552400	0.000000
2.553383	-0.000000
2.554365	-0.000000
2.555348	-0.000000
2.556331	0.000000
2.557314	0.000000
2.558297	-0.000000
2.559279	0.000000
2.560262	-0.000000
2.561245	0.000000
2.562228	0.000000
2.563210	-0.000000
2.564193	-0.000000
2.565176	0.000000
2.566159	-0.000000
2.567142	0.000000
2.568124	0.000000
2.569107	-0.000000
2.570090	-0.000000
2.571073	-0.000000
2.572055	0.000000
2.573038	-0.000000
2.574021	0.000000
2.575004	0.000000
2.575987	-0.000000
2.576969	-0.000000
2.577952	-0.000000
2.578935	0.000000
2.579918	0.000000
2.580900	0.000000
2.581883	-0.000000
2.582866	-0.000000
2.583849	0.000000
2.584832	0.000000
2.585814	0.000000
2.586797	-0.000000
2.587780	-0.000000
2.588763	-0.000000
2.589745	0.000000
2.590728	0.000000
2.591711	-0.000000
2.592694	0.000000
2.593676	-0.000000
2.594659	-0.000000
2.595642	-0.000000
2.596625	0.000000
2.597608	0.000000
2.598590	-0.000000
2.599573	0.000000
2.600556	-0.000000
2.601539	-0.000000
2.602521	0.000000
2.603504	0.000000
2.604487	-0.000000
2.605470	0.000000
2.606453	-0.000000
2.607435	0.000000
2.608418	0.000000
2.609401	-0.000000
2.610384	-0.000000
2.611366	-0.000000
2.612349	0.000000
2.613332	0.000000
2.614315	0.000000
2.615298	0.000000
2.616280	-0.000000
2.617263	0.000000
2.618246	0.000000
2.619229	0.000000
2.620211	-0.000000
2.621194	0.000000
2.622177	0.000000
2.623160	-0.000000
2.624143	0.000000
2.625125	0.000000
2.626108	0.000000
2.627091	0.000000
2.628074	-0.000000
2.629056	0.000000
2.630039	0.000000
2.631022	0.000000
2.632005	0.000000
2.632988	-0.000000
2.633970	0.000000
2.634953	-0.000000
2.635936	-0.000000
2.636919	-0.000000
2.637901	-0.000000
2.638884	0.000000
2.639867	0.000000
2.640850	-0.000000
2.641833	-0.000000
2.642815	0.000000
2.643798	-0.000000
2.644781	0.000000
2.645764	-0.000000
2.646746	0.000000
2.647729	0.000000
2.648712	-0.000000
2.649695	0.000000
2.650677	0.000000
2.651660	0.000000
2.652643	-0.000000
2.653626	0.000000
2.654609	0.000000
2.655591	0.000000
2.656574	0.000000
2.657557	-0.000000
2.658540	0.000000
2.659522	-0.000000
2.660505	-0.000000
2.661488	-0.000000
2.662471	-0.000000
2.663454	0.000000
2.664436	-0.000000
2.665419	0.000000
2.666402	0.000000
2.667385	0.000000
2.668367	0.000000
2.669350	0.000000
2.670333	0.000000
2.671316	-0.000000
2.672299	0.000000
2.673281	0.000000
2.674264	0.000000
2.675247	0.000000
2.676230	-0.000000
2.677212	-0.000000
2.678195	0.000000
2.679178	-0.000000
2.680161	0.000000
2.681144	-0.000000
2.682126	-0.000000
2.683109	0.000000
2.684092	-0.000000
2.685075	0.000000
2.686057	0.000000
2.687040	0.000000
2.688023	0.000000
2.689006	0.000000
2.689989	0.000000
2.690971	0.000000
2.691954	-0.000000
2.692937	0.000000
2.693920	-0.000000
2.694902	-0.000000
2.695885	0.000000
2.696868	0.000000
2.697851	-0.000000
2.698833	0.000000
2.699816	-0.000000
2.700799	-0.000000
2.701782	-0.000000
2.702765	0.000000
2.703747	0.000000
2.704730	-0.000000
2.705713	0.000000
2.706696	-0.000000
2.707678	0.000000
2.708661	-0.000000
2.709644	-0.000000
2.710627	-0.000000
2.711610	-0.000000
2.712592	0.000000
2.713575	0.000000
2.714558	-0.000000
2.715541	-0.000000
2.716523	0.000000
2.717506	0.000000
2.718489	0.000000
2.719472	0.000000
2.720455	-0.000000
2.721437	0.000000
2.722420	0.000000
2.723403	-0.000000
2.724386	-0.000000
2.725368	0.000000
2.726351	-0.000000
2.727334	0.000000
2.728317	0.000000
2.729300	-0.000000
2.730282	0.000000
2.731265	-0.000000
2.732248	-0.000000
2.733231	-0.000000
2.734213	-0.000000
2.735196	0.000000
2.736179	-0.000000
2.737162	0.000000
2.738145	0.000000
2.739127	-0.000000
2.740110	0.000000
2.741093	-0.000000
2.742076	-0.000000
2.743058	0.000000
2.744041	0.000000
2.745024	0.000000
2.746007	0.000000
2.746989	-0.000000
2.747972	-0.000000
2.748955	0.000000
2.749938	0.000000
2.750921	0.000000
2.751903	0.000000
2.752886	-0.000000
2.753869	-0.000000
2.754852	0.000000
2.755834	-0.000000
2.756817	0.000000
2.757800	0.000000
2.758783	-0.000000
2.759766	-0.000000
2.760748	-0.000000
2.761731	0.000000
2.762714	-0.000000
2.763697	0.000000
2.764679	0.000000
2.765662	-0.000000
2.766645	0.000000
2.767628	-0.000000
2.768611	-0.000000
2.769593	0.000000
2.770576	0.000000
2.771559	-0.000000
2.772542	0.000000
2.773524	0.000000
2.774507	0.000000
2.775490	-0.000000
2.776473	0.000000
2.777456	0.000000
2.778438	-0.000000
2.779421	0.000000
2.780404	0.000000
2.781387	0.000000
2.782369	0.000000
2.783352	-0.000000
2.784335	0.000000
2.785318	-0.000000
2.786301	0.000000
2.787283	0.000000
2.788266	0.000000
2.789249	0.000000
2.790232	0.000000
2.791214	-0.000000
2.792197	0.000000
2.793180	0.000000
2.794163	0.000000
2.795145	0.000000
2.796128	-0.000000
2.797111	0.000000
2.798094	-0.000000
2.799077	0.000000
2.800059	0.000000
2.801042	0.000000
2.802025	0.000000
2.803008	-0.000000
2.803990	-0.000000
2.804973	0.000000
2.805956	0.000000
2.806939	0.000000
2.807922	-0.000000
2.808904	-0.000000
2.809887	0.000000
2.810870	-0.000000
2.811853	0.000000
2.812835	-0.000000
2.813818	0.000000
2.814801	0.000000
2.815784	-0.000000
2.816767	-0.000000
2.817749	-0.000000
2.818732	0.000000
2.819715	-0.000000
2.820698	0.000000
2.821680	0.000000
2.822663	0.000000
2.823646	-0.000000
2.824629	0.000000
2.825612	0.000000
2.826594	-0.000000
2.827577	0.000000
2.828560	0.000000
2.829543	-0.000000
2.830525	-0.000000
2.831508	0.000000
2.832491	0.000000
2.833474	-0.000000
2.834457	0.000000
2.835439	0.000000
2.836422	0.000000
2.837405	0.000000
2.838388	0.000000
2.839370	0.000000
2.840353	0.000000
2.841336	-0.000000
2.842319	-0.000000
2.843301	0.000000
2.844284	-0.000000
2.845267	-0.000000
2.846250	-0.000000
2.847233	0.000000
2.848215	0.000000
2.849198	-0.000000
2.850181	0.000000
2.851164	-0.000000
2.852146	-0.000000
2.853129	0.000000
2.854112	-0.000000
2.855095	0.000000
2.856078	0.000000
2.857060	-0.000000
2.858043	0.000000
2.859026	0.000000
2.860009	-0.000000
2.860991	0.000000
2.861974	-0.000000
2.862957	0.000000
2.863940	-0.000000
2.864923	-0.000000
2.865905	0.000000
2.866888	-0.000000
2.867871	0.000000
2.868854	-0.000000
2.869836	0.000000
2.870819	-0.000000
2.871802	0.000000
2.872785	0.000000
2.873768	0.000000
2.874750	-0.000000
2.875733	0.000000
2.876716	-0.000000
2.877699	0.000000
2.878681	0.000000
2.879664	0.000000
2.880647	0.000000
2.881630	-0.000000
2.882613	-0.000000
2.883595	0.000000
2.884578	0.000000
2.885561	-0.000000
2.886544	0.000000
2.887526	-0.000000
2.888509	0.000000
2.889492	0.000000
2.890475	0.000000
2.891458	-0.000000
2.892440	0.000000
2.893423	-0.000000
2.894406	0.000000
2.895389	0.000000
2.896371	0.000000
2.897354	0.000000
2.898337	-0.000000
2.899320	-0.000000
2.900302	0.000000
2.901285	0.000000
2.902268	0.000000
2.903251	0.000000
2.904234	0.000000
2.905216	0.000000
2.906199	-0.000000
2.907182	0.000000
2.908165	-0.000000
2.909147	0.000000
2.910130	0.000000
2.911113	-0.000000
2.912096	0.000000
2.913079	0.000000
2.914061	0.000000
2.915044	0.000000
2.916027	-0.000000
2.917010	-0.000000
2.917992	0.000000
2.918975	-0.000000
2.919958	-0.000000
2.920941	0.000000
2.921924	-0.000000
2.922906	0.000000
2.923889	0.000000
2.924872	-0.000000
2.925855	-0.000000
2.926837	0.000000
2.927820	-0.000000
2.928803	0.000000
2.929786	0.000000
2.930769	0.000000
2.931751	-0.000000
2.932734	-0.000000
2.933717	-0.000000
2.934700	-0.000000
2.935682	0.000000
2.936665	0.000000
2.937648	-0.000000
2.938631	0.000000
2.939614	0.000000
2.940596	-0.000000
2.941579	-0.000000
2.942562	-0.000000
2.943545	0.000000
2.944527	0.000000
2.945510	0.000000
2.946493	0.000000
2.947476	0.000000
2.948458	-0.000000
2.949441	0.000000
2.950424	0.000000
2.951407	0.000000
2.952390	-0.000000
2.953372	0.000000
2.954355	-0.000000
2.955338	0.000000
2.956321	-0.000000
2.957303	0.000000
2.958286	-0.000000
2.959269	0.000000
2.960252	0.000000
2.961235	0.000000
2.962217	0.000000
2.963200	0.000000
2.964183	0.000000
2.965166	0.000000
2.966148	0.000000
2.967131	0.000000
2.968114	0.000000
2.969097	0.000000
2.970080	0.000000
2.971062	-0.000000
2.972045	0.000000
2.973028	0.000000
2.974011	0.000000
2.974993	0.000000
2.975976	0.000000
2.976959	0.000000
2.977942	0.000000
2.978925	-0.000000
2.979907	0.000000
2.980890	0.000000
2.981873	-0.000000
2.982856	0.000000
2.983838	0.000000
2.984821	0.000000
2.985804	0.000000
2.986787	0.000000
2.987770	-0.000000
2.988752	0.000000
2.989735	-0.000000
2.990718	-0.000000
2.991701	0.000000
2.992683	0.000000
2.993666	0.000000
2.994649	0.000000
2.995632	0.000000
2.996614	0.000000
2.997597	0.000000
2.998580	-0.000000
2.999563	0.000000
3.000546	0.000000
3.001528	-0.000000
3.002511	-0.000000
3.003494	0.000000
3.004477	-0.000000
3.005459	0.000000
3.006442	-0.000000
3.007425	0.000000
3.008408	-0.000000
3.009391	0.000000
3.010373	-0.000000
3.011356	0.000000
3.012339	0.000000
3.013322	0.000000
3.014304	0.000000
3.015287	0.000000
3.016270	0.000000
3.017253	-0.000000
3.018236	0.000000
3.019218	-0.000000
3.020201	0.000000
3.021184	0.000000
3.022167	0.000000
3.023149	0.000000
3.024132	0.000000
3.025115	0.000000
3.026098	0.000000
3.027081	0.000000
3.028063	0.000000
3.029046	0.000000
3.030029	-0.000000
3.031012	-0.000000
3.031994	0.000000
3.032977	0.000000
3.033960	0.000000
3.034943	0.000000
3.035926	0.000000
3.036908	0.000000
3.037891	0.000000
3.038874	0.000000
3.039857	-0.000000
3.040839	0.000000
3.041822	0.000000
3.042805	0.000000
3.043788	0.000000
3.044770	-0.000000
3.045753	-0.000000
3.046736	0.000000
3.047719	0.000000
3.048702	0.000000
3.049684	-0.000000
3.050667	0.000000
3.051650	-0.000000
3.052633	0.000000
3.053615	0.000000
3.054598	0.000000
3.055581	0.000000
3.056564	0.000000
3.057547	0.000000
3.058529	0.000000
3.059512	0.000000
3.060495	0.000000
3.061478	0.000000
3.062460	0.000000
3.063443	0.000000
3.064426	0.000000
3.065409	0.000000
3.066392	0.000000
3.067374	0.000000
3.068357	0.000000
3.069340	0.000000
3.070323	0.000000
3.071305	0.000000
3.072288	0.000000
3.073271	0.000000
3.074254	0.000000
3.075237	0.000000
3.076219	0.000000
3.077202	0.000000
3.078185	0.000000
3.079168	0.000000
3.080150	0.000000
3.081133	0.000000
3.082116	0.000000
3.083099	0.000000
3.084082	0.000000
3.085064	0.000000
3.086047	0.000000
3.087030	0.000000
3.088013	0.000000
3.088995	0.000000
3.089978	0.000000
3.090961	0.000000
3.091944	0.000000
3.092926	0.000000
3.093909	0.000000
3.094892	0.000000
3.095875	0.000000
3.096858	0.000000
3.097840	0.000000
3.098823	0.000000
3.099806	0.000000
3.100789	0.000000
3.101771	0.000000
3.102754	0.000000
3.103737	0.000000
3.104720	0.000000
3.105703	0.000000
3.106685	0.000000
3.107668	0.000000
3.108651	0.000000
3.109634	0.000000
3.110616	0.000000
3.111599	0.000000
3.112582	0.000000
3.113565	0.000000
3.114548	0.000000
3.115530	0.000000
3.116513	0.000000
3.117496	0.000000
3.118479	0.000000
3.119461	0.000000
3.120444	0.000000
3.121427	0.000000
3.122410	0.000000
3.123393	0.000000
3.124375	0.000000
3.125358	0.000000
3.126341	0.000000
3.127324	0.000000
3.128306	0.000000
3.129289	0.000000
3.130272	0.000000
3.131255	0.000000
3.132238	0.000000
3.133220	0.000000
3.134203	0.000000
3.135186	0.000000
3.136169	0.000000
3.137151	0.000000
3.138134	0.000000
3.139117	0.000000
3.140100	0.000000
3.141083	0.000000
3.142065	0.000000
3.143048	0.000000
3.144031	0.000000
3.145014	0.000000
3.145996	0.000000
3.146979	0.000000
3.147962	0.000000
3.148945	0.000000
3.149927	0.000000
3.150910	0.001405
3.151893	0.002811
3.152876	0.004221
3.153859	0.005637
3.154841	0.007059
3.155824	0.008491
3.156807	0.009934
3.157790	0.011390
3.158772	0.012861
3.159755	0.014350
3.160738	0.015857
3.161721	0.017387
3.162704	0.018940
3.163686	0.020519
3.164669	0.022125
3.165652	0.023762
3.166635	0.025429
3.167617	0.027126
3.168600	0.028854
3.169583	0.030608
3.170566	0.032384
3.171549	0.034174
3.172531	0.035970
3.173514	0.037763
3.174497	0.039545
3.175480	0.041302
3.176462	0.043028
3.177445	0.044720
3.178428	0.046381
3.179411	0.048011
3.180394	0.049615
3.181376	0.051193
3.182359	0.052751
3.183342	0.054292
3.184325	0.055824
3.185307	0.057354
3.186290	0.058848
3.187273	0.060308
3.188256	0.061736
3.189239	0.063136
3.190221	0.064510
3.191204	0.065860
3.192187	0.067188
3.193170	0.068493
3.194152	0.069777
3.195135	0.071041
3.196118	0.072285
3.197101	0.073509
3.198083	0.074715
3.199066	0.075901
3.200049	0.077069
3.201032	0.078219
3.202015	0.079351
3.202997	0.080465
3.203980	0.081562
3.204963	0.082642
3.205946	0.083705
3.206928	0.084752
3.207911	0.085782
3.208894	0.086797
3.209877	0.087795
3.210860	0.088777
3.211842	0.089744
3.212825	0.090695
3.213808	0.091631
3.214791	0.092552
3.215773	0.093458
3.216756	0.094349
3.217739	0.095225
3.218722	0.096087
3.219705	0.096934
3.220687	0.097767
3.221670	0.098586
3.222653	0.099391
3.223636	0.100182
3.224618	0.100958
3.225601	0.101721
3.226584	0.102470
3.227567	0.103206
3.228550	0.103928
3.229532	0.104636
3.230515	0.105331
3.231498	0.106012
3.232481	0.106680
3.233463	0.107334
3.234446	0.107975
3.235429	0.108602
3.236412	0.109215
3.237395	0.109814
3.238377	0.110398
3.239360	0.110966
3.240343	0.111519
3.241326	0.112053
3.242308	0.112567
3.243291	0.113058
3.244274	0.113530
3.245257	0.114010
3.246239	0.114492
3.247222	0.114971
3.248205	0.115444
3.249188	0.115909
3.250171	0.116364
3.251153	0.116808
3.252136	0.117243
3.253119	0.117666
3.254102	0.118079
3.255084	0.118482
3.256067	0.118873
3.257050	0.119253
3.258033	0.119623
3.259016	0.119982
3.259998	0.120330
3.260981	0.120667
3.261964	0.120993
3.262947	0.121308
3.263929	0.121613
3.264912	0.121907
3.265895	0.122190
3.266878	0.122463
3.267861	0.122725
3.268843	0.122976
3.269826	0.123217
3.270809	0.123447
3.271792	0.123666
3.272774	0.123875
3.273757	0.124074
3.274740	0.124261
3.275723	0.124439
3.276706	0.124606
3.277688	0.124762
3.278671	0.124908
3.279654	0.125043
3.280637	0.125168
3.281619	0.125282
3.282602	0.125386
3.283585	0.125479
3.284568	0.125562
3.285551	0.125634
3.286533	0.125696
3.287516	0.125747
3.288499	0.125787
3.289482	0.125817
3.290464	0.125836
3.291447	0.125844
3.292430	0.125841
3.293413	0.125827
3.294395	0.125802
3.295378	0.125765
3.296361	0.125717
3.297344	0.125657
3.298327	0.125584
3.299309	0.125499
3.300292	0.125399
3.301275	0.125285
3.302258	0.125156
3.303240	0.125010
3.304223	0.124849
3.305206	0.124679
3.306189	0.124508
3.307172	0.124337
3.308154	0.124164
3.309137	0.123987
3.310120	0.123803
3.311103	0.123612
3.312085	0.123412
3.313068	0.123203
3.314051	0.122985
3.315034	0.122757
3.316017	0.122519
3.316999	0.122272
3.317982	0.122014
3.318965	0.121745
3.319948	0.121466
3.320930	0.121176
3.321913	0.120876
3.322896	0.120564
3.323879	0.120241
3.324862	0.119907
3.325844	0.119560
3.326827	0.119202
3.327810	0.118831
3.328793	0.118447
3.329775	0.118049
3.330758	0.117638
3.331741	0.117211
3.332724	0.116770
3.333707	0.116315
3.334689	0.115847
3.335672	0.115370
3.336655	0.114887
3.337638	0.114401
3.338620	0.113909
3.339603	0.113410
3.340586	0.112903
3.341569	0.112387
3.342551	0.111861
3.343534	0.111323
3.344517	0.110774
3.345500	0.110213
3.346483	0.109638
3.347465	0.109050
3.348448	0.108447
3.349431	0.107830
3.350414	0.107197
3.351396	0.106550
3.352379	0.105890
3.353362	0.105217
3.354345	0.104535
3.355328	0.103845
3.356310	0.103146
3.357293	0.102437
3.358276	0.101717
3.359259	0.100985
3.360241	0.100240
3.361224	0.099480
3.362207	0.098706
3.363190	0.097918
3.364173	0.097116
3.365155	0.096301
3.366138	0.095473
3.367121	0.094634
3.368104	0.093783
3.369086	0.092919
3.370069	0.092043
3.371052	0.091154
3.372035	0.090251
3.373018	0.089335
3.374000	0.088407
3.374983	0.087467
3.375966	0.086515
3.376949	0.085550
3.377931	0.084574
3.378914	0.083585
3.379897	0.082585
3.380880	0.081574
3.381863	0.080552
3.382845	0.079520
3.383828	0.078478
3.384811	0.077427
3.385794	0.076367
3.386776	0.075301
3.387759	0.074227
3.388742	0.073147
3.389725	0.072062
3.390708	0.070972
3.391690	0.069880
3.392673	0.068785
3.393656	0.067689
3.394639	0.066592
3.395621	0.065497
3.396604	0.064405
3.397587	0.063315
3.398570	0.062231
3.399552	0.061151
3.400535	0.060079
3.401518	0.059015
3.402501	0.057959
3.403484	0.056914
3.404466	0.055879
3.405449	0.054855
3.406432	0.053845
3.407415	0.052847
3.408397	0.051863
3.409380	0.050893
3.410363	0.049938
3.411346	0.048999
3.412329	0.048075
3.413311	0.047166
3.414294	0.046274
3.415277	0.045398
3.416260	0.044538
3.417242	0.043694
3.418225	0.042867
3.419208	0.042056
3.420191	0.041261
3.421174	0.040482
3.422156	0.039719
3.423139	0.038971
3.424122	0.038240
3.425105	0.037523
3.426087	0.036822
3.427070	0.036135
3.428053	0.035463
3.429036	0.034805
3.430019	0.034161
3.431001	0.033531
3.431984	0.032915
3.432967	0.032312
3.433950	0.031721
3.434932	0.031143
3.435915	0.030578
3.436898	0.030024
3.437881	0.029482
3.438864	0.028952
3.439846	0.028433
3.440829	0.027924
3.441812	0.027427
3.442795	0.026939
3.443777	0.026462
3.444760	0.025995
3.445743	0.025537
3.446726	0.025089
3.447708	0.024650
3.448691	0.024220
3.449674	0.023798
3.450657	0.023385
3.451640	0.022980
3.452622	0.022583
3.453605	0.022194
3.454588	0.021813
3.455571	0.021439
3.456553	0.021072
3.457536	0.020713
3.458519	0.020360
3.459502	0.020014
3.460485	0.019674
3.461467	0.019341
3.462450	0.019014
3.463433	0.018693
3.464416	0.018378
3.465398	0.018069
3.466381	0.017765
3.467364	0.017467
3.468347	0.017174
3.469330	0.016887
3.470312	0.016604
3.471295	0.016327
3.472278	0.016054
3.473261	0.015786
3.474243	0.015522
3.475226	0.015263
3.476209	0.015009
3.477192	0.014758
3.478175	0.014512
3.479157	0.014270
3.480140	0.014032
3.481123	0.013797
3.482106	0.013566
3.483088	0.013340
3.484071	0.013116
3.485054	0.012896
3.486037	0.012680
3.487020	0.012467
3.488002	0.012257
3.488985	0.012050
3.489968	0.011847
3.490951	0.011646
3.491933	0.011449
3.492916	0.011254
3.493899	0.011062
3.494882	0.010873
3.495864	0.010687
3.496847	0.010503
3.497830	0.010322
3.498813	0.010143
3.499796	0.009967
3.500778	0.009793
3.501761	0.009621
3.502744	0.009452
3.503727	0.009285
3.504709	0.009120
3.505692	0.008957
3.506675	0.008797
3.507658	0.008638
3.508641	0.008481
3.509623	0.008326
3.510606	0.008174
3.511589	0.008023
3.512572	0.007873
3.513554	0.007726
3.514537	0.007580
3.515520	0.007436
3.516503	0.007294
3.517486	0.007153
3.518468	0.007013
3.519451	0.006876
3.520434	0.006739
3.521417	0.006604
3.522399	0.006471
3.523382	0.006339
3.524365	0.006208
3.525348	0.006079
3.526331	0.005950
3.527313	0.005823
3.528296	0.005698
3.529279	0.005573
3.530262	0.005450
3.531244	0.005327
3.532227	0.005206
3.533210	0.005086
3.534193	0.004967
3.535176	0.004849
3.536158	0.004732
3.537141	0.004616
3.538124	0.004500
3.539107	0.004386
3.540089	0.004273
3.541072	0.004160
3.542055	0.004048
3.543038	0.003937
3.544020	0.003827
3.545003	0.003718
3.545986	0.003609
3.546969	0.003501
3.547952	0.003393
3.548934	0.003287
3.549917	0.003181
3.550900	0.003075
3.551883	0.002970
3.552865	0.002866
3.553848	0.002762
3.554831	0.002659
3.555814	0.002556
3.556797	0.002454
3.557779	0.002352
3.558762	0.002251
3.559745	0.002150
3.560728	0.002050
3.561710	0.001950
3.562693	0.001850
3.563676	0.001750
3.564659	0.001651
3.565642	0.001553
3.566624	0.001454
3.567607	0.001356
3.568590	0.001258
3.569573	0.001160
3.570555	0.001063
3.571538	0.000966
3.572521	0.000869
3.573504	0.000772
3.574487	0.000675
3.575469	0.000578
3.576452	0.000482
3.577435	0.000385
3.578418	0.000289
3.579400	0.000193
3.580375	0.000095
3.581350	0.000189
3.582325	0.000283
3.583300	0.000375
3.584274	0.000467
3.585249	0.000558
3.586224	0.000648
3.587199	0.000737
3.588174	0.000825
3.589148	0.000913
3.590123	0.000999
3.591098	0.001085
3.592073	0.001170
3.593048	0.001255
3.594022	0.001338
3.594997	0.001421
3.595972	0.001502
3.596947	0.001583
3.597921	0.001664
3.598896	0.001743
3.599871	0.001821
3.600846	0.001899
3.601821	0.001976
3.602795	0.002052
3.603770	0.002127
3.604745	0.002202
3.605720	0.002275
3.606695	0.002348
3.607669	0.002420
3.608644	0.002491
3.609619	0.002562
3.610594	0.002631
3.611569	0.002700
3.612543	0.002768
3.613518	0.002835
3.614493	0.002901
3.615468	0.002967
3.616443	0.003031
3.617417	0.003095
3.618392	0.003158
3.619367	0.003220
3.620342	0.003282
3.621316	0.003342
3.622291	0.003402
3.623266	0.003461
3.624241	0.003519
3.625216	0.003576
3.626190	0.003633
3.627165	0.003688
3.628140	0.003743
3.629115	0.003797
3.630090	0.003850
3.631064	0.003903
3.632039	0.003954
3.633014	0.004005
3.633989	0.004055
3.634964	0.004104
3.635938	0.004152
3.636913	0.004200
3.637888	0.004246
3.638863	0.004292
3.639838	0.004337
3.640812	0.004381
3.641787	0.004425
3.642762	0.004467
3.643737	0.004509
3.644711	0.004550
3.645686	0.004591
3.646661	0.004630
3.647636	0.004669
3.648611	0.004707
3.649585	0.004744
3.650560	0.004780
3.651535	0.004815
3.652510	0.004850
3.653485	0.004884
3.654459	0.004917
3.655434	0.004950
3.656409	0.004982
3.657384	0.005013
3.658359	0.005043
3.659333	0.005072
3.660308	0.005101
3.661283	0.005129
3.662258	0.005156
3.663233	0.005183
3.664207	0.005208
3.665182	0.005233
3.666157	0.005258
3.667132	0.005281
3.668106	0.005304
3.669081	0.005326
3.670056	0.005348
3.671031	0.005369
3.672006	0.005389
3.672980	0.005408
3.673955	0.005427
3.674930	0.005445
3.675905	0.005462
3.676880	0.005479
3.677854	0.005495
3.678829	0.005510
3.679804	0.005525
3.680779	0.005539
3.681754	0.005553
3.682728	0.005566
3.683703	0.005578
3.684678	0.005589
3.685653	0.005600
3.686628	0.005611
3.687602	0.005620
3.688577	0.005630
3.689552	0.005638
3.690527	0.005646
3.691501	0.005654
3.692476	0.005660
3.693451	0.005667
3.694426	0.005672
3.695401	0.005677
3.696375	0.005682
3.697350	0.005686
3.698325	0.005690
3.699300	0.005693
3.700275	0.005695
3.701249	0.005697
3.702224	0.005698
3.703199	0.005699
3.704174	0.005700
3.705149	0.005700
3.706123	0.005699
3.707098	0.005698
3.708073	0.005696
3.709048	0.005694
3.710023	0.005692
3.710997	0.005689
3.711972	0.005686
3.712947	0.005682
3.713922	0.005678
3.714897	0.005673
3.715871	0.005668
3.716846	0.005662
3.717821	0.005656
3.718796	0.005650
3.719770	0.005643
3.720745	0.005636
3.721720	0.005629
3.722695	0.005621
3.723670	0.005613
3.724644	0.005604
3.725619	0.005595
3.726594	0.005586
3.727569	0.005576
3.728544	0.005566
3.729518	0.005555
3.730493	0.005545
3.731468	0.005534
3.732443	0.005522
3.733418	0.005510
3.734392	0.005498
3.735367	0.005486
3.736342	0.005473
3.737317	0.005461
3.738292	0.005447
3.739266	0.005434
3.740241	0.005420
3.741216	0.005406
3.742191	0.005392
3.743165	0.005377
3.744140	0.005362
3.745115	0.005347
3.746090	0.005332
3.747065	0.005317
3.748039	0.005301
3.749014	0.005285
3.749989	0.005269
3.750964	0.005252
3.751939	0.005235
3.752913	0.005219
3.753888	0.005202
3.754863	0.005184
3.755838	0.005167
3.756813	0.005149
3.757787	0.005131
3.758762	0.005113
3.759737	0.005095
3.760712	0.005077
3.761687	0.005058
3.762661	0.005039
3.763636	0.005021
3.764611	0.005002
3.765586	0.004982
3.766560	0.004963
3.767535	0.004944
3.768510	0.004924
3.769485	0.004904
3.770460	0.004885
3.771434	0.004865
3.772409	0.004844
3.773384	0.004824
3.774359	0.004804
3.775334	0.004784
3.776308	0.004763
3.777283	0.004742
3.778258	0.004722
3.779233	0.004701
3.780208	0.004680
3.781182	0.004659
3.782157	0.004638
3.783132	0.004617
3.784107	0.004595
3.785082	0.004574
3.786056	0.004553
3.787031	0.004531
3.788006	0.004510
3.788981	0.004488
3.789955	0.004467
3.790930	0.004445
3.791905	0.004423
3.792880	0.004401
3.793855	0.004380
3.794829	0.004358
3.795804	0.004336
3.796779	0.004314
3.797754	0.004292
3.798729	0.004270
3.799703	0.004248
3.800678	0.004226
3.801653	0.004204
3.802628	0.004182
3.803603	0.004160
3.804577	0.004137
3.805552	0.004115
3.806527	0.004093
3.807502	0.004071
3.808477	0.004049
3.809451	0.004026
3.810426	0.004004
3.811401	0.003982
3.812376	0.003960
3.813350	0.003938
3.814325	0.003916
3.815300	0.003893
3.816275	0.003871
3.817250	0.003849
3.818224	0.003827
3.819199	0.003805
3.820174	0.003783
3.821149	0.003761
3.822124	0.003739
3.823098	0.003716
3.824073	0.003694
3.825048	0.003672
3.826023	0.003650
3.826998	0.003629
3.827972	0.003607
3.828947	0.003585
3.829922	0.003563
3.830897	0.003541
3.831872	0.003519
3.832846	0.003498
3.833821	0.003476
3.834796	0.003454
3.835771	0.003433
3.836746	0.003411
3.837720	0.003389
3.838695	0.003368
3.839670	0.003347
3.840645	0.003325
3.841619	0.003304
3.842594	0.003282
3.843569	0.003261
3.844544	0.003240
3.845519	0.003219
3.846493	0.003198
3.847468	0.003177
3.848443	0.003156
3.849418	0.003135
3.850393	0.003114
3.851367	0.003093
3.852342	0.003072
3.853317	0.003052
3.854292	0.003031
3.855267	0.003010
3.856241	0.002990
3.857216	0.002969
3.858191	0.002949
3.859166	0.002929
3.860141	0.002908
3.861115	0.002888
3.862090	0.002868
3.863065	0.002848
3.864040	0.002828
3.865014	0.002808
3.865989	0.002788
3.866964	0.002768
3.867939	0.002749
3.868914	0.002729
3.869888	0.002709
3.870863	0.002690
3.871838	0.002670
3.872813	0.002651
3.873788	0.002631
3.874762	0.002612
3.875737	0.002593
3.876712	0.002574
3.877687	0.002555
3.878662	0.002536
3.879636	0.002517
3.880611	0.002498
3.881586	0.002479
3.882561	0.002461
3.883536	0.002442
3.884510	0.002424
3.885485	0.002405
3.886460	0.002387
3.887435	0.002368
3.888409	0.002350
3.889384	0.002332
3.890359	0.002314
3.891334	0.002296
3.892309	0.002278
3.893283	0.002260
3.894258	0.002242
3.895233	0.002224
3.896208	0.002207
3.897183	0.002189
3.898157	0.002172
3.899132	0.002154
3.900107	0.002137
3.901082	0.002119
3.902057	0.002102
3.903031	0.002085
3.904006	0.002068
3.904981	0.002051
3.905956	0.002034
3.906931	0.002017
3.907905	0.002000
3.908880	0.001984
3.909855	0.001967
3.910830	0.001951
3.911804	0.001934
3.912779	0.001918
3.913754	0.001901
3.914729	0.001885
3.915704	0.001869
3.916678	0.001853
3.917653	0.001837
3.918628	0.001821
3.919603	0.001805
3.920578	0.001789
3.921552	0.001773
3.922527	0.001757
3.923502	0.001742
3.924477	0.001726
3.925452	0.001711
3.926426	0.001695
3.927401	0.001680
3.928376	0.001665
3.929351	0.001649
3.930326	0.001634
3.931300	0.001619
3.932275	0.001604
3.933250	0.001589
3.934225	0.001574
3.935200	0.001560
3.936174	0.001545
3.937149	0.001530
3.938124	0.001516
3.939099	0.001501
3.940073	0.001487
3.941048	0.001472
3.942023	0.001458
3.942998	0.001444
3.943973	0.001429
3.944947	0.001415
3.945922	0.001401
3.946897	0.001387
3.947872	0.001373
3.948847	0.001359
3.949821	0.001345
3.950796	0.001332
3.951771	0.001318
3.952746	0.001304
3.953721	0.001291
3.954695	0.001277
3.955670	0.001264
3.956645	0.001250
3.957620	0.001237
3.958595	0.001224
3.959569	0.001211
3.960544	0.001197
3.961519	0.001184
3.962494	0.001171
3.963468	0.001158
3.964443	0.001145
3.965418	0.001132
3.966393	0.001120
3.967368	0.001107
3.968342	0.001094
3.969317	0.001082
3.970292	0.001069
3.971267	0.001056
3.972242	0.001044
3.973216	0.001032
3.974191	0.001019
3.975166	0.001007
3.976141	0.000995
3.977116	0.000982
3.978090	0.000970
3.979065	0.000958
3.980040	0.000946
3.981015	0.000934
3.981990	0.000922
3.982964	0.000910
3.983939	0.000898
3.984914	0.000886
3.985889	0.000875
3.986863	0.000863
3.987838	0.000851
3.988813	0.000840
3.989788	0.000828
3.990763	0.000816
3.991737	0.000805
3.992712	0.000794
3.993687	0.000782
3.994662	0.000771
3.995637	0.000760
3.996611	0.000748
3.997586	0.000737
3.998561	0.000726
3.999536	0.000715
4.000511	0.000704
4.001485	0.000693
4.002460	0.000682
4.003435	0.000671
4.004410	0.000660
4.005385	0.000649
4.006359	0.000638
4.007334	0.000627
4.008309	0.000616
4.009284	0.000606
4.010258	0.000595
4.011233	0.000584
4.012208	0.000574
4.013183	0.000563
4.014158	0.000553
4.015132	0.000542
4.016107	0.000532
4.017082	0.000521
4.018057	0.000511
4.019032	0.000501
4.020006	0.000490
4.020981	0.000480
4.021956	0.000470
4.022931	0.000459
4.023906	0.000449
4.024880	0.000439
4.025855	0.000429
4.026830	0.000419
4.027805	0.000409
4.028780	0.000399
4.029754	0.000389
4.030729	0.000379
4.031704	0.000369
4.032679	0.000359
4.033653	0.000349
4.034628	0.000339
4.035603	0.000329
4.036578	0.000320
4.037553	0.000310
4.038527	0.000300
4.039502	0.000290
4.040477	0.000281
4.041452	0.000271
4.042427	0.000261
4.043401	0.000252
4.044376	0.000242
4.045351	0.000233
4.046326	0.000223
4.047301	0.000213
4.048275	0.000204
4.049250	0.000194
4.050225	0.000185
4.051200	0.000176
4.052175	0.000166
4.053149	0.000157
4.054124	0.000147
4.055099	0.000138
4.056074	0.000129
4.057049	0.000119
4.058023	0.000110
4.058998	0.000101
4.059973	0.000092
4.060948	0.000082
4.061922	0.000073
4.062897	0.000064
4.063872	0.000055
4.064847	0.000046
4.065822	0.000036
4.066796	0.000027
4.067779	0.000018
4.068762	0.000037
4.069745	0.000055
4.070728	0.000073
4.071710	0.000092
4.072693	0.000110
4.073676	0.000128
4.074659	0.000147
4.075641	0.000165
4.076624	0.000183
4.077607	0.000201
4.078590	0.000220
4.079573	0.000238
4.080555	0.000256
4.081538	0.000275
4.082521	0.000293
4.083504	0.000311
4.084486	0.000329
4.085469	0.000348
4.086452	0.000366
4.087435	0.000384
4.088417	0.000402
4.089400	0.000420
4.090383	0.000439
4.091366	0.000457
4.092349	0.000475
4.093331	0.000493
4.094314	0.000511
4.095297	0.000529
4.096280	0.000547
4.097262	0.000565
4.098245	0.000583
4.099228	0.000602
4.100211	0.000620
4.101194	0.000638
4.102176	0.000656
4.103159	0.000673
4.104142	0.000691
4.105125	0.000709
4.106107	0.000727
4.107090	0.000745
4.108073	0.000763
4.109056	0.000781
4.110039	0.000799
4.111021	0.000816
4.112004	0.000834
4.112987	0.000852
4.113970	0.000870
4.114952	0.000887
4.115935	0.000905
4.116918	0.000923
4.117901	0.000940
4.118884	0.000958
4.119866	0.000975
4.120849	0.000993
4.121832	0.001010
4.122815	0.001028
4.123797	0.001045
4.124780	0.001062
4.125763	0.001080
4.126746	0.001097
4.127729	0.001114
4.128711	0.001131
4.129694	0.001149
4.130677	0.001166
4.131660	0.001183
4.132642	0.001200
4.133625	0.001217
4.134608	0.001234
4.135591	0.001251
4.136573	0.001268
4.137556	0.001285
4.138539	0.001302
4.139522	0.001318
4.140505	0.001335
4.141487	0.001352
4.142470	0.001368
4.143453	0.001385
4.144436	0.001402
4.145418	0.001418
4.146401	0.001435
4.147384	0.001451
4.148367	0.001467
4.149350	0.001484
4.150332	0.001500
4.151315	0.001516
4.152298	0.001532
4.153281	0.001549
4.154263	0.001565
4.155246	0.001581
4.156229	0.001597
4.157212	0.001612
4.158195	0.001628
4.159177	0.001644
4.160160	0.001660
4.161143	0.001675
4.162126	0.001691
4.163108	0.001707
4.164091	0.001722
4.165074	0.001738
4.166057	0.001753
4.167040	0.001768
4.168022	0.001783
4.169005	0.001799
4.169988	0.001814
4.170971	0.001829
4.171953	0.001844
4.172936	0.001859
4.173919	0.001874
4.174902	0.001888
4.175885	0.001903
4.176867	0.001918
4.177850	0.001932
4.178833	0.001947
4.179816	0.001961
4.180798	0.001975
4.181781	0.001990
4.182764	0.002004
4.183747	0.002018
4.184729	0.002032
4.185712	0.002046
4.186695	0.002060
4.187678	0.002074
4.188661	0.002088
4.189643	0.002101
4.190626	0.002115
4.191609	0.002128
4.192592	0.002142
4.193574	0.002155
4.194557	0.002168
4.195540	0.002181
4.196523	0.002195
4.197506	0.002208
4.198488	0.002220
4.199471	0.002233
4.200454	0.002246
4.201437	0.002259
4.202419	0.002271
4.203402	0.002284
4.204385	0.002296
4.205368	0.002308
4.206351	0.002320
4.207333	0.002333
4.208316	0.002344
4.209299	0.002356
4.210282	0.002368
4.211264	0.002380
4.212247	0.002392
4.213230	0.002403
4.214213	0.002414
4.215196	0.002426
4.216178	0.002437
4.217161	0.002448
4.218144	0.002459
4.219127	0.002470
4.220109	0.002481
4.221092	0.002491
4.222075	0.002502
4.223058	0.002512
4.224041	0.002523
4.225023	0.002533
4.226006	0.002543
4.226989	0.002553
4.227972	0.002563
4.228954	0.002573
4.229937	0.002583
4.230920	0.002592
4.231903	0.002602
4.232885	0.002611
4.233868	0.002620
4.234851	0.002630
4.235834	0.002639
4.236817	0.002647
4.237799	0.002656
4.238782	0.002665
4.239765	0.002673
4.240748	0.002682
4.241730	0.002690
4.242713	0.002698
4.243696	0.002706
4.244679	0.002714
4.245662	0.002722
4.246644	0.002730
4.247627	0.002737
4.248610	0.002745
4.249593	0.002752
4.250575	0.002759
4.251558	0.002766
4.252541	0.002773
4.253524	0.002780
4.254507	0.002787
4.255489	0.002793
4.256472	0.002800
4.257455	0.002806
4.258438	0.002812
4.259420	0.002818
4.260403	0.002824
4.261386	0.002830
4.262369	0.002835
4.263352	0.002841
4.264334	0.002846
4.265317	0.002851
4.266300	0.002856
4.267283	0.002861
4.268265	0.002866
4.269248	0.002871
4.270231	0.002875
4.271214	0.002879
4.272197	0.002884
4.273179	0.002888
4.274162	0.002891
4.275145	0.002895
4.276128	0.002899
4.277110	0.002902
4.278093	0.002906
4.279076	0.002909
4.280059	0.002912
4.281042	0.002915
4.282024	0.002917
4.283007	0.002920
4.283990	0.002923
4.284973	0.002925
4.285955	0.002927
4.286938	0.002929
4.287921	0.002931
4.288904	0.002932
4.289886	0.002934
4.290869	0.002935
4.291852	0.002937
4.292835	0.002938
4.293818	0.002939
4.294800	0.002939
4.295783	0.002940
4.296766	0.002940
4.297749	0.002941
4.298731	0.002941
4.299714	0.002941
4.300697	0.002941
4.301680	0.002940
4.302663	0.002940
4.303645	0.002939
4.304628	0.002938
4.305611	0.002937
4.306594	0.002936
4.307576	0.002935
4.308559	0.002933
4.309542	0.002932
4.310525	0.002930
4.311508	0.002928
4.312490	0.002926
4.313473	0.002924
4.314456	0.002921
4.315439	0.002919
4.316421	0.002916
4.317404	0.002913
4.318387	0.002910
4.319370	0.002907
4.320353	0.002903
4.321335	0.002900
4.322318	0.002896
4.323301	0.002892
4.324284	0.002888
4.325266	0.002884
4.326249	0.002880
4.327232	0.002875
4.328215	0.002870
4.329198	0.002866
4.330180	0.002861
4.331163	0.002855
4.332146	0.002850
4.333129	0.002844
4.334111	0.002839
4.335094	0.002833
4.336077	0.002827
4.337060	0.002821
4.338042	0.002814
4.339025	0.002808
4.340008	0.002801
4.340991	0.002794
4.341974	0.002787
4.342956	0.002780
4.343939	0.002773
4.344922	0.002765
4.345905	0.002758
4.346887	0.002750
4.347870	0.002742
4.348853	0.002734
4.349836	0.002726
4.350819	0.002717
4.351801	0.002708
4.352784	0.002700
4.353767	0.002691
4.354750	0.002682
4.355732	0.002672
4.356715	0.002663
4.357698	0.002653
4.358681	0.002644
4.359664	0.002634
4.360646	0.002624
4.361629	0.002613
4.362612	0.002603
4.363595	0.002592
4.364577	0.002582
4.365560	0.002571
4.366543	0.002560
4.367526	0.002548
4.368509	0.002537
4.369491	0.002526
4.370474	0.002514
4.371457	0.002502
4.372440	0.002490
4.373422	0.002478
4.374405	0.002466
4.375388	0.002453
4.376371	0.002441
4.377354	0.002428
4.378336	0.002415
4.379319	0.002402
4.380302	0.002389
4.381285	0.002376
4.382267	0.002362
4.383250	0.002348
4.384233	0.002335
4.385216	0.002321
4.386198	0.002307
4.387181	0.002292
4.388164	0.002278
4.389147	0.002264
4.390130	0.002249
4.391112	0.002234
4.392095	0.002219
4.393078	0.002204
4.394061	0.002189
4.395043	0.002173
4.396026	0.002158
4.397009	0.002142
4.397992	0.002126
4.398975	0.002111
4.399957	0.002095
4.400940	0.002078
4.401923	0.002062
4.402906	0.002046
4.403888	0.002029
4.404871	0.002012
4.405854	0.001995
4.406837	0.001978
4.407820	0.001961
4.408802	0.001944
4.409785	0.001927
4.410768	0.001909
4.411751	0.001892
4.412733	0.001874
4.413716	0.001856
4.414699	0.001838
4.415682	0.001820
4.416665	0.001802
4.417647	0.001783
4.418630	0.001765
4.419613	0.001746
4.420596	0.001728
4.421578	0.001709
4.422561	0.001690
4.423544	0.001671
4.424527	0.001652
4.425510	0.001633
4.426492	0.001613
4.427475	0.001594
4.428458	0.001574
4.429441	0.001554
4.430423	0.001535
4.431406	0.001515
4.432389	0.001495
4.433372	0.001475
4.434354	0.001455
4.435337	0.001434
4.436320	0.001414
4.437303	0.001394
4.438286	0.001373
4.439268	0.001352
4.440251	0.001332
4.441234	0.001311
4.442217	0.001290
4.443199	0.001269
4.444182	0.001248
4.445165	0.001227
4.446148	0.001205
4.447131	0.001184
4.448113	0.001163
4.449096	0.001141
4.450079	0.001120
4.451062	0.001098
4.452044	0.001076
4.453027	0.001055
4.454010	0.001033
4.454993	0.001011
4.455976	0.000989
4.456958	0.000967
4.457941	0.000945
4.458924	0.000922
4.459907	0.000900
4.460889	0.000878
4.461872	0.000855
4.462855	0.000833
4.463838	0.000811
4.464821	0.000788
4.465803	0.000765
4.466786	0.000743
4.467769	0.000720
4.468752	0.000697
4.469734	0.000675
4.470717	0.000652
4.471700	0.000629
4.472683	0.000606
4.473666	0.000583
4.474648	0.000560
4.475631	0.000537
4.476614	0.000514
4.477597	0.000491
4.478579	0.000468
4.479562	0.000444
4.480545	0.000421
4.481528	0.000398
4.482510	0.000375
4.483493	0.000351
4.484476	0.000328
4.485459	0.000305
4.486442	0.000281
4.487424	0.000258
4.488407	0.000235
4.489390	0.000211
4.490373	0.000188
4.491355	0.000164
4.492338	0.000141
4.493321	0.000117
4.494304	0.000094
4.495287	0.000070
4.496269	0.000047
4.497252	0.000023
4.498235	-0.000000
4.499218	-0.000000
4.500200	-0.000000
4.501183	-0.000000
4.502166	0.000000
4.503149	0.000000
4.504132	-0.000000
4.505114	0.000000
4.506097	-0.000000
4.507080	-0.000000
4.508063	-0.000000
4.509045	0.000000
4.510028	0.000000
4.511011	-0.000000
4.511994	-0.000000
4.512977	-0.000000
4.513959	-0.000000
4.514942	0.000000
4.515925	-0.000000
4.516908	-0.000000
4.517890	-0.000000
4.518873	-0.000000
4.519856	0.000000
4.520839	-0.000000
4.521822	0.000000
4.522804	0.000000
4.523787	0.000000
4.524770	0.000000
4.525753	0.000000
4.526735	0.000000
4.527718	-0.000000
4.528701	-0.000000
4.529684	0.000000
4.530667	0.000000
4.531649	0.000000
4.532632	0.000000
4.533615	0.000000
4.534598	0.000000
4.535580	-0.000000
4.536563	-0.000000
4.537546	-0.000000
4.538529	-0.000000
4.539511	0.000000
4.540494	-0.000000
4.541477	0.000000
4.542460	0.000000
4.543443	-0.000000
4.544425	0.000000
4.545408	-0.000000
4.546391	0.000000
4.547374	0.000000
4.548356	-0.000000
4.549339	-0.000000
4.550322	0.000000
4.551305	-0.000000
4.552288	0.000000
4.553270	0.000000
4.554253	-0.000000
4.555236	-0.000000
4.556219	0.000000
4.557201	-0.000000
4.558184	0.000000
4.559167	0.000000
4.560150	-0.000000
4.561133	0.000000
4.562115	0.000000
4.563098	-0.000000
4.564081	-0.000000
4.565064	0.000000
4.566046	0.000000
4.567029	0.000000
4.568012	0.000000
4.568995	0.000000
4.569978	-0.000000
4.570960	0.000000
4.571943	-0.000000
4.572926	0.000000
4.573909	-0.000000
4.574891	0.000000
4.575874	0.000000
4.576857	0.000000
4.577840	0.000000
4.578823	-0.000000
4.579805	-0.000000
4.580788	0.000000
4.581771	-0.000000
4.582754	-0.000000
4.583736	-0.000000
4.584719	-0.000000
4.585702	0.000000
4.586685	-0.000000
4.587667	0.000000
4.588650	-0.000000
4.589633	0.000000
4.590616	-0.000000
4.591599	-0.000000
4.592581	-0.000000
4.593564	0.000000
4.594547	0.000000
4.595530	-0.000000
4.596512	-0.000000
4.597495	0.000000
4.598478	-0.000000
4.599461	0.000000
4.600444	-0.000000
4.601426	-0.000000
4.602409	-0.000000
4.603392	0.000000
4.604375	-0.000000
4.605357	0.000000
4.606340	0.000000
4.607323	0.000000
4.608306	0.000000
4.609289	-0.000000
4.610271	0.000000
4.611254	-0.000000
4.612237	-0.000000
4.613220	0.000000
4.614202	0.000000
4.615185	0.000000
4.616168	-0.000000
4.617151	-0.000000
4.618134	-0.000000
4.619116	0.000000
4.620099	-0.000000
4.621082	-0.000000
4.622065	0.000000
4.623047	0.000000
4.624030	0.000000
4.625013	-0.000000
4.625996	0.000000
4.626979	0.000000
4.627961	0.000000
4.628944	0.000000
4.629927	0.000000
4.630910	-0.000000
4.631892	-0.000000
4.632875	-0.000000
4.633858	0.000000
4.634841	-0.000000
4.635823	0.000000
4.636806	-0.000000
4.637789	0.000000
4.638772	0.000000
4.639755	-0.000000
4.640737	-0.000000
4.641720	-0.000000
4.642703	0.000000
4.643686	-0.000000
4.644668	-0.000000
4.645651	0.000000
4.646634	0.000000
4.647617	0.000000
4.648600	-0.000000
4.649582	-0.000000
4.650565	-0.000000
4.651548	0.000000
4.652531	0.000000
4.653513	0.000000
4.654496	0.000000
4.655479	0.000000
4.656462	0.000000
4.657445	-0.000000
4.658427	0.000000
4.659410	-0.000000
4.660393	0.000000
4.661376	0.000000
4.662358	-0.000000
4.663341	-0.000000
4.664324	0.000000
4.665307	-0.000000
4.666290	-0.000000
4.667272	-0.000000
4.668255	0.000000
4.669238	0.000000
4.670221	0.000000
4.671203	0.000000
4.672186	0.000000
4.673169	0.000000
4.674152	0.000000
4.675135	-0.000000
4.676117	0.000000
4.677100	0.000000
4.678083	-0.000000
4.679066	-0.000000
4.680048	0.000000
4.681031	-0.000000
4.682014	-0.000000
4.682997	0.000000
4.683979	-0.000000
4.684962	-0.000000
4.685945	-0.000000
4.686928	0.000000
4.687911	-0.000000
4.688893	-0.000000
4.689876	-0.000000
4.690859	0.000000
4.691842	0.000000
4.692824	-0.000000
4.693807	-0.000000
4.694790	0.000000
4.695773	-0.000000
4.696756	-0.000000
4.697738	-0.000000
4.698721	0.000000
4.699704	0.000000
4.700687	0.000000
4.701669	0.000000
4.702652	0.000000
4.703635	0.000000
4.704618	-0.000000
4.705601	-0.000000
4.706583	-0.000000
4.707566	-0.000000
4.708549	0.000000
4.709532	0.000000
4.710514	-0.000000
4.711497	0.000000
4.712480	-0.000000
4.713463	0.000000
4.714446	-0.000000
4.715428	0.000000
4.716411	0.000000
4.717394	0.000000
4.718377	-0.000000
4.719359	0.000000
4.720342	-0.000000
4.721325	-0.000000
4.722308	-0.000000
4.723291	0.000000
4.724273	-0.000000
4.725256	0.000000
4.726239	0.000000
4.727222	0.000000
4.728204	0.000000
4.729187	-0.000000
4.730170	-0.000000
4.731153	0.000000
4.732135	0.000000
4.733118	0.000000
4.734101	-0.000000
4.735084	-0.000000
4.736067	0.000000
4.737049	0.000000
4.738032	0.000000
4.739015	-0.000000
4.739998	0.000000
4.740980	0.000000
4.741963	-0.000000
4.742946	-0.000000
4.743929	-0.000000
4.744912	0.000000
4.745894	0.000000
4.746877	-0.000000
4.747860	0.000000
4.748843	0.000000
4.749825	0.000000
4.750808	-0.000000
4.751791	-0.000000
4.752774	-0.000000
4.753757	-0.000000
4.754739	-0.000000
4.755722	0.000000
4.756705	0.000000
4.757688	-0.000000
4.758670	0.000000
4.759653	0.000000
4.760636	0.000000
4.761619	-0.000000
4.762602	0.000000
4.763584	-0.000000
4.764567	0.000000
4.765550	-0.000000
4.766533	0.000000
4.767515	0.000000
4.768498	0.000000
4.769481	0.000000
4.770464	0.000000
4.771447	0.000000
4.772429	0.000000
4.773412	0.000000
4.774395	-0.000000
4.775378	0.000000
4.776360	-0.000000
4.777343	-0.000000
4.778326	-0.000000
4.779309	0.000000
4.780292	0.000000
4.781274	0.000000
4.782249	0.000000
4.783224	0.000000
4.784199	0.000000
4.785173	0.000000
4.786148	-0.000000
4.787123	-0.000000
4.788098	0.000000
4.789073	0.000000
4.790047	0.000000
4.791022	0.000000
4.791997	-0.000000
4.792972	-0.000000
4.793947	-0.000000
4.794921	-0.000000
4.795896	0.000000
4.796871	0.000000
4.797846	-0.000000
4.798821	-0.000000
4.799795	0.000000
4.800770	-0.000000
4.801745	-0.000000
4.802720	-0.000000
4.803694	-0.000000
4.804669	-0.000000
4.805644	-0.000000
4.806619	-0.000000
4.807594	-0.000000
4.808568	-0.000000
4.809543	-0.000000
4.810518	0.000000
4.811493	0.000000
4.812468	0.000000
4.813442	-0.000000
4.814417	-0.000000
4.815392	-0.000000
4.816367	-0.000000
4.817342	-0.000000
4.818316	0.000000
4.819291	-0.000000
4.820266	-0.000000
4.821241	-0.000000
4.822216	0.000000
4.823190	0.000000
4.824165	-0.000000
4.825140	0.000000
4.826115	0.000000
4.827090	-0.000000
4.828064	0.000000
4.829039	-0.000000
4.830014	-0.000000
4.830989	-0.000000
4.831963	0.000000
4.832938	0.000000
4.833913	0.000000
4.834888	-0.000000
4.835863	-0.000000
4.836837	-0.000000
4.837812	0.000000
4.838787	0.000000
4.839762	-0.000000
4.840737	0.000000
4.841711	-0.000000
4.842686	-0.000000
4.843661	-0.000000
4.844636	-0.000000
4.845611	-0.000000
4.846585	-0.000000
4.847560	0.000000
4.848535	-0.000000
4.849510	0.000000
4.850485	0.000000
4.851459	-0.000000
4.852434	-0.000000
4.853409	0.000000
4.854384	-0.000000
4.855358	0.000000
4.856333	0.000000
4.857308	0.000000
4.858283	0.000000
4.859258	-0.000000
4.860232	-0.000000
4.861207	0.000000
4.862182	0.000000
4.863157	-0.000000
4.864132	0.000000
4.865106	0.000000
4.866081	0.000000
4.867056	0.000000
4.868031	-0.000000
4.869006	0.000000
4.869980	-0.000000
4.870955	0.000000
4.871930	-0.000000
4.872905	-0.000000
4.873880	-0.000000
4.874854	0.000000
4.875829	0.000000
4.876804	0.000000
4.877779	0.000000
4.878761	0.000000
4.879744	-0.000000
4.880727	0.000000
4.881710	-0.000000
4.882693	0.000000
4.883675	-0.000000
4.884658	-0.000000
4.885641	-0.000000
4.886624	0.000000
4.887606	-0.000000
4.888589	-0.000000
4.889572	-0.000000
4.890555	0.000000
4.891538	0.000000
4.892520	0.000000
4.893503	-0.000000
4.894486	0.000000
4.895469	-0.000000
4.896451	-0.000000
4.897434	-0.000000
4.898417	-0.000000
4.899400	0.000000
4.900383	0.000000
4.901365	-0.000000
4.902348	-0.000000
4.903331	-0.000000
4.904314	-0.000000
4.905296	0.000000
4.906279	0.000000
4.907262	-0.000000
4.908245	-0.000000
4.909228	0.000000
4.910210	-0.000000
4.911193	-0.000000
4.912176	0.000000
4.913159	0.000000
4.914141	0.000000
4.915124	-0.000000
4.916107	0.000000
4.917090	-0.000000
4.918072	0.000000
4.919055	0.000000
4.920038	-0.000000
4.921021	-0.000000
4.922004	-0.000000
4.922986	-0.000000
4.923969	0.000000
4.924952	-0.000000
4.925935	-0.000000
4.926917	-0.000000
4.927900	0.000000
4.928883	-0.000000
4.929866	0.000000
4.930849	0.000000
4.931831	-0.000000
4.932814	-0.000000
4.933797	0.000000
4.934780	-0.000000
4.935762	-0.000000
4.936745	-0.000000
4.937728	-0.000000
4.938711	-0.000000
4.939694	0.000000
4.940676	-0.000000
4.941659	-0.000000
4.942642	-0.000000
4.943625	0.000000
4.944607	-0.000000
4.945590	-0.000000
4.946573	0.000000
4.947556	0.000000
4.948539	-0.000000
4.949521	-0.000000
4.950504	-0.000000
4.951487	-0.000000
4.952470	-0.000000
4.953452	0.000000
4.954435	0.000000
4.955418	-0.000000
4.956401	-0.000000
4.957384	-0.000000
4.958366	0.000000
4.959349	-0.000000
4.960332	-0.000000
4.961315	0.000000
4.962297	-0.000000
4.963280	-0.000000
4.964263	-0.000000
4.965246	0.000000
4.966228	0.000000
4.967211	-0.000000
4.968194	-0.000000
4.969177	0.000000
4.970160	0.000000
4.971142	-0.000000
4.972125	-0.000000
4.973108	0.000000
4.974091	-0.000000
4.975073	-0.000000
4.976056	-0.000000
4.977039	0.000000
4.978022	-0.000000
4.979005	-0.000000
4.979987	-0.000000
4.980970	-0.000000
4.981953	0.000000
4.982936	-0.000000
4.983918	-0.000000
4.984901	0.000000
4.985884	0.000000
4.986867	0.000000
4.987850	-0.000000
4.988832	0.000000
4.989815	-0.000000
4.990798	-0.000000
4.991781	-0.000000
4.992763	-0.000000
4.993746	0.000000
4.994729	-0.000000
4.995712	0.000000
4.996695	0.000000
4.997677	-0.000000
4.998660	0.000000
4.999643	-0.000000
5.000626	0.000000
5.001608	0.000000
5.002591	0.000000
5.003574	-0.000000
5.004557	-0.000000
5.005540	0.000000
5.006522	-0.000000
5.007505	0.000000
5.008488	-0.000000
5.009471	-0.000000
5.010453	-0.000000
5.011436	-0.000000
5.012419	-0.000000
5.013402	0.000000
5.014384	0.000000
5.015367	0.000000
5.016350	-0.000000
5.017333	-0.000000
5.018316	0.000000
5.019298	-0.000000
5.020281	-0.000000
5.021264	0.000000
5.022247	0.000000
5.023229	-0.000000
5.024212	0.000000
5.025195	0.000000
5.026178	0.000000
5.027161	-0.000000
5.028143	-0.000000
5.029126	0.000000
5.030109	-0.000000
5.031092	0.000000
5.032074	-0.000000
5.033057	0.000000
5.034040	-0.000000
5.035023	-0.000000
5.036006	0.000000
5.036988	-0.000000
5.037971	0.000000
5.038954	0.000000
5.039937	-0.000000
5.040919	-0.000000
5.041902	0.000000
5.042885	0.000000
5.043868	-0.000000
5.044851	0.000000
5.045833	0.000000
5.046816	-0.000000
5.047799	-0.000000
5.048782	-0.000000
5.049764	-0.000000
5.050747	0.000000
5.051730	-0.000000
5.052713	-0.000000
5.053696	-0.000000
5.054678	-0.000000
5.055661	-0.000000
5.056644	-0.000000
5.057627	-0.000000
5.058609	-0.000000
5.059592	-0.000000
5.060575	-0.000000
5.061558	0.000000
5.062540	0.000000
5.063523	0.000000
5.064506	0.000000
5.065489	0.000000
5.066472	-0.000000
5.067454	0.000000
5.068437	-0.000000
5.069420	-0.000000
5.070403	0.000000
5.071385	0.000000
5.072368	-0.000000
5.073351	-0.000000
5.074334	-0.000000
5.075317	-0.000000
5.076299	-0.000000
5.077282	0.000000
5.078265	-0.000000
5.079248	-0.000000
5.080230	0.000000
5.081213	-0.000000
5.082196	0.000000
5.083179	0.000000
5.084162	0.000000
5.085144	-0.000000
5.086127	0.000000
5.087110	0.000000
5.088093	-0.000000
5.089075	-0.000000
5.090058	0.000000
5.091041	0.000000
5.092024	0.000000
5.093007	-0.000000
5.093989	0.000000
5.094972	0.000000
5.095955	-0.000000
5.096938	-0.000000
5.097920	0.000000
5.098903	-0.000000
5.099886	-0.000000
5.100869	0.000000
5.101852	0.000000
5.102834	-0.000000
5.103817	-0.000000
5.104800	0.000000
5.105783	-0.000000
5.106765	-0.000000
5.107748	0.000000
5.108731	-0.000000
5.109714	0.000000
5.110697	0.000000
5.111679	0.000000
5.112662	-0.000000
5.113645	-0.000000
5.114628	-0.000000
5.115610	0.000000
5.116593	-0.000000
5.117576	0.000000
5.118559	0.000000
5.119541	0.000000
5.120524	-0.000000
5.121507	-0.000000
5.122490	-0.000000
5.123473	0.000000
5.124455	-0.000000
5.125438	0.000000
5.126421	0.000000
5.127404	-0.000000
5.128386	0.000000
5.129369	-0.000000
5.130352	-0.000000
5.131335	0.000000
5.132318	0.000000
5.133300	0.000000
5.134283	-0.000000
5.135266	-0.000000
5.136249	-0.000000
5.137231	0.000000
5.138214	-0.000000
5.139197	-0.000000
5.140180	0.000000
5.141163	0.000000
5.142145	0.000000
5.143128	0.000000
5.144111	0.000000
5.145094	0.000000
5.146076	-0.000000
5.147059	0.000000
5.148042	-0.000000
5.149025	0.000000
5.150008	0.000000
5.150990	-0.000000
5.151973	-0.000000
5.152956	0.000000
5.153939	0.000000
5.154921	0.000000
5.155904	0.000000
5.156887	-0.000000
5.157870	0.000000
5.158853	0.000000
5.159835	0.000000
5.160818	-0.000000
5.161801	0.000000
5.162784	0.000000
5.163766	0.000000
